notes: n=200, m=4527, elb=1, eub=20, conf_density=0.0001, clb=25, cub= 200, seed= 8855
p spec 200 4527 1024
s 179
t 38
a 0 1 8
a 0 2 1
a 0 3 1
a 0 4 17
a 0 5 13
a 0 6 5
a 0 7 14
a 0 8 3
a 0 9 1
a 0 10 19
a 0 11 3
a 0 12 6
a 0 13 4
a 0 14 16
a 0 15 5
a 0 191 16
a 0 72 5
a 0 98 8
a 0 147 5
a 0 28 7
a 0 17 5
a 0 63 10
a 1 2 12
a 1 3 8
a 1 4 19
a 1 5 13
a 1 6 3
a 1 7 10
a 1 8 14
a 1 9 2
a 1 10 13
a 1 11 16
a 1 12 18
a 1 13 17
a 1 14 11
a 1 15 8
a 1 16 4
a 1 121 9
a 1 151 14
a 1 102 10
a 1 168 18
a 1 134 6
a 1 106 11
a 2 3 15
a 2 4 13
a 2 5 17
a 2 6 14
a 2 7 19
a 2 8 7
a 2 9 15
a 2 10 4
a 2 11 6
a 2 12 12
a 2 13 16
a 2 14 13
a 2 15 7
a 2 16 15
a 2 17 12
a 2 73 12
a 2 0 18
a 2 59 14
a 2 145 12
a 2 193 13
a 2 41 1
a 2 61 14
a 3 4 4
a 3 5 1
a 3 6 1
a 3 7 15
a 3 8 5
a 3 9 19
a 3 10 2
a 3 11 12
a 3 12 15
a 3 13 14
a 3 14 12
a 3 15 14
a 3 16 12
a 3 17 13
a 3 18 10
a 3 169 18
a 3 27 2
a 3 192 14
a 3 24 12
a 3 83 14
a 3 185 9
a 3 146 7
a 3 170 10
a 4 5 3
a 4 6 5
a 4 7 4
a 4 8 14
a 4 9 1
a 4 10 4
a 4 11 12
a 4 12 18
a 4 13 14
a 4 14 8
a 4 15 12
a 4 16 17
a 4 17 5
a 4 18 17
a 4 19 12
a 4 145 12
a 4 151 13
a 4 71 4
a 4 110 8
a 4 134 1
a 5 6 2
a 5 7 18
a 5 8 13
a 5 9 8
a 5 10 10
a 5 11 14
a 5 12 7
a 5 13 1
a 5 14 16
a 5 15 15
a 5 16 7
a 5 17 14
a 5 18 5
a 5 19 5
a 5 20 11
a 5 106 4
a 5 92 18
a 5 58 8
a 5 123 9
a 5 96 15
a 5 60 8
a 5 170 13
a 5 34 17
a 6 7 10
a 6 8 2
a 6 9 6
a 6 10 7
a 6 11 12
a 6 12 4
a 6 13 12
a 6 14 2
a 6 15 9
a 6 16 2
a 6 17 12
a 6 18 4
a 6 19 13
a 6 20 13
a 6 21 5
a 6 178 8
a 6 48 7
a 6 29 8
a 6 161 9
a 6 58 7
a 6 185 15
a 6 72 17
a 7 8 12
a 7 9 11
a 7 10 9
a 7 11 2
a 7 12 17
a 7 13 9
a 7 14 16
a 7 15 1
a 7 16 17
a 7 17 17
a 7 18 19
a 7 19 4
a 7 20 16
a 7 21 17
a 7 22 19
a 7 71 9
a 7 188 18
a 7 31 1
a 7 137 8
a 7 81 1
a 7 76 7
a 7 50 12
a 7 147 4
a 7 152 5
a 8 9 7
a 8 10 8
a 8 11 9
a 8 12 19
a 8 13 6
a 8 14 16
a 8 15 11
a 8 16 6
a 8 17 10
a 8 18 2
a 8 19 5
a 8 20 2
a 8 21 2
a 8 22 14
a 8 23 6
a 8 40 4
a 8 189 3
a 8 132 12
a 8 116 14
a 8 191 19
a 8 174 13
a 8 171 1
a 8 54 14
a 8 105 1
a 8 153 2
a 9 10 15
a 9 11 16
a 9 12 15
a 9 13 4
a 9 14 9
a 9 15 7
a 9 16 1
a 9 17 9
a 9 18 4
a 9 19 4
a 9 20 15
a 9 21 15
a 9 22 19
a 9 23 7
a 9 24 19
a 9 66 11
a 9 149 9
a 9 45 10
a 9 189 10
a 9 122 17
a 9 71 6
a 10 11 1
a 10 12 11
a 10 13 8
a 10 14 10
a 10 15 3
a 10 16 8
a 10 17 18
a 10 18 6
a 10 19 8
a 10 20 17
a 10 21 6
a 10 22 12
a 10 23 4
a 10 24 9
a 10 25 18
a 10 113 8
a 10 44 16
a 10 27 14
a 10 8 2
a 10 6 18
a 10 73 2
a 10 112 13
a 10 121 1
a 10 3 16
a 10 189 5
a 11 12 19
a 11 13 10
a 11 14 3
a 11 15 3
a 11 16 18
a 11 17 2
a 11 18 11
a 11 19 16
a 11 20 9
a 11 21 19
a 11 22 9
a 11 23 8
a 11 24 9
a 11 25 12
a 11 26 14
a 11 121 16
a 11 7 10
a 11 154 4
a 11 142 15
a 11 171 17
a 11 168 8
a 12 13 9
a 12 14 4
a 12 15 2
a 12 16 9
a 12 17 12
a 12 18 16
a 12 19 5
a 12 20 1
a 12 21 4
a 12 22 18
a 12 23 19
a 12 24 19
a 12 25 8
a 12 26 2
a 12 27 19
a 12 131 7
a 12 166 7
a 12 165 16
a 12 153 7
a 12 135 9
a 13 14 14
a 13 15 8
a 13 16 4
a 13 17 10
a 13 18 1
a 13 19 11
a 13 20 13
a 13 21 14
a 13 22 8
a 13 23 2
a 13 24 16
a 13 25 2
a 13 26 11
a 13 27 2
a 13 28 15
a 13 161 1
a 13 143 1
a 13 156 3
a 13 160 10
a 13 142 12
a 13 42 3
a 13 106 1
a 13 193 15
a 14 15 17
a 14 16 1
a 14 17 2
a 14 18 11
a 14 19 17
a 14 20 1
a 14 21 10
a 14 22 12
a 14 23 15
a 14 24 13
a 14 25 12
a 14 26 9
a 14 27 14
a 14 28 13
a 14 29 12
a 14 83 8
a 14 137 17
a 14 198 18
a 14 84 3
a 14 191 2
a 14 119 9
a 14 116 4
a 14 140 2
a 14 139 17
a 14 9 5
a 15 16 3
a 15 17 2
a 15 18 18
a 15 19 10
a 15 20 19
a 15 21 12
a 15 22 14
a 15 23 11
a 15 24 16
a 15 25 7
a 15 26 11
a 15 27 18
a 15 28 6
a 15 29 3
a 15 30 15
a 15 195 7
a 15 176 15
a 15 171 1
a 15 1 8
a 15 129 1
a 15 8 7
a 15 6 18
a 15 79 11
a 15 14 9
a 191 192 3
a 191 193 13
a 191 194 16
a 191 195 15
a 191 196 14
a 191 197 15
a 191 198 11
a 191 199 12
a 191 0 17
a 191 1 2
a 191 2 13
a 191 3 15
a 191 4 8
a 191 5 17
a 191 6 12
a 191 157 19
a 191 110 16
a 191 67 10
a 191 97 5
a 191 174 1
a 191 130 7
a 191 115 16
a 191 158 1
a 72 73 19
a 72 74 16
a 72 75 12
a 72 76 8
a 72 77 11
a 72 78 8
a 72 79 3
a 72 80 9
a 72 81 1
a 72 82 3
a 72 83 3
a 72 84 6
a 72 85 2
a 72 86 13
a 72 87 15
a 72 104 6
a 72 101 4
a 72 190 1
a 72 26 10
a 72 67 13
a 72 185 17
a 72 19 9
a 72 186 7
a 98 99 15
a 98 100 11
a 98 101 9
a 98 102 6
a 98 103 15
a 98 104 3
a 98 105 14
a 98 106 18
a 98 107 13
a 98 108 18
a 98 109 2
a 98 110 9
a 98 111 18
a 98 112 8
a 98 113 9
a 98 90 12
a 98 172 10
a 98 126 3
a 98 76 8
a 98 28 13
a 147 148 6
a 147 149 4
a 147 150 15
a 147 151 10
a 147 152 8
a 147 153 19
a 147 154 2
a 147 155 9
a 147 156 12
a 147 157 17
a 147 158 14
a 147 159 16
a 147 160 19
a 147 161 6
a 147 162 7
a 147 113 14
a 147 120 18
a 147 175 16
a 147 191 19
a 147 69 19
a 147 73 9
a 147 76 11
a 147 49 13
a 28 29 10
a 28 30 15
a 28 31 13
a 28 32 9
a 28 33 2
a 28 34 3
a 28 35 6
a 28 36 12
a 28 37 14
a 28 38 10
a 28 39 15
a 28 40 16
a 28 41 13
a 28 42 2
a 28 43 13
a 28 106 17
a 28 141 14
a 28 110 18
a 28 138 16
a 28 2 18
a 28 88 8
a 28 166 10
a 17 18 3
a 17 19 9
a 17 20 13
a 17 21 11
a 17 22 15
a 17 23 13
a 17 24 19
a 17 25 1
a 17 26 19
a 17 27 15
a 17 28 8
a 17 29 12
a 17 30 16
a 17 31 3
a 17 32 12
a 17 179 12
a 17 116 11
a 17 149 10
a 17 192 1
a 17 89 15
a 17 7 7
a 63 64 6
a 63 65 7
a 63 66 3
a 63 67 15
a 63 68 17
a 63 69 6
a 63 70 17
a 63 71 13
a 63 72 16
a 63 73 6
a 63 74 1
a 63 75 15
a 63 76 15
a 63 77 1
a 63 78 14
a 63 89 6
a 63 18 6
a 63 182 16
a 63 0 13
a 63 177 13
a 63 29 15
a 63 188 5
a 63 154 3
a 16 17 12
a 16 18 7
a 16 19 3
a 16 20 15
a 16 21 11
a 16 22 9
a 16 23 14
a 16 24 18
a 16 25 12
a 16 26 12
a 16 27 16
a 16 28 3
a 16 29 17
a 16 30 16
a 16 31 4
a 16 99 12
a 16 198 9
a 16 3 4
a 16 140 14
a 16 167 4
a 121 122 4
a 121 123 6
a 121 124 13
a 121 125 3
a 121 126 6
a 121 127 14
a 121 128 10
a 121 129 3
a 121 130 10
a 121 131 15
a 121 132 14
a 121 133 14
a 121 134 9
a 121 135 13
a 121 136 9
a 121 142 10
a 121 22 4
a 121 76 19
a 121 138 5
a 121 30 3
a 121 197 2
a 121 104 3
a 121 52 17
a 121 173 2
a 151 152 4
a 151 153 1
a 151 154 11
a 151 155 13
a 151 156 5
a 151 157 18
a 151 158 4
a 151 159 7
a 151 160 12
a 151 161 3
a 151 162 16
a 151 163 8
a 151 164 9
a 151 165 14
a 151 166 13
a 151 32 7
a 151 40 18
a 151 174 18
a 151 76 5
a 151 48 9
a 151 146 4
a 151 116 4
a 151 62 13
a 151 195 11
a 102 103 13
a 102 104 17
a 102 105 14
a 102 106 19
a 102 107 14
a 102 108 6
a 102 109 1
a 102 110 7
a 102 111 9
a 102 112 3
a 102 113 17
a 102 114 9
a 102 115 13
a 102 116 15
a 102 117 12
a 102 24 7
a 102 191 6
a 102 25 14
a 102 177 3
a 102 33 17
a 102 182 8
a 102 98 19
a 102 199 17
a 168 169 10
a 168 170 5
a 168 171 6
a 168 172 3
a 168 173 13
a 168 174 13
a 168 175 5
a 168 176 13
a 168 177 5
a 168 178 15
a 168 179 11
a 168 180 8
a 168 181 17
a 168 182 19
a 168 183 2
a 168 156 6
a 168 68 18
a 168 13 14
a 168 117 3
a 168 119 16
a 168 111 1
a 168 142 12
a 168 70 15
a 134 135 5
a 134 136 5
a 134 137 17
a 134 138 8
a 134 139 5
a 134 140 13
a 134 141 2
a 134 142 8
a 134 143 3
a 134 144 16
a 134 145 19
a 134 146 4
a 134 147 17
a 134 148 19
a 134 149 10
a 134 109 8
a 134 196 4
a 134 97 7
a 134 0 5
a 134 181 2
a 134 172 11
a 134 38 15
a 134 95 15
a 134 61 8
a 134 128 8
a 106 107 14
a 106 108 18
a 106 109 4
a 106 110 15
a 106 111 16
a 106 112 11
a 106 113 9
a 106 114 19
a 106 115 18
a 106 116 16
a 106 117 8
a 106 118 16
a 106 119 1
a 106 120 5
a 106 121 1
a 106 16 14
a 106 52 11
a 106 198 14
a 106 160 1
a 106 199 9
a 106 182 6
a 106 59 14
a 106 85 13
a 106 22 1
a 73 74 15
a 73 75 11
a 73 76 1
a 73 77 7
a 73 78 15
a 73 79 12
a 73 80 13
a 73 81 8
a 73 82 5
a 73 83 7
a 73 84 14
a 73 85 14
a 73 86 5
a 73 87 14
a 73 88 17
a 73 144 14
a 73 143 11
a 73 140 10
a 73 65 4
a 73 13 14
a 73 62 2
a 73 169 12
a 73 2 12
a 59 60 12
a 59 61 10
a 59 62 16
a 59 63 3
a 59 64 4
a 59 65 18
a 59 66 16
a 59 67 8
a 59 68 6
a 59 69 6
a 59 70 1
a 59 71 11
a 59 72 2
a 59 73 14
a 59 74 6
a 59 99 2
a 59 134 6
a 59 86 11
a 59 138 10
a 59 29 6
a 59 156 3
a 59 154 18
a 59 25 18
a 59 4 17
a 59 16 7
a 59 19 19
a 59 23 8
a 59 21 17
a 145 146 11
a 145 147 19
a 145 148 1
a 145 149 4
a 145 150 16
a 145 151 12
a 145 152 17
a 145 153 16
a 145 154 13
a 145 155 3
a 145 156 12
a 145 157 12
a 145 158 9
a 145 159 14
a 145 160 10
a 145 50 9
a 145 178 16
a 145 85 13
a 145 51 3
a 145 131 4
a 145 110 15
a 193 194 11
a 193 195 1
a 193 196 8
a 193 197 8
a 193 198 13
a 193 199 11
a 193 0 19
a 193 1 19
a 193 2 19
a 193 3 3
a 193 4 18
a 193 5 7
a 193 6 12
a 193 7 17
a 193 8 15
a 193 29 1
a 193 75 18
a 193 105 9
a 193 50 4
a 193 187 1
a 193 140 10
a 193 76 14
a 193 30 6
a 41 42 11
a 41 43 17
a 41 44 4
a 41 45 15
a 41 46 1
a 41 47 13
a 41 48 10
a 41 49 15
a 41 50 18
a 41 51 6
a 41 52 15
a 41 53 1
a 41 54 5
a 41 55 7
a 41 56 18
a 41 169 6
a 41 178 8
a 41 31 4
a 41 85 13
a 41 196 4
a 41 191 10
a 41 83 13
a 61 62 3
a 61 63 14
a 61 64 16
a 61 65 13
a 61 66 12
a 61 67 3
a 61 68 4
a 61 69 8
a 61 70 17
a 61 71 7
a 61 72 7
a 61 73 6
a 61 74 5
a 61 75 6
a 61 76 15
a 61 197 2
a 61 174 6
a 61 154 10
a 61 114 8
a 61 167 6
a 61 139 15
a 18 19 14
a 18 20 16
a 18 21 4
a 18 22 4
a 18 23 12
a 18 24 11
a 18 25 1
a 18 26 6
a 18 27 18
a 18 28 1
a 18 29 9
a 18 30 3
a 18 31 3
a 18 32 9
a 18 33 12
a 18 34 12
a 18 127 17
a 18 132 10
a 18 144 12
a 18 49 12
a 18 70 7
a 18 110 10
a 18 2 19
a 18 173 15
a 18 81 15
a 18 138 3
a 169 170 8
a 169 171 7
a 169 172 15
a 169 173 11
a 169 174 16
a 169 175 3
a 169 176 7
a 169 177 11
a 169 178 13
a 169 179 18
a 169 180 15
a 169 181 11
a 169 182 4
a 169 183 7
a 169 184 11
a 169 160 3
a 169 195 19
a 169 68 19
a 169 5 9
a 169 39 13
a 169 6 10
a 169 49 16
a 169 142 5
a 169 13 12
a 27 28 4
a 27 29 1
a 27 30 5
a 27 31 2
a 27 32 3
a 27 33 13
a 27 34 15
a 27 35 13
a 27 36 5
a 27 37 1
a 27 38 6
a 27 39 8
a 27 40 1
a 27 41 2
a 27 42 17
a 27 11 11
a 27 116 6
a 27 107 15
a 27 87 11
a 27 108 12
a 27 146 4
a 27 185 10
a 192 193 5
a 192 194 5
a 192 195 15
a 192 196 4
a 192 197 11
a 192 198 6
a 192 199 12
a 192 0 7
a 192 1 2
a 192 2 11
a 192 3 14
a 192 4 17
a 192 5 12
a 192 6 7
a 192 7 10
a 192 92 2
a 192 30 9
a 192 135 4
a 192 110 9
a 192 142 12
a 192 74 16
a 192 10 2
a 192 139 17
a 24 25 4
a 24 26 11
a 24 27 13
a 24 28 12
a 24 29 12
a 24 30 2
a 24 31 19
a 24 32 1
a 24 33 8
a 24 34 16
a 24 35 3
a 24 36 19
a 24 37 3
a 24 38 12
a 24 39 8
a 24 178 13
a 24 4 14
a 24 0 15
a 24 192 2
a 24 52 13
a 24 67 7
a 24 57 2
a 83 84 14
a 83 85 19
a 83 86 6
a 83 87 8
a 83 88 14
a 83 89 13
a 83 90 14
a 83 91 11
a 83 92 8
a 83 93 6
a 83 94 7
a 83 95 10
a 83 96 12
a 83 97 6
a 83 98 18
a 83 191 12
a 83 118 1
a 83 187 11
a 83 155 18
a 83 28 4
a 83 12 4
a 83 60 3
a 83 41 2
a 83 43 15
a 185 186 8
a 185 187 11
a 185 188 17
a 185 189 10
a 185 190 14
a 185 191 8
a 185 192 9
a 185 193 19
a 185 194 11
a 185 195 15
a 185 196 6
a 185 197 6
a 185 198 1
a 185 199 3
a 185 0 18
a 185 33 13
a 185 170 18
a 185 82 1
a 185 67 8
a 185 69 13
a 185 41 9
a 185 18 17
a 185 133 8
a 185 30 17
a 185 167 6
a 146 147 17
a 146 148 10
a 146 149 17
a 146 150 13
a 146 151 8
a 146 152 19
a 146 153 14
a 146 154 14
a 146 155 19
a 146 156 9
a 146 157 13
a 146 158 9
a 146 159 8
a 146 160 6
a 146 161 8
a 146 29 5
a 146 127 19
a 146 13 10
a 146 180 17
a 146 132 15
a 146 192 17
a 146 83 7
a 170 171 1
a 170 172 6
a 170 173 11
a 170 174 16
a 170 175 1
a 170 176 12
a 170 177 9
a 170 178 9
a 170 179 15
a 170 180 16
a 170 181 10
a 170 182 14
a 170 183 14
a 170 184 5
a 170 185 9
a 170 134 5
a 170 90 2
a 170 16 9
a 170 197 11
a 170 54 10
a 170 191 2
a 170 1 13
a 170 69 12
a 170 66 15
a 19 20 14
a 19 21 18
a 19 22 13
a 19 23 4
a 19 24 13
a 19 25 12
a 19 26 16
a 19 27 4
a 19 28 15
a 19 29 13
a 19 30 18
a 19 31 16
a 19 32 4
a 19 33 11
a 19 34 3
a 19 99 10
a 19 157 10
a 19 108 16
a 19 111 17
a 71 72 2
a 71 73 13
a 71 74 9
a 71 75 12
a 71 76 7
a 71 77 14
a 71 78 7
a 71 79 4
a 71 80 18
a 71 81 19
a 71 82 14
a 71 83 3
a 71 84 14
a 71 85 13
a 71 86 1
a 71 17 4
a 71 41 11
a 71 23 12
a 71 161 12
a 71 96 8
a 71 30 17
a 71 170 12
a 71 160 13
a 71 129 11
a 71 146 16
a 110 111 19
a 110 112 10
a 110 113 9
a 110 114 9
a 110 115 18
a 110 116 8
a 110 117 10
a 110 118 4
a 110 119 13
a 110 120 19
a 110 121 1
a 110 122 17
a 110 123 18
a 110 124 8
a 110 125 5
a 110 178 12
a 110 42 2
a 110 105 2
a 110 77 14
a 110 9 11
a 110 59 2
a 110 71 1
a 20 21 13
a 20 22 17
a 20 23 4
a 20 24 14
a 20 25 17
a 20 26 11
a 20 27 9
a 20 28 14
a 20 29 4
a 20 30 4
a 20 31 10
a 20 32 7
a 20 33 4
a 20 34 11
a 20 35 6
a 20 105 12
a 20 100 6
a 20 151 5
a 20 183 5
a 20 4 1
a 20 199 16
a 20 186 19
a 92 93 12
a 92 94 1
a 92 95 13
a 92 96 17
a 92 97 7
a 92 98 3
a 92 99 9
a 92 100 11
a 92 101 5
a 92 102 10
a 92 103 15
a 92 104 2
a 92 105 17
a 92 106 10
a 92 107 4
a 92 39 16
a 92 122 8
a 92 29 14
a 92 120 16
a 92 13 4
a 92 79 14
a 92 178 3
a 92 40 13
a 92 149 16
a 58 59 4
a 58 60 3
a 58 61 11
a 58 62 15
a 58 63 5
a 58 64 4
a 58 65 12
a 58 66 15
a 58 67 2
a 58 68 19
a 58 69 13
a 58 70 10
a 58 71 16
a 58 72 11
a 58 73 16
a 58 173 7
a 58 75 3
a 58 103 9
a 58 126 4
a 58 13 12
a 58 10 13
a 58 95 14
a 58 138 14
a 123 124 12
a 123 125 18
a 123 126 19
a 123 127 3
a 123 128 12
a 123 129 9
a 123 130 19
a 123 131 13
a 123 132 10
a 123 133 2
a 123 134 8
a 123 135 16
a 123 136 2
a 123 137 18
a 123 138 1
a 123 84 5
a 123 57 3
a 123 49 3
a 123 122 13
a 123 162 2
a 123 32 8
a 123 54 12
a 123 156 18
a 123 33 13
a 123 59 19
a 123 172 17
a 96 97 1
a 96 98 5
a 96 99 9
a 96 100 2
a 96 101 13
a 96 102 15
a 96 103 4
a 96 104 5
a 96 105 14
a 96 106 1
a 96 107 18
a 96 108 19
a 96 109 11
a 96 110 10
a 96 111 11
a 96 128 15
a 96 151 1
a 96 165 18
a 96 69 10
a 96 133 18
a 96 79 12
a 96 117 11
a 60 61 6
a 60 62 15
a 60 63 2
a 60 64 8
a 60 65 9
a 60 66 13
a 60 67 8
a 60 68 13
a 60 69 14
a 60 70 4
a 60 71 9
a 60 72 15
a 60 73 8
a 60 74 3
a 60 75 2
a 60 89 18
a 60 57 5
a 60 100 10
a 60 144 19
a 60 127 8
a 60 24 11
a 60 136 11
a 60 28 12
a 60 93 18
a 34 35 11
a 34 36 13
a 34 37 18
a 34 38 11
a 34 39 19
a 34 40 2
a 34 41 1
a 34 42 7
a 34 43 12
a 34 44 18
a 34 45 8
a 34 46 19
a 34 47 7
a 34 48 18
a 34 49 6
a 34 63 2
a 34 109 15
a 34 143 7
a 34 80 17
a 34 180 10
a 34 153 3
a 34 118 4
a 34 177 6
a 34 110 3
a 21 22 4
a 21 23 16
a 21 24 19
a 21 25 1
a 21 26 2
a 21 27 7
a 21 28 17
a 21 29 12
a 21 30 7
a 21 31 10
a 21 32 10
a 21 33 17
a 21 34 19
a 21 35 18
a 21 36 2
a 21 18 2
a 21 163 4
a 21 63 4
a 21 51 5
a 21 106 3
a 21 138 13
a 21 120 13
a 21 147 11
a 21 1 9
a 178 179 8
a 178 180 2
a 178 181 19
a 178 182 14
a 178 183 11
a 178 184 3
a 178 185 12
a 178 186 19
a 178 187 10
a 178 188 12
a 178 189 3
a 178 190 16
a 178 191 7
a 178 192 1
a 178 193 7
a 178 168 18
a 178 176 8
a 178 27 3
a 178 47 17
a 178 20 9
a 178 60 5
a 178 87 17
a 178 120 10
a 48 49 14
a 48 50 5
a 48 51 6
a 48 52 4
a 48 53 17
a 48 54 6
a 48 55 19
a 48 56 7
a 48 57 12
a 48 58 16
a 48 59 14
a 48 60 10
a 48 61 8
a 48 62 9
a 48 63 16
a 48 163 1
a 48 127 2
a 48 188 5
a 48 128 4
a 48 120 18
a 48 182 13
a 48 132 13
a 48 38 2
a 29 30 7
a 29 31 12
a 29 32 16
a 29 33 16
a 29 34 19
a 29 35 6
a 29 36 8
a 29 37 18
a 29 38 5
a 29 39 6
a 29 40 14
a 29 41 12
a 29 42 12
a 29 43 14
a 29 44 3
a 29 102 9
a 29 134 8
a 29 193 8
a 29 141 19
a 29 88 11
a 29 23 1
a 29 162 15
a 29 173 9
a 29 4 8
a 161 162 6
a 161 163 1
a 161 164 15
a 161 165 7
a 161 166 7
a 161 167 4
a 161 168 13
a 161 169 2
a 161 170 17
a 161 171 10
a 161 172 14
a 161 173 1
a 161 174 4
a 161 175 4
a 161 176 2
a 161 25 4
a 161 52 6
a 161 37 6
a 161 99 16
a 161 151 5
a 161 86 19
a 161 87 7
a 161 152 13
a 22 23 11
a 22 24 15
a 22 25 12
a 22 26 17
a 22 27 19
a 22 28 16
a 22 29 5
a 22 30 15
a 22 31 13
a 22 32 2
a 22 33 2
a 22 34 4
a 22 35 2
a 22 36 2
a 22 37 16
a 22 94 9
a 22 67 3
a 22 197 2
a 22 3 14
a 22 45 17
a 22 199 2
a 188 189 6
a 188 190 2
a 188 191 18
a 188 192 15
a 188 193 17
a 188 194 8
a 188 195 1
a 188 196 3
a 188 197 18
a 188 198 19
a 188 199 17
a 188 0 2
a 188 1 16
a 188 2 9
a 188 3 9
a 188 66 17
a 188 159 14
a 188 148 14
a 188 43 15
a 31 32 17
a 31 33 13
a 31 34 18
a 31 35 3
a 31 36 6
a 31 37 3
a 31 38 17
a 31 39 9
a 31 40 2
a 31 41 14
a 31 42 1
a 31 43 1
a 31 44 13
a 31 45 19
a 31 46 12
a 31 15 1
a 31 72 8
a 31 111 18
a 31 52 1
a 31 83 15
a 31 194 14
a 31 185 8
a 31 0 1
a 31 75 14
a 137 138 8
a 137 139 7
a 137 140 13
a 137 141 9
a 137 142 14
a 137 143 9
a 137 144 2
a 137 145 5
a 137 146 1
a 137 147 4
a 137 148 2
a 137 149 3
a 137 150 12
a 137 151 17
a 137 152 5
a 137 44 15
a 137 182 17
a 137 103 1
a 137 1 2
a 137 27 7
a 137 84 13
a 137 32 2
a 137 157 9
a 81 82 6
a 81 83 19
a 81 84 1
a 81 85 14
a 81 86 18
a 81 87 18
a 81 88 9
a 81 89 14
a 81 90 7
a 81 91 11
a 81 92 10
a 81 93 14
a 81 94 10
a 81 95 15
a 81 96 5
a 81 135 4
a 81 142 11
a 81 12 10
a 81 158 9
a 81 115 18
a 81 1 18
a 81 119 8
a 81 159 2
a 76 77 9
a 76 78 10
a 76 79 6
a 76 80 13
a 76 81 7
a 76 82 11
a 76 83 7
a 76 84 11
a 76 85 7
a 76 86 16
a 76 87 1
a 76 88 13
a 76 89 19
a 76 90 4
a 76 91 7
a 76 119 11
a 76 12 4
a 76 52 16
a 76 64 6
a 76 181 1
a 76 182 3
a 76 96 15
a 76 57 12
a 76 145 9
a 50 51 2
a 50 52 4
a 50 53 8
a 50 54 19
a 50 55 16
a 50 56 15
a 50 57 10
a 50 58 9
a 50 59 5
a 50 60 16
a 50 61 1
a 50 62 19
a 50 63 10
a 50 64 16
a 50 65 7
a 50 66 7
a 50 109 10
a 50 22 15
a 50 132 12
a 50 3 14
a 50 142 9
a 50 149 5
a 50 143 1
a 50 112 11
a 152 153 12
a 152 154 5
a 152 155 3
a 152 156 7
a 152 157 4
a 152 158 12
a 152 159 16
a 152 160 14
a 152 161 2
a 152 162 2
a 152 163 17
a 152 164 15
a 152 165 16
a 152 166 7
a 152 167 13
a 152 199 5
a 152 86 10
a 152 98 17
a 152 137 7
a 152 113 19
a 152 9 1
a 152 70 10
a 152 104 19
a 23 24 19
a 23 25 15
a 23 26 5
a 23 27 11
a 23 28 2
a 23 29 10
a 23 30 11
a 23 31 8
a 23 32 10
a 23 33 4
a 23 34 12
a 23 35 5
a 23 36 16
a 23 37 2
a 23 38 19
a 23 43 6
a 23 143 3
a 23 122 1
a 23 195 17
a 23 90 19
a 23 62 7
a 40 41 5
a 40 42 14
a 40 43 18
a 40 44 5
a 40 45 15
a 40 46 3
a 40 47 19
a 40 48 11
a 40 49 9
a 40 50 1
a 40 51 8
a 40 52 7
a 40 53 4
a 40 54 13
a 40 55 9
a 40 163 17
a 40 94 14
a 40 150 16
a 40 58 9
a 189 190 4
a 189 191 12
a 189 192 13
a 189 193 8
a 189 194 13
a 189 195 12
a 189 196 8
a 189 197 14
a 189 198 2
a 189 199 15
a 189 0 7
a 189 1 17
a 189 2 16
a 189 3 6
a 189 4 3
a 189 46 12
a 189 96 19
a 189 54 18
a 189 123 12
a 189 178 4
a 189 135 15
a 132 133 19
a 132 134 2
a 132 135 3
a 132 136 3
a 132 137 5
a 132 138 11
a 132 139 12
a 132 140 1
a 132 141 2
a 132 142 18
a 132 143 1
a 132 144 9
a 132 145 7
a 132 146 13
a 132 147 11
a 132 105 19
a 132 71 14
a 132 13 1
a 132 116 17
a 132 181 16
a 132 103 3
a 132 78 5
a 132 190 17
a 116 117 11
a 116 118 1
a 116 119 14
a 116 120 15
a 116 121 14
a 116 122 19
a 116 123 6
a 116 124 19
a 116 125 15
a 116 126 12
a 116 127 19
a 116 128 5
a 116 129 17
a 116 130 10
a 116 131 2
a 116 146 14
a 116 169 3
a 116 103 3
a 116 137 1
a 116 170 13
a 116 110 2
a 116 173 16
a 116 199 8
a 116 107 16
a 174 175 10
a 174 176 17
a 174 177 9
a 174 178 8
a 174 179 17
a 174 180 9
a 174 181 16
a 174 182 18
a 174 183 18
a 174 184 11
a 174 185 2
a 174 186 10
a 174 187 6
a 174 188 5
a 174 189 13
a 174 24 12
a 174 63 3
a 174 0 16
a 174 57 6
a 174 33 13
a 174 169 15
a 174 144 6
a 174 31 14
a 174 21 1
a 171 172 1
a 171 173 7
a 171 174 9
a 171 175 6
a 171 176 14
a 171 177 5
a 171 178 2
a 171 179 15
a 171 180 15
a 171 181 14
a 171 182 4
a 171 183 14
a 171 184 14
a 171 185 11
a 171 186 10
a 171 85 15
a 171 23 1
a 171 45 8
a 171 5 2
a 54 55 12
a 54 56 18
a 54 57 16
a 54 58 8
a 54 59 9
a 54 60 5
a 54 61 7
a 54 62 2
a 54 63 9
a 54 64 18
a 54 65 6
a 54 66 12
a 54 67 17
a 54 68 19
a 54 69 18
a 54 6 8
a 54 84 10
a 54 82 6
a 54 24 4
a 54 105 8
a 54 1 9
a 54 12 13
a 54 186 19
a 105 106 2
a 105 107 15
a 105 108 2
a 105 109 16
a 105 110 5
a 105 111 7
a 105 112 10
a 105 113 4
a 105 114 3
a 105 115 5
a 105 116 1
a 105 117 14
a 105 118 3
a 105 119 19
a 105 120 19
a 105 61 18
a 105 147 19
a 105 23 6
a 105 51 17
a 105 20 8
a 153 154 9
a 153 155 12
a 153 156 11
a 153 157 3
a 153 158 18
a 153 159 18
a 153 160 17
a 153 161 4
a 153 162 3
a 153 163 4
a 153 164 16
a 153 165 8
a 153 166 5
a 153 167 12
a 153 168 10
a 153 31 5
a 153 142 13
a 153 113 7
a 153 152 2
a 153 181 17
a 153 39 12
a 153 81 8
a 153 68 7
a 66 67 5
a 66 68 2
a 66 69 10
a 66 70 12
a 66 71 11
a 66 72 14
a 66 73 2
a 66 74 10
a 66 75 18
a 66 76 13
a 66 77 3
a 66 78 14
a 66 79 12
a 66 80 9
a 66 81 11
a 66 150 4
a 66 91 2
a 66 20 16
a 66 14 18
a 66 116 17
a 66 127 16
a 66 95 13
a 149 150 16
a 149 151 6
a 149 152 6
a 149 153 17
a 149 154 10
a 149 155 1
a 149 156 16
a 149 157 11
a 149 158 18
a 149 159 11
a 149 160 14
a 149 161 17
a 149 162 18
a 149 163 16
a 149 164 11
a 149 119 1
a 149 66 11
a 149 194 18
a 149 147 10
a 149 184 15
a 149 60 12
a 149 118 1
a 149 24 19
a 149 30 13
a 45 46 9
a 45 47 18
a 45 48 8
a 45 49 13
a 45 50 17
a 45 51 4
a 45 52 9
a 45 53 19
a 45 54 5
a 45 55 14
a 45 56 3
a 45 57 2
a 45 58 1
a 45 59 18
a 45 60 7
a 45 68 11
a 45 153 6
a 45 76 12
a 45 65 11
a 45 85 7
a 45 71 15
a 45 155 17
a 122 123 16
a 122 124 13
a 122 125 18
a 122 126 1
a 122 127 13
a 122 128 6
a 122 129 8
a 122 130 1
a 122 131 10
a 122 132 2
a 122 133 14
a 122 134 2
a 122 135 5
a 122 136 16
a 122 137 9
a 122 156 16
a 122 14 19
a 122 154 9
a 122 59 1
a 122 159 11
a 122 13 11
a 122 98 16
a 25 26 7
a 25 27 18
a 25 28 19
a 25 29 18
a 25 30 2
a 25 31 3
a 25 32 16
a 25 33 15
a 25 34 8
a 25 35 17
a 25 36 9
a 25 37 14
a 25 38 5
a 25 39 19
a 25 40 13
a 25 153 19
a 25 145 14
a 25 51 12
a 25 2 16
a 25 65 4
a 25 171 2
a 25 169 4
a 25 172 15
a 113 114 6
a 113 115 6
a 113 116 6
a 113 117 2
a 113 118 13
a 113 119 12
a 113 120 11
a 113 121 10
a 113 122 11
a 113 123 15
a 113 124 6
a 113 125 19
a 113 126 1
a 113 127 18
a 113 128 3
a 113 175 7
a 113 169 14
a 113 99 11
a 113 103 2
a 113 138 3
a 113 34 13
a 44 45 6
a 44 46 18
a 44 47 12
a 44 48 3
a 44 49 1
a 44 50 7
a 44 51 18
a 44 52 13
a 44 53 9
a 44 54 2
a 44 55 7
a 44 56 19
a 44 57 6
a 44 58 14
a 44 59 7
a 44 33 14
a 44 169 1
a 44 124 16
a 44 111 18
a 44 14 7
a 44 133 4
a 44 1 4
a 44 145 12
a 44 38 13
a 44 135 16
a 112 113 2
a 112 114 17
a 112 115 16
a 112 116 11
a 112 117 17
a 112 118 1
a 112 119 17
a 112 120 13
a 112 121 4
a 112 122 6
a 112 123 8
a 112 124 9
a 112 125 6
a 112 126 9
a 112 127 5
a 112 100 1
a 112 172 10
a 112 76 18
a 112 144 13
a 112 11 1
a 112 160 6
a 112 199 4
a 26 27 12
a 26 28 3
a 26 29 2
a 26 30 10
a 26 31 12
a 26 32 9
a 26 33 19
a 26 34 7
a 26 35 6
a 26 36 9
a 26 37 19
a 26 38 14
a 26 39 15
a 26 40 1
a 26 41 14
a 26 136 9
a 26 51 13
a 26 8 2
a 26 138 2
a 26 78 18
a 26 171 12
a 26 16 7
a 154 155 12
a 154 156 16
a 154 157 6
a 154 158 7
a 154 159 1
a 154 160 6
a 154 161 13
a 154 162 17
a 154 163 15
a 154 164 15
a 154 165 15
a 154 166 3
a 154 167 8
a 154 168 10
a 154 169 5
a 154 38 15
a 154 60 6
a 154 65 1
a 154 82 9
a 154 72 10
a 154 120 7
a 154 40 6
a 154 131 9
a 154 149 4
a 142 143 3
a 142 144 3
a 142 145 16
a 142 146 7
a 142 147 10
a 142 148 9
a 142 149 19
a 142 150 16
a 142 151 15
a 142 152 6
a 142 153 13
a 142 154 15
a 142 155 12
a 142 156 19
a 142 157 1
a 142 15 8
a 142 22 1
a 142 134 8
a 142 42 15
a 142 159 12
a 131 132 17
a 131 133 16
a 131 134 4
a 131 135 13
a 131 136 9
a 131 137 14
a 131 138 4
a 131 139 1
a 131 140 7
a 131 141 9
a 131 142 2
a 131 143 11
a 131 144 19
a 131 145 1
a 131 146 6
a 131 42 7
a 131 92 2
a 131 106 2
a 131 128 2
a 131 38 9
a 131 163 2
a 131 31 14
a 131 103 7
a 131 1 9
a 166 167 19
a 166 168 2
a 166 169 18
a 166 170 14
a 166 171 3
a 166 172 10
a 166 173 9
a 166 174 18
a 166 175 10
a 166 176 9
a 166 177 5
a 166 178 18
a 166 179 4
a 166 180 6
a 166 181 6
a 166 58 17
a 166 107 16
a 166 164 11
a 166 148 19
a 166 80 5
a 166 68 1
a 166 152 4
a 166 52 16
a 166 30 9
a 165 166 3
a 165 167 12
a 165 168 15
a 165 169 4
a 165 170 13
a 165 171 12
a 165 172 1
a 165 173 18
a 165 174 9
a 165 175 9
a 165 176 15
a 165 177 18
a 165 178 13
a 165 179 12
a 165 180 9
a 165 138 14
a 165 134 10
a 165 125 14
a 165 139 19
a 165 57 8
a 165 46 2
a 165 27 11
a 165 124 15
a 135 136 17
a 135 137 6
a 135 138 16
a 135 139 7
a 135 140 10
a 135 141 5
a 135 142 16
a 135 143 14
a 135 144 2
a 135 145 7
a 135 146 7
a 135 147 17
a 135 148 17
a 135 149 18
a 135 150 10
a 135 0 11
a 135 132 5
a 135 171 2
a 135 191 13
a 135 65 1
a 135 9 2
a 135 27 15
a 143 144 3
a 143 145 18
a 143 146 7
a 143 147 8
a 143 148 12
a 143 149 15
a 143 150 8
a 143 151 13
a 143 152 18
a 143 153 17
a 143 154 19
a 143 155 15
a 143 156 14
a 143 157 3
a 143 158 18
a 143 120 19
a 143 47 5
a 143 32 16
a 143 170 3
a 143 93 14
a 143 165 5
a 143 96 9
a 143 188 12
a 143 46 9
a 143 189 2
a 156 157 7
a 156 158 13
a 156 159 3
a 156 160 12
a 156 161 19
a 156 162 19
a 156 163 10
a 156 164 13
a 156 165 13
a 156 166 13
a 156 167 4
a 156 168 17
a 156 169 6
a 156 170 18
a 156 171 2
a 156 74 16
a 156 196 7
a 156 131 19
a 156 40 16
a 156 173 1
a 160 161 14
a 160 162 9
a 160 163 9
a 160 164 18
a 160 165 13
a 160 166 2
a 160 167 2
a 160 168 17
a 160 169 10
a 160 170 16
a 160 171 17
a 160 172 7
a 160 173 19
a 160 174 17
a 160 175 4
a 160 95 19
a 160 116 11
a 160 199 12
a 160 121 8
a 160 139 7
a 160 60 11
a 160 189 7
a 160 113 2
a 160 77 12
a 160 132 15
a 160 33 5
a 42 43 8
a 42 44 11
a 42 45 3
a 42 46 17
a 42 47 14
a 42 48 19
a 42 49 13
a 42 50 9
a 42 51 10
a 42 52 17
a 42 53 15
a 42 54 17
a 42 55 5
a 42 56 12
a 42 57 15
a 42 123 1
a 42 187 15
a 42 94 9
a 42 90 3
a 42 100 10
a 42 139 9
a 42 78 14
a 42 170 16
a 42 130 9
a 42 65 7
a 198 199 2
a 198 0 7
a 198 1 13
a 198 2 4
a 198 3 9
a 198 4 2
a 198 5 5
a 198 6 5
a 198 7 3
a 198 8 11
a 198 9 10
a 198 10 9
a 198 11 18
a 198 12 13
a 198 13 13
a 198 31 12
a 198 173 3
a 198 74 1
a 198 152 4
a 198 118 18
a 198 186 7
a 198 80 1
a 198 47 2
a 198 133 1
a 84 85 19
a 84 86 4
a 84 87 3
a 84 88 17
a 84 89 10
a 84 90 10
a 84 91 1
a 84 92 16
a 84 93 10
a 84 94 13
a 84 95 1
a 84 96 10
a 84 97 13
a 84 98 3
a 84 99 16
a 84 108 16
a 84 195 9
a 84 177 16
a 84 31 18
a 84 5 14
a 84 169 4
a 119 120 7
a 119 121 6
a 119 122 9
a 119 123 19
a 119 124 18
a 119 125 7
a 119 126 4
a 119 127 17
a 119 128 10
a 119 129 1
a 119 130 17
a 119 131 18
a 119 132 12
a 119 133 2
a 119 134 14
a 119 32 7
a 119 39 5
a 119 2 2
a 119 116 10
a 119 23 19
a 119 81 10
a 119 9 8
a 119 142 6
a 119 174 9
a 140 141 7
a 140 142 16
a 140 143 9
a 140 144 17
a 140 145 8
a 140 146 9
a 140 147 1
a 140 148 18
a 140 149 18
a 140 150 1
a 140 151 16
a 140 152 6
a 140 153 17
a 140 154 4
a 140 155 14
a 140 112 6
a 140 16 11
a 140 55 7
a 140 115 12
a 140 105 7
a 140 15 18
a 140 77 12
a 139 140 15
a 139 141 3
a 139 142 6
a 139 143 5
a 139 144 11
a 139 145 16
a 139 146 9
a 139 147 2
a 139 148 5
a 139 149 10
a 139 150 10
a 139 151 19
a 139 152 2
a 139 153 16
a 139 154 6
a 139 3 1
a 139 182 6
a 139 127 19
a 139 108 17
a 139 22 3
a 139 136 1
a 139 113 1
a 30 31 14
a 30 32 4
a 30 33 1
a 30 34 14
a 30 35 3
a 30 36 4
a 30 37 15
a 30 38 18
a 30 39 15
a 30 40 16
a 30 41 6
a 30 42 16
a 30 43 19
a 30 44 2
a 30 45 9
a 30 121 16
a 30 29 4
a 30 180 19
a 30 197 14
a 30 20 5
a 30 168 5
a 30 106 19
a 30 80 4
a 30 90 1
a 195 196 14
a 195 197 14
a 195 198 3
a 195 199 14
a 195 0 9
a 195 1 5
a 195 2 6
a 195 3 15
a 195 4 2
a 195 5 4
a 195 6 10
a 195 7 5
a 195 8 2
a 195 9 18
a 195 10 3
a 195 72 17
a 195 45 2
a 195 54 18
a 195 114 11
a 195 56 15
a 195 187 14
a 195 50 2
a 176 177 1
a 176 178 11
a 176 179 7
a 176 180 6
a 176 181 1
a 176 182 5
a 176 183 17
a 176 184 18
a 176 185 11
a 176 186 10
a 176 187 7
a 176 188 13
a 176 189 19
a 176 190 6
a 176 191 1
a 176 36 8
a 176 102 2
a 176 138 2
a 129 130 8
a 129 131 7
a 129 132 11
a 129 133 11
a 129 134 14
a 129 135 14
a 129 136 18
a 129 137 13
a 129 138 3
a 129 139 9
a 129 140 9
a 129 141 13
a 129 142 2
a 129 143 15
a 129 144 12
a 129 165 3
a 129 107 14
a 129 44 1
a 129 97 11
a 129 93 7
a 129 118 4
a 129 104 3
a 129 152 2
a 79 80 15
a 79 81 15
a 79 82 4
a 79 83 9
a 79 84 18
a 79 85 13
a 79 86 17
a 79 87 15
a 79 88 1
a 79 89 1
a 79 90 4
a 79 91 16
a 79 92 5
a 79 93 15
a 79 94 14
a 79 36 4
a 79 39 14
a 79 194 12
a 79 2 3
a 99 100 12
a 99 101 14
a 99 102 7
a 99 103 14
a 99 104 10
a 99 105 5
a 99 106 14
a 99 107 9
a 99 108 11
a 99 109 8
a 99 110 10
a 99 111 14
a 99 112 6
a 99 113 15
a 99 114 2
a 99 168 1
a 99 55 14
a 99 171 14
a 99 83 19
a 99 23 15
a 99 7 14
a 99 6 5
a 99 86 17
a 99 59 16
a 99 116 4
a 99 141 15
a 167 168 8
a 167 169 15
a 167 170 13
a 167 171 15
a 167 172 13
a 167 173 9
a 167 174 18
a 167 175 12
a 167 176 6
a 167 177 2
a 167 178 11
a 167 179 11
a 167 180 9
a 167 181 6
a 167 182 11
a 167 43 15
a 167 110 9
a 167 154 5
a 167 42 13
a 167 5 10
a 167 96 3
a 32 33 6
a 32 34 15
a 32 35 5
a 32 36 7
a 32 37 12
a 32 38 15
a 32 39 19
a 32 40 6
a 32 41 15
a 32 42 4
a 32 43 5
a 32 44 1
a 32 45 19
a 32 46 11
a 32 47 6
a 32 87 3
a 32 148 3
a 32 155 18
a 32 136 12
a 32 158 8
a 32 124 11
a 32 23 10
a 32 190 18
a 32 19 4
a 32 137 10
a 32 81 8
a 179 180 13
a 179 181 2
a 179 182 18
a 179 183 7
a 179 184 15
a 179 185 5
a 179 186 18
a 179 187 10
a 179 188 11
a 179 189 10
a 179 190 14
a 179 191 19
a 179 192 15
a 179 193 6
a 179 194 13
a 179 96 14
a 179 122 4
a 179 152 2
a 179 119 17
a 179 169 9
a 179 5 15
a 179 93 2
a 179 139 14
a 179 126 3
a 179 144 18
a 89 90 14
a 89 91 7
a 89 92 8
a 89 93 2
a 89 94 3
a 89 95 3
a 89 96 11
a 89 97 12
a 89 98 5
a 89 99 5
a 89 100 10
a 89 101 19
a 89 102 10
a 89 103 13
a 89 104 14
a 89 51 11
a 89 175 19
a 89 113 13
a 89 13 9
a 89 88 18
a 89 21 11
a 89 15 9
a 89 30 6
a 89 58 7
a 89 17 13
a 89 10 10
a 33 34 19
a 33 35 7
a 33 36 4
a 33 37 7
a 33 38 15
a 33 39 7
a 33 40 17
a 33 41 12
a 33 42 19
a 33 43 9
a 33 44 9
a 33 45 6
a 33 46 12
a 33 47 16
a 33 48 15
a 33 31 8
a 33 129 3
a 33 69 13
a 33 153 17
a 33 75 2
a 33 87 18
a 33 27 1
a 33 0 6
a 127 128 6
a 127 129 1
a 127 130 2
a 127 131 1
a 127 132 18
a 127 133 10
a 127 134 18
a 127 135 3
a 127 136 4
a 127 137 15
a 127 138 18
a 127 139 18
a 127 140 13
a 127 141 8
a 127 142 3
a 127 99 6
a 127 197 5
a 127 63 12
a 127 16 2
a 127 98 15
a 127 144 14
a 127 81 7
a 127 87 15
a 127 3 9
a 144 145 11
a 144 146 13
a 144 147 5
a 144 148 4
a 144 149 12
a 144 150 4
a 144 151 6
a 144 152 1
a 144 153 19
a 144 154 10
a 144 155 7
a 144 156 1
a 144 157 15
a 144 158 11
a 144 159 7
a 144 125 8
a 144 110 9
a 144 80 5
a 144 190 10
a 144 36 17
a 144 76 17
a 144 93 13
a 49 50 1
a 49 51 9
a 49 52 19
a 49 53 8
a 49 54 2
a 49 55 2
a 49 56 9
a 49 57 12
a 49 58 3
a 49 59 9
a 49 60 14
a 49 61 14
a 49 62 13
a 49 63 10
a 49 64 15
a 49 16 19
a 49 9 19
a 49 194 15
a 49 92 19
a 49 36 2
a 49 198 1
a 49 193 17
a 70 71 7
a 70 72 8
a 70 73 13
a 70 74 13
a 70 75 7
a 70 76 5
a 70 77 14
a 70 78 10
a 70 79 19
a 70 80 10
a 70 81 6
a 70 82 12
a 70 83 13
a 70 84 13
a 70 85 17
a 70 15 2
a 70 109 7
a 70 180 4
a 70 150 11
a 70 56 18
a 70 33 3
a 70 154 12
a 70 59 9
a 70 25 4
a 173 174 7
a 173 175 10
a 173 176 14
a 173 177 17
a 173 178 17
a 173 179 17
a 173 180 19
a 173 181 19
a 173 182 15
a 173 183 13
a 173 184 10
a 173 185 11
a 173 186 16
a 173 187 4
a 173 188 11
a 173 56 17
a 173 28 17
a 173 37 4
a 173 78 18
a 173 150 9
a 173 130 2
a 173 129 19
a 173 112 19
a 138 139 19
a 138 140 16
a 138 141 4
a 138 142 5
a 138 143 3
a 138 144 11
a 138 145 16
a 138 146 15
a 138 147 4
a 138 148 5
a 138 149 10
a 138 150 8
a 138 151 12
a 138 152 13
a 138 153 15
a 138 58 19
a 138 14 10
a 138 182 2
a 138 179 5
a 138 86 13
a 138 38 19
a 157 158 6
a 157 159 7
a 157 160 13
a 157 161 9
a 157 162 1
a 157 163 18
a 157 164 6
a 157 165 1
a 157 166 7
a 157 167 18
a 157 168 17
a 157 169 17
a 157 170 13
a 157 171 17
a 157 172 11
a 157 15 15
a 157 30 5
a 157 99 13
a 157 67 7
a 157 116 14
a 157 72 10
a 157 90 4
a 157 39 9
a 157 126 10
a 157 12 18
a 108 109 14
a 108 110 9
a 108 111 2
a 108 112 17
a 108 113 7
a 108 114 9
a 108 115 12
a 108 116 13
a 108 117 17
a 108 118 6
a 108 119 15
a 108 120 7
a 108 121 11
a 108 122 10
a 108 123 10
a 108 37 16
a 108 42 13
a 108 22 18
a 108 28 2
a 108 50 4
a 108 81 16
a 108 71 3
a 111 112 12
a 111 113 16
a 111 114 2
a 111 115 6
a 111 116 15
a 111 117 13
a 111 118 1
a 111 119 5
a 111 120 3
a 111 121 6
a 111 122 19
a 111 123 3
a 111 124 15
a 111 125 14
a 111 126 17
a 111 6 19
a 111 70 11
a 111 30 8
a 111 78 11
a 111 12 1
a 35 36 4
a 35 37 5
a 35 38 9
a 35 39 13
a 35 40 16
a 35 41 1
a 35 42 18
a 35 43 17
a 35 44 4
a 35 45 4
a 35 46 5
a 35 47 18
a 35 48 5
a 35 49 17
a 35 50 3
a 35 71 2
a 35 32 9
a 35 159 12
a 35 114 15
a 35 56 6
a 35 147 15
a 100 101 10
a 100 102 19
a 100 103 17
a 100 104 6
a 100 105 15
a 100 106 14
a 100 107 13
a 100 108 6
a 100 109 18
a 100 110 4
a 100 111 10
a 100 112 15
a 100 113 3
a 100 114 9
a 100 115 14
a 100 181 19
a 100 146 11
a 100 44 4
a 100 17 1
a 100 2 3
a 100 156 5
a 100 183 7
a 100 138 6
a 183 184 6
a 183 185 16
a 183 186 5
a 183 187 11
a 183 188 12
a 183 189 4
a 183 190 17
a 183 191 16
a 183 192 17
a 183 193 7
a 183 194 9
a 183 195 19
a 183 196 16
a 183 197 8
a 183 198 4
a 183 86 12
a 183 62 18
a 183 30 19
a 183 176 17
a 183 82 13
a 183 172 2
a 183 174 14
a 199 0 16
a 199 1 18
a 199 2 7
a 199 3 16
a 199 4 4
a 199 5 7
a 199 6 19
a 199 7 2
a 199 8 12
a 199 9 2
a 199 10 6
a 199 11 6
a 199 12 7
a 199 13 1
a 199 14 13
a 199 98 19
a 199 172 11
a 199 134 13
a 199 113 3
a 199 28 5
a 199 161 13
a 199 177 3
a 199 90 14
a 199 186 12
a 186 187 2
a 186 188 13
a 186 189 12
a 186 190 11
a 186 191 3
a 186 192 14
a 186 193 7
a 186 194 9
a 186 195 3
a 186 196 1
a 186 197 10
a 186 198 5
a 186 199 12
a 186 0 19
a 186 1 17
a 186 46 10
a 186 127 10
a 186 67 12
a 186 76 12
a 36 37 14
a 36 38 1
a 36 39 1
a 36 40 2
a 36 41 4
a 36 42 2
a 36 43 11
a 36 44 7
a 36 45 4
a 36 46 3
a 36 47 15
a 36 48 16
a 36 49 5
a 36 50 14
a 36 51 11
a 36 115 9
a 36 108 1
a 36 189 5
a 36 188 4
a 36 85 18
a 36 172 17
a 163 164 19
a 163 165 16
a 163 166 8
a 163 167 1
a 163 168 11
a 163 169 16
a 163 170 1
a 163 171 10
a 163 172 5
a 163 173 12
a 163 174 11
a 163 175 2
a 163 176 19
a 163 177 10
a 163 178 5
a 163 186 8
a 163 135 18
a 163 74 16
a 163 8 1
a 163 141 4
a 163 148 17
a 51 52 14
a 51 53 5
a 51 54 18
a 51 55 16
a 51 56 1
a 51 57 6
a 51 58 8
a 51 59 11
a 51 60 13
a 51 61 9
a 51 62 16
a 51 63 17
a 51 64 6
a 51 65 17
a 51 66 8
a 51 141 1
a 51 164 13
a 51 103 15
a 51 155 2
a 51 116 10
a 51 21 12
a 51 67 18
a 120 121 18
a 120 122 13
a 120 123 19
a 120 124 5
a 120 125 13
a 120 126 1
a 120 127 19
a 120 128 16
a 120 129 15
a 120 130 3
a 120 131 9
a 120 132 9
a 120 133 1
a 120 134 11
a 120 135 19
a 120 115 3
a 120 38 6
a 120 145 9
a 120 77 16
a 120 113 12
a 120 196 4
a 120 85 12
a 37 38 17
a 37 39 17
a 37 40 12
a 37 41 14
a 37 42 3
a 37 43 1
a 37 44 4
a 37 45 8
a 37 46 19
a 37 47 11
a 37 48 12
a 37 49 3
a 37 50 13
a 37 51 18
a 37 52 8
a 37 75 17
a 37 55 12
a 37 57 13
a 37 23 9
a 37 61 5
a 37 67 10
a 37 194 15
a 37 53 9
a 94 95 6
a 94 96 4
a 94 97 5
a 94 98 19
a 94 99 4
a 94 100 6
a 94 101 9
a 94 102 4
a 94 103 5
a 94 104 1
a 94 105 15
a 94 106 5
a 94 107 4
a 94 108 16
a 94 109 11
a 94 165 10
a 94 69 4
a 94 28 3
a 94 148 3
a 94 14 7
a 94 137 5
a 67 68 14
a 67 69 11
a 67 70 11
a 67 71 8
a 67 72 12
a 67 73 17
a 67 74 15
a 67 75 12
a 67 76 18
a 67 77 1
a 67 78 15
a 67 79 15
a 67 80 9
a 67 81 12
a 67 82 14
a 67 5 5
a 67 19 13
a 67 50 11
a 67 101 17
a 67 22 6
a 67 21 4
a 67 190 7
a 67 18 15
a 67 130 12
a 197 198 13
a 197 199 5
a 197 0 8
a 197 1 19
a 197 2 14
a 197 3 9
a 197 4 9
a 197 5 19
a 197 6 12
a 197 7 14
a 197 8 3
a 197 9 9
a 197 10 3
a 197 11 7
a 197 12 15
a 197 140 7
a 197 144 19
a 197 174 15
a 197 61 14
a 197 23 14
a 197 67 15
a 197 28 19
a 197 72 8
a 197 187 15
a 38 39 1
a 38 40 3
a 38 41 18
a 38 42 18
a 38 43 19
a 38 44 5
a 38 45 17
a 38 46 16
a 38 47 14
a 38 48 2
a 38 49 17
a 38 50 3
a 38 51 3
a 38 52 19
a 38 53 7
a 38 167 5
a 38 117 17
a 38 22 15
a 38 67 18
a 38 163 12
a 38 126 8
a 38 32 17
a 38 17 10
a 38 171 17
a 43 44 10
a 43 45 17
a 43 46 5
a 43 47 14
a 43 48 11
a 43 49 19
a 43 50 12
a 43 51 9
a 43 52 6
a 43 53 8
a 43 54 4
a 43 55 12
a 43 56 9
a 43 57 17
a 43 58 14
a 43 196 12
a 43 140 15
a 43 3 13
a 43 170 12
a 43 6 16
a 43 2 12
a 43 195 1
a 90 91 16
a 90 92 7
a 90 93 1
a 90 94 18
a 90 95 10
a 90 96 7
a 90 97 14
a 90 98 12
a 90 99 4
a 90 100 13
a 90 101 13
a 90 102 9
a 90 103 17
a 90 104 16
a 90 105 13
a 90 87 4
a 90 185 19
a 90 176 10
a 90 110 7
a 90 83 18
a 62 63 6
a 62 64 11
a 62 65 19
a 62 66 17
a 62 67 13
a 62 68 8
a 62 69 14
a 62 70 10
a 62 71 8
a 62 72 11
a 62 73 14
a 62 74 8
a 62 75 4
a 62 76 15
a 62 77 15
a 62 123 11
a 62 192 18
a 62 106 11
a 62 131 2
a 62 117 19
a 39 40 11
a 39 41 12
a 39 42 3
a 39 43 16
a 39 44 15
a 39 45 13
a 39 46 4
a 39 47 10
a 39 48 7
a 39 49 9
a 39 50 17
a 39 51 1
a 39 52 9
a 39 53 18
a 39 54 6
a 39 23 7
a 39 194 7
a 39 198 14
a 39 34 16
a 39 133 19
a 39 172 6
a 52 53 4
a 52 54 5
a 52 55 8
a 52 56 14
a 52 57 10
a 52 58 7
a 52 59 4
a 52 60 19
a 52 61 6
a 52 62 7
a 52 63 5
a 52 64 10
a 52 65 9
a 52 66 17
a 52 67 19
a 52 171 18
a 52 116 10
a 52 9 11
a 52 117 9
a 52 196 12
a 57 58 7
a 57 59 9
a 57 60 6
a 57 61 15
a 57 62 1
a 57 63 12
a 57 64 2
a 57 65 4
a 57 66 19
a 57 67 1
a 57 68 7
a 57 69 11
a 57 70 1
a 57 71 7
a 57 72 13
a 57 19 18
a 57 199 9
a 57 156 11
a 57 148 7
a 57 108 16
a 65 66 14
a 65 67 5
a 65 68 7
a 65 69 9
a 65 70 19
a 65 71 16
a 65 72 15
a 65 73 9
a 65 74 5
a 65 75 9
a 65 76 5
a 65 77 16
a 65 78 18
a 65 79 4
a 65 80 3
a 65 188 18
a 65 106 8
a 65 138 7
a 65 91 12
a 65 145 16
a 172 173 16
a 172 174 6
a 172 175 1
a 172 176 9
a 172 177 13
a 172 178 10
a 172 179 14
a 172 180 8
a 172 181 2
a 172 182 5
a 172 183 8
a 172 184 5
a 172 185 5
a 172 186 14
a 172 187 3
a 172 2 15
a 172 79 18
a 172 73 19
a 172 135 4
a 172 101 12
a 172 56 13
a 172 120 17
a 136 137 18
a 136 138 15
a 136 139 16
a 136 140 11
a 136 141 13
a 136 142 1
a 136 143 14
a 136 144 16
a 136 145 15
a 136 146 7
a 136 147 10
a 136 148 7
a 136 149 13
a 136 150 15
a 136 151 1
a 136 193 6
a 136 127 1
a 136 94 18
a 136 36 5
a 136 19 3
a 136 67 8
a 136 3 13
a 136 51 16
a 136 186 10
a 136 170 8
a 136 125 1
a 78 79 16
a 78 80 5
a 78 81 7
a 78 82 6
a 78 83 16
a 78 84 3
a 78 85 8
a 78 86 14
a 78 87 11
a 78 88 15
a 78 89 18
a 78 90 4
a 78 91 3
a 78 92 13
a 78 93 19
a 78 39 2
a 78 110 10
a 78 195 13
a 78 40 3
a 78 167 17
a 107 108 3
a 107 109 15
a 107 110 17
a 107 111 18
a 107 112 5
a 107 113 12
a 107 114 1
a 107 115 6
a 107 116 2
a 107 117 17
a 107 118 15
a 107 119 17
a 107 120 13
a 107 121 19
a 107 122 19
a 107 48 5
a 107 41 4
a 107 44 2
a 107 73 19
a 107 135 16
a 107 2 18
a 107 106 15
a 107 46 6
a 87 88 13
a 87 89 9
a 87 90 5
a 87 91 19
a 87 92 19
a 87 93 7
a 87 94 7
a 87 95 2
a 87 96 3
a 87 97 8
a 87 98 11
a 87 99 18
a 87 100 16
a 87 101 10
a 87 102 12
a 87 108 3
a 87 84 16
a 87 134 8
a 87 66 9
a 87 70 10
a 87 4 7
a 87 180 6
a 87 79 11
a 87 181 17
a 141 142 7
a 141 143 9
a 141 144 5
a 141 145 3
a 141 146 9
a 141 147 3
a 141 148 1
a 141 149 15
a 141 150 12
a 141 151 16
a 141 152 7
a 141 153 5
a 141 154 13
a 141 155 12
a 141 156 2
a 141 65 16
a 141 8 13
a 141 199 2
a 141 14 10
a 88 89 18
a 88 90 14
a 88 91 13
a 88 92 5
a 88 93 8
a 88 94 19
a 88 95 13
a 88 96 12
a 88 97 19
a 88 98 17
a 88 99 6
a 88 100 13
a 88 101 6
a 88 102 14
a 88 103 15
a 88 0 6
a 88 132 5
a 88 2 14
a 88 23 11
a 88 106 7
a 88 162 13
a 88 6 11
a 88 137 10
a 88 46 8
a 88 7 7
a 162 163 8
a 162 164 4
a 162 165 8
a 162 166 11
a 162 167 10
a 162 168 14
a 162 169 13
a 162 170 18
a 162 171 13
a 162 172 8
a 162 173 13
a 162 174 12
a 162 175 16
a 162 176 17
a 162 177 5
a 162 60 7
a 162 127 11
a 162 187 14
a 162 18 8
a 162 192 14
a 162 149 13
a 162 4 8
a 180 181 2
a 180 182 19
a 180 183 15
a 180 184 16
a 180 185 17
a 180 186 19
a 180 187 3
a 180 188 17
a 180 189 13
a 180 190 15
a 180 191 4
a 180 192 1
a 180 193 5
a 180 194 18
a 180 195 19
a 180 91 1
a 180 104 15
a 180 129 6
a 180 61 6
a 180 136 8
a 180 146 1
a 180 155 17
a 80 81 12
a 80 82 6
a 80 83 17
a 80 84 14
a 80 85 13
a 80 86 8
a 80 87 5
a 80 88 8
a 80 89 11
a 80 90 10
a 80 91 6
a 80 92 13
a 80 93 2
a 80 94 15
a 80 95 17
a 80 7 8
a 80 10 3
a 80 51 17
a 80 105 12
a 80 59 15
a 80 97 9
a 46 47 19
a 46 48 5
a 46 49 4
a 46 50 17
a 46 51 9
a 46 52 2
a 46 53 12
a 46 54 5
a 46 55 3
a 46 56 14
a 46 57 19
a 46 58 19
a 46 59 6
a 46 60 8
a 46 61 12
a 46 198 7
a 46 36 2
a 46 101 6
a 46 30 14
a 46 86 4
a 46 159 10
a 46 70 2
a 46 165 13
a 46 85 12
a 194 195 18
a 194 196 7
a 194 197 2
a 194 198 12
a 194 199 9
a 194 0 8
a 194 1 4
a 194 2 18
a 194 3 1
a 194 4 10
a 194 5 5
a 194 6 10
a 194 7 18
a 194 8 5
a 194 9 13
a 194 102 9
a 194 160 11
a 194 39 11
a 194 182 3
a 194 56 19
a 194 48 7
a 194 177 13
a 194 90 18
a 75 76 2
a 75 77 5
a 75 78 19
a 75 79 2
a 75 80 10
a 75 81 19
a 75 82 1
a 75 83 1
a 75 84 15
a 75 85 5
a 75 86 2
a 75 87 18
a 75 88 12
a 75 89 10
a 75 90 11
a 75 186 2
a 75 110 19
a 75 18 5
a 75 58 9
a 75 32 15
a 75 97 18
a 75 161 17
a 47 48 12
a 47 49 16
a 47 50 18
a 47 51 2
a 47 52 4
a 47 53 17
a 47 54 4
a 47 55 12
a 47 56 5
a 47 57 2
a 47 58 5
a 47 59 15
a 47 60 19
a 47 61 6
a 47 62 11
a 47 7 16
a 47 29 9
a 47 159 15
a 47 147 8
a 47 89 9
a 47 120 19
a 47 153 14
a 47 149 2
a 47 20 14
a 148 149 14
a 148 150 12
a 148 151 3
a 148 152 13
a 148 153 10
a 148 154 5
a 148 155 18
a 148 156 17
a 148 157 19
a 148 158 2
a 148 159 14
a 148 160 2
a 148 161 18
a 148 162 15
a 148 163 10
a 148 188 1
a 148 41 4
a 148 105 4
a 148 76 17
a 148 69 8
a 148 141 17
a 155 156 13
a 155 157 2
a 155 158 12
a 155 159 6
a 155 160 2
a 155 161 18
a 155 162 1
a 155 163 10
a 155 164 4
a 155 165 4
a 155 166 3
a 155 167 12
a 155 168 1
a 155 169 2
a 155 170 12
a 155 122 18
a 155 11 16
a 155 187 19
a 155 141 4
a 155 39 9
a 155 30 15
a 155 41 2
a 155 114 9
a 155 185 14
a 158 159 15
a 158 160 15
a 158 161 2
a 158 162 12
a 158 163 18
a 158 164 9
a 158 165 7
a 158 166 1
a 158 167 2
a 158 168 1
a 158 169 10
a 158 170 9
a 158 171 1
a 158 172 16
a 158 173 8
a 158 55 14
a 158 2 18
a 158 179 6
a 158 186 14
a 158 123 5
a 158 156 17
a 158 5 4
a 158 25 5
a 158 114 5
a 124 125 12
a 124 126 17
a 124 127 8
a 124 128 11
a 124 129 10
a 124 130 7
a 124 131 19
a 124 132 11
a 124 133 14
a 124 134 8
a 124 135 16
a 124 136 13
a 124 137 16
a 124 138 3
a 124 139 17
a 124 17 14
a 124 48 18
a 124 95 11
a 124 27 11
a 190 191 2
a 190 192 16
a 190 193 11
a 190 194 14
a 190 195 12
a 190 196 13
a 190 197 6
a 190 198 15
a 190 199 1
a 190 0 1
a 190 1 10
a 190 2 2
a 190 3 7
a 190 4 8
a 190 5 16
a 190 43 15
a 190 16 7
a 190 123 7
a 190 10 7
a 190 144 1
a 190 29 11
a 190 127 14
a 190 146 2
a 190 184 17
a 190 118 10
a 190 91 1
a 190 121 19
a 69 70 7
a 69 71 9
a 69 72 10
a 69 73 3
a 69 74 16
a 69 75 2
a 69 76 7
a 69 77 2
a 69 78 12
a 69 79 13
a 69 80 4
a 69 81 10
a 69 82 19
a 69 83 4
a 69 84 4
a 69 132 11
a 69 11 9
a 69 88 8
a 69 12 16
a 69 101 19
a 109 110 18
a 109 111 18
a 109 112 18
a 109 113 6
a 109 114 12
a 109 115 2
a 109 116 12
a 109 117 12
a 109 118 11
a 109 119 1
a 109 120 9
a 109 121 18
a 109 122 19
a 109 123 16
a 109 124 9
a 109 52 14
a 109 137 10
a 109 77 17
a 109 174 8
a 109 12 19
a 109 167 16
a 109 70 9
a 118 119 2
a 118 120 5
a 118 121 16
a 118 122 18
a 118 123 9
a 118 124 12
a 118 125 12
a 118 126 11
a 118 127 14
a 118 128 16
a 118 129 12
a 118 130 14
a 118 131 9
a 118 132 12
a 118 133 15
a 118 95 15
a 118 77 11
a 118 90 7
a 118 51 19
a 118 61 13
a 118 155 5
a 177 178 13
a 177 179 6
a 177 180 4
a 177 181 3
a 177 182 4
a 177 183 2
a 177 184 8
a 177 185 14
a 177 186 10
a 177 187 4
a 177 188 3
a 177 189 4
a 177 190 4
a 177 191 16
a 177 192 7
a 177 77 4
a 177 45 7
a 177 139 6
a 177 84 4
a 177 44 9
a 177 157 12
a 159 160 11
a 159 161 9
a 159 162 1
a 159 163 11
a 159 164 19
a 159 165 6
a 159 166 6
a 159 167 10
a 159 168 19
a 159 169 15
a 159 170 19
a 159 171 12
a 159 172 8
a 159 173 18
a 159 174 17
a 159 19 2
a 159 122 13
a 159 195 19
a 159 135 5
a 159 133 16
a 159 29 17
a 159 91 1
a 159 25 11
a 159 60 17
a 114 115 2
a 114 116 3
a 114 117 17
a 114 118 12
a 114 119 1
a 114 120 12
a 114 121 17
a 114 122 18
a 114 123 17
a 114 124 2
a 114 125 10
a 114 126 14
a 114 127 4
a 114 128 4
a 114 129 17
a 114 95 17
a 114 132 19
a 114 148 15
a 114 43 1
a 114 176 1
a 114 178 15
a 114 46 15
a 56 57 12
a 56 58 15
a 56 59 17
a 56 60 3
a 56 61 16
a 56 62 12
a 56 63 13
a 56 64 13
a 56 65 10
a 56 66 14
a 56 67 19
a 56 68 12
a 56 69 17
a 56 70 5
a 56 71 5
a 56 4 9
a 56 8 5
a 56 171 7
a 56 53 12
a 56 31 15
a 56 136 1
a 56 97 3
a 115 116 2
a 115 117 14
a 115 118 3
a 115 119 14
a 115 120 15
a 115 121 19
a 115 122 16
a 115 123 15
a 115 124 13
a 115 125 13
a 115 126 15
a 115 127 5
a 115 128 7
a 115 129 18
a 115 130 18
a 115 109 14
a 115 49 17
a 115 75 18
a 115 43 9
a 115 29 4
a 115 169 14
a 115 78 1
a 115 184 13
a 115 97 6
a 85 86 15
a 85 87 18
a 85 88 11
a 85 89 1
a 85 90 18
a 85 91 12
a 85 92 16
a 85 93 18
a 85 94 16
a 85 95 9
a 85 96 6
a 85 97 12
a 85 98 18
a 85 99 13
a 85 100 12
a 85 9 7
a 85 3 10
a 85 142 8
a 85 156 3
a 85 68 17
a 85 109 9
a 55 56 3
a 55 57 17
a 55 58 7
a 55 59 19
a 55 60 6
a 55 61 12
a 55 62 1
a 55 63 1
a 55 64 7
a 55 65 9
a 55 66 7
a 55 67 7
a 55 68 1
a 55 69 9
a 55 70 10
a 55 184 12
a 55 35 8
a 55 146 15
a 55 27 3
a 55 189 18
a 55 75 14
a 55 85 16
a 55 139 19
a 55 11 10
a 53 54 14
a 53 55 17
a 53 56 5
a 53 57 8
a 53 58 2
a 53 59 8
a 53 60 4
a 53 61 7
a 53 62 4
a 53 63 16
a 53 64 6
a 53 65 6
a 53 66 2
a 53 67 11
a 53 68 9
a 53 110 9
a 53 124 14
a 53 40 11
a 53 139 19
a 53 156 1
a 53 193 11
a 53 80 11
a 53 97 6
a 53 93 15
a 53 85 12
a 53 52 15
a 117 118 2
a 117 119 4
a 117 120 4
a 117 121 19
a 117 122 3
a 117 123 13
a 117 124 19
a 117 125 1
a 117 126 7
a 117 127 19
a 117 128 1
a 117 129 4
a 117 130 11
a 117 131 10
a 117 132 3
a 117 96 10
a 117 89 15
a 117 90 10
a 117 173 4
a 117 72 18
a 117 19 12
a 117 38 11
a 117 153 5
a 117 34 4
a 117 32 1
a 117 158 4
a 117 195 17
a 126 127 6
a 126 128 1
a 126 129 19
a 126 130 6
a 126 131 17
a 126 132 14
a 126 133 10
a 126 134 7
a 126 135 16
a 126 136 4
a 126 137 14
a 126 138 8
a 126 139 8
a 126 140 15
a 126 141 13
a 126 102 17
a 126 87 7
a 126 89 8
a 126 152 13
a 126 33 7
a 126 155 9
a 126 2 18
a 126 52 9
a 133 134 11
a 133 135 9
a 133 136 6
a 133 137 15
a 133 138 14
a 133 139 3
a 133 140 5
a 133 141 12
a 133 142 2
a 133 143 7
a 133 144 8
a 133 145 17
a 133 146 12
a 133 147 2
a 133 148 16
a 133 152 10
a 133 81 16
a 133 99 6
a 133 14 15
a 133 161 9
a 133 160 11
a 150 151 12
a 150 152 9
a 150 153 5
a 150 154 17
a 150 155 8
a 150 156 3
a 150 157 3
a 150 158 5
a 150 159 13
a 150 160 2
a 150 161 6
a 150 162 5
a 150 163 13
a 150 164 15
a 150 165 4
a 150 187 8
a 150 129 4
a 150 119 17
a 150 81 1
a 150 67 13
a 150 8 18
a 150 25 15
a 150 173 10
a 196 197 8
a 196 198 3
a 196 199 2
a 196 0 4
a 196 1 4
a 196 2 16
a 196 3 18
a 196 4 15
a 196 5 12
a 196 6 15
a 196 7 1
a 196 8 7
a 196 9 7
a 196 10 10
a 196 11 2
a 196 137 13
a 196 152 2
a 196 56 3
a 196 188 7
a 196 32 17
a 196 47 3
a 196 26 5
a 187 188 6
a 187 189 4
a 187 190 17
a 187 191 11
a 187 192 15
a 187 193 15
a 187 194 2
a 187 195 3
a 187 196 12
a 187 197 17
a 187 198 6
a 187 199 10
a 187 0 7
a 187 1 4
a 187 2 14
a 187 110 10
a 187 42 3
a 187 123 12
a 187 85 3
a 187 96 15
a 187 157 16
a 187 108 2
a 187 84 6
a 187 99 16
a 187 121 13
a 187 19 16
a 130 131 10
a 130 132 10
a 130 133 16
a 130 134 2
a 130 135 13
a 130 136 8
a 130 137 4
a 130 138 2
a 130 139 3
a 130 140 13
a 130 141 4
a 130 142 8
a 130 143 4
a 130 144 7
a 130 145 1
a 130 69 11
a 130 51 11
a 130 47 3
a 130 76 14
a 130 46 12
a 130 105 6
a 130 82 4
a 130 161 3
a 130 186 8
a 130 181 9
a 130 88 6
a 130 175 10
a 130 87 2
a 68 69 11
a 68 70 14
a 68 71 15
a 68 72 13
a 68 73 7
a 68 74 1
a 68 75 2
a 68 76 2
a 68 77 12
a 68 78 15
a 68 79 14
a 68 80 16
a 68 81 10
a 68 82 16
a 68 83 15
a 68 155 18
a 68 169 7
a 68 61 7
a 68 10 12
a 68 6 1
a 68 108 16
a 68 127 19
a 68 119 2
a 101 102 19
a 101 103 10
a 101 104 17
a 101 105 1
a 101 106 14
a 101 107 4
a 101 108 14
a 101 109 19
a 101 110 17
a 101 111 7
a 101 112 10
a 101 113 11
a 101 114 6
a 101 115 19
a 101 116 16
a 101 137 9
a 101 118 17
a 101 93 14
a 101 71 19
a 101 189 14
a 101 31 17
a 101 68 18
a 101 52 5
a 86 87 14
a 86 88 10
a 86 89 13
a 86 90 2
a 86 91 18
a 86 92 13
a 86 93 18
a 86 94 4
a 86 95 4
a 86 96 8
a 86 97 8
a 86 98 19
a 86 99 1
a 86 100 3
a 86 101 17
a 86 199 13
a 86 15 4
a 86 137 12
a 86 33 17
a 86 38 3
a 86 142 16
a 86 173 13
a 128 129 11
a 128 130 1
a 128 131 17
a 128 132 17
a 128 133 12
a 128 134 1
a 128 135 14
a 128 136 13
a 128 137 9
a 128 138 12
a 128 139 12
a 128 140 10
a 128 141 11
a 128 142 17
a 128 143 1
a 128 145 12
a 128 179 11
a 128 125 18
a 128 61 12
a 128 120 2
a 128 98 9
a 128 148 3
a 182 183 8
a 182 184 19
a 182 185 2
a 182 186 13
a 182 187 5
a 182 188 12
a 182 189 17
a 182 190 13
a 182 191 17
a 182 192 6
a 182 193 6
a 182 194 16
a 182 195 8
a 182 196 4
a 182 197 2
a 182 176 1
a 182 27 1
a 182 5 19
a 182 149 11
a 64 65 11
a 64 66 19
a 64 67 10
a 64 68 7
a 64 69 11
a 64 70 18
a 64 71 9
a 64 72 9
a 64 73 18
a 64 74 9
a 64 75 11
a 64 76 18
a 64 77 3
a 64 78 4
a 64 79 1
a 64 108 3
a 64 172 4
a 64 122 10
a 64 187 4
a 64 84 12
a 64 168 16
a 64 184 3
a 64 157 5
a 64 101 12
a 64 151 4
a 164 165 16
a 164 166 14
a 164 167 7
a 164 168 6
a 164 169 19
a 164 170 1
a 164 171 7
a 164 172 14
a 164 173 10
a 164 174 9
a 164 175 12
a 164 176 6
a 164 177 6
a 164 178 11
a 164 179 10
a 164 96 15
a 164 116 12
a 164 11 13
a 164 137 7
a 164 156 12
a 164 37 11
a 164 79 11
a 164 50 5
a 164 181 17
a 164 121 16
a 103 104 13
a 103 105 6
a 103 106 4
a 103 107 3
a 103 108 15
a 103 109 16
a 103 110 16
a 103 111 7
a 103 112 11
a 103 113 12
a 103 114 14
a 103 115 6
a 103 116 8
a 103 117 4
a 103 118 17
a 103 12 18
a 103 65 3
a 103 162 9
a 103 184 14
a 103 59 6
a 103 161 8
a 103 28 13
a 103 81 5
a 103 0 14
a 103 31 3
a 103 135 19
a 97 98 16
a 97 99 4
a 97 100 18
a 97 101 1
a 97 102 1
a 97 103 10
a 97 104 17
a 97 105 3
a 97 106 16
a 97 107 19
a 97 108 1
a 97 109 13
a 97 110 13
a 97 111 13
a 97 112 16
a 97 37 8
a 97 66 13
a 97 125 13
a 97 198 3
a 97 175 18
a 97 43 7
a 97 23 11
a 97 20 12
a 97 24 8
a 97 164 5
a 93 94 12
a 93 95 18
a 93 96 13
a 93 97 3
a 93 98 3
a 93 99 10
a 93 100 12
a 93 101 13
a 93 102 9
a 93 103 17
a 93 104 11
a 93 105 12
a 93 106 7
a 93 107 13
a 93 108 14
a 93 164 16
a 93 110 9
a 93 135 5
a 93 35 6
a 93 151 1
a 93 147 8
a 93 31 11
a 82 83 10
a 82 84 2
a 82 85 1
a 82 86 6
a 82 87 6
a 82 88 7
a 82 89 3
a 82 90 15
a 82 91 18
a 82 92 9
a 82 93 7
a 82 94 18
a 82 95 1
a 82 96 19
a 82 97 18
a 82 190 12
a 82 186 19
a 82 126 17
a 82 197 8
a 184 185 17
a 184 186 7
a 184 187 15
a 184 188 5
a 184 189 3
a 184 190 9
a 184 191 14
a 184 192 16
a 184 193 17
a 184 194 2
a 184 195 7
a 184 196 18
a 184 197 5
a 184 198 4
a 184 199 8
a 184 0 14
a 184 133 12
a 184 123 2
a 184 80 13
a 184 31 18
a 184 78 15
a 184 47 16
a 95 96 8
a 95 97 17
a 95 98 14
a 95 99 7
a 95 100 17
a 95 101 13
a 95 102 10
a 95 103 11
a 95 104 1
a 95 105 10
a 95 106 17
a 95 107 1
a 95 108 4
a 95 109 19
a 95 110 15
a 95 180 16
a 95 195 3
a 95 187 17
a 95 174 11
a 95 155 14
a 95 156 7
a 95 69 4
a 74 75 2
a 74 76 19
a 74 77 4
a 74 78 8
a 74 79 11
a 74 80 16
a 74 81 2
a 74 82 10
a 74 83 15
a 74 84 5
a 74 85 18
a 74 86 18
a 74 87 17
a 74 88 11
a 74 89 15
a 74 98 14
a 74 56 17
a 74 116 18
a 74 109 12
a 74 135 17
a 74 31 19
a 74 95 8
a 74 133 4
a 77 78 18
a 77 79 17
a 77 80 1
a 77 81 5
a 77 82 5
a 77 83 3
a 77 84 5
a 77 85 9
a 77 86 12
a 77 87 12
a 77 88 9
a 77 89 7
a 77 90 9
a 77 91 6
a 77 92 5
a 77 176 3
a 77 60 9
a 77 59 7
a 77 0 1
a 77 73 14
a 77 39 12
a 77 27 3
a 77 67 5
a 77 69 5
a 91 92 3
a 91 93 12
a 91 94 7
a 91 95 13
a 91 96 8
a 91 97 14
a 91 98 7
a 91 99 11
a 91 100 12
a 91 101 2
a 91 102 18
a 91 103 4
a 91 104 10
a 91 105 2
a 91 106 13
a 91 60 7
a 91 136 8
a 91 12 5
a 91 162 4
a 104 105 2
a 104 106 17
a 104 107 11
a 104 108 2
a 104 109 6
a 104 110 13
a 104 111 17
a 104 112 9
a 104 113 19
a 104 114 6
a 104 115 1
a 104 116 16
a 104 117 19
a 104 118 8
a 104 119 1
a 104 54 15
a 104 129 4
a 104 180 1
a 104 59 18
a 181 182 19
a 181 183 9
a 181 184 17
a 181 185 3
a 181 186 4
a 181 187 10
a 181 188 18
a 181 189 17
a 181 190 1
a 181 191 19
a 181 192 15
a 181 193 10
a 181 194 3
a 181 195 7
a 181 196 4
a 181 60 15
a 181 93 6
a 181 122 7
a 181 7 11
a 181 57 19
a 181 116 12
a 181 16 15
a 181 147 7
a 175 176 8
a 175 177 3
a 175 178 11
a 175 179 14
a 175 180 12
a 175 181 13
a 175 182 19
a 175 183 5
a 175 184 11
a 175 185 17
a 175 186 4
a 175 187 7
a 175 188 4
a 175 189 4
a 175 190 17
a 175 61 8
a 175 51 9
a 175 67 9
a 175 103 10
a 175 84 12
a 175 198 4
a 175 7 14
a 125 126 15
a 125 127 13
a 125 128 7
a 125 129 3
a 125 130 10
a 125 131 17
a 125 132 3
a 125 133 16
a 125 134 16
a 125 135 12
a 125 136 18
a 125 137 5
a 125 138 14
a 125 139 7
a 125 140 16
a 125 181 5
a 125 41 10
a 125 6 6
a 125 193 16
c 73 76 0 13 115
c 29 37 136 51 170
c 114 117 67 75 53
c 51 103 110 111 146
c 97 66 126 127 124
c 22 27 30 43 136
c 18 20 183 62 152
c 138 38 163 176 34
c 56 61 29 32 80
c 158 160 120 123 86
c 116 199 74 133 54
c 181 189 87 79 134
c 51 57 173 186 29
c 93 35 4 19 112
c 191 0 98 112 130
c 195 56 29 141 77
c 105 147 69 75 64
c 167 171 105 107 135
c 27 30 104 117 69
c 113 127 150 165 87
c 31 36 183 185 41
c 158 168 86 97 50
c 173 184 131 145 114
c 97 125 31 40 39
c 65 67 15 79 178
c 114 176 18 127 33
c 166 148 64 69 160
c 63 89 128 138 175
c 74 81 178 180 49
c 195 6 1 2 75
c 14 84 110 77 104
c 186 189 197 28 186
c 191 130 199 12 53
c 70 72 194 8 46
c 130 88 103 135 54
c 140 141 56 58 133
c 151 164 51 53 52
c 104 54 194 39 132
c 147 159 82 126 79
c 67 18 69 73 188
c 105 112 8 191 60
c 147 153 26 38 117
c 9 122 180 188 136
c 82 197 150 25 82
c 3 6 66 75 66
c 113 138 71 79 38
c 21 36 69 81 186
c 75 89 53 193 128
c 174 57 107 117 100
c 98 113 89 21 126
c 179 119 48 59 146
c 185 0 192 194 82
c 109 174 70 72 99
c 133 81 71 81 153
c 137 147 183 194 196
c 133 137 63 89 53
c 160 167 188 66 89
c 10 11 159 135 81
c 171 173 35 46 59
c 199 0 1 6 122
c 190 195 17 116 112
c 147 153 174 144 54
c 57 69 128 130 51
c 27 185 70 25 148
c 93 108 84 169 65
c 171 186 168 68 29
c 45 68 72 76 109
c 184 199 115 169 27
c 67 70 143 153 33
c 144 153 59 72 143
c 36 41 90 91 60
c 64 73 28 41 158
c 82 91 51 103 192
c 163 165 55 146 129
c 134 143 32 87 156
c 176 188 133 139 109
c 168 119 108 118 154
c 7 16 32 34 157
c 10 3 100 138 164
c 17 32 64 65 137
c 189 190 10 112 159
c 96 98 125 128 97
c 125 41 122 98 25
c 129 141 171 173 90
c 48 132 105 106 49
c 126 133 135 0 156
c 78 92 183 82 112
c 134 61 7 76 142
c 54 64 10 73 61
c 133 152 169 172 113
c 71 79 45 47 131
c 81 88 148 162 100
c 19 34 117 34 99
c 97 98 80 87 155
c 164 171 197 2 180
c 100 2 38 50 174
c 113 120 71 84 148
c 193 196 106 108 133
c 83 41 24 57 132
c 62 71 87 97 115
c 58 63 140 148 161
c 68 74 180 187 58
c 17 21 85 3 60
c 185 198 93 35 137
c 103 81 114 132 177
c 142 150 49 56 195
c 126 129 196 1 167
c 153 181 174 183 143
c 123 130 18 30 136
c 69 11 145 152 140
c 83 85 12 166 140
c 72 76 97 20 134
c 118 126 34 118 89
c 61 65 190 184 176
c 38 47 81 159 92
c 62 192 64 76 48
c 37 55 153 164 55
c 51 65 77 88 142
c 109 114 93 110 75
c 61 66 29 33 62
c 184 186 194 196 55
c 164 166 150 173 117
c 42 123 48 163 163
c 197 7 94 103 36
c 23 37 2 7 158
c 151 159 129 138 110
c 169 195 67 21 74
c 57 19 79 2 184
c 28 42 125 128 182
c 97 110 74 133 144
c 57 69 196 32 35
c 32 33 135 9 140
c 8 16 124 136 142
c 29 173 106 198 118
c 29 40 182 176 199
c 175 67 159 164 26
c 5 12 71 72 68
c 122 137 185 18 47
c 156 74 136 141 48
c 51 62 3 83 168
c 197 1 75 84 28
c 156 173 20 33 121
c 166 58 159 171 98
c 103 117 6 11 84
c 139 146 72 78 26
c 156 40 32 19 129
c 52 64 73 76 76
c 100 44 9 71 90
c 102 112 107 114 125
c 172 186 176 185 94
c 157 163 86 98 56
c 42 49 77 69 43
c 138 149 38 32 37
c 25 36 130 76 45
c 43 57 182 190 44
c 95 187 1 2 148
c 191 97 124 136 54
c 126 129 7 22 185
c 51 155 29 134 135
c 109 117 188 189 132
c 177 181 161 167 157
c 148 163 192 3 52
c 22 35 131 92 57
c 166 180 115 43 99
c 8 10 29 23 136
c 11 168 5 18 34
c 43 45 81 89 169
c 65 188 71 77 125
c 15 23 83 95 75
c 111 113 97 66 41
c 97 107 76 79 134
c 13 14 55 75 83
c 162 173 108 123 70
c 152 164 136 125 66
c 157 39 131 146 76
c 31 15 47 62 128
c 194 8 57 58 142
c 140 145 185 199 183
c 195 7 107 115 134
c 21 31 71 76 77
c 31 36 188 197 187
c 71 73 163 168 48
c 105 115 129 97 44
c 32 34 185 193 160
c 142 22 172 177 33
c 131 141 8 23 66
c 153 31 8 10 68
c 50 54 15 17 199
c 0 13 76 86 106
c 58 70 127 135 197
c 32 46 175 178 153
c 163 164 4 17 42
c 110 119 128 142 37
c 98 113 169 177 101
c 41 51 123 138 156
c 22 36 182 188 158
c 25 30 156 165 142
c 181 193 145 150 182
c 18 173 13 28 161
c 99 111 152 167 128
c 83 97 182 27 63
c 196 0 132 13 154
c 166 152 150 163 89
c 190 196 67 69 181
c 29 38 108 116 69
c 136 146 103 109 128
c 161 99 32 34 198
c 1 14 57 19 148
c 138 182 69 75 31
c 65 106 32 42 41
c 38 40 98 106 27
c 137 27 48 56 95
c 18 34 63 154 33
c 185 33 193 105 36
c 84 177 185 188 92
c 8 16 106 59 173
c 26 16 123 156 136
c 58 68 112 117 90
c 143 147 11 22 176
c 34 38 65 72 143
c 100 109 114 120 136
c 47 56 37 23 132
c 108 111 196 7 61
c 138 14 4 15 120
c 16 30 138 141 65
c 51 58 144 155 130
c 114 43 29 39 199
c 111 124 140 147 86
c 57 67 185 195 126
c 57 71 8 40 184
c 165 124 72 67 137
c 112 113 29 31 52
c 120 129 34 49 59
c 150 67 112 126 156
c 167 171 89 98 113
c 20 35 105 23 186
c 56 67 132 143 143
c 116 118 38 46 103
c 80 105 143 144 159
c 50 51 184 47 58
c 13 17 95 156 26
c 113 175 55 65 160
c 107 44 186 195 94
c 14 9 37 51 181
c 2 16 46 101 74
c 187 1 153 154 48
c 54 60 80 84 188
c 112 199 191 67 46
c 194 90 39 194 53
c 78 87 74 135 154
c 67 71 163 167 115
c 10 3 144 93 164
c 7 50 147 150 104
c 121 130 31 75 54
c 58 72 146 150 165
c 46 59 121 104 59
c 79 90 177 45 58
c 73 76 70 74 95
c 155 160 55 75 149
c 8 16 82 85 70
c 83 43 152 113 89
c 166 167 156 171 114
c 176 184 45 50 141
c 144 80 151 164 33
c 29 38 84 5 180
c 47 59 174 179 127
c 16 30 36 45 178
c 167 180 74 56 146
c 144 93 108 117 41
c 189 197 155 168 74
c 132 147 75 88 184
c 44 45 34 153 111
c 115 109 143 96 133
c 117 89 79 81 170
c 164 167 172 187 35
c 168 173 137 182 167
c 87 89 183 82 189
c 153 162 17 116 171
c 167 180 99 116 187
c 24 29 3 6 177
c 82 85 55 70 105
c 88 162 133 134 80
c 44 49 86 92 36
c 88 90 4 15 82
c 159 25 169 180 123
c 0 17 61 114 127
c 77 91 102 98 139
c 54 60 23 34 140
c 146 127 4 14 34
c 18 26 129 134 156
c 80 85 59 16 183
c 161 99 15 30 91
c 179 186 45 49 135
c 179 185 62 73 93
c 89 97 58 70 82
c 191 199 33 48 183
c 102 98 160 174 171
c 107 2 168 174 137
c 19 99 115 122 181
c 177 45 117 126 29
c 32 42 12 135 187
c 116 121 75 110 83
c 182 185 158 25 27
c 111 70 44 59 105
c 140 77 10 18 125
c 175 189 146 13 186
c 72 67 21 29 182
c 75 18 97 98 158
c 176 189 149 184 170
c 196 10 152 9 122
c 136 151 121 133 51
c 109 111 167 176 45
c 157 165 154 40 165
c 6 15 179 139 173
c 140 105 135 191 158
c 42 130 37 38 164
c 43 55 120 130 34
c 39 54 42 51 105
c 114 178 48 188 128
c 85 156 135 146 137
c 197 3 107 121 162
c 90 99 178 181 60
c 17 19 152 164 45
c 107 46 173 183 119
c 74 95 20 21 73
c 61 62 148 162 71
c 73 85 198 10 103
c 130 131 115 124 145
c 163 135 183 191 38
c 123 127 132 135 172
c 171 178 169 178 150
c 158 160 73 140 72
c 38 42 66 14 100
c 62 117 188 199 66
c 61 67 112 125 138
c 159 161 28 141 53
c 95 102 48 53 152
c 48 188 76 182 31
c 198 3 129 107 88
c 63 68 179 183 146
c 186 192 172 184 119
c 95 96 22 26 46
c 58 61 0 12 186
c 62 123 6 15 73
c 46 165 53 61 128
c 56 63 78 91 99
c 50 61 87 102 49
c 77 79 98 90 197
c 172 176 151 157 38
c 110 112 75 89 33
c 60 67 10 44 125
c 29 38 132 71 53
c 144 148 176 36 33
c 48 58 109 70 119
c 192 135 186 1 115
c 153 39 145 178 114
c 172 135 74 87 111
c 123 172 124 125 50
c 60 136 29 102 196
c 149 163 62 123 84
c 12 153 158 55 123
c 188 199 137 148 170
c 165 166 71 76 74
c 11 12 113 116 49
c 7 13 42 100 136
c 11 18 81 93 129
c 118 90 183 184 135
c 77 89 195 199 135
c 63 75 131 141 165
c 135 142 18 20 127
c 74 81 120 128 66
c 42 130 133 139 143
c 21 34 0 28 26
c 62 70 162 171 128
c 60 75 186 195 144
c 83 60 191 194 189
c 141 199 93 103 112
c 178 188 123 84 133
c 180 184 167 175 86
c 184 196 81 88 44
c 44 14 132 133 119
c 170 179 162 187 158
c 24 30 155 163 157
c 11 20 140 147 156
c 90 87 174 176 108
c 82 197 32 41 192
c 53 54 76 77 160
c 158 186 73 140 153
c 122 127 169 174 73
c 29 42 124 95 129
c 176 138 76 96 134
c 186 197 87 95 195
c 142 145 130 82 198
c 5 170 123 126 93
c 129 138 19 32 79
c 19 22 76 83 82
c 168 182 127 129 129
c 54 6 71 160 83
c 111 124 54 65 183
c 11 13 120 131 27
c 123 32 82 88 195
c 46 51 174 184 28
c 150 162 58 68 35
c 40 54 72 75 188
c 38 53 18 49 73
c 189 192 22 28 143
c 48 60 145 152 57
c 40 50 107 2 102
c 8 116 189 196 54
c 91 100 6 17 42
c 169 195 121 76 128
c 48 49 117 123 56
c 9 66 24 57 67
c 45 55 180 191 53
c 134 148 23 122 49
c 5 20 106 113 138
c 159 195 189 54 172
c 68 83 78 81 39
c 97 100 33 31 172
c 17 32 192 110 67
c 34 48 125 128 106
c 58 103 29 38 41
c 21 28 154 38 41
c 97 164 18 2 48
c 118 133 179 5 80
c 128 132 144 154 168
c 121 135 132 181 102
c 18 21 61 75 66
c 121 127 139 22 192
c 155 168 53 85 112
c 138 151 58 95 164
c 88 0 179 181 181
c 197 9 162 172 118
c 162 192 83 118 151
c 159 133 73 86 60
c 126 140 130 88 45
c 126 135 127 81 153
c 159 164 111 114 52
c 40 150 129 140 158
c 38 52 156 196 77
c 167 177 110 117 182
c 41 48 97 24 40
c 116 131 81 1 162
c 135 0 174 182 137
c 95 96 10 21 170
c 103 162 68 79 149
c 161 25 125 129 193
c 126 155 36 44 109
c 115 119 194 4 71
c 31 43 57 108 118
c 157 164 173 78 41
c 63 182 136 94 103
c 133 145 131 133 117
c 21 31 135 136 175
c 43 55 34 177 155
c 152 70 56 61 98
c 136 149 17 24 179
c 128 132 122 131 139
c 20 23 177 185 67
c 91 162 99 105 123
c 68 69 129 131 57
c 107 120 153 167 46
c 12 27 115 29 144
c 44 33 76 79 33
c 155 41 142 148 87
c 121 132 64 68 176
c 63 89 46 56 154
c 180 188 151 154 145
c 128 132 132 141 60
c 171 177 63 154 80
c 196 5 52 64 67
c 176 183 127 128 52
c 168 68 40 150 127
c 29 42 119 123 89
c 78 82 25 27 73
c 140 155 0 191 195
c 29 30 65 188 145
c 194 90 152 155 128
c 72 19 105 110 121
c 30 39 135 9 94
c 191 195 53 156 37
c 67 5 19 157 183
c 81 84 10 16 125
c 68 82 5 18 173
c 17 31 145 155 89
c 47 59 73 169 57
c 124 125 34 41 188
c 133 137 40 41 189
c 20 151 30 40 98
c 65 75 113 124 93
c 115 121 72 76 59
c 184 185 132 139 44
c 46 36 160 116 35
c 66 72 25 169 105
c 6 18 25 32 161
c 115 128 147 156 169
c 85 98 118 121 122
c 59 63 24 0 134
c 57 61 94 69 137
c 102 191 196 1 64
c 94 103 194 198 41
c 81 12 103 28 90
c 123 125 106 110 89
c 77 82 163 173 130
c 77 82 9 20 163
c 134 146 133 140 118
c 172 135 68 108 52
c 146 192 117 126 142
c 88 23 13 22 116
c 129 133 16 27 175
c 164 121 108 71 183
c 158 168 0 8 70
c 145 146 49 57 40
c 85 142 26 51 112
c 50 53 42 46 192
c 4 71 190 2 169
c 45 153 137 148 140
c 6 161 181 192 198
c 167 96 116 129 184
c 92 93 55 69 142
c 58 61 86 95 81
c 105 108 41 52 115
c 100 183 183 195 129
c 160 163 166 171 142
c 105 112 156 159 182
c 187 1 139 108 73
c 59 138 70 74 192
c 53 59 10 24 135
c 28 166 30 35 123
c 166 107 170 180 97
c 96 101 31 72 99
c 194 4 49 56 135
c 195 50 17 31 25
c 182 192 6 21 88
c 185 195 87 91 25
c 93 103 38 67 70
c 18 19 123 124 121
c 116 137 18 81 66
c 196 197 25 34 43
c 133 140 196 2 51
c 2 17 0 11 46
c 98 99 67 130 38
c 31 52 104 180 113
c 168 171 28 32 77
c 192 142 35 159 188
c 179 169 137 145 38
c 57 66 109 124 190
c 198 80 192 193 31
c 147 73 87 93 196
c 45 46 79 84 133
c 6 13 39 198 178
c 48 38 160 132 119
c 19 29 103 161 52
c 92 97 192 30 179
c 76 181 192 135 61
c 150 187 79 88 41
c 54 12 140 153 58
c 168 179 183 82 166
c 191 157 99 86 80
c 193 4 23 35 193
c 55 60 18 19 127
c 21 27 49 56 100
c 85 95 164 177 77
c 45 76 165 169 186
c 13 142 187 99 173
c 168 177 82 95 148
c 192 142 166 169 167
c 25 26 98 90 35
c 84 94 161 162 69
c 147 153 68 61 99
c 109 111 76 12 98
c 29 193 114 123 169
c 43 49 12 27 160
c 27 42 98 102 100
c 92 40 99 83 173
c 114 127 98 103 139
c 107 111 112 119 152
c 101 93 47 58 197
c 34 44 59 4 121
c 9 122 87 84 97
c 166 152 77 87 174
c 107 118 83 60 189
c 26 35 106 59 165
c 26 28 117 89 109
c 46 50 5 13 94
c 76 89 37 42 112
c 15 25 25 29 55
c 122 59 117 153 145
c 10 112 54 82 43
c 36 46 153 157 64
c 88 162 42 55 160
c 159 19 150 8 178
c 198 118 162 168 112
c 41 191 48 132 121
c 128 134 149 24 163
c 64 187 5 6 46
c 134 172 191 192 108
c 62 74 180 146 90
c 37 57 148 69 65
c 168 173 190 184 34
c 153 160 160 113 54
c 75 78 37 48 165
c 44 45 11 16 94
c 131 106 75 32 180
c 138 140 180 187 86
c 11 17 7 18 161
c 54 56 95 109 145
c 107 118 103 184 45
c 6 21 22 23 28
c 142 22 5 17 33
c 16 3 30 90 121
c 198 11 137 103 87
c 85 88 149 66 81
c 50 56 170 177 197
c 184 195 194 9 176
c 46 86 169 39 95
c 56 60 60 136 147
c 198 47 92 102 174
c 150 154 176 36 176
c 184 189 3 6 111
c 75 87 102 110 51
c 51 103 149 66 115
c 159 122 85 88 97
c 166 175 73 86 48
c 155 168 110 122 109
c 166 174 124 135 133
c 197 0 6 15 137
c 22 35 119 134 118
c 2 7 155 141 123
c 79 80 136 170 135
c 126 155 97 125 141
c 77 91 86 91 70
c 104 117 143 150 75
c 170 182 44 55 106
c 107 48 27 35 73
c 197 187 115 116 177
c 150 119 53 59 134
c 37 47 125 126 53
c 190 0 126 128 49
c 139 152 56 136 135
c 127 130 198 0 95
c 177 184 140 112 29
c 38 32 9 18 182
c 85 90 96 106 119
c 160 174 69 71 110
c 125 137 175 180 58
c 185 82 180 190 184
c 118 126 59 154 162
c 72 26 123 135 149
c 182 187 115 29 119
c 134 147 40 53 47
c 11 25 37 48 57
c 53 68 153 68 58
c 87 97 0 191 163
c 96 133 151 165 44
c 117 72 85 99 199
c 101 113 130 161 149
c 35 48 123 133 36
c 77 90 57 70 104
c 88 95 187 110 181
c 162 127 9 45 124
c 159 171 1 2 76
c 57 148 1 106 158
c 41 178 49 198 145
c 53 65 74 116 59
c 55 56 44 14 32
c 143 46 163 164 183
c 14 19 165 172 83
c 143 149 112 122 53
c 94 95 65 145 156
c 71 76 91 12 182
c 126 140 122 137 63
c 147 154 111 126 36
c 98 106 197 12 89
c 47 53 14 21 98
c 11 26 148 159 89
c 42 78 139 150 135
c 168 179 143 151 192
c 114 128 25 29 27
c 150 153 185 133 174
c 169 160 169 49 28
c 121 22 167 154 153
c 180 189 133 140 118
c 149 30 21 138 113
c 122 13 29 30 167
c 199 0 169 68 118
c 4 11 177 190 39
c 33 35 111 121 187
c 114 115 192 6 53
c 114 115 14 191 77
c 41 48 119 134 68
c 47 29 19 30 140
c 98 104 78 79 78
c 158 164 142 151 194
c 157 171 77 88 187
c 117 124 44 49 133
c 157 171 19 34 96
c 39 50 182 186 178
c 131 38 155 170 80
c 95 156 142 150 160
c 115 130 23 24 56
c 199 8 192 195 140
c 152 199 177 181 195
c 143 188 158 172 112
c 107 135 59 68 54
c 29 33 24 30 164
c 172 183 145 148 143
c 11 24 33 46 150
c 78 90 60 89 186
c 68 74 42 57 88
c 184 185 137 144 69
c 62 131 29 39 45
c 141 150 40 49 172
c 109 112 89 90 79
c 66 78 63 76 132
c 47 48 173 174 48
c 197 140 153 113 78
c 20 25 23 25 168
c 197 3 158 114 94
c 190 146 10 21 129
c 22 31 93 96 82
c 52 61 40 50 63
c 190 118 91 101 72
c 87 102 94 100 49
c 74 135 168 182 116
c 120 113 27 116 63
c 133 14 67 76 29
c 115 109 27 146 30
c 159 163 7 137 101
c 26 8 121 124 125
c 32 137 108 113 179
c 128 137 154 161 152
c 171 184 39 49 57
c 56 59 54 84 40
c 185 197 37 40 150
c 92 104 12 21 59
c 60 69 157 15 191
c 76 181 27 31 36
c 0 15 99 59 110
c 59 62 119 133 90
c 7 13 187 188 42
c 83 93 199 161 112
c 101 93 121 122 140
c 169 171 23 27 53
c 59 67 23 32 103
c 191 158 7 12 103
c 176 185 10 14 122
c 47 57 159 172 76
c 165 176 53 58 34
c 188 192 83 191 184
c 48 128 101 113 100
c 120 121 45 60 42
c 21 25 27 108 141
c 135 148 38 47 171
c 172 135 192 198 84
c 20 29 181 196 159
c 156 166 179 119 133
c 103 112 119 122 133
c 128 131 90 87 80
c 122 98 139 150 95
c 27 38 42 139 92
c 171 178 79 88 126
c 88 99 72 101 146
c 18 32 6 58 63
c 102 105 54 84 67
c 182 149 151 153 159
c 54 62 188 190 28
c 135 139 59 19 42
c 1 3 191 2 53
c 20 151 194 1 191
c 68 119 135 148 25
c 134 145 109 115 110
c 24 33 34 37 134
c 109 113 119 23 46
c 181 188 119 134 84
c 33 37 77 0 79
c 106 85 143 47 122
c 2 13 151 164 100
c 10 6 144 80 93
c 85 9 84 177 130
c 187 197 20 35 174
c 94 102 72 104 119
c 30 31 132 147 152
c 156 168 149 153 197
c 142 157 89 113 190
c 199 1 130 136 85
c 143 158 50 55 113
c 199 113 54 61 150
c 144 110 186 193 102
c 168 177 128 134 64
c 153 162 6 13 105
c 72 83 79 2 121
c 65 72 30 35 73
c 58 68 159 19 41
c 136 147 2 12 102
c 114 132 185 194 104
c 96 111 83 98 88
c 63 71 39 23 71
c 80 85 154 156 49
c 129 134 96 101 177
c 85 109 145 157 40
c 54 59 21 34 152
c 157 161 125 135 176
c 60 63 71 129 75
c 45 55 52 196 100
c 187 198 66 68 121
c 93 97 18 30 87
c 143 189 135 148 69
c 169 142 133 160 154
c 51 62 138 86 130
c 76 64 42 45 150
c 158 114 106 110 191
c 37 55 5 14 42
c 60 89 198 80 123
c 70 15 163 166 154
c 39 54 88 97 62
c 50 65 127 134 41
c 96 102 153 166 56
c 10 44 101 110 28
c 59 73 14 23 90
c 18 20 0 5 72
c 25 172 19 108 184
c 163 168 20 24 178
c 39 51 0 5 122
c 37 50 55 70 167
c 86 92 79 92 111
c 192 110 107 116 75
c 119 133 92 178 147
c 82 89 73 62 155
c 189 135 35 47 94
c 134 135 54 84 161
c 44 135 99 6 128
c 96 151 186 198 145
c 78 40 179 190 187
c 185 167 135 0 37
c 125 134 197 12 36
c 60 69 59 134 189
c 144 158 54 24 53
c 39 23 124 125 188
c 105 120 103 104 178
c 116 199 99 108 42
c 104 110 144 146 90
c 175 190 90 97 197
c 99 55 145 151 40
c 2 7 138 143 32
c 71 30 171 184 121
c 11 24 136 140 56
c 87 100 173 186 111
c 10 20 185 193 194
c 18 49 62 77 183
c 99 110 120 115 71
c 169 178 39 45 37
c 153 162 144 150 65
c 44 55 125 133 115
c 63 67 84 108 79
c 154 155 120 127 68
c 120 123 143 93 37
c 43 47 87 66 187
c 86 88 52 171 168
c 0 6 92 122 164
c 86 89 67 80 190
c 126 136 115 125 184
c 154 157 146 160 117
c 194 197 74 116 83
c 68 108 96 106 125
c 63 89 73 65 25
c 32 124 127 197 143
c 106 22 154 160 187
c 32 47 55 75 183
c 139 152 110 116 141
c 182 188 151 155 126
c 110 113 51 52 159
c 164 137 8 21 199
c 125 128 157 15 107
c 147 76 42 50 87
c 4 6 117 118 100
c 38 42 72 77 110
c 89 104 153 158 44
c 184 187 22 26 139
c 24 28 141 65 116
c 123 131 74 56 101
c 44 47 177 180 104
c 167 181 8 10 49
c 52 64 64 75 103
c 72 82 179 186 29
c 123 122 71 84 84
c 73 82 122 123 137
c 160 173 153 165 152
c 132 134 55 11 129
c 10 21 149 60 127
c 78 79 89 99 189
c 24 52 157 126 61
c 98 102 112 114 199
c 56 68 74 78 63
c 40 58 101 189 166
c 90 101 105 114 151
c 61 65 41 54 117
c 33 129 153 158 73
c 87 96 77 39 91
c 47 60 57 63 63
c 14 83 10 113 174
c 161 166 69 79 99
c 123 172 50 55 32
c 28 32 156 169 172
c 111 114 8 9 125
c 162 187 133 145 91
c 164 174 10 22 144
c 34 118 47 50 106
c 18 28 171 180 188
c 90 95 70 81 63
c 72 79 33 36 166
c 123 132 122 98 170
c 117 130 88 98 195
c 68 79 150 8 125
c 174 189 197 1 32
c 2 193 135 148 117
c 74 86 80 105 71
c 6 7 155 141 120
c 129 144 198 152 146
c 54 60 132 136 161
c 39 53 188 199 33
c 20 151 44 1 30
c 45 56 146 180 51
c 132 13 75 90 144
c 44 38 40 46 132
c 41 43 14 17 194
c 199 7 151 40 131
c 118 121 61 174 41
c 107 44 52 58 125
c 4 17 119 81 76
c 159 135 142 155 183
c 198 133 106 115 187
c 143 144 162 127 95
c 29 193 154 38 105
c 35 159 43 53 112
c 118 128 23 34 97
c 199 90 75 78 82
c 114 115 55 184 189
c 50 58 58 61 102
c 69 80 4 145 146
c 180 190 70 72 52
c 104 112 179 182 83
c 187 193 5 106 196
c 198 47 59 73 162
c 112 116 134 137 189
c 78 85 77 59 43
c 101 106 196 10 172
c 0 147 167 171 64
c 199 10 20 22 167
c 68 75 188 198 51
c 154 162 35 48 46
c 155 185 175 181 54
c 30 33 124 125 73
c 15 79 199 8 69
c 1 4 11 20 80
c 12 22 109 123 134
c 55 146 67 81 136
c 115 29 135 0 189
c 184 199 178 180 155
c 129 93 102 191 196
c 55 146 26 39 34
c 93 164 25 171 184
c 119 116 171 178 135
c 160 163 89 92 60
c 43 196 30 197 102
c 181 7 164 167 75
c 97 111 101 93 26
c 189 192 71 161 106
c 33 44 140 151 95
c 31 39 93 105 167
c 168 169 154 167 114
c 199 1 76 96 89
c 198 0 40 45 83
c 100 104 14 21 44
c 32 136 66 68 112
c 65 76 62 123 72
c 133 140 26 36 140
c 166 174 64 172 138
c 98 108 4 19 134
c 163 166 131 144 77
c 153 39 111 12 61
c 179 184 165 170 175
c 67 72 19 157 80
c 73 13 33 34 184
c 17 18 126 131 133
c 97 164 193 50 54
c 52 67 73 81 126
c 187 123 85 142 165
c 140 145 194 198 32
c 91 162 72 74 136
c 29 30 76 57 135
c 106 109 80 10 130
c 75 85 52 9 56
c 15 129 118 77 98
c 39 41 79 94 88
c 107 109 199 172 64
c 113 114 5 6 50
c 54 68 61 167 189
c 153 81 130 134 91
c 196 0 1 5 145
c 162 170 190 0 191
c 34 63 139 140 146
c 14 116 186 0 126
c 73 75 142 152 118
c 152 153 10 12 85
c 79 36 41 45 100
c 94 28 136 145 139
c 53 57 158 171 113
c 48 61 47 60 191
c 121 76 107 44 33
c 55 66 9 17 125
c 139 140 115 109 36
c 170 66 175 84 92
c 175 84 161 172 151
c 161 173 110 111 167
c 19 21 6 8 37
c 144 147 167 175 66
c 53 124 130 133 91
c 192 198 122 156 163
c 49 194 180 195 119
c 148 76 146 132 89
c 75 85 2 9 188
c 99 171 56 58 58
c 136 127 134 138 79
