notes: n=100, m=1055, elb=1, eub=20, conf_density=0.002, clb=25, cub= 200, seed= 5476
p spec 100 1055 1111
s 14
t 6
a 0 1 10
a 0 2 5
a 0 3 12
a 0 4 3
a 0 5 17
a 0 6 17
a 0 7 1
a 0 90 14
a 0 65 14
a 1 2 3
a 1 3 9
a 1 4 2
a 1 5 9
a 1 6 10
a 1 7 3
a 1 8 3
a 1 45 2
a 1 67 9
a 1 29 13
a 2 3 13
a 2 4 9
a 2 5 18
a 2 6 7
a 2 7 9
a 2 8 10
a 2 9 12
a 2 28 18
a 2 70 6
a 2 89 19
a 2 54 9
a 3 4 3
a 3 5 11
a 3 6 9
a 3 7 8
a 3 8 8
a 3 9 3
a 3 10 1
a 3 45 3
a 3 96 1
a 3 55 15
a 4 5 8
a 4 6 9
a 4 7 12
a 4 8 4
a 4 9 15
a 4 10 15
a 4 11 14
a 4 77 19
a 4 65 1
a 4 69 10
a 4 28 15
a 4 68 10
a 4 87 14
a 5 6 6
a 5 7 15
a 5 8 16
a 5 9 12
a 5 10 10
a 5 11 6
a 5 12 1
a 5 80 16
a 5 69 13
a 6 7 7
a 6 8 2
a 6 9 17
a 6 10 18
a 6 11 18
a 6 12 14
a 6 13 14
a 6 14 15
a 6 25 10
a 7 8 4
a 7 9 14
a 7 10 4
a 7 11 13
a 7 12 15
a 7 13 3
a 7 14 9
a 7 81 18
a 7 41 1
a 7 5 18
a 7 28 9
a 7 17 12
a 90 91 15
a 90 92 4
a 90 93 19
a 90 94 13
a 90 95 14
a 90 96 9
a 90 97 15
a 90 12 1
a 90 5 2
a 90 30 18
a 90 64 5
a 90 60 17
a 65 66 13
a 65 67 6
a 65 68 19
a 65 69 5
a 65 70 18
a 65 71 3
a 65 72 10
a 65 23 10
a 65 42 6
a 65 90 19
a 8 9 6
a 8 10 13
a 8 11 1
a 8 12 17
a 8 13 18
a 8 14 13
a 8 15 5
a 8 48 4
a 8 76 16
a 8 68 8
a 8 86 10
a 45 46 5
a 45 47 4
a 45 48 17
a 45 49 11
a 45 50 17
a 45 51 18
a 45 52 5
a 45 64 3
a 45 22 10
a 67 68 3
a 67 69 3
a 67 70 12
a 67 71 10
a 67 72 4
a 67 73 5
a 67 74 16
a 67 41 10
a 67 10 8
a 67 97 15
a 67 58 12
a 29 30 15
a 29 31 18
a 29 32 6
a 29 33 12
a 29 34 8
a 29 35 9
a 29 36 5
a 29 12 18
a 29 11 14
a 29 55 8
a 9 10 16
a 9 11 19
a 9 12 6
a 9 13 17
a 9 14 2
a 9 15 17
a 9 16 3
a 9 66 18
a 9 74 10
a 9 82 15
a 9 17 16
a 28 29 10
a 28 30 11
a 28 31 18
a 28 32 7
a 28 33 6
a 28 34 11
a 28 35 1
a 28 50 11
a 28 42 4
a 28 62 15
a 28 85 16
a 70 71 5
a 70 72 3
a 70 73 2
a 70 74 17
a 70 75 9
a 70 76 16
a 70 77 4
a 70 60 3
a 70 57 17
a 70 11 17
a 89 90 4
a 89 91 10
a 89 92 19
a 89 93 9
a 89 94 4
a 89 95 16
a 89 96 12
a 89 11 8
a 89 25 6
a 89 5 17
a 89 68 14
a 89 88 12
a 54 55 2
a 54 56 13
a 54 57 16
a 54 58 15
a 54 59 5
a 54 60 13
a 54 61 8
a 54 50 3
a 54 30 1
a 54 92 11
a 54 34 3
a 54 46 19
a 10 11 14
a 10 12 16
a 10 13 3
a 10 14 15
a 10 15 3
a 10 16 16
a 10 17 1
a 10 95 11
a 10 62 14
a 10 35 9
a 10 87 16
a 10 90 18
a 96 97 8
a 96 98 3
a 96 99 12
a 96 0 13
a 96 1 14
a 96 2 9
a 96 3 11
a 96 64 9
a 96 22 8
a 55 56 6
a 55 57 16
a 55 58 5
a 55 59 14
a 55 60 8
a 55 61 13
a 55 62 5
a 55 66 9
a 55 65 1
a 55 52 9
a 55 99 14
a 55 68 3
a 11 12 5
a 11 13 16
a 11 14 17
a 11 15 19
a 11 16 8
a 11 17 2
a 11 18 2
a 11 62 3
a 11 72 9
a 11 22 8
a 11 48 10
a 77 78 3
a 77 79 17
a 77 80 9
a 77 81 6
a 77 82 9
a 77 83 16
a 77 84 4
a 77 48 16
a 77 56 1
a 77 70 19
a 77 47 2
a 77 96 9
a 69 70 3
a 69 71 12
a 69 72 18
a 69 73 13
a 69 74 4
a 69 75 13
a 69 76 3
a 69 87 16
a 69 9 11
a 69 97 8
a 69 61 13
a 69 95 8
a 68 69 3
a 68 70 17
a 68 71 16
a 68 72 5
a 68 73 5
a 68 74 12
a 68 75 4
a 68 77 11
a 68 33 4
a 87 88 3
a 87 89 15
a 87 90 8
a 87 91 7
a 87 92 11
a 87 93 5
a 87 94 18
a 87 42 17
a 87 16 17
a 87 30 15
a 87 83 10
a 87 34 11
a 12 13 5
a 12 14 17
a 12 15 3
a 12 16 8
a 12 17 4
a 12 18 1
a 12 19 9
a 12 24 5
a 80 81 9
a 80 82 2
a 80 83 3
a 80 84 7
a 80 85 2
a 80 86 10
a 80 87 10
a 80 2 17
a 13 14 2
a 13 15 15
a 13 16 15
a 13 17 6
a 13 18 11
a 13 19 4
a 13 20 19
a 13 91 17
a 13 23 16
a 13 94 7
a 13 98 15
a 13 7 10
a 14 15 12
a 14 16 18
a 14 17 16
a 14 18 10
a 14 19 15
a 14 20 3
a 14 21 15
a 14 41 15
a 14 60 19
a 14 7 9
a 25 26 18
a 25 27 15
a 25 28 2
a 25 29 11
a 25 30 14
a 25 31 3
a 25 32 16
a 25 72 12
a 25 67 12
a 25 69 17
a 81 82 11
a 81 83 10
a 81 84 2
a 81 85 15
a 81 86 13
a 81 87 1
a 81 88 8
a 81 57 9
a 81 5 8
a 81 41 10
a 81 92 17
a 41 42 18
a 41 43 18
a 41 44 6
a 41 45 11
a 41 46 11
a 41 47 3
a 41 48 18
a 41 27 12
a 41 70 15
a 17 18 11
a 17 19 9
a 17 20 1
a 17 21 14
a 17 22 8
a 17 23 5
a 17 24 8
a 17 44 3
a 17 55 15
a 17 39 7
a 17 54 17
a 17 7 13
a 17 91 13
a 15 16 15
a 15 17 7
a 15 18 17
a 15 19 19
a 15 20 13
a 15 21 19
a 15 22 18
a 15 54 17
a 15 45 1
a 48 49 10
a 48 50 7
a 48 51 15
a 48 52 5
a 48 53 4
a 48 54 10
a 48 55 14
a 48 37 2
a 48 75 13
a 48 84 9
a 76 77 10
a 76 78 5
a 76 79 8
a 76 80 1
a 76 81 10
a 76 82 5
a 76 83 15
a 76 71 12
a 76 62 5
a 76 91 2
a 76 47 8
a 86 87 13
a 86 88 12
a 86 89 14
a 86 90 3
a 86 91 5
a 86 92 3
a 86 93 3
a 86 51 7
a 86 10 15
a 86 64 19
a 86 84 2
a 16 17 13
a 16 18 5
a 16 19 15
a 16 20 19
a 16 21 8
a 16 22 14
a 16 23 14
a 16 29 8
a 16 67 18
a 16 45 6
a 16 85 17
a 66 67 1
a 66 68 16
a 66 69 2
a 66 70 15
a 66 71 14
a 66 72 7
a 66 73 1
a 66 0 10
a 66 45 10
a 74 75 12
a 74 76 10
a 74 77 16
a 74 78 11
a 74 79 5
a 74 80 5
a 74 81 11
a 74 70 8
a 74 20 13
a 74 40 8
a 74 97 16
a 74 31 9
a 82 83 12
a 82 84 10
a 82 85 13
a 82 86 18
a 82 87 2
a 82 88 3
a 82 89 16
a 82 30 15
a 82 10 7
a 95 96 3
a 95 97 9
a 95 98 3
a 95 99 8
a 95 0 18
a 95 1 6
a 95 2 10
a 95 64 19
a 95 19 9
a 95 76 18
a 95 34 17
a 95 43 4
a 62 63 19
a 62 64 10
a 62 65 15
a 62 66 1
a 62 67 8
a 62 68 4
a 62 69 12
a 62 61 5
a 62 30 6
a 62 10 19
a 62 14 8
a 35 36 13
a 35 37 12
a 35 38 6
a 35 39 15
a 35 40 10
a 35 41 2
a 35 42 16
a 35 59 8
a 35 12 9
a 35 34 10
a 35 30 5
a 18 19 6
a 18 20 4
a 18 21 13
a 18 22 6
a 18 23 3
a 18 24 6
a 18 25 11
a 72 73 16
a 72 74 10
a 72 75 4
a 72 76 14
a 72 77 15
a 72 78 10
a 72 79 2
a 72 0 9
a 72 48 5
a 72 34 7
a 72 32 11
a 72 54 9
a 22 23 4
a 22 24 6
a 22 25 3
a 22 26 14
a 22 27 7
a 22 28 8
a 22 29 9
a 22 55 2
a 22 71 4
a 22 53 7
a 22 2 18
a 19 20 12
a 19 21 18
a 19 22 5
a 19 23 17
a 19 24 2
a 19 25 13
a 19 26 10
a 19 43 18
a 19 49 7
a 19 57 13
a 19 81 5
a 24 25 5
a 24 26 9
a 24 27 17
a 24 28 13
a 24 29 16
a 24 30 3
a 24 31 13
a 24 13 10
a 24 60 9
a 24 12 6
a 24 81 5
a 20 21 12
a 20 22 8
a 20 23 5
a 20 24 13
a 20 25 9
a 20 26 3
a 20 27 3
a 20 19 8
a 20 69 5
a 20 7 1
a 20 17 15
a 91 92 9
a 91 93 13
a 91 94 7
a 91 95 7
a 91 96 10
a 91 97 2
a 91 98 4
a 91 64 5
a 91 56 19
a 23 24 15
a 23 25 8
a 23 26 9
a 23 27 10
a 23 28 12
a 23 29 19
a 23 30 3
a 23 95 17
a 23 65 3
a 23 70 17
a 94 95 2
a 94 96 15
a 94 97 7
a 94 98 18
a 94 99 4
a 94 0 3
a 94 1 16
a 94 48 16
a 94 11 7
a 94 91 6
a 98 99 7
a 98 0 14
a 98 1 3
a 98 2 4
a 98 3 9
a 98 4 10
a 98 5 3
a 98 69 18
a 98 22 6
a 98 90 12
a 98 17 1
a 21 22 16
a 21 23 16
a 21 24 13
a 21 25 10
a 21 26 19
a 21 27 1
a 21 28 5
a 21 82 8
a 21 34 14
a 21 90 15
a 21 36 15
a 21 50 18
a 60 61 5
a 60 62 6
a 60 63 16
a 60 64 16
a 60 65 3
a 60 66 13
a 60 67 16
a 60 80 4
a 60 14 10
a 60 97 3
a 85 86 9
a 85 87 1
a 85 88 13
a 85 89 11
a 85 90 3
a 85 91 16
a 85 92 4
a 85 31 16
a 85 45 4
a 85 28 10
a 44 45 9
a 44 46 4
a 44 47 16
a 44 48 11
a 44 49 17
a 44 50 14
a 44 51 13
a 44 1 15
a 44 89 5
a 44 72 11
a 39 40 3
a 39 41 17
a 39 42 9
a 39 43 8
a 39 44 12
a 39 45 8
a 39 46 17
a 39 3 1
a 39 69 18
a 39 37 14
a 26 27 17
a 26 28 8
a 26 29 2
a 26 30 12
a 26 31 2
a 26 32 19
a 26 33 1
a 26 72 17
a 26 20 14
a 26 77 19
a 26 62 8
a 43 44 16
a 43 45 12
a 43 46 1
a 43 47 11
a 43 48 12
a 43 49 9
a 43 50 2
a 43 16 17
a 43 62 18
a 43 59 18
a 43 52 12
a 43 70 18
a 43 9 15
a 49 50 16
a 49 51 13
a 49 52 3
a 49 53 13
a 49 54 1
a 49 55 7
a 49 56 5
a 49 35 6
a 49 93 1
a 49 62 19
a 49 57 16
a 49 92 5
a 57 58 10
a 57 59 14
a 57 60 12
a 57 61 17
a 57 62 8
a 57 63 15
a 57 64 5
a 57 41 12
a 27 28 13
a 27 29 18
a 27 30 15
a 27 31 2
a 27 32 5
a 27 33 8
a 27 34 8
a 27 55 10
a 27 7 7
a 27 22 11
a 34 35 14
a 34 36 5
a 34 37 10
a 34 38 1
a 34 39 17
a 34 40 5
a 34 41 5
a 34 27 7
a 34 87 1
a 34 99 16
a 34 63 19
a 36 37 17
a 36 38 16
a 36 39 4
a 36 40 17
a 36 41 10
a 36 42 18
a 36 43 19
a 36 60 14
a 36 95 11
a 36 8 3
a 36 25 17
a 36 33 17
a 50 51 18
a 50 52 17
a 50 53 16
a 50 54 18
a 50 55 11
a 50 56 10
a 50 57 19
a 50 73 2
a 50 87 14
a 50 75 19
a 50 27 18
a 50 64 12
a 71 72 11
a 71 73 2
a 71 74 9
a 71 75 1
a 71 76 17
a 71 77 2
a 71 78 11
a 71 79 17
a 71 52 10
a 71 51 16
a 71 25 2
a 71 68 3
a 53 54 4
a 53 55 2
a 53 56 6
a 53 57 19
a 53 58 3
a 53 59 8
a 53 60 17
a 53 23 3
a 53 63 14
a 53 0 4
a 53 96 8
a 30 31 1
a 30 32 15
a 30 33 1
a 30 34 11
a 30 35 6
a 30 36 18
a 30 37 13
a 30 80 8
a 30 77 2
a 31 32 18
a 31 33 15
a 31 34 18
a 31 35 9
a 31 36 17
a 31 37 10
a 31 38 16
a 31 8 4
a 31 4 15
a 31 71 13
a 31 91 11
a 31 60 13
a 32 33 6
a 32 34 4
a 32 35 2
a 32 36 3
a 32 37 3
a 32 38 3
a 32 39 9
a 32 98 14
a 32 2 4
a 32 74 18
a 32 61 8
a 32 13 3
a 33 34 14
a 33 35 14
a 33 36 13
a 33 37 4
a 33 38 9
a 33 39 5
a 33 40 11
a 33 76 18
a 33 30 10
a 33 7 1
a 42 43 6
a 42 44 18
a 42 45 2
a 42 46 6
a 42 47 16
a 42 48 13
a 42 49 5
a 42 38 17
a 42 6 19
a 42 60 3
a 42 83 13
a 42 8 11
a 37 38 14
a 37 39 17
a 37 40 5
a 37 41 11
a 37 42 15
a 37 43 13
a 37 44 19
a 37 21 6
a 37 7 5
a 37 31 3
a 38 39 14
a 38 40 16
a 38 41 17
a 38 42 7
a 38 43 13
a 38 44 14
a 38 45 12
a 38 22 11
a 38 29 8
a 38 70 7
a 38 12 19
a 38 57 15
a 61 62 16
a 61 63 11
a 61 64 5
a 61 65 11
a 61 66 18
a 61 67 16
a 61 68 13
a 61 36 6
a 61 54 16
a 40 41 3
a 40 42 6
a 40 43 12
a 40 44 11
a 40 45 4
a 40 46 9
a 40 47 15
a 40 26 6
a 40 13 9
a 40 86 4
a 40 56 1
a 99 0 5
a 99 1 14
a 99 2 6
a 99 3 18
a 99 4 7
a 99 5 16
a 99 6 2
a 99 40 11
a 99 89 4
a 99 7 10
a 63 64 6
a 63 65 9
a 63 66 13
a 63 67 17
a 63 68 17
a 63 69 1
a 63 70 1
a 63 93 11
a 63 88 10
a 63 9 5
a 63 24 16
a 63 30 14
a 59 60 8
a 59 61 6
a 59 62 2
a 59 63 3
a 59 64 17
a 59 65 2
a 59 66 13
a 59 16 13
a 59 34 2
a 59 14 6
a 59 90 9
a 46 47 10
a 46 48 3
a 46 49 7
a 46 50 19
a 46 51 11
a 46 52 7
a 46 53 19
a 46 71 9
a 46 68 5
a 46 16 10
a 46 59 7
a 47 48 9
a 47 49 7
a 47 50 3
a 47 51 6
a 47 52 1
a 47 53 13
a 47 54 13
a 47 44 5
a 47 84 9
a 56 57 17
a 56 58 10
a 56 59 5
a 56 60 13
a 56 61 11
a 56 62 4
a 56 63 6
a 56 28 10
a 56 81 7
a 56 43 14
a 56 74 9
a 83 84 15
a 83 85 11
a 83 86 3
a 83 87 17
a 83 88 18
a 83 89 6
a 83 90 6
a 83 46 5
a 52 53 15
a 52 54 9
a 52 55 1
a 52 56 7
a 52 57 13
a 52 58 9
a 52 59 11
a 52 40 7
a 52 72 15
a 52 65 14
a 52 61 10
a 52 15 16
a 51 52 2
a 51 53 15
a 51 54 7
a 51 55 12
a 51 56 11
a 51 57 15
a 51 58 5
a 51 38 11
a 51 25 6
a 64 65 1
a 64 66 13
a 64 67 14
a 64 68 2
a 64 69 1
a 64 70 19
a 64 71 16
a 64 10 19
a 64 89 6
a 64 38 18
a 64 17 5
a 84 85 14
a 84 86 15
a 84 87 17
a 84 88 13
a 84 89 15
a 84 90 14
a 84 91 5
a 84 45 18
a 84 82 7
a 75 76 7
a 75 77 2
a 75 78 14
a 75 79 6
a 75 80 3
a 75 81 5
a 75 82 19
a 75 71 13
a 75 70 4
a 93 94 11
a 93 95 17
a 93 96 15
a 93 97 3
a 93 98 15
a 93 99 5
a 93 0 4
a 93 80 14
a 93 92 13
a 93 35 5
a 93 6 4
a 92 93 17
a 92 94 5
a 92 95 13
a 92 96 8
a 92 97 13
a 92 98 4
a 92 99 13
a 92 59 14
a 73 74 15
a 73 75 8
a 73 76 1
a 73 77 13
a 73 78 17
a 73 79 5
a 73 80 16
a 73 57 10
a 73 27 9
a 73 88 5
a 58 59 3
a 58 60 18
a 58 61 3
a 58 62 11
a 58 63 6
a 58 64 19
a 58 65 9
a 58 20 18
a 58 25 1
a 58 30 18
a 58 93 9
a 97 98 15
a 97 99 5
a 97 0 12
a 97 1 7
a 97 2 13
a 97 3 13
a 97 4 9
a 97 54 13
a 88 89 15
a 88 90 12
a 88 91 15
a 88 92 4
a 88 93 12
a 88 94 1
a 88 95 11
a 88 60 7
a 88 56 16
a 88 68 2
a 88 64 11
a 78 79 14
a 78 80 6
a 78 81 14
a 78 82 7
a 78 83 9
a 78 84 11
a 78 85 11
a 78 55 6
a 78 7 3
a 78 44 11
a 78 32 13
a 78 53 4
a 79 80 9
a 79 81 3
a 79 82 17
a 79 83 4
a 79 84 13
a 79 85 17
a 79 86 3
a 79 8 8
a 79 64 19
a 79 57 3
c 78 80 56 58 199
c 17 24 31 36 125
c 42 6 4 28 180
c 59 16 64 10 123
c 6 14 12 24 77
c 37 40 52 72 96
c 91 93 22 53 81
c 81 41 17 18 183
c 80 87 85 91 53
c 9 13 19 25 119
c 6 14 74 20 183
c 23 28 0 6 141
c 74 80 20 23 173
c 72 48 38 57 139
c 34 39 67 97 182
c 79 82 53 55 185
c 73 74 46 16 39
c 60 67 7 14 116
c 77 70 96 97 154
c 29 34 92 97 36
c 98 22 59 62 85
c 30 33 23 29 172
c 34 41 20 27 105
c 91 93 78 55 130
c 55 60 59 65 165
c 22 71 88 94 142
c 41 45 60 67 168
c 79 80 35 59 94
c 62 30 14 41 149
c 72 76 65 72 108
c 12 14 84 91 143
c 60 80 72 73 158
c 12 14 25 67 89
c 7 28 42 48 97
c 37 42 81 92 147
c 78 53 65 72 161
c 4 7 81 85 44
c 45 46 21 90 185
c 93 92 2 54 149
c 96 3 10 13 139
c 23 29 3 9 106
c 35 38 72 75 45
c 90 93 88 89 127
c 48 75 99 89 198
c 17 39 20 25 62
c 96 0 76 71 68
c 43 49 56 58 60
c 94 0 11 48 154
c 36 38 95 1 112
c 70 71 15 45 92
c 45 52 86 10 174
c 81 41 33 7 199
c 99 7 6 7 195
c 98 4 50 54 191
c 16 85 65 66 99
c 55 61 32 2 115
c 10 15 81 5 109
c 64 69 31 33 160
c 46 71 46 53 147
c 27 55 42 48 123
c 74 20 81 41 87
c 79 64 6 7 157
c 58 25 62 64 120
c 92 59 7 11 95
c 82 85 11 15 77
c 27 33 45 49 188
c 47 53 68 74 79
c 22 23 48 84 167
c 3 6 95 1 165
c 10 15 10 62 162
c 49 51 14 19 142
c 78 44 52 58 189
c 67 70 33 39 181
c 32 13 22 55 121
c 84 82 99 89 84
c 2 54 15 16 61
c 96 1 24 12 149
c 2 70 95 76 134
c 30 32 90 93 70
c 47 53 21 50 54
c 5 6 4 10 132
c 53 58 37 38 136
c 3 5 52 56 184
c 36 38 76 91 167
c 26 33 88 64 173
c 13 7 78 83 128
c 12 18 70 74 33
c 87 42 20 22 85
c 26 62 71 52 182
c 19 20 29 32 180
c 4 28 39 46 194
c 11 12 50 51 94
c 0 65 66 68 168
c 94 95 76 91 58
c 15 19 32 35 86
c 79 83 30 34 124
c 41 48 0 7 79
c 80 2 64 69 169
c 1 2 54 55 143
c 1 7 9 10 162
c 23 30 49 92 49
c 3 9 72 73 109
c 58 65 69 87 154
c 15 19 32 98 191
c 48 37 39 69 47
c 74 97 75 77 27
c 9 12 14 19 54
c 99 89 96 2 140
c 61 65 47 48 121
c 5 69 12 19 98
c 73 88 62 30 133
c 70 73 26 31 125
c 62 65 68 69 110
c 45 49 3 5 73
c 12 14 31 4 52
c 37 41 0 5 131
c 89 96 39 42 157
c 95 0 70 11 118
c 95 34 96 97 100
c 40 42 14 60 100
c 94 95 34 40 91
c 55 52 32 38 164
c 58 30 29 35 195
c 90 5 78 82 44
c 21 82 68 70 133
c 32 2 71 25 81
c 19 20 11 13 79
c 77 47 27 29 52
c 78 44 59 16 126
c 2 4 73 74 151
c 77 79 67 73 174
c 83 46 22 26 143
c 24 31 88 94 106
c 31 32 10 14 192
c 63 9 93 97 184
c 4 8 26 28 169
c 81 84 52 57 57
c 15 22 11 18 170
c 36 37 67 41 184
c 8 11 8 48 79
c 10 13 24 27 31
c 22 2 32 2 181
c 94 95 61 67 120
c 9 66 59 61 48
c 80 82 26 77 125
c 87 88 98 90 146
c 53 56 90 5 28
c 82 84 99 5 153
c 18 22 91 94 158
c 52 40 57 59 123
c 99 2 61 54 52
c 86 88 86 10 52
c 96 2 2 4 47
c 8 76 58 25 75
c 69 87 49 57 95
c 52 61 4 11 94
c 70 77 27 31 42
c 87 90 98 3 27
c 23 30 47 84 48
c 61 36 13 23 183
c 31 33 49 56 82
c 60 67 77 81 157
c 64 68 1 67 180
c 18 19 50 57 35
c 29 11 44 45 44
c 11 72 80 83 52
c 7 14 96 99 101
c 32 74 32 33 94
c 71 74 68 73 169
c 42 49 20 23 48
c 22 26 15 16 181
c 81 5 52 72 198
c 75 80 29 31 142
c 29 55 78 44 85
c 55 66 85 89 133
c 88 92 11 62 199
c 3 5 26 28 162
c 16 21 31 91 89
c 4 87 93 99 123
c 29 31 78 81 93
c 55 56 47 84 120
c 28 30 20 19 186
c 1 5 57 41 90
c 9 13 63 65 144
c 19 22 76 78 133
c 37 44 21 25 38
c 87 89 55 52 94
c 54 60 10 11 36
c 82 84 70 57 106
c 79 57 58 63 32
c 49 52 85 89 156
c 88 68 46 48 145
c 56 60 43 16 113
c 33 36 36 41 62
c 28 42 46 51 167
c 39 37 26 33 59
c 16 22 56 63 86
c 88 68 19 57 72
c 10 90 68 71 137
c 82 30 73 75 139
c 65 70 2 54 109
c 27 29 32 33 129
c 21 24 93 6 79
c 23 28 99 7 106
c 52 58 60 62 85
c 36 60 49 35 142
c 82 87 89 93 39
c 74 76 40 26 88
c 74 78 69 75 60
c 93 99 8 14 199
c 18 25 93 95 166
c 0 7 84 87 139
c 52 65 88 68 84
c 16 85 77 96 132
c 58 62 85 91 124
c 15 22 56 58 33
c 9 11 31 91 170
c 33 30 22 27 92
c 78 79 0 2 121
c 32 35 94 1 141
c 42 46 55 59 179
c 89 96 12 17 124
c 47 53 98 3 47
c 63 67 1 29 79
c 88 64 59 63 168
c 80 87 60 80 31
c 75 70 8 12 135
c 74 97 41 45 77
c 76 83 80 83 181
c 38 43 60 62 147
c 5 9 60 14 147
c 83 86 75 78 41
c 71 78 11 15 154
c 29 32 31 60 147
c 64 89 58 65 93
c 67 71 21 50 27
c 34 63 37 42 173
c 78 32 92 93 119
c 81 41 24 31 135
c 58 93 64 71 145
c 57 41 24 28 30
c 61 62 64 38 140
c 72 34 60 14 28
c 91 64 91 97 81
c 27 32 53 59 178
c 87 89 24 31 75
c 6 9 16 20 186
c 66 67 97 54 80
c 30 35 25 28 102
c 21 24 17 19 58
c 77 48 38 39 111
c 74 75 33 39 173
c 17 21 24 31 149
c 7 17 84 86 84
c 67 72 86 90 61
c 67 10 79 57 173
c 90 94 63 69 159
c 77 56 98 3 124
c 92 59 41 27 33
c 56 81 53 54 54
c 76 81 20 21 90
c 29 12 5 6 88
c 87 94 48 37 78
c 13 20 37 39 59
c 46 47 99 6 133
c 3 45 18 19 131
c 19 43 98 69 136
c 95 43 74 31 120
c 25 32 21 25 116
c 30 37 86 10 127
c 6 13 25 28 197
c 90 5 10 16 75
c 73 76 6 11 156
c 31 60 84 82 66
c 32 34 20 7 164
c 15 21 11 13 86
c 95 1 84 82 68
c 8 48 7 9 139
c 64 70 60 97 39
c 18 24 41 44 44
c 63 67 80 87 142
c 97 98 7 13 171
c 4 69 38 42 111
c 11 62 90 95 79
c 84 91 62 63 136
c 93 92 33 30 38
c 45 22 99 7 60
c 36 43 55 62 175
c 54 30 31 91 28
c 1 4 49 52 34
c 74 79 4 65 63
c 9 15 55 52 181
c 49 55 64 66 172
c 95 0 92 98 31
c 99 2 43 62 95
c 4 68 49 93 33
c 53 54 46 68 48
c 25 30 36 8 59
c 96 2 67 70 162
c 45 47 42 45 164
c 40 45 37 42 29
c 76 82 41 45 105
c 95 96 32 34 192
c 31 38 21 27 42
c 3 5 41 44 46
c 38 39 38 41 32
c 17 22 87 42 156
c 50 73 11 16 174
c 37 44 76 81 48
c 92 98 71 75 154
c 6 11 10 95 48
c 11 17 2 6 58
c 60 64 90 92 128
c 90 93 71 78 185
c 36 37 20 21 128
c 62 65 62 14 31
c 90 5 5 10 104
c 32 37 86 90 81
c 39 3 50 87 39
c 36 60 19 24 171
c 3 45 87 94 180
c 97 54 93 98 155
c 31 60 55 62 186
c 72 48 52 58 182
c 10 16 28 35 42
c 64 10 3 9 109
c 81 41 62 66 28
c 59 60 69 72 58
c 88 95 29 30 101
c 98 1 95 64 141
c 72 48 40 86 173
c 25 31 37 41 29
c 18 20 74 31 36
c 65 90 11 12 134
c 4 69 3 6 123
c 49 55 90 97 101
c 21 26 4 5 90
c 26 29 81 84 87
c 13 94 36 42 150
c 43 46 15 54 105
c 85 45 59 61 82
c 16 29 25 26 108
c 43 48 75 80 33
c 70 71 17 24 137
c 17 44 30 37 72
c 48 49 28 31 102
c 89 90 40 47 121
c 58 25 43 49 74
c 1 7 32 61 46
c 60 63 48 53 70
c 85 90 93 92 84
c 10 12 69 61 191
c 8 76 82 83 143
c 25 30 20 19 34
c 39 44 79 57 69
c 32 34 71 25 110
c 22 26 16 17 109
c 95 98 40 46 113
c 69 72 84 87 34
c 8 68 4 28 47
c 91 93 72 74 42
c 14 18 57 58 68
c 83 88 48 55 76
c 58 60 31 8 136
c 85 89 85 88 110
c 91 64 95 99 115
c 56 59 35 39 57
c 12 18 2 5 178
c 86 88 44 46 89
c 85 87 22 26 63
c 55 56 38 29 171
c 1 67 72 48 125
c 81 41 15 20 52
c 41 47 0 65 144
c 26 33 93 95 72
c 14 41 48 51 161
c 92 98 72 74 100
c 63 66 75 78 32
c 97 99 71 72 155
c 89 94 75 70 171
c 77 78 8 10 69
c 90 12 91 97 102
c 6 11 78 81 157
c 30 32 42 60 115
c 98 5 85 31 47
c 18 25 31 91 152
c 8 68 62 14 70
c 62 61 90 92 100
c 33 36 48 37 73
c 12 24 59 34 101
c 60 63 90 12 97
c 87 88 67 74 110
c 50 64 89 95 151
c 67 70 25 29 100
c 66 72 36 43 26
c 55 99 19 81 121
c 94 95 88 89 187
c 2 6 7 10 67
c 81 82 54 57 134
c 75 77 20 7 190
c 65 66 50 52 145
c 61 67 71 73 61
c 89 5 62 67 170
c 7 17 44 51 55
c 16 17 14 17 182
c 35 37 37 31 114
c 0 7 82 85 84
c 40 44 78 44 136
c 87 83 59 62 114
c 49 93 84 90 160
c 94 1 49 35 76
c 88 68 23 28 50
c 39 41 83 86 177
c 96 0 50 54 190
c 96 2 65 68 131
c 44 49 53 55 124
c 56 63 17 18 125
c 77 80 69 70 177
c 66 71 36 33 126
c 63 24 6 14 180
c 50 53 95 0 167
c 67 71 69 73 122
c 8 48 36 42 60
c 84 89 14 15 146
c 52 65 26 29 188
c 71 68 47 84 174
c 9 15 13 91 135
c 39 44 48 55 68
c 17 91 55 59 83
c 95 1 69 74 174
c 92 96 40 42 162
c 38 42 39 40 27
c 0 65 25 28 171
c 68 72 42 8 141
c 35 30 4 77 198
c 86 87 46 71 56
c 16 85 72 77 151
c 93 35 34 87 75
c 49 57 74 81 135
c 11 22 73 88 32
c 8 15 34 36 31
c 44 51 79 85 27
c 49 56 2 7 73
c 64 17 68 72 155
c 25 29 42 43 107
c 94 48 40 45 88
c 20 25 32 61 145
c 68 70 37 43 107
c 89 91 43 47 96
c 65 42 36 37 140
c 39 42 34 38 123
c 28 29 15 54 144
c 17 19 63 24 177
c 54 59 21 26 79
c 37 44 74 70 107
c 22 24 96 22 159
c 65 90 90 94 63
c 28 30 69 75 65
c 55 59 90 12 140
c 60 62 2 9 164
c 41 43 97 99 162
c 43 47 29 30 119
c 2 9 43 59 154
c 33 76 96 22 138
c 95 1 40 44 105
c 23 28 43 50 59
c 6 8 77 80 114
c 74 77 98 1 162
c 58 64 89 25 97
c 53 55 52 57 121
c 10 87 7 14 51
c 78 79 48 51 168
c 8 12 7 13 78
c 98 4 1 7 28
c 70 77 43 9 132
c 20 27 16 45 189
c 33 37 94 91 111
c 78 32 94 91 120
c 77 48 45 48 188
c 86 51 98 3 131
c 76 71 48 37 140
c 38 40 18 20 169
c 45 48 61 36 70
c 32 2 92 94 179
c 71 76 18 21 68
c 60 66 58 65 185
c 83 46 46 52 116
c 89 91 62 63 174
c 84 85 91 98 175
c 40 46 66 45 141
c 7 17 54 55 112
c 18 24 79 80 167
c 49 92 45 49 194
c 20 17 93 94 32
c 73 77 87 34 172
c 59 14 7 8 79
c 12 15 14 7 100
c 72 73 12 16 158
c 17 55 75 82 159
c 94 99 59 63 100
c 80 87 44 47 75
c 86 89 22 28 85
c 74 78 36 43 75
c 37 39 7 9 131
c 52 15 19 49 164
c 74 77 58 59 153
c 87 93 63 67 57
c 4 87 68 72 186
c 71 74 30 31 91
c 86 89 93 99 133
c 89 95 40 56 106
c 43 47 84 87 140
c 67 73 49 50 102
c 83 90 4 69 177
c 23 95 40 41 144
c 64 71 5 8 65
c 0 5 89 96 195
c 55 62 64 68 188
c 84 88 89 90 124
c 46 52 8 11 111
c 5 7 6 14 65
c 85 28 63 88 33
c 48 51 95 2 149
c 7 12 4 9 196
c 60 62 18 19 33
c 18 24 89 11 110
c 74 77 11 16 188
c 45 46 68 72 132
c 96 99 19 24 135
c 32 74 54 34 154
c 74 70 30 80 131
c 63 66 4 69 78
c 9 15 4 87 144
c 53 23 31 8 170
c 7 12 57 59 67
c 47 50 36 40 41
c 51 52 55 52 170
c 44 72 10 14 130
c 91 64 72 54 57
c 89 5 49 55 144
c 35 39 34 36 105
c 95 19 86 91 135
c 34 37 99 0 44
c 69 61 39 46 107
c 48 49 36 40 169
c 19 24 15 16 121
c 15 22 74 81 145
c 50 73 20 25 117
c 85 31 78 83 54
c 49 52 93 99 93
c 88 91 52 40 151
c 7 11 93 80 191
c 46 68 33 34 66
c 85 88 89 91 85
c 50 54 71 72 41
c 95 64 28 35 149
c 87 90 43 59 178
c 58 64 53 58 157
c 65 70 39 37 56
c 5 6 32 38 151
c 75 78 72 48 155
c 45 22 81 87 156
c 37 43 9 16 73
c 62 64 95 97 53
c 95 96 34 87 74
c 45 64 18 23 73
c 26 29 77 56 60
c 98 4 9 11 95
c 60 14 76 82 188
c 88 94 96 97 189
c 95 76 6 14 193
c 71 25 39 37 118
c 41 48 81 85 81
c 4 77 62 68 31
c 84 82 74 79 149
c 25 72 43 70 165
c 36 33 3 6 133
c 96 2 43 62 197
c 74 81 90 60 58
c 67 10 41 47 46
c 84 88 81 86 50
c 32 36 31 60 35
c 79 85 91 95 99
c 82 30 41 45 38
c 34 27 21 25 101
c 69 9 76 81 166
c 22 2 53 60 148
c 91 64 83 90 123
c 81 88 90 92 84
c 1 67 53 59 52
c 73 88 77 81 71
c 50 57 54 60 100
c 72 34 14 60 142
c 95 0 70 77 161
c 51 58 8 15 95
c 42 6 48 75 76
c 81 41 7 9 65
c 16 22 30 77 183
c 25 26 90 91 149
c 34 40 21 23 176
c 16 21 86 87 164
c 65 23 28 50 140
c 63 66 78 55 101
c 75 82 79 85 194
c 30 77 53 63 141
c 7 9 59 64 76
c 17 55 88 91 33
c 50 52 6 11 198
c 79 84 8 13 61
c 84 87 14 15 154
c 54 34 77 84 118
c 38 12 44 72 184
c 74 31 22 55 32
c 38 44 87 92 51
c 16 23 23 70 75
c 81 87 78 55 121
c 90 91 7 10 109
c 67 73 99 3 187
c 9 66 50 27 37
c 63 65 14 7 86
c 90 97 49 52 116
c 51 56 56 63 27
c 9 14 46 48 40
c 90 94 8 11 114
c 71 75 79 8 44
c 75 79 62 65 80
c 63 9 21 90 28
c 49 35 23 70 87
c 85 87 50 75 64
c 7 12 14 19 116
c 34 37 35 37 195
c 22 24 82 89 151
c 69 9 56 61 144
c 88 94 3 10 102
c 71 78 46 52 133
c 82 87 34 99 165
c 7 41 93 98 138
c 2 7 16 20 185
c 87 92 0 4 65
c 93 98 82 88 29
c 19 25 27 29 55
c 42 44 90 95 147
c 47 52 93 0 90
c 65 72 27 55 66
c 45 48 38 44 28
c 22 28 71 52 51
c 21 25 49 52 129
c 34 39 95 64 69
c 6 8 29 35 26
c 28 50 40 46 79
c 81 57 86 87 194
c 47 48 38 57 195
c 62 65 67 71 132
c 89 91 63 24 29
c 0 3 26 31 111
c 86 87 72 48 124
c 18 21 43 9 93
c 87 89 80 86 186
c 16 23 3 96 144
c 81 57 76 77 112
c 38 22 31 36 25
c 95 34 38 44 74
c 69 87 88 89 156
c 9 10 19 20 48
c 82 88 23 70 48
c 81 88 68 69 87
c 25 67 97 98 127
c 12 15 77 82 97
c 95 43 28 30 131
c 78 55 43 62 158
c 9 16 90 92 177
c 83 88 91 95 126
c 98 1 85 90 123
c 42 49 43 48 111
c 85 87 89 91 33
c 87 16 53 58 157
c 76 79 53 56 166
c 15 19 85 88 137
c 19 57 0 1 40
c 21 82 40 46 94
c 47 50 57 61 107
c 73 74 49 51 132
c 25 27 51 25 199
c 84 89 68 71 79
c 68 75 13 19 178
c 72 74 50 73 178
c 7 9 65 71 124
c 35 38 7 8 142
c 61 62 65 66 113
c 25 67 88 95 32
c 42 83 59 34 179
c 26 29 55 59 160
c 37 21 67 70 46
c 81 86 81 57 62
c 32 61 86 93 185
c 67 70 32 35 113
c 78 55 51 57 41
c 16 21 53 0 105
c 87 30 9 15 103
c 41 48 26 32 98
c 4 65 60 65 101
c 21 26 69 74 140
c 90 64 78 80 132
c 61 54 57 58 73
c 94 99 44 48 108
c 40 42 36 40 148
c 81 85 14 17 137
c 5 69 32 2 147
c 21 34 90 91 183
c 54 46 23 95 82
c 32 61 21 36 36
c 42 6 81 92 25
c 4 9 34 35 156
c 9 11 63 67 140
c 45 51 41 47 137
c 84 91 74 75 137
c 66 68 22 25 131
c 62 65 22 71 47
c 94 95 97 99 87
c 38 39 66 71 58
c 69 9 14 19 35
c 87 90 53 0 30
c 13 94 18 19 58
c 68 75 24 13 45
c 82 84 72 74 155
c 22 55 9 12 35
c 97 1 35 37 147
c 38 43 3 4 127
c 51 53 20 27 97
c 79 64 95 43 142
c 40 86 86 88 102
c 95 1 48 51 37
c 78 79 77 82 30
c 58 59 44 51 197
c 29 33 78 7 135
c 77 84 25 30 97
c 94 48 30 31 116
c 36 43 64 69 173
c 45 64 17 54 77
c 26 72 16 22 160
c 20 69 99 89 116
c 69 70 13 14 103
c 91 92 56 60 90
c 3 10 43 48 137
c 99 6 7 28 40
c 90 12 31 71 133
c 6 14 91 92 134
c 74 78 7 12 147
c 87 94 0 90 140
c 4 8 99 1 187
c 77 82 20 7 103
c 54 30 96 2 75
c 57 63 14 7 67
c 28 35 78 84 51
c 82 30 7 14 72
c 36 41 93 96 197
c 63 70 43 47 178
c 2 54 39 41 51
c 65 90 34 35 50
c 55 61 17 19 159
c 13 14 29 36 98
c 21 50 0 5 185
c 59 61 69 61 142
c 55 60 37 42 120
c 54 55 16 18 169
c 85 87 99 4 114
c 2 6 98 5 124
c 72 32 20 69 179
c 11 22 22 55 106
c 34 87 4 10 47
c 52 15 87 30 148
c 7 11 49 53 88
c 14 18 29 35 52
c 76 71 27 28 49
c 77 78 88 68 137
c 54 46 32 37 123
c 19 22 21 25 80
c 0 6 80 85 120
c 55 65 50 51 115
c 83 85 77 70 183
c 77 80 91 96 192
c 46 47 84 85 135
c 85 87 80 81 129
c 76 71 45 52 102
c 43 49 57 41 127
c 88 56 53 57 32
c 59 62 62 66 114
c 95 96 26 33 34
c 90 96 54 55 196
c 52 59 71 75 25
c 26 31 58 93 104
c 38 42 43 52 48
c 79 84 78 32 87
c 69 9 52 72 93
c 23 27 95 64 126
c 59 90 90 93 181
c 55 61 79 84 175
c 23 70 33 37 29
c 73 75 39 41 139
c 24 28 72 32 194
c 36 38 2 8 175
c 50 64 9 14 93
c 51 25 87 89 76
c 0 65 59 61 116
c 62 69 8 48 117
c 34 36 77 47 83
c 9 10 48 55 102
c 62 65 41 27 31
c 50 87 63 93 68
c 78 85 65 69 97
c 88 92 17 23 152
c 72 78 35 38 159
c 60 61 90 30 49
c 51 38 97 1 35
c 25 32 5 12 66
c 0 1 58 25 179
c 91 56 58 59 136
c 90 93 24 27 30
c 84 90 51 57 141
c 93 80 71 51 63
c 40 45 57 59 170
c 11 17 94 48 149
c 36 41 99 3 171
c 37 38 13 14 119
c 53 60 10 95 126
c 19 22 88 90 127
c 0 5 0 3 134
c 79 57 85 90 195
c 38 42 19 81 77
c 72 73 47 49 175
c 87 83 50 56 93
c 40 44 8 15 199
c 88 64 16 20 137
c 50 52 98 0 163
c 32 74 37 44 196
c 80 87 76 47 42
c 79 81 1 8 177
c 29 33 55 59 120
c 64 89 90 95 184
c 59 60 74 75 139
c 1 6 83 89 198
c 18 22 55 56 151
c 46 51 77 96 178
c 87 92 30 36 83
c 80 2 85 92 125
c 81 92 27 29 101
c 52 55 5 69 78
c 22 27 86 84 197
c 4 10 8 10 25
c 70 72 29 35 62
c 26 20 66 67 124
c 10 35 18 23 172
c 1 45 25 30 27
c 84 45 91 92 66
c 21 34 32 98 113
c 10 90 76 91 67
c 22 25 50 64 146
c 38 39 27 32 136
c 22 53 64 66 165
c 54 58 69 73 160
c 91 96 75 82 30
c 17 91 67 68 128
c 9 17 7 5 30
c 31 8 99 89 37
c 75 81 49 50 104
c 23 24 45 52 165
c 52 61 23 27 196
c 68 75 17 23 36
c 70 77 24 26 46
c 22 23 57 41 108
c 98 0 63 93 29
c 78 82 98 99 133
c 8 9 85 90 90
c 23 27 0 3 176
c 60 64 36 95 173
c 79 84 94 95 49
c 41 42 68 33 162
c 16 45 30 32 163
c 46 53 9 66 124
c 7 11 48 75 182
c 4 7 56 62 180
c 84 88 69 76 126
c 30 32 80 87 189
c 26 27 78 53 95
c 34 39 45 22 68
c 15 16 71 78 63
c 38 57 35 40 113
c 73 76 71 75 189
c 91 93 60 14 93
c 10 95 3 5 197
c 28 34 55 59 76
c 54 55 77 82 88
c 86 90 17 7 81
c 55 57 67 97 192
c 17 44 19 25 39
c 35 36 46 49 123
c 10 13 86 87 185
c 32 13 95 1 193
c 20 24 35 59 127
c 24 12 34 63 71
c 52 54 23 29 107
c 37 40 44 1 26
c 63 66 90 92 179
c 55 65 29 33 42
c 66 45 75 80 196
c 77 81 78 7 102
c 34 36 31 38 175
c 34 41 38 29 153
c 12 24 7 41 184
c 61 36 66 72 37
c 92 98 15 17 80
c 85 28 37 21 199
c 89 88 44 47 164
c 86 93 1 67 59
c 27 33 17 23 155
c 57 63 8 76 180
c 95 98 62 66 56
c 69 71 31 91 112
c 43 48 24 31 28
c 2 89 80 86 51
c 4 9 17 23 119
c 56 58 83 86 134
c 78 53 99 89 162
c 75 79 24 25 177
c 89 92 96 64 27
c 43 52 85 87 99
c 75 76 27 22 68
c 23 27 31 8 99
c 73 77 31 33 118
c 53 55 98 17 92
c 48 55 84 90 146
c 98 69 24 13 59
c 0 5 75 78 144
c 86 84 4 9 115
c 7 10 11 15 197
c 31 4 42 8 95
c 96 3 61 65 71
c 37 40 49 57 188
c 38 29 61 64 158
c 23 30 81 92 33
c 7 9 88 93 194
c 93 97 33 38 151
c 65 67 11 15 86
c 92 99 96 2 95
c 9 66 8 10 104
c 93 96 62 10 164
c 34 39 86 88 102
c 45 52 4 11 131
c 29 31 64 71 85
c 10 12 42 8 169
c 72 76 90 12 28
c 80 85 45 49 53
c 28 85 38 57 88
c 4 7 71 52 33
c 36 37 95 97 46
c 57 64 17 21 79
c 44 47 43 47 155
c 59 65 92 93 68
c 30 34 88 93 73
c 91 94 49 93 193
c 99 2 61 64 139
c 39 37 48 75 173
c 9 10 19 57 72
c 76 82 7 41 74
c 47 84 84 45 174
c 26 31 6 10 190
c 45 47 64 65 109
c 17 24 4 11 180
c 22 25 2 7 61
c 58 63 16 22 182
c 31 34 3 9 83
c 12 19 43 59 93
c 8 68 65 71 139
c 92 98 6 11 186
c 16 17 43 50 93
c 91 94 86 10 50
c 34 40 42 60 32
c 57 59 83 90 113
c 33 30 37 38 79
c 66 0 72 32 159
c 67 58 42 83 114
c 34 99 32 2 126
c 93 92 96 3 105
c 74 81 35 41 183
c 50 57 70 57 196
c 77 47 26 62 197
c 96 1 0 5 197
c 55 68 77 81 44
c 42 60 48 54 131
c 60 80 53 54 116
c 5 9 2 28 84
c 29 33 95 99 26
c 89 90 95 1 104
c 33 37 55 56 152
c 48 75 75 76 165
c 49 50 0 4 110
c 40 42 94 96 129
c 28 34 34 39 190
c 99 5 87 88 37
c 99 7 57 60 131
c 5 12 29 12 105
c 2 4 84 91 128
c 66 45 27 30 110
c 62 68 3 5 177
c 51 53 46 52 109
c 17 55 88 60 33
c 24 27 56 59 74
c 1 8 60 97 93
c 22 29 85 90 39
c 72 76 88 90 178
c 94 11 60 64 27
c 22 25 17 21 90
c 5 7 0 7 185
c 43 49 1 5 41
c 46 47 59 61 183
c 74 20 21 28 152
c 30 34 59 65 35
c 18 24 60 64 71
c 8 68 21 90 34
c 22 23 75 79 133
c 0 7 25 26 71
c 69 76 67 73 187
c 71 75 94 96 75
c 63 67 71 51 64
c 19 20 11 17 74
c 67 69 29 35 124
c 87 93 37 7 127
c 44 89 0 7 70
c 17 24 57 41 70
c 30 37 26 31 156
c 11 72 54 55 69
c 78 44 7 10 54
c 86 91 64 65 52
c 55 99 42 47 95
c 82 89 51 56 122
c 41 42 83 89 158
c 96 64 94 95 88
c 87 88 5 69 58
c 61 36 53 57 75
c 49 51 78 44 193
c 28 30 16 21 174
c 39 37 46 47 174
c 42 48 41 46 29
c 1 2 72 73 91
c 69 61 88 64 109
c 88 89 90 95 184
c 77 78 60 97 162
c 61 62 91 94 195
c 64 65 1 2 69
c 79 80 98 99 93
c 67 69 67 97 196
c 67 58 75 70 79
c 63 65 83 87 110
c 63 64 83 87 35
c 34 39 10 62 78
c 56 63 87 83 170
c 42 45 13 17 31
c 0 65 38 40 143
c 61 67 14 19 171
c 33 30 71 68 136
c 30 35 16 67 194
c 0 90 26 72 180
c 67 69 58 30 105
c 82 89 27 28 111
c 52 65 94 98 64
c 25 69 62 14 186
c 76 78 88 60 136
c 85 86 76 79 100
c 97 0 55 61 175
c 44 47 28 29 138
c 57 41 24 25 55
c 4 65 31 32 45
c 53 58 50 75 25
c 62 65 51 53 152
c 53 63 39 46 33
c 13 15 79 57 50
c 25 30 35 38 67
c 28 35 2 54 137
c 5 69 69 75 135
c 99 89 31 71 140
c 1 29 22 27 150
c 69 61 4 87 174
c 50 27 93 98 80
c 96 2 65 70 189
c 91 92 72 73 129
c 9 10 78 44 97
c 39 43 42 60 166
c 58 25 30 35 149
c 38 57 99 6 126
c 5 10 69 61 121
c 81 57 41 42 196
c 45 49 62 14 132
c 55 65 87 30 49
c 75 77 68 69 80
c 29 30 77 47 137
c 29 34 79 80 70
c 38 42 73 77 83
c 85 86 51 56 134
c 49 52 36 41 94
c 0 2 88 91 65
c 95 97 61 65 92
c 53 54 42 6 83
c 0 1 7 12 197
c 47 49 23 70 143
c 63 67 80 85 131
c 59 61 2 5 141
c 95 97 93 92 111
c 20 69 72 78 121
c 89 94 42 46 69
c 40 86 65 69 158
c 85 91 39 43 151
