notes: n=100, m=1058, elb=1, eub=20, conf_density=0.001, clb=25, cub= 200, seed= 6289
p spec 100 1058 559
s 74
t 62
a 0 1 17
a 0 2 13
a 0 3 2
a 0 4 10
a 0 5 17
a 0 6 12
a 0 7 17
a 0 78 1
a 0 54 15
a 1 2 5
a 1 3 16
a 1 4 16
a 1 5 4
a 1 6 6
a 1 7 12
a 1 8 19
a 1 64 5
a 2 3 13
a 2 4 12
a 2 5 4
a 2 6 19
a 2 7 6
a 2 8 2
a 2 9 9
a 2 11 19
a 2 44 3
a 2 71 16
a 3 4 3
a 3 5 13
a 3 6 4
a 3 7 2
a 3 8 8
a 3 9 9
a 3 10 7
a 3 86 15
a 3 98 1
a 3 73 8
a 3 55 12
a 3 64 14
a 4 5 12
a 4 6 5
a 4 7 3
a 4 8 15
a 4 9 18
a 4 10 18
a 4 11 12
a 4 83 3
a 4 71 8
a 4 23 10
a 5 6 15
a 5 7 10
a 5 8 18
a 5 9 6
a 5 10 10
a 5 11 3
a 5 12 1
a 5 62 9
a 5 82 9
a 5 16 7
a 5 99 13
a 6 7 17
a 6 8 5
a 6 9 13
a 6 10 1
a 6 11 16
a 6 12 11
a 6 13 1
a 6 64 17
a 6 99 2
a 7 8 9
a 7 9 8
a 7 10 1
a 7 11 1
a 7 12 18
a 7 13 18
a 7 14 16
a 7 33 11
a 7 24 18
a 7 66 8
a 78 79 17
a 78 80 13
a 78 81 15
a 78 82 10
a 78 83 19
a 78 84 14
a 78 85 14
a 78 46 8
a 78 33 15
a 78 96 16
a 78 24 11
a 78 57 6
a 78 53 9
a 54 55 16
a 54 56 5
a 54 57 6
a 54 58 10
a 54 59 8
a 54 60 5
a 54 61 3
a 54 78 14
a 54 83 18
a 8 9 17
a 8 10 9
a 8 11 17
a 8 12 10
a 8 13 2
a 8 14 18
a 8 15 1
a 8 16 14
a 8 79 17
a 8 51 17
a 64 65 9
a 64 66 14
a 64 67 4
a 64 68 7
a 64 69 19
a 64 70 17
a 64 71 7
a 64 20 16
a 64 63 2
a 64 28 19
a 64 17 10
a 64 82 16
a 9 10 12
a 9 11 14
a 9 12 14
a 9 13 2
a 9 14 16
a 9 15 7
a 9 16 15
a 9 59 19
a 9 8 17
a 9 24 19
a 11 12 5
a 11 13 10
a 11 14 5
a 11 15 6
a 11 16 13
a 11 17 12
a 11 18 12
a 11 40 19
a 44 45 6
a 44 46 10
a 44 47 5
a 44 48 16
a 44 49 7
a 44 50 18
a 44 51 7
a 44 41 1
a 44 18 12
a 44 65 2
a 44 52 7
a 44 90 11
a 44 96 11
a 71 72 16
a 71 73 6
a 71 74 6
a 71 75 19
a 71 76 15
a 71 77 3
a 71 78 16
a 71 59 19
a 71 18 8
a 71 30 6
a 71 60 18
a 71 79 12
a 10 11 8
a 10 12 7
a 10 13 19
a 10 14 2
a 10 15 13
a 10 16 12
a 10 17 17
a 10 94 5
a 10 2 12
a 86 87 1
a 86 88 7
a 86 89 15
a 86 90 15
a 86 91 5
a 86 92 6
a 86 93 13
a 86 96 5
a 86 33 4
a 98 99 5
a 98 0 11
a 98 1 1
a 98 2 16
a 98 3 11
a 98 4 19
a 98 5 10
a 98 42 2
a 98 59 5
a 98 27 17
a 73 74 5
a 73 75 14
a 73 76 19
a 73 77 15
a 73 78 7
a 73 79 14
a 73 80 19
a 73 25 9
a 73 81 19
a 73 9 7
a 73 46 1
a 55 56 3
a 55 57 1
a 55 58 7
a 55 59 2
a 55 60 2
a 55 61 17
a 55 62 16
a 55 39 6
a 55 13 10
a 55 22 14
a 55 43 11
a 83 84 13
a 83 85 4
a 83 86 2
a 83 87 17
a 83 88 19
a 83 89 5
a 83 90 17
a 83 26 18
a 83 66 12
a 23 24 3
a 23 25 6
a 23 26 5
a 23 27 18
a 23 28 8
a 23 29 6
a 23 30 11
a 23 63 18
a 23 2 9
a 23 39 15
a 23 85 16
a 23 67 19
a 12 13 16
a 12 14 6
a 12 15 5
a 12 16 12
a 12 17 5
a 12 18 13
a 12 19 17
a 12 96 9
a 12 99 9
a 12 85 17
a 62 63 17
a 62 64 1
a 62 65 15
a 62 66 8
a 62 67 15
a 62 68 17
a 62 69 3
a 62 72 2
a 82 83 18
a 82 84 16
a 82 85 3
a 82 86 3
a 82 87 4
a 82 88 8
a 82 89 4
a 82 80 18
a 82 56 2
a 82 36 7
a 82 64 17
a 16 17 6
a 16 18 15
a 16 19 11
a 16 20 18
a 16 21 17
a 16 22 16
a 16 23 9
a 16 61 18
a 16 54 3
a 16 0 14
a 16 24 8
a 16 42 10
a 16 87 3
a 99 0 10
a 99 1 3
a 99 2 4
a 99 3 1
a 99 4 16
a 99 5 10
a 99 6 5
a 99 72 13
a 99 57 10
a 99 24 5
a 99 62 16
a 13 14 9
a 13 15 11
a 13 16 10
a 13 17 13
a 13 18 5
a 13 19 10
a 13 20 8
a 13 26 2
a 13 37 5
a 13 98 11
a 13 55 9
a 13 46 13
a 13 77 4
a 14 15 19
a 14 16 3
a 14 17 16
a 14 18 9
a 14 19 15
a 14 20 8
a 14 21 15
a 14 97 11
a 14 76 7
a 14 85 10
a 33 34 10
a 33 35 10
a 33 36 13
a 33 37 9
a 33 38 15
a 33 39 18
a 33 40 8
a 33 72 12
a 33 73 19
a 33 4 7
a 33 50 6
a 24 25 1
a 24 26 3
a 24 27 10
a 24 28 19
a 24 29 11
a 24 30 11
a 24 31 10
a 24 33 2
a 24 71 18
a 24 23 3
a 24 73 13
a 24 12 3
a 66 67 9
a 66 68 13
a 66 69 14
a 66 70 2
a 66 71 4
a 66 72 16
a 66 73 1
a 66 36 3
a 66 74 10
a 66 41 19
a 66 12 3
a 66 57 3
a 66 1 6
a 15 16 14
a 15 17 9
a 15 18 10
a 15 19 2
a 15 20 16
a 15 21 6
a 15 22 16
a 15 36 16
a 15 31 14
a 15 26 10
a 79 80 16
a 79 81 9
a 79 82 11
a 79 83 18
a 79 84 12
a 79 85 17
a 79 86 12
a 79 72 17
a 79 47 8
a 79 64 6
a 79 62 16
a 51 52 14
a 51 53 19
a 51 54 15
a 51 55 1
a 51 56 8
a 51 57 10
a 51 58 1
a 51 78 8
a 51 7 13
a 51 50 14
a 59 60 14
a 59 61 9
a 59 62 19
a 59 63 11
a 59 64 11
a 59 65 9
a 59 66 16
a 59 6 1
a 59 91 4
a 59 0 2
a 59 72 6
a 17 18 15
a 17 19 6
a 17 20 15
a 17 21 13
a 17 22 7
a 17 23 13
a 17 24 10
a 17 66 16
a 17 92 7
a 94 95 2
a 94 96 11
a 94 97 19
a 94 98 10
a 94 99 6
a 94 0 19
a 94 1 5
a 94 18 2
a 94 89 10
a 94 56 4
a 94 70 7
a 94 40 6
a 18 19 10
a 18 20 18
a 18 21 3
a 18 22 12
a 18 23 5
a 18 24 12
a 18 25 7
a 18 66 19
a 18 3 4
a 18 89 4
a 18 40 18
a 40 41 19
a 40 42 19
a 40 43 3
a 40 44 13
a 40 45 5
a 40 46 14
a 40 47 8
a 40 60 4
a 40 4 14
a 19 20 17
a 19 21 7
a 19 22 2
a 19 23 14
a 19 24 19
a 19 25 10
a 19 26 2
a 19 93 8
a 19 5 2
a 96 97 10
a 96 98 10
a 96 99 2
a 96 0 5
a 96 1 3
a 96 2 3
a 96 3 11
a 96 35 18
a 96 25 3
a 85 86 9
a 85 87 8
a 85 88 11
a 85 89 6
a 85 90 15
a 85 91 19
a 85 92 6
a 85 66 11
a 85 56 4
a 85 7 2
a 85 0 10
a 85 48 16
a 85 36 15
a 20 21 5
a 20 22 1
a 20 23 16
a 20 24 6
a 20 25 7
a 20 26 12
a 20 27 12
a 20 46 4
a 20 89 15
a 20 30 2
a 20 1 14
a 20 6 16
a 26 27 18
a 26 28 18
a 26 29 12
a 26 30 18
a 26 31 18
a 26 32 16
a 26 33 9
a 26 73 17
a 26 55 15
a 26 75 4
a 26 79 13
a 37 38 3
a 37 39 12
a 37 40 12
a 37 41 3
a 37 42 11
a 37 43 18
a 37 44 1
a 37 23 14
a 37 79 5
a 37 76 7
a 37 98 2
a 46 47 2
a 46 48 4
a 46 49 12
a 46 50 17
a 46 51 13
a 46 52 15
a 46 53 2
a 46 15 15
a 46 10 18
a 46 95 15
a 46 24 16
a 77 78 19
a 77 79 4
a 77 80 13
a 77 81 2
a 77 82 15
a 77 83 4
a 77 84 6
a 77 18 6
a 77 87 10
a 21 22 6
a 21 23 12
a 21 24 14
a 21 25 7
a 21 26 6
a 21 27 8
a 21 28 18
a 21 72 19
a 21 36 18
a 21 87 5
a 21 13 8
a 97 98 15
a 97 99 10
a 97 0 15
a 97 1 1
a 97 2 5
a 97 3 16
a 97 4 4
a 97 8 6
a 97 48 16
a 97 88 7
a 97 71 1
a 97 93 10
a 76 77 7
a 76 78 12
a 76 79 10
a 76 80 5
a 76 81 16
a 76 82 2
a 76 83 6
a 76 68 12
a 76 39 6
a 76 17 6
a 22 23 16
a 22 24 13
a 22 25 11
a 22 26 2
a 22 27 1
a 22 28 8
a 22 29 18
a 22 62 2
a 22 51 12
a 36 37 6
a 36 38 1
a 36 39 18
a 36 40 12
a 36 41 8
a 36 42 1
a 36 43 17
a 36 97 1
a 36 3 10
a 36 23 5
a 31 32 2
a 31 33 13
a 31 34 4
a 31 35 13
a 31 36 5
a 31 37 11
a 31 38 13
a 31 47 1
a 61 62 18
a 61 63 11
a 61 64 17
a 61 65 9
a 61 66 6
a 61 67 19
a 61 68 7
a 61 85 15
a 61 23 15
a 61 43 14
a 61 80 2
a 61 38 4
a 42 43 17
a 42 44 6
a 42 45 8
a 42 46 7
a 42 47 17
a 42 48 11
a 42 49 3
a 42 8 8
a 42 51 19
a 42 70 3
a 42 72 19
a 42 0 15
a 87 88 16
a 87 89 14
a 87 90 15
a 87 91 13
a 87 92 15
a 87 93 5
a 87 94 12
a 87 47 2
a 87 34 15
a 87 70 16
a 92 93 14
a 92 94 3
a 92 95 8
a 92 96 15
a 92 97 5
a 92 98 13
a 92 99 13
a 92 65 13
a 92 26 13
a 92 28 2
a 25 26 2
a 25 27 1
a 25 28 15
a 25 29 16
a 25 30 14
a 25 31 9
a 25 32 17
a 25 73 1
a 25 24 12
a 25 52 17
a 25 58 7
a 25 16 3
a 89 90 6
a 89 91 5
a 89 92 12
a 89 93 1
a 89 94 6
a 89 95 2
a 89 96 12
a 89 11 10
a 89 8 5
a 89 67 3
a 89 46 10
a 93 94 19
a 93 95 10
a 93 96 8
a 93 97 9
a 93 98 5
a 93 99 4
a 93 0 6
a 93 11 1
a 93 9 5
a 27 28 4
a 27 29 18
a 27 30 2
a 27 31 15
a 27 32 9
a 27 33 16
a 27 34 16
a 27 72 7
a 27 97 5
a 30 31 8
a 30 32 14
a 30 33 3
a 30 34 10
a 30 35 13
a 30 36 1
a 30 37 7
a 30 77 13
a 30 79 6
a 28 29 18
a 28 30 14
a 28 31 2
a 28 32 11
a 28 33 1
a 28 34 16
a 28 35 7
a 28 53 6
a 28 49 9
a 28 38 3
a 28 96 3
a 72 73 1
a 72 74 13
a 72 75 12
a 72 76 17
a 72 77 8
a 72 78 6
a 72 79 6
a 72 88 7
a 72 97 1
a 72 12 7
a 72 66 11
a 29 30 11
a 29 31 13
a 29 32 15
a 29 33 17
a 29 34 13
a 29 35 17
a 29 36 6
a 29 87 17
a 29 49 8
a 29 94 14
a 29 40 6
a 63 64 5
a 63 65 13
a 63 66 17
a 63 67 16
a 63 68 16
a 63 69 19
a 63 70 10
a 63 98 5
a 63 13 4
a 63 57 6
a 39 40 17
a 39 41 18
a 39 42 14
a 39 43 16
a 39 44 1
a 39 45 9
a 39 46 6
a 39 12 19
a 39 58 8
a 39 33 11
a 67 68 15
a 67 69 3
a 67 70 4
a 67 71 1
a 67 72 10
a 67 73 7
a 67 74 16
a 67 36 10
a 67 56 17
a 67 76 16
a 67 42 18
a 67 78 8
a 32 33 19
a 32 34 12
a 32 35 12
a 32 36 9
a 32 37 13
a 32 38 11
a 32 39 12
a 32 63 4
a 32 66 12
a 32 56 3
a 32 69 6
a 52 53 7
a 52 54 17
a 52 55 10
a 52 56 2
a 52 57 18
a 52 58 7
a 52 59 17
a 52 67 14
a 52 29 15
a 52 35 14
a 52 17 7
a 58 59 14
a 58 60 15
a 58 61 1
a 58 62 3
a 58 63 17
a 58 64 8
a 58 65 6
a 58 46 5
a 58 90 13
a 58 38 18
a 58 99 15
a 58 27 18
a 58 25 16
a 75 76 1
a 75 77 11
a 75 78 7
a 75 79 13
a 75 80 8
a 75 81 16
a 75 82 6
a 75 86 13
a 75 24 9
a 75 4 9
a 34 35 13
a 34 36 13
a 34 37 6
a 34 38 7
a 34 39 8
a 34 40 6
a 34 41 10
a 34 89 15
a 34 96 16
a 34 44 15
a 34 95 9
a 35 36 6
a 35 37 13
a 35 38 6
a 35 39 7
a 35 40 16
a 35 41 12
a 35 42 3
a 35 83 10
a 35 86 18
a 35 51 12
a 53 54 7
a 53 55 6
a 53 56 2
a 53 57 7
a 53 58 2
a 53 59 3
a 53 60 19
a 53 21 11
a 53 70 2
a 49 50 16
a 49 51 14
a 49 52 1
a 49 53 16
a 49 54 1
a 49 55 15
a 49 56 16
a 49 94 1
a 49 62 14
a 49 45 4
a 49 46 19
a 49 43 3
a 38 39 14
a 38 40 12
a 38 41 18
a 38 42 14
a 38 43 17
a 38 44 6
a 38 45 19
a 38 0 11
a 38 51 9
a 38 32 10
a 38 18 5
a 47 48 8
a 47 49 11
a 47 50 15
a 47 51 19
a 47 52 7
a 47 53 3
a 47 54 15
a 47 83 12
a 47 31 12
a 47 11 12
a 47 41 19
a 47 44 9
a 47 13 17
a 56 57 10
a 56 58 7
a 56 59 16
a 56 60 3
a 56 61 5
a 56 62 3
a 56 63 16
a 56 53 19
a 56 33 13
a 69 70 10
a 69 71 9
a 69 72 3
a 69 73 9
a 69 74 12
a 69 75 3
a 69 76 13
a 69 27 7
a 69 38 17
a 69 45 6
a 69 36 17
a 69 51 6
a 50 51 6
a 50 52 7
a 50 53 3
a 50 54 13
a 50 55 14
a 50 56 10
a 50 57 11
a 50 22 4
a 50 9 12
a 50 1 8
a 50 13 6
a 50 32 8
a 50 71 15
a 41 42 15
a 41 43 1
a 41 44 16
a 41 45 9
a 41 46 2
a 41 47 5
a 41 48 6
a 41 34 10
a 41 57 1
a 41 92 8
a 95 96 8
a 95 97 11
a 95 98 10
a 95 99 12
a 95 0 14
a 95 1 18
a 95 2 2
a 95 16 3
a 95 33 7
a 95 66 10
a 95 18 7
a 43 44 14
a 43 45 10
a 43 46 9
a 43 47 4
a 43 48 8
a 43 49 16
a 43 50 7
a 43 55 7
a 45 46 14
a 45 47 11
a 45 48 3
a 45 49 1
a 45 50 9
a 45 51 17
a 45 52 14
a 45 33 6
a 45 35 8
a 60 61 15
a 60 62 9
a 60 63 1
a 60 64 1
a 60 65 2
a 60 66 11
a 60 67 10
a 60 77 9
a 60 0 5
a 60 96 10
a 60 20 12
a 60 19 3
a 60 26 5
a 48 49 1
a 48 50 1
a 48 51 14
a 48 52 13
a 48 53 5
a 48 54 8
a 48 55 16
a 48 27 2
a 48 10 7
a 48 31 4
a 57 58 8
a 57 59 6
a 57 60 9
a 57 61 3
a 57 62 19
a 57 63 4
a 57 64 13
a 57 71 13
a 57 96 1
a 57 73 16
a 57 76 15
a 70 71 13
a 70 72 7
a 70 73 16
a 70 74 9
a 70 75 8
a 70 76 3
a 70 77 17
a 70 92 18
a 70 90 18
a 70 12 13
a 65 66 18
a 65 67 3
a 65 68 19
a 65 69 11
a 65 70 3
a 65 71 16
a 65 72 18
a 65 31 19
a 65 2 16
a 65 22 12
a 65 64 15
a 90 91 1
a 90 92 3
a 90 93 5
a 90 94 15
a 90 95 15
a 90 96 7
a 90 97 7
a 90 24 15
a 90 42 4
a 90 18 7
a 90 71 6
a 90 46 4
a 91 92 7
a 91 93 4
a 91 94 17
a 91 95 3
a 91 96 10
a 91 97 6
a 91 98 18
a 91 89 9
a 91 24 1
a 68 69 17
a 68 70 12
a 68 71 14
a 68 72 14
a 68 73 12
a 68 74 19
a 68 75 14
a 68 86 7
a 68 10 10
a 68 1 13
a 68 5 7
a 68 97 13
a 80 81 7
a 80 82 10
a 80 83 3
a 80 84 13
a 80 85 13
a 80 86 2
a 80 87 8
a 80 26 3
a 80 71 10
a 80 50 13
a 74 75 6
a 74 76 6
a 74 77 11
a 74 78 19
a 74 79 13
a 74 80 9
a 74 81 18
a 74 3 14
a 74 40 7
a 88 89 16
a 88 90 11
a 88 91 8
a 88 92 15
a 88 93 14
a 88 94 7
a 88 95 8
a 88 7 4
a 88 1 8
a 88 33 16
a 88 36 11
a 81 82 4
a 81 83 10
a 81 84 2
a 81 85 2
a 81 86 12
a 81 87 6
a 81 88 12
a 81 67 18
a 81 49 14
a 81 16 11
a 81 31 7
a 84 85 8
a 84 86 16
a 84 87 4
a 84 88 11
a 84 89 9
a 84 90 11
a 84 91 19
a 84 98 3
a 84 37 18
a 84 82 17
c 83 85 42 47 167
c 74 40 58 60 164
c 44 46 20 26 182
c 49 50 67 36 142
c 62 64 81 31 65
c 98 0 23 25 122
c 61 63 16 61 153
c 94 98 85 92 132
c 26 73 24 73 183
c 65 69 47 48 98
c 81 82 79 64 120
c 6 12 87 70 55
c 24 12 42 8 158
c 1 2 1 5 64
c 99 57 31 35 44
c 2 8 18 19 146
c 33 38 63 13 113
c 73 76 79 82 45
c 64 28 37 38 199
c 67 76 39 44 104
c 26 27 67 74 33
c 36 40 24 25 187
c 45 50 5 82 52
c 5 82 78 83 68
c 57 60 8 51 95
c 17 22 24 73 39
c 21 87 95 97 28
c 48 31 16 20 145
c 58 65 97 48 42
c 43 46 40 44 102
c 5 8 63 13 192
c 44 48 70 12 198
c 14 97 78 24 119
c 14 20 36 3 85
c 5 82 50 51 29
c 83 88 11 13 42
c 45 52 7 66 123
c 24 33 60 65 102
c 3 98 21 23 107
c 45 52 74 40 119
c 63 64 84 90 122
c 16 18 12 99 81
c 98 1 12 16 72
c 64 67 83 84 88
c 41 43 47 41 138
c 78 96 61 38 186
c 30 35 86 87 117
c 16 19 97 88 145
c 53 21 16 18 173
c 42 46 67 68 181
c 15 36 97 3 35
c 48 49 33 35 104
c 55 60 49 50 46
c 46 53 7 8 47
c 88 95 8 13 138
c 47 51 34 38 114
c 3 4 91 92 106
c 12 13 49 51 45
c 59 6 65 66 27
c 85 89 34 39 111
c 23 26 94 18 151
c 12 18 50 71 76
c 58 64 32 56 132
c 1 5 38 40 120
c 22 23 34 36 65
c 89 96 58 99 66
c 82 87 42 44 172
c 98 5 70 74 42
c 25 58 64 66 196
c 78 79 84 88 37
c 20 27 14 21 105
c 50 51 39 44 29
c 50 1 97 1 189
c 33 4 37 42 174
c 33 39 10 94 189
c 56 33 99 4 124
c 58 27 39 12 179
c 82 87 20 26 45
c 82 64 90 91 198
c 13 15 88 1 33
c 87 34 99 4 109
c 89 67 9 14 115
c 99 72 38 45 135
c 18 20 7 11 188
c 10 15 21 72 178
c 14 16 86 91 179
c 81 87 52 53 147
c 12 19 95 66 180
c 48 49 54 61 160
c 25 52 25 27 63
c 87 70 73 81 94
c 3 55 37 44 110
c 83 90 82 56 51
c 30 33 44 96 107
c 24 26 24 27 58
c 66 71 62 68 30
c 96 97 94 95 110
c 33 35 60 61 190
c 31 37 62 68 51
c 29 31 9 12 131
c 60 64 17 19 192
c 84 90 45 51 195
c 43 46 47 41 49
c 58 46 71 76 100
c 99 5 72 66 155
c 31 34 17 66 163
c 97 48 96 97 74
c 70 73 64 82 162
c 95 96 24 73 50
c 17 21 30 36 154
c 88 91 73 74 58
c 13 77 15 31 131
c 97 48 96 98 94
c 74 81 6 9 199
c 24 73 54 58 146
c 25 30 27 32 77
c 46 47 63 68 44
c 55 59 40 45 62
c 31 38 99 2 106
c 94 56 34 36 37
c 73 81 25 73 146
c 31 38 98 0 42
c 72 66 12 17 121
c 93 96 4 11 113
c 44 49 70 71 188
c 78 85 81 82 52
c 78 33 65 68 145
c 63 69 67 71 154
c 61 43 16 42 100
c 62 64 17 92 54
c 94 95 68 1 154
c 99 3 32 69 91
c 55 56 4 6 59
c 2 11 99 4 160
c 49 50 69 70 73
c 8 15 83 84 58
c 64 66 18 3 53
c 71 74 26 31 41
c 29 40 39 42 25
c 78 96 3 73 138
c 34 38 91 96 197
c 92 98 44 52 51
c 34 39 66 72 102
c 42 45 60 20 34
c 99 4 98 0 107
c 44 18 82 64 45
c 66 70 32 38 64
c 99 3 64 71 147
c 19 23 73 25 50
c 91 96 53 56 119
c 3 6 19 25 147
c 91 97 65 72 195
c 49 51 85 88 57
c 52 17 51 7 86
c 43 50 24 26 165
c 60 20 11 12 98
c 28 30 77 79 139
c 98 5 33 35 159
c 83 89 78 79 74
c 63 69 47 11 64
c 59 61 65 72 173
c 36 41 13 98 62
c 35 38 12 18 168
c 8 14 34 39 170
c 84 82 25 73 134
c 83 85 20 22 152
c 56 61 55 57 77
c 95 0 55 58 49
c 15 19 80 84 153
c 36 43 14 76 123
c 47 51 56 33 174
c 60 20 15 20 191
c 71 78 34 41 194
c 72 88 34 38 183
c 63 64 26 55 76
c 49 50 69 74 84
c 35 40 5 6 158
c 79 81 13 17 53
c 12 14 46 50 132
c 77 87 93 94 122
c 74 80 89 96 97
c 78 79 72 66 123
c 63 65 86 89 77
c 18 20 25 73 153
c 93 98 56 58 144
c 88 33 59 65 31
c 13 20 79 62 88
c 68 70 53 57 28
c 50 55 42 72 82
c 12 96 94 1 158
c 30 31 96 97 121
c 64 68 92 99 181
c 44 47 16 19 198
c 64 28 42 0 39
c 17 21 78 24 175
c 24 26 45 47 79
c 68 1 87 92 178
c 10 94 91 92 168
c 17 24 39 42 71
c 24 31 74 78 91
c 27 31 96 0 38
c 23 2 78 57 134
c 56 60 4 8 149
c 20 46 95 97 130
c 65 67 67 68 130
c 72 78 65 2 115
c 79 82 36 3 140
c 90 96 85 91 51
c 99 6 39 42 169
c 10 17 56 62 57
c 55 57 70 12 123
c 84 82 38 51 176
c 43 55 14 18 188
c 45 51 68 5 51
c 90 96 77 79 135
c 94 95 73 77 185
c 92 97 16 23 107
c 52 35 67 36 171
c 39 58 32 56 58
c 43 48 25 29 26
c 3 10 24 31 187
c 91 92 51 56 141
c 87 91 63 65 173
c 89 8 94 40 94
c 74 79 48 27 58
c 85 7 54 83 108
c 74 78 90 46 31
c 50 1 7 14 102
c 11 14 29 32 63
c 71 77 73 80 192
c 5 16 2 8 153
c 71 74 88 94 162
c 47 41 10 11 131
c 68 72 66 70 173
c 21 24 79 47 183
c 67 69 82 84 195
c 39 58 96 35 159
c 50 52 53 60 136
c 1 4 13 20 148
c 30 32 13 19 52
c 91 93 26 32 182
c 52 29 24 26 149
c 80 81 5 8 99
c 66 57 0 5 78
c 70 74 61 43 73
c 36 43 25 52 134
c 20 22 96 2 145
c 69 76 53 55 125
c 50 13 3 6 45
c 59 61 39 41 149
c 11 15 34 37 72
c 41 44 36 43 53
c 58 90 13 17 30
c 21 22 3 4 199
c 74 3 79 81 155
c 18 22 34 96 129
c 40 46 20 27 81
c 18 66 47 53 150
c 73 46 55 57 97
c 94 40 17 24 38
c 59 64 2 71 125
c 4 5 13 77 60
c 60 0 73 79 76
c 84 85 95 96 90
c 48 55 76 77 118
c 66 69 49 94 185
c 21 72 62 67 88
c 54 60 38 0 86
c 52 56 2 71 145
c 42 49 80 26 174
c 88 94 15 18 48
c 26 75 60 62 102
c 79 83 78 53 116
c 49 51 20 1 122
c 33 35 50 54 178
c 62 64 51 50 139
c 91 94 2 11 97
c 21 25 71 76 88
c 62 69 55 56 64
c 40 45 68 86 54
c 24 26 73 77 55
c 47 41 98 42 182
c 83 85 64 82 139
c 84 98 80 26 195
c 10 12 29 87 93
c 52 67 90 93 124
c 90 42 45 47 111
c 27 33 53 54 127
c 84 89 71 75 107
c 52 53 94 89 192
c 20 22 23 26 163
c 9 16 44 41 185
c 24 28 4 8 176
c 85 91 77 18 189
c 0 54 42 47 84
c 56 57 25 30 63
c 14 97 75 86 143
c 22 62 92 95 80
c 25 16 42 49 119
c 83 86 26 32 79
c 55 60 88 36 27
c 57 76 13 77 45
c 8 12 45 46 119
c 92 94 58 65 100
c 3 10 13 46 99
c 26 75 53 55 184
c 78 33 76 80 39
c 63 65 10 16 142
c 18 3 90 24 169
c 72 73 87 93 155
c 24 71 96 3 121
c 49 55 3 6 73
c 3 9 0 1 78
c 64 70 37 41 157
c 60 20 10 11 94
c 5 6 84 87 76
c 94 56 71 76 149
c 75 78 29 94 89
c 45 52 66 70 63
c 81 49 41 42 54
c 29 87 3 4 94
c 68 5 95 33 120
c 39 33 61 62 46
c 20 26 85 36 110
c 11 18 6 7 162
c 65 67 32 37 163
c 47 48 88 92 55
c 43 46 83 87 89
c 55 43 79 83 142
c 68 86 15 19 172
c 70 71 28 34 138
c 89 93 48 53 144
c 88 91 59 62 115
c 26 28 63 13 166
c 59 65 13 46 64
c 16 87 64 82 121
c 29 87 56 60 42
c 23 26 46 53 100
c 28 31 77 79 59
c 47 51 45 47 91
c 46 95 20 24 140
c 92 94 88 94 147
c 41 43 16 87 90
c 75 77 57 59 61
c 8 9 89 67 172
c 49 45 74 81 103
c 89 94 4 23 120
c 45 35 57 63 54
c 36 23 39 42 143
c 88 36 0 5 78
c 47 48 58 99 59
c 57 71 49 53 143
c 61 65 13 20 56
c 51 58 64 70 150
c 57 63 24 25 156
c 12 18 42 47 106
c 92 94 81 16 194
c 11 13 23 27 180
c 23 24 32 37 167
c 29 32 50 53 137
c 17 21 49 50 181
c 81 82 49 53 28
c 62 64 86 88 114
c 63 64 33 34 120
c 76 81 73 74 84
c 99 62 89 46 26
c 20 6 69 70 92
c 59 91 24 26 110
c 10 17 72 73 135
c 88 33 59 66 133
c 96 2 86 96 133
c 41 92 68 5 139
c 15 36 88 89 60
c 87 93 2 44 48
c 80 26 77 84 158
c 99 1 98 2 70
c 13 15 27 28 180
c 12 85 57 71 114
c 25 26 2 71 51
c 37 42 43 50 154
c 11 17 25 26 105
c 87 93 15 20 29
c 71 79 36 41 135
c 37 40 49 52 52
c 59 91 77 87 70
c 51 50 23 85 152
c 89 8 59 66 124
c 28 33 78 82 113
c 43 50 18 20 145
c 82 84 45 50 91
c 75 79 18 40 28
c 92 26 26 31 107
c 97 98 73 81 54
c 53 21 80 71 114
c 4 7 59 66 36
c 55 62 3 9 133
c 29 40 72 75 145
c 57 71 80 82 71
c 48 27 47 54 82
c 10 13 59 91 129
c 30 32 54 61 93
c 87 34 95 2 60
c 16 24 73 46 28
c 32 34 5 10 160
c 9 14 67 68 141
c 9 12 59 66 162
c 62 72 34 89 60
c 96 25 91 89 117
c 75 77 65 67 193
c 24 25 80 50 98
c 64 28 14 21 50
c 58 59 29 35 126
c 4 9 49 52 80
c 70 90 71 74 99
c 80 86 90 42 40
c 93 96 22 62 66
c 67 56 8 51 87
c 68 75 15 18 27
c 44 90 40 44 39
c 78 81 48 54 125
c 67 42 80 85 43
c 8 10 67 73 119
c 60 61 24 33 149
c 25 29 81 84 143
c 42 70 23 27 101
c 31 33 38 32 169
c 78 33 73 79 30
c 43 44 21 27 154
c 83 84 33 72 155
c 89 96 42 0 41
c 87 34 24 71 76
c 89 92 70 92 137
c 33 73 34 35 57
c 55 43 2 7 34
c 22 27 90 93 61
c 42 47 78 46 108
c 2 5 3 73 176
c 50 53 42 47 130
c 98 4 16 18 167
c 53 58 42 72 146
c 44 46 19 5 31
c 59 61 41 57 145
c 49 46 84 85 195
c 59 0 34 40 186
c 71 74 76 39 179
c 82 86 1 64 159
c 96 35 51 7 92
c 90 93 45 33 168
c 90 42 61 38 52
c 13 19 82 85 94
c 67 76 50 54 150
c 30 79 68 70 85
c 36 38 3 7 40
c 63 70 44 41 159
c 9 12 35 83 32
c 37 43 24 26 121
c 85 0 27 32 99
c 23 27 5 11 182
c 72 75 36 37 124
c 64 20 97 8 64
c 0 4 11 13 26
c 84 89 11 40 170
c 51 52 80 71 102
c 12 16 9 14 50
c 58 38 95 33 90
c 78 80 48 49 170
c 75 86 8 9 87
c 50 56 55 39 68
c 87 47 99 2 163
c 25 32 32 63 52
c 68 72 95 66 195
c 58 90 26 55 141
c 44 50 27 97 72
c 44 50 7 11 182
c 54 57 33 35 130
c 11 18 39 44 35
c 64 65 95 0 198
c 16 22 13 18 167
c 69 76 32 56 35
c 79 82 93 97 142
c 13 15 8 79 123
c 83 84 71 59 142
c 6 13 67 36 155
c 25 16 59 66 128
c 70 73 25 31 78
c 50 13 86 89 187
c 85 7 96 99 54
c 96 25 66 41 181
c 80 50 89 90 32
c 92 96 21 24 143
c 4 11 91 92 43
c 99 62 37 79 163
c 97 8 7 10 95
c 23 67 78 80 159
c 66 68 39 43 164
c 50 55 65 71 150
c 62 65 47 54 27
c 99 0 71 73 186
c 23 28 67 70 98
c 18 89 47 52 158
c 96 97 68 10 72
c 60 64 47 11 189
c 79 47 67 68 162
c 70 90 8 13 48
c 29 36 98 4 165
c 42 70 86 87 90
c 14 76 74 80 180
c 80 82 93 11 111
c 13 17 28 35 122
c 94 97 53 70 34
c 89 67 91 95 135
c 11 40 85 56 159
c 82 89 96 3 95
c 16 23 76 79 25
c 66 72 41 42 60
c 52 54 15 21 33
c 93 11 55 58 69
c 94 96 96 98 25
c 47 41 81 31 130
c 6 11 10 15 38
c 14 19 50 54 96
c 49 52 90 18 69
c 7 9 55 56 96
c 89 91 43 45 88
c 13 16 23 2 91
c 0 1 44 50 30
c 28 96 53 21 141
c 48 52 32 35 81
c 34 39 82 64 89
c 46 10 20 24 162
c 82 88 75 76 140
c 10 11 85 91 156
c 3 4 32 34 134
c 26 31 95 66 51
c 76 39 88 95 155
c 30 33 86 89 128
c 58 65 51 53 108
c 47 52 92 26 60
c 17 24 6 8 101
c 99 4 7 24 88
c 16 87 14 97 65
c 15 22 93 94 198
c 67 56 37 23 101
c 78 82 32 56 39
c 59 6 42 72 155
c 95 18 54 58 78
c 78 53 69 70 194
c 78 80 1 3 146
c 44 90 88 90 112
c 76 79 79 83 144
c 86 89 12 99 149
c 35 37 41 42 60
c 64 28 33 40 143
c 15 22 53 56 40
c 50 57 22 25 89
c 76 83 57 73 139
c 41 47 17 21 189
c 10 11 15 22 117
c 71 72 9 59 125
