notes: n=200, m=4507, elb=1, eub=20, conf_density=0.0002, clb=25, cub= 200, seed= 6910
p spec 200 4507 2030
s 124
t 199
a 0 1 18
a 0 2 15
a 0 3 8
a 0 4 9
a 0 5 14
a 0 6 14
a 0 7 16
a 0 8 9
a 0 9 2
a 0 10 17
a 0 11 12
a 0 12 19
a 0 13 6
a 0 14 9
a 0 15 16
a 0 145 2
a 0 175 12
a 0 23 11
a 0 62 1
a 1 2 8
a 1 3 2
a 1 4 10
a 1 5 7
a 1 6 18
a 1 7 18
a 1 8 12
a 1 9 16
a 1 10 12
a 1 11 7
a 1 12 14
a 1 13 4
a 1 14 8
a 1 15 3
a 1 16 10
a 1 155 4
a 1 99 17
a 1 21 7
a 1 114 4
a 1 182 17
a 2 3 5
a 2 4 5
a 2 5 13
a 2 6 4
a 2 7 7
a 2 8 10
a 2 9 9
a 2 10 7
a 2 11 6
a 2 12 11
a 2 13 18
a 2 14 13
a 2 15 14
a 2 16 10
a 2 17 11
a 2 1 16
a 2 34 3
a 2 157 13
a 2 135 15
a 2 188 2
a 2 54 16
a 2 170 2
a 2 76 18
a 2 99 16
a 3 4 14
a 3 5 3
a 3 6 14
a 3 7 6
a 3 8 17
a 3 9 16
a 3 10 7
a 3 11 8
a 3 12 3
a 3 13 9
a 3 14 6
a 3 15 19
a 3 16 10
a 3 17 12
a 3 18 1
a 3 174 15
a 3 134 11
a 3 107 4
a 3 102 7
a 3 93 16
a 4 5 10
a 4 6 5
a 4 7 12
a 4 8 1
a 4 9 7
a 4 10 5
a 4 11 19
a 4 12 18
a 4 13 16
a 4 14 19
a 4 15 16
a 4 16 4
a 4 17 12
a 4 18 7
a 4 19 6
a 4 165 8
a 4 168 5
a 4 140 10
a 4 36 14
a 4 89 5
a 5 6 5
a 5 7 16
a 5 8 3
a 5 9 2
a 5 10 9
a 5 11 14
a 5 12 15
a 5 13 9
a 5 14 9
a 5 15 5
a 5 16 10
a 5 17 19
a 5 18 4
a 5 19 4
a 5 20 11
a 5 102 19
a 5 180 4
a 5 183 11
a 6 7 4
a 6 8 14
a 6 9 11
a 6 10 17
a 6 11 4
a 6 12 9
a 6 13 6
a 6 14 15
a 6 15 1
a 6 16 10
a 6 17 15
a 6 18 16
a 6 19 4
a 6 20 10
a 6 21 13
a 6 199 2
a 6 31 16
a 6 158 9
a 6 105 12
a 6 71 8
a 6 125 6
a 6 42 6
a 6 100 10
a 7 8 17
a 7 9 4
a 7 10 12
a 7 11 10
a 7 12 9
a 7 13 8
a 7 14 16
a 7 15 18
a 7 16 4
a 7 17 6
a 7 18 3
a 7 19 1
a 7 20 14
a 7 21 18
a 7 22 10
a 7 162 3
a 7 55 13
a 7 98 17
a 7 150 14
a 7 191 10
a 8 9 5
a 8 10 18
a 8 11 13
a 8 12 18
a 8 13 16
a 8 14 3
a 8 15 15
a 8 16 10
a 8 17 14
a 8 18 8
a 8 19 12
a 8 20 9
a 8 21 9
a 8 22 3
a 8 23 19
a 8 112 18
a 8 183 3
a 8 28 2
a 8 107 8
a 8 4 19
a 8 24 12
a 8 0 3
a 8 39 14
a 8 91 9
a 8 1 19
a 9 10 17
a 9 11 16
a 9 12 5
a 9 13 7
a 9 14 4
a 9 15 8
a 9 16 7
a 9 17 8
a 9 18 14
a 9 19 12
a 9 20 12
a 9 21 11
a 9 22 11
a 9 23 8
a 9 24 9
a 9 136 5
a 9 110 19
a 9 182 5
a 9 71 1
a 9 92 7
a 9 77 16
a 9 30 6
a 10 11 7
a 10 12 13
a 10 13 13
a 10 14 19
a 10 15 15
a 10 16 14
a 10 17 4
a 10 18 16
a 10 19 16
a 10 20 4
a 10 21 1
a 10 22 1
a 10 23 10
a 10 24 5
a 10 25 8
a 10 97 16
a 10 94 14
a 10 108 12
a 10 50 3
a 10 57 4
a 10 35 3
a 10 82 17
a 10 182 4
a 10 60 16
a 10 89 8
a 10 66 18
a 11 12 4
a 11 13 12
a 11 14 19
a 11 15 14
a 11 16 14
a 11 17 2
a 11 18 1
a 11 19 18
a 11 20 1
a 11 21 2
a 11 22 13
a 11 23 3
a 11 24 9
a 11 25 10
a 11 26 2
a 11 167 7
a 11 35 3
a 11 27 9
a 11 119 5
a 11 60 11
a 12 13 9
a 12 14 7
a 12 15 4
a 12 16 11
a 12 17 3
a 12 18 17
a 12 19 16
a 12 20 4
a 12 21 14
a 12 22 14
a 12 23 2
a 12 24 16
a 12 25 13
a 12 26 8
a 12 27 4
a 12 91 12
a 12 35 19
a 12 102 15
a 12 103 5
a 12 134 11
a 12 133 11
a 12 161 8
a 12 167 16
a 13 14 9
a 13 15 5
a 13 16 13
a 13 17 17
a 13 18 7
a 13 19 18
a 13 20 14
a 13 21 19
a 13 22 9
a 13 23 8
a 13 24 10
a 13 25 9
a 13 26 1
a 13 27 2
a 13 28 11
a 13 118 8
a 13 112 11
a 13 122 15
a 13 156 10
a 13 45 17
a 13 157 11
a 13 60 15
a 13 87 14
a 14 15 10
a 14 16 14
a 14 17 16
a 14 18 2
a 14 19 17
a 14 20 18
a 14 21 8
a 14 22 9
a 14 23 10
a 14 24 16
a 14 25 6
a 14 26 14
a 14 27 5
a 14 28 6
a 14 29 14
a 14 55 6
a 14 84 9
a 14 162 17
a 14 170 18
a 14 148 18
a 14 39 1
a 14 48 4
a 14 163 8
a 15 16 17
a 15 17 7
a 15 18 16
a 15 19 5
a 15 20 8
a 15 21 5
a 15 22 13
a 15 23 1
a 15 24 13
a 15 25 2
a 15 26 11
a 15 27 16
a 15 28 6
a 15 29 2
a 15 30 8
a 15 199 16
a 15 153 2
a 15 54 11
a 15 144 16
a 15 156 18
a 15 71 13
a 15 141 3
a 15 121 7
a 15 193 1
a 145 146 18
a 145 147 18
a 145 148 14
a 145 149 17
a 145 150 15
a 145 151 12
a 145 152 5
a 145 153 10
a 145 154 10
a 145 155 3
a 145 156 1
a 145 157 3
a 145 158 4
a 145 159 5
a 145 160 15
a 145 106 17
a 145 38 10
a 145 65 16
a 145 30 10
a 145 66 15
a 175 176 9
a 175 177 10
a 175 178 16
a 175 179 19
a 175 180 17
a 175 181 6
a 175 182 13
a 175 183 15
a 175 184 7
a 175 185 19
a 175 186 1
a 175 187 5
a 175 188 9
a 175 189 12
a 175 190 15
a 175 38 16
a 175 109 17
a 175 52 3
a 175 48 11
a 175 41 19
a 175 112 14
a 23 24 17
a 23 25 16
a 23 26 8
a 23 27 5
a 23 28 16
a 23 29 1
a 23 30 9
a 23 31 9
a 23 32 11
a 23 33 4
a 23 34 19
a 23 35 12
a 23 36 13
a 23 37 18
a 23 38 15
a 23 186 8
a 23 73 13
a 23 192 1
a 23 182 15
a 23 183 11
a 62 63 10
a 62 64 13
a 62 65 3
a 62 66 3
a 62 67 12
a 62 68 1
a 62 69 14
a 62 70 2
a 62 71 6
a 62 72 1
a 62 73 11
a 62 74 16
a 62 75 13
a 62 76 17
a 62 77 18
a 62 95 8
a 62 117 4
a 62 78 4
a 62 93 16
a 62 118 5
a 62 83 5
a 16 17 2
a 16 18 1
a 16 19 14
a 16 20 13
a 16 21 4
a 16 22 7
a 16 23 12
a 16 24 19
a 16 25 2
a 16 26 7
a 16 27 15
a 16 28 2
a 16 29 11
a 16 30 11
a 16 31 6
a 16 146 12
a 16 51 9
a 16 41 16
a 16 125 18
a 16 39 16
a 16 154 15
a 155 156 16
a 155 157 8
a 155 158 3
a 155 159 3
a 155 160 12
a 155 161 8
a 155 162 5
a 155 163 16
a 155 164 16
a 155 165 3
a 155 166 17
a 155 167 13
a 155 168 17
a 155 169 10
a 155 170 19
a 155 21 4
a 155 113 5
a 155 89 10
a 155 182 14
a 155 97 17
a 155 149 6
a 155 44 6
a 155 69 1
a 155 132 16
a 99 100 9
a 99 101 8
a 99 102 6
a 99 103 11
a 99 104 14
a 99 105 2
a 99 106 1
a 99 107 15
a 99 108 9
a 99 109 12
a 99 110 5
a 99 111 19
a 99 112 8
a 99 113 5
a 99 114 8
a 99 178 5
a 99 22 17
a 99 123 16
a 99 27 19
a 99 199 19
a 99 18 2
a 21 22 18
a 21 23 1
a 21 24 4
a 21 25 13
a 21 26 8
a 21 27 16
a 21 28 12
a 21 29 8
a 21 30 11
a 21 31 11
a 21 32 6
a 21 33 4
a 21 34 16
a 21 35 3
a 21 36 6
a 21 57 18
a 21 120 9
a 21 83 10
a 21 81 2
a 21 159 1
a 21 133 16
a 21 131 17
a 21 76 13
a 21 157 3
a 21 132 16
a 114 115 1
a 114 116 15
a 114 117 1
a 114 118 19
a 114 119 9
a 114 120 9
a 114 121 14
a 114 122 1
a 114 123 6
a 114 124 12
a 114 125 9
a 114 126 15
a 114 127 8
a 114 128 9
a 114 129 14
a 114 83 10
a 114 164 10
a 114 49 17
a 114 12 12
a 114 76 6
a 114 176 14
a 114 141 7
a 114 195 12
a 182 183 6
a 182 184 15
a 182 185 10
a 182 186 13
a 182 187 1
a 182 188 12
a 182 189 6
a 182 190 15
a 182 191 16
a 182 192 5
a 182 193 8
a 182 194 7
a 182 195 6
a 182 196 4
a 182 197 3
a 182 86 19
a 182 2 7
a 182 76 19
a 182 158 10
a 182 51 3
a 17 18 3
a 17 19 14
a 17 20 18
a 17 21 19
a 17 22 13
a 17 23 3
a 17 24 11
a 17 25 10
a 17 26 15
a 17 27 2
a 17 28 6
a 17 29 1
a 17 30 10
a 17 31 16
a 17 32 13
a 17 167 15
a 17 43 4
a 17 120 5
a 17 39 11
a 17 138 15
a 17 190 9
a 17 80 19
a 17 62 10
a 17 145 12
a 34 35 14
a 34 36 4
a 34 37 5
a 34 38 11
a 34 39 8
a 34 40 9
a 34 41 10
a 34 42 1
a 34 43 6
a 34 44 5
a 34 45 12
a 34 46 12
a 34 47 18
a 34 48 7
a 34 49 2
a 34 6 15
a 34 79 6
a 34 181 1
a 34 126 9
a 34 87 18
a 34 199 2
a 157 158 14
a 157 159 15
a 157 160 19
a 157 161 5
a 157 162 7
a 157 163 14
a 157 164 10
a 157 165 11
a 157 166 9
a 157 167 7
a 157 168 18
a 157 169 18
a 157 170 12
a 157 171 8
a 157 172 19
a 157 136 10
a 157 67 3
a 157 98 13
a 157 196 7
a 157 110 15
a 135 136 17
a 135 137 3
a 135 138 7
a 135 139 1
a 135 140 10
a 135 141 9
a 135 142 2
a 135 143 6
a 135 144 19
a 135 145 7
a 135 146 1
a 135 147 8
a 135 148 10
a 135 149 4
a 135 150 7
a 135 88 11
a 135 73 1
a 135 87 16
a 135 173 13
a 188 189 10
a 188 190 13
a 188 191 13
a 188 192 5
a 188 193 3
a 188 194 5
a 188 195 14
a 188 196 6
a 188 197 6
a 188 198 1
a 188 199 19
a 188 0 3
a 188 1 11
a 188 2 4
a 188 3 12
a 188 80 4
a 188 9 11
a 188 176 13
a 188 139 18
a 188 25 8
a 188 175 1
a 54 55 2
a 54 56 4
a 54 57 13
a 54 58 9
a 54 59 5
a 54 60 11
a 54 61 8
a 54 62 18
a 54 63 7
a 54 64 12
a 54 65 3
a 54 66 11
a 54 67 6
a 54 68 10
a 54 69 7
a 54 32 14
a 54 98 11
a 54 173 4
a 54 114 10
a 54 178 6
a 54 52 16
a 54 104 10
a 170 171 13
a 170 172 5
a 170 173 18
a 170 174 16
a 170 175 5
a 170 176 12
a 170 177 5
a 170 178 7
a 170 179 10
a 170 180 4
a 170 181 6
a 170 182 8
a 170 183 14
a 170 184 18
a 170 185 5
a 170 149 16
a 170 123 19
a 170 30 16
a 170 113 16
a 170 51 4
a 170 84 16
a 170 190 11
a 170 6 12
a 170 11 1
a 76 77 4
a 76 78 7
a 76 79 16
a 76 80 4
a 76 81 3
a 76 82 10
a 76 83 12
a 76 84 14
a 76 85 6
a 76 86 14
a 76 87 13
a 76 88 11
a 76 89 7
a 76 90 10
a 76 91 10
a 76 95 9
a 76 45 6
a 76 148 2
a 76 47 16
a 76 150 3
a 76 12 12
a 76 102 7
a 76 11 17
a 18 19 4
a 18 20 19
a 18 21 12
a 18 22 14
a 18 23 17
a 18 24 12
a 18 25 18
a 18 26 13
a 18 27 13
a 18 28 17
a 18 29 3
a 18 30 16
a 18 31 8
a 18 32 8
a 18 33 11
a 18 45 18
a 18 47 19
a 18 119 4
a 18 80 1
a 18 36 10
a 18 61 9
a 18 109 12
a 18 199 5
a 174 175 1
a 174 176 4
a 174 177 11
a 174 178 2
a 174 179 17
a 174 180 15
a 174 181 18
a 174 182 2
a 174 183 6
a 174 184 16
a 174 185 14
a 174 186 15
a 174 187 7
a 174 188 3
a 174 189 7
a 174 120 8
a 174 169 17
a 174 126 12
a 174 10 15
a 174 163 8
a 174 114 7
a 174 146 7
a 134 135 13
a 134 136 17
a 134 137 17
a 134 138 14
a 134 139 12
a 134 140 2
a 134 141 1
a 134 142 10
a 134 143 14
a 134 144 8
a 134 145 2
a 134 146 17
a 134 147 1
a 134 148 6
a 134 149 19
a 134 52 13
a 134 18 11
a 134 16 2
a 107 108 3
a 107 109 12
a 107 110 17
a 107 111 5
a 107 112 17
a 107 113 15
a 107 114 8
a 107 115 9
a 107 116 16
a 107 117 18
a 107 118 12
a 107 119 16
a 107 120 1
a 107 121 10
a 107 122 3
a 107 90 1
a 107 38 19
a 107 173 14
a 107 58 7
a 107 98 18
a 107 178 16
a 107 27 10
a 102 103 2
a 102 104 5
a 102 105 7
a 102 106 15
a 102 107 7
a 102 108 5
a 102 109 15
a 102 110 6
a 102 111 10
a 102 112 9
a 102 113 6
a 102 114 3
a 102 115 3
a 102 116 12
a 102 117 19
a 102 98 17
a 102 7 7
a 102 83 2
a 102 101 9
a 102 68 4
a 102 152 10
a 102 30 1
a 102 51 10
a 102 154 1
a 93 94 8
a 93 95 7
a 93 96 17
a 93 97 13
a 93 98 1
a 93 99 5
a 93 100 1
a 93 101 4
a 93 102 5
a 93 103 17
a 93 104 14
a 93 105 5
a 93 106 9
a 93 107 15
a 93 108 17
a 93 110 10
a 93 154 6
a 93 167 5
a 93 155 10
a 93 174 10
a 93 60 7
a 19 20 17
a 19 21 17
a 19 22 15
a 19 23 5
a 19 24 17
a 19 25 14
a 19 26 5
a 19 27 3
a 19 28 9
a 19 29 13
a 19 30 11
a 19 31 18
a 19 32 1
a 19 33 4
a 19 34 18
a 19 92 15
a 19 37 5
a 19 136 4
a 19 149 12
a 19 41 11
a 19 71 7
a 19 90 6
a 19 134 17
a 165 166 19
a 165 167 16
a 165 168 9
a 165 169 14
a 165 170 9
a 165 171 4
a 165 172 10
a 165 173 7
a 165 174 14
a 165 175 8
a 165 176 9
a 165 177 6
a 165 178 19
a 165 179 6
a 165 180 1
a 165 35 6
a 165 65 8
a 165 56 12
a 165 127 14
a 165 8 13
a 165 102 11
a 165 25 1
a 165 153 16
a 165 139 16
a 168 169 3
a 168 170 11
a 168 171 9
a 168 172 9
a 168 173 18
a 168 174 1
a 168 175 1
a 168 176 5
a 168 177 3
a 168 178 5
a 168 179 13
a 168 180 6
a 168 181 12
a 168 182 13
a 168 183 13
a 168 17 18
a 168 193 12
a 168 29 9
a 168 115 2
a 168 149 5
a 168 148 12
a 168 135 11
a 140 141 5
a 140 142 5
a 140 143 13
a 140 144 18
a 140 145 9
a 140 146 11
a 140 147 10
a 140 148 10
a 140 149 4
a 140 150 8
a 140 151 11
a 140 152 1
a 140 153 10
a 140 154 1
a 140 155 4
a 140 57 6
a 140 42 15
a 140 109 11
a 140 166 19
a 140 44 4
a 140 16 3
a 140 46 14
a 36 37 11
a 36 38 13
a 36 39 6
a 36 40 14
a 36 41 8
a 36 42 7
a 36 43 6
a 36 44 2
a 36 45 19
a 36 46 17
a 36 47 17
a 36 48 17
a 36 49 3
a 36 50 2
a 36 51 10
a 36 110 6
a 36 195 4
a 36 117 5
a 36 65 6
a 36 181 2
a 36 18 6
a 89 90 5
a 89 91 4
a 89 92 8
a 89 93 8
a 89 94 8
a 89 95 5
a 89 96 4
a 89 97 18
a 89 98 13
a 89 99 14
a 89 100 7
a 89 101 5
a 89 102 7
a 89 103 17
a 89 104 11
a 89 48 16
a 89 39 6
a 89 175 15
a 89 160 14
a 89 6 17
a 89 158 12
a 20 21 15
a 20 22 2
a 20 23 9
a 20 24 18
a 20 25 10
a 20 26 16
a 20 27 16
a 20 28 16
a 20 29 5
a 20 30 14
a 20 31 18
a 20 32 3
a 20 33 14
a 20 34 14
a 20 35 13
a 20 81 8
a 20 157 1
a 20 3 13
a 20 98 5
a 20 166 11
a 20 40 4
a 20 70 3
a 180 181 14
a 180 182 3
a 180 183 7
a 180 184 15
a 180 185 5
a 180 186 8
a 180 187 1
a 180 188 17
a 180 189 13
a 180 190 3
a 180 191 14
a 180 192 1
a 180 193 7
a 180 194 7
a 180 195 12
a 180 165 14
a 180 84 13
a 180 199 18
a 180 55 5
a 180 127 4
a 180 156 13
a 180 100 7
a 180 23 16
a 183 184 18
a 183 185 3
a 183 186 18
a 183 187 7
a 183 188 11
a 183 189 14
a 183 190 6
a 183 191 10
a 183 192 19
a 183 193 9
a 183 194 17
a 183 195 15
a 183 196 5
a 183 197 14
a 183 198 11
a 183 82 16
a 183 125 5
a 183 105 1
a 183 133 9
a 183 37 19
a 199 0 12
a 199 1 15
a 199 2 4
a 199 3 6
a 199 4 18
a 199 5 16
a 199 6 4
a 199 7 12
a 199 8 5
a 199 9 7
a 199 10 6
a 199 11 14
a 199 12 16
a 199 13 8
a 199 14 13
a 199 67 1
a 199 65 14
a 199 46 3
a 199 154 9
a 199 109 2
a 199 34 3
a 199 108 5
a 199 119 14
a 199 99 1
a 199 148 10
a 199 181 11
a 31 32 11
a 31 33 1
a 31 34 17
a 31 35 2
a 31 36 15
a 31 37 16
a 31 38 6
a 31 39 19
a 31 40 5
a 31 41 17
a 31 42 11
a 31 43 16
a 31 44 1
a 31 45 13
a 31 46 18
a 31 53 11
a 31 69 16
a 31 119 6
a 31 109 17
a 31 67 10
a 31 22 3
a 31 105 5
a 31 0 15
a 158 159 6
a 158 160 11
a 158 161 13
a 158 162 3
a 158 163 8
a 158 164 12
a 158 165 5
a 158 166 19
a 158 167 8
a 158 168 2
a 158 169 11
a 158 170 16
a 158 171 15
a 158 172 13
a 158 173 17
a 158 120 16
a 158 155 18
a 158 23 12
a 158 56 7
a 158 32 5
a 158 114 8
a 158 92 12
a 158 188 18
a 158 100 18
a 158 123 3
a 105 106 14
a 105 107 10
a 105 108 13
a 105 109 10
a 105 110 7
a 105 111 16
a 105 112 7
a 105 113 6
a 105 114 6
a 105 115 9
a 105 116 19
a 105 117 19
a 105 118 9
a 105 119 12
a 105 120 3
a 105 127 8
a 105 88 7
a 105 143 1
a 105 20 19
a 105 52 17
a 105 187 10
a 105 39 19
a 105 139 4
a 105 159 10
a 105 53 3
a 105 4 3
a 71 72 3
a 71 73 14
a 71 74 7
a 71 75 3
a 71 76 8
a 71 77 11
a 71 78 16
a 71 79 12
a 71 80 3
a 71 81 2
a 71 82 12
a 71 83 3
a 71 84 17
a 71 85 17
a 71 86 10
a 71 146 16
a 71 101 9
a 71 1 14
a 71 4 9
a 71 11 9
a 71 94 16
a 71 127 2
a 125 126 16
a 125 127 5
a 125 128 8
a 125 129 16
a 125 130 5
a 125 131 19
a 125 132 13
a 125 133 16
a 125 134 13
a 125 135 15
a 125 136 12
a 125 137 7
a 125 138 19
a 125 139 16
a 125 140 4
a 125 154 15
a 125 56 9
a 125 45 4
a 125 183 13
a 125 124 1
a 125 160 16
a 125 159 12
a 125 50 14
a 42 43 13
a 42 44 9
a 42 45 10
a 42 46 6
a 42 47 3
a 42 48 7
a 42 49 18
a 42 50 16
a 42 51 5
a 42 52 5
a 42 53 5
a 42 54 9
a 42 55 10
a 42 56 6
a 42 57 5
a 42 102 15
a 42 107 3
a 42 86 17
a 42 156 2
a 42 38 15
a 42 110 1
a 42 3 2
a 42 26 8
a 100 101 8
a 100 102 14
a 100 103 2
a 100 104 13
a 100 105 18
a 100 106 6
a 100 107 3
a 100 108 3
a 100 109 18
a 100 110 2
a 100 111 12
a 100 112 10
a 100 113 16
a 100 114 4
a 100 115 7
a 100 36 1
a 100 149 10
a 100 185 9
a 100 163 2
a 100 68 9
a 100 99 13
a 100 138 18
a 100 191 2
a 100 92 17
a 100 195 6
a 22 23 10
a 22 24 4
a 22 25 2
a 22 26 15
a 22 27 8
a 22 28 16
a 22 29 3
a 22 30 1
a 22 31 5
a 22 32 10
a 22 33 13
a 22 34 2
a 22 35 6
a 22 36 14
a 22 37 14
a 22 148 17
a 22 64 9
a 22 60 16
a 22 125 19
a 22 7 16
a 22 80 1
a 22 17 8
a 22 158 17
a 22 86 11
a 22 20 12
a 22 188 5
a 162 163 18
a 162 164 18
a 162 165 5
a 162 166 18
a 162 167 18
a 162 168 6
a 162 169 1
a 162 170 14
a 162 171 19
a 162 172 4
a 162 173 11
a 162 174 10
a 162 175 7
a 162 176 15
a 162 177 12
a 162 191 10
a 162 115 2
a 162 123 4
a 162 118 7
a 162 23 19
a 162 89 5
a 162 128 7
a 162 50 13
a 162 104 3
a 162 63 4
a 55 56 16
a 55 57 11
a 55 58 4
a 55 59 11
a 55 60 10
a 55 61 14
a 55 62 3
a 55 63 1
a 55 64 13
a 55 65 12
a 55 66 11
a 55 67 14
a 55 68 3
a 55 69 12
a 55 70 2
a 55 128 6
a 55 170 5
a 55 111 8
a 55 117 7
a 55 71 9
a 55 3 18
a 55 98 14
a 55 171 11
a 55 51 19
a 55 78 2
a 55 19 3
a 55 73 9
a 98 99 2
a 98 100 6
a 98 101 8
a 98 102 17
a 98 103 16
a 98 104 7
a 98 105 7
a 98 106 11
a 98 107 14
a 98 108 17
a 98 109 17
a 98 110 8
a 98 111 1
a 98 112 3
a 98 113 5
a 98 28 3
a 98 116 15
a 98 58 7
a 98 3 11
a 98 11 11
a 98 120 18
a 98 172 18
a 150 151 3
a 150 152 10
a 150 153 16
a 150 154 19
a 150 155 1
a 150 156 17
a 150 157 12
a 150 158 9
a 150 159 6
a 150 160 11
a 150 161 17
a 150 162 5
a 150 163 10
a 150 164 12
a 150 165 13
a 150 48 2
a 150 39 4
a 150 99 5
a 150 179 16
a 150 90 8
a 150 75 12
a 191 192 1
a 191 193 1
a 191 194 9
a 191 195 9
a 191 196 8
a 191 197 12
a 191 198 3
a 191 199 3
a 191 0 3
a 191 1 5
a 191 2 5
a 191 3 2
a 191 4 14
a 191 5 18
a 191 6 12
a 191 137 4
a 191 184 17
a 191 141 5
a 191 85 10
a 191 23 9
a 191 138 2
a 191 31 4
a 191 156 12
a 191 147 10
a 112 113 19
a 112 114 5
a 112 115 15
a 112 116 9
a 112 117 3
a 112 118 10
a 112 119 13
a 112 120 16
a 112 121 17
a 112 122 3
a 112 123 18
a 112 124 3
a 112 125 18
a 112 126 1
a 112 127 13
a 112 7 10
a 112 0 3
a 112 166 5
a 112 155 14
a 28 29 18
a 28 30 5
a 28 31 15
a 28 32 2
a 28 33 13
a 28 34 8
a 28 35 19
a 28 36 11
a 28 37 18
a 28 38 12
a 28 39 3
a 28 40 4
a 28 41 1
a 28 42 18
a 28 43 10
a 28 72 15
a 28 108 16
a 28 50 9
a 28 86 4
a 28 13 2
a 28 98 9
a 28 68 8
a 28 122 12
a 28 45 14
a 28 110 18
a 28 101 18
a 24 25 11
a 24 26 17
a 24 27 13
a 24 28 8
a 24 29 2
a 24 30 5
a 24 31 19
a 24 32 4
a 24 33 3
a 24 34 3
a 24 35 14
a 24 36 4
a 24 37 9
a 24 38 3
a 24 39 13
a 24 141 11
a 24 155 12
a 24 132 1
a 24 127 18
a 24 169 10
a 24 166 8
a 24 64 10
a 24 81 12
a 39 40 2
a 39 41 19
a 39 42 13
a 39 43 11
a 39 44 18
a 39 45 6
a 39 46 4
a 39 47 8
a 39 48 19
a 39 49 12
a 39 50 14
a 39 51 7
a 39 52 11
a 39 53 2
a 39 54 4
a 39 99 4
a 39 179 17
a 39 135 19
a 39 25 2
a 39 77 1
a 39 108 1
a 39 20 10
a 39 114 15
a 91 92 4
a 91 93 5
a 91 94 12
a 91 95 3
a 91 96 16
a 91 97 14
a 91 98 19
a 91 99 19
a 91 100 12
a 91 101 7
a 91 102 7
a 91 103 3
a 91 104 5
a 91 105 14
a 91 106 15
a 91 67 1
a 91 124 16
a 91 175 5
a 91 192 17
a 91 182 12
a 91 26 18
a 91 87 7
a 136 137 10
a 136 138 6
a 136 139 7
a 136 140 11
a 136 141 10
a 136 142 19
a 136 143 7
a 136 144 5
a 136 145 18
a 136 146 17
a 136 147 19
a 136 148 16
a 136 149 13
a 136 150 9
a 136 151 2
a 136 100 18
a 136 175 3
a 136 123 12
a 136 41 13
a 136 120 9
a 136 21 15
a 136 194 8
a 136 65 15
a 136 44 12
a 110 111 17
a 110 112 16
a 110 113 1
a 110 114 5
a 110 115 13
a 110 116 8
a 110 117 7
a 110 118 17
a 110 119 14
a 110 120 2
a 110 121 17
a 110 122 5
a 110 123 8
a 110 124 12
a 110 125 3
a 110 88 3
a 110 159 14
a 110 150 6
a 110 49 10
a 110 105 5
a 110 138 8
a 110 145 3
a 92 93 10
a 92 94 19
a 92 95 7
a 92 96 18
a 92 97 13
a 92 98 5
a 92 99 14
a 92 100 8
a 92 101 1
a 92 102 5
a 92 103 4
a 92 104 6
a 92 105 14
a 92 106 2
a 92 107 13
a 92 46 17
a 92 197 8
a 92 175 9
a 92 52 17
a 92 53 10
a 92 114 7
a 92 24 16
a 77 78 3
a 77 79 14
a 77 80 1
a 77 81 19
a 77 82 3
a 77 83 19
a 77 84 10
a 77 85 3
a 77 86 5
a 77 87 12
a 77 88 18
a 77 89 8
a 77 90 4
a 77 91 8
a 77 92 5
a 77 97 1
a 77 151 14
a 77 49 5
a 77 173 12
a 77 172 19
a 77 149 2
a 30 31 10
a 30 32 18
a 30 33 6
a 30 34 3
a 30 35 1
a 30 36 5
a 30 37 8
a 30 38 7
a 30 39 5
a 30 40 14
a 30 41 15
a 30 42 10
a 30 43 8
a 30 44 10
a 30 45 2
a 30 166 15
a 30 84 16
a 30 57 19
a 30 198 1
a 30 126 2
a 30 8 15
a 30 165 17
a 30 51 3
a 30 73 17
a 25 26 7
a 25 27 7
a 25 28 2
a 25 29 13
a 25 30 9
a 25 31 8
a 25 32 17
a 25 33 2
a 25 34 1
a 25 35 11
a 25 36 6
a 25 37 12
a 25 38 15
a 25 39 14
a 25 40 9
a 25 190 8
a 25 164 19
a 25 3 17
a 25 175 15
a 25 17 6
a 25 127 17
a 25 132 17
a 25 52 11
a 25 186 3
a 25 145 16
a 97 98 4
a 97 99 10
a 97 100 11
a 97 101 3
a 97 102 14
a 97 103 1
a 97 104 16
a 97 105 19
a 97 106 10
a 97 107 7
a 97 108 6
a 97 109 3
a 97 110 5
a 97 111 18
a 97 112 7
a 97 34 8
a 97 179 3
a 97 116 13
a 97 190 10
a 97 3 1
a 97 165 10
a 97 27 6
a 97 13 16
a 97 43 3
a 94 95 9
a 94 96 6
a 94 97 4
a 94 98 9
a 94 99 12
a 94 100 8
a 94 101 12
a 94 102 17
a 94 103 12
a 94 104 8
a 94 105 3
a 94 106 4
a 94 107 4
a 94 108 9
a 94 109 16
a 94 21 14
a 94 192 16
a 94 25 19
a 94 35 11
a 94 163 1
a 94 162 12
a 94 6 13
a 108 109 16
a 108 110 2
a 108 111 10
a 108 112 8
a 108 113 6
a 108 114 2
a 108 115 15
a 108 116 13
a 108 117 14
a 108 118 3
a 108 119 12
a 108 120 4
a 108 121 13
a 108 122 8
a 108 123 18
a 108 32 18
a 108 83 18
a 108 44 15
a 108 13 5
a 108 21 9
a 108 189 17
a 50 51 1
a 50 52 7
a 50 53 7
a 50 54 17
a 50 55 19
a 50 56 18
a 50 57 10
a 50 58 15
a 50 59 10
a 50 60 2
a 50 61 17
a 50 62 16
a 50 63 16
a 50 64 10
a 50 65 7
a 50 48 5
a 50 195 4
a 50 2 4
a 50 179 19
a 50 174 18
a 50 186 11
a 50 151 9
a 50 120 13
a 50 9 15
a 57 58 6
a 57 59 3
a 57 60 2
a 57 61 12
a 57 62 2
a 57 63 15
a 57 64 9
a 57 65 12
a 57 66 5
a 57 67 12
a 57 68 9
a 57 69 2
a 57 70 7
a 57 71 15
a 57 72 7
a 57 132 19
a 57 43 14
a 57 153 14
a 57 29 10
a 57 121 10
a 57 27 5
a 57 10 7
a 35 36 7
a 35 37 13
a 35 38 15
a 35 39 16
a 35 40 11
a 35 41 9
a 35 42 1
a 35 43 6
a 35 44 6
a 35 45 2
a 35 46 2
a 35 47 13
a 35 48 9
a 35 49 4
a 35 50 16
a 35 175 13
a 35 156 8
a 35 123 18
a 35 132 6
a 35 177 11
a 35 138 19
a 35 173 17
a 35 110 10
a 82 83 6
a 82 84 10
a 82 85 7
a 82 86 7
a 82 87 2
a 82 88 1
a 82 89 8
a 82 90 4
a 82 91 1
a 82 92 10
a 82 93 14
a 82 94 16
a 82 95 17
a 82 96 12
a 82 97 4
a 82 26 14
a 82 41 6
a 82 143 3
a 60 61 7
a 60 62 8
a 60 63 15
a 60 64 15
a 60 65 12
a 60 66 16
a 60 67 11
a 60 68 6
a 60 69 15
a 60 70 15
a 60 71 9
a 60 72 15
a 60 73 19
a 60 74 7
a 60 75 2
a 60 193 13
a 60 36 9
a 60 196 1
a 60 100 2
a 60 54 1
a 60 3 1
a 60 30 8
a 60 154 11
a 60 8 5
a 66 67 1
a 66 68 14
a 66 69 2
a 66 70 11
a 66 71 17
a 66 72 14
a 66 73 8
a 66 74 19
a 66 75 6
a 66 76 14
a 66 77 3
a 66 78 17
a 66 79 5
a 66 80 8
a 66 81 2
a 66 32 1
a 66 26 11
a 66 137 11
a 66 102 8
a 66 184 17
a 26 27 12
a 26 28 14
a 26 29 12
a 26 30 12
a 26 31 14
a 26 32 10
a 26 33 13
a 26 34 9
a 26 35 18
a 26 36 12
a 26 37 9
a 26 38 8
a 26 39 16
a 26 40 1
a 26 41 7
a 26 18 4
a 26 96 12
a 26 137 10
a 26 91 1
a 26 149 10
a 26 120 8
a 26 173 6
a 26 138 18
a 26 144 8
a 167 168 18
a 167 169 12
a 167 170 14
a 167 171 16
a 167 172 6
a 167 173 17
a 167 174 13
a 167 175 2
a 167 176 3
a 167 177 12
a 167 178 15
a 167 179 7
a 167 180 11
a 167 181 2
a 167 182 13
a 167 157 2
a 167 135 17
a 167 106 9
a 167 42 8
a 167 121 16
a 167 17 12
a 167 136 10
a 167 147 9
a 27 28 10
a 27 29 13
a 27 30 12
a 27 31 7
a 27 32 14
a 27 33 18
a 27 34 15
a 27 35 4
a 27 36 11
a 27 37 3
a 27 38 2
a 27 39 4
a 27 40 5
a 27 41 12
a 27 42 16
a 27 166 1
a 27 96 10
a 27 97 17
a 27 193 17
a 27 84 13
a 27 134 6
a 27 119 11
a 27 120 1
a 119 120 12
a 119 121 17
a 119 122 1
a 119 123 3
a 119 124 9
a 119 125 8
a 119 126 17
a 119 127 13
a 119 128 15
a 119 129 11
a 119 130 19
a 119 131 1
a 119 132 11
a 119 133 8
a 119 134 7
a 119 140 5
a 119 163 15
a 119 196 2
a 119 113 12
a 119 77 10
a 119 78 19
a 103 104 11
a 103 105 7
a 103 106 17
a 103 107 3
a 103 108 8
a 103 109 10
a 103 110 13
a 103 111 13
a 103 112 7
a 103 113 4
a 103 114 17
a 103 115 18
a 103 116 3
a 103 117 12
a 103 118 3
a 103 17 18
a 103 40 19
a 103 10 18
a 103 158 15
a 103 90 16
a 103 142 17
a 133 134 19
a 133 135 19
a 133 136 10
a 133 137 17
a 133 138 3
a 133 139 16
a 133 140 19
a 133 141 13
a 133 142 18
a 133 143 4
a 133 144 13
a 133 145 10
a 133 146 3
a 133 147 17
a 133 148 8
a 133 85 9
a 133 196 18
a 133 170 1
a 133 36 12
a 133 71 7
a 133 73 4
a 133 171 19
a 133 77 3
a 161 162 5
a 161 163 1
a 161 164 7
a 161 165 11
a 161 166 4
a 161 167 16
a 161 168 17
a 161 169 17
a 161 170 7
a 161 171 7
a 161 172 9
a 161 173 13
a 161 174 13
a 161 175 12
a 161 176 14
a 161 56 8
a 161 127 7
a 161 2 8
a 161 87 17
a 161 33 17
a 161 191 19
a 161 95 14
a 161 158 9
a 118 119 7
a 118 120 11
a 118 121 19
a 118 122 7
a 118 123 15
a 118 124 7
a 118 125 17
a 118 126 10
a 118 127 18
a 118 128 5
a 118 129 3
a 118 130 6
a 118 131 4
a 118 132 7
a 118 133 13
a 118 61 8
a 118 115 12
a 118 141 1
a 118 40 3
a 118 26 5
a 118 176 17
a 118 63 2
a 122 123 7
a 122 124 4
a 122 125 19
a 122 126 3
a 122 127 2
a 122 128 7
a 122 129 9
a 122 130 12
a 122 131 5
a 122 132 2
a 122 133 15
a 122 134 7
a 122 135 8
a 122 136 19
a 122 137 18
a 122 185 14
a 122 144 19
a 122 95 19
a 122 121 14
a 122 181 17
a 122 110 17
a 122 178 13
a 122 53 18
a 122 36 10
a 156 157 15
a 156 158 12
a 156 159 1
a 156 160 9
a 156 161 15
a 156 162 18
a 156 163 14
a 156 164 3
a 156 165 6
a 156 166 19
a 156 167 14
a 156 168 19
a 156 169 3
a 156 170 18
a 156 171 4
a 156 37 16
a 156 197 2
a 156 40 11
a 156 22 7
a 156 81 13
a 45 46 13
a 45 47 4
a 45 48 18
a 45 49 7
a 45 50 13
a 45 51 12
a 45 52 8
a 45 53 14
a 45 54 8
a 45 55 18
a 45 56 7
a 45 57 19
a 45 58 15
a 45 59 13
a 45 60 15
a 45 149 6
a 45 108 14
a 45 0 6
a 45 70 12
a 45 148 3
a 45 165 15
a 87 88 10
a 87 89 14
a 87 90 3
a 87 91 18
a 87 92 5
a 87 93 6
a 87 94 13
a 87 95 18
a 87 96 12
a 87 97 4
a 87 98 4
a 87 99 1
a 87 100 9
a 87 101 2
a 87 102 8
a 87 28 19
a 87 5 11
a 87 186 10
a 87 122 18
a 87 156 5
a 87 56 3
a 87 196 7
a 87 34 11
a 87 64 19
a 29 30 10
a 29 31 6
a 29 32 15
a 29 33 19
a 29 34 12
a 29 35 8
a 29 36 16
a 29 37 10
a 29 38 14
a 29 39 2
a 29 40 7
a 29 41 16
a 29 42 3
a 29 43 6
a 29 44 6
a 29 67 10
a 29 51 5
a 29 143 16
a 29 149 10
a 29 188 15
a 84 85 3
a 84 86 11
a 84 87 7
a 84 88 12
a 84 89 4
a 84 90 6
a 84 91 12
a 84 92 18
a 84 93 12
a 84 94 3
a 84 95 6
a 84 96 13
a 84 97 6
a 84 98 11
a 84 99 19
a 84 131 12
a 84 71 6
a 84 48 9
a 84 51 2
a 84 109 10
a 84 28 12
a 84 21 16
a 148 149 9
a 148 150 10
a 148 151 2
a 148 152 13
a 148 153 4
a 148 154 10
a 148 155 8
a 148 156 17
a 148 157 14
a 148 158 13
a 148 159 15
a 148 160 18
a 148 161 18
a 148 162 1
a 148 163 14
a 148 11 12
a 148 187 18
a 148 66 7
a 148 174 3
a 148 111 11
a 148 178 3
a 148 122 14
a 148 123 16
a 48 49 14
a 48 50 17
a 48 51 18
a 48 52 17
a 48 53 4
a 48 54 10
a 48 55 17
a 48 56 7
a 48 57 12
a 48 58 13
a 48 59 1
a 48 60 19
a 48 61 3
a 48 62 17
a 48 63 1
a 48 37 15
a 48 71 7
a 48 199 16
a 48 198 7
a 48 154 15
a 48 190 2
a 48 79 9
a 48 163 15
a 163 164 9
a 163 165 19
a 163 166 1
a 163 167 7
a 163 168 6
a 163 169 4
a 163 170 10
a 163 171 1
a 163 172 1
a 163 173 5
a 163 174 17
a 163 175 2
a 163 176 14
a 163 177 16
a 163 178 15
a 163 160 18
a 163 107 17
a 153 154 3
a 153 155 1
a 153 156 6
a 153 157 4
a 153 158 13
a 153 159 13
a 153 160 1
a 153 161 1
a 153 162 6
a 153 163 15
a 153 164 4
a 153 165 3
a 153 166 1
a 153 167 10
a 153 168 14
a 153 34 2
a 153 13 3
a 153 102 17
a 153 39 13
a 153 138 15
a 153 144 11
a 153 86 1
a 153 1 17
a 153 18 19
a 144 145 5
a 144 146 14
a 144 147 1
a 144 148 13
a 144 149 7
a 144 150 15
a 144 151 1
a 144 152 3
a 144 153 9
a 144 154 9
a 144 155 3
a 144 156 8
a 144 157 17
a 144 158 13
a 144 159 5
a 144 45 5
a 144 161 12
a 141 142 4
a 141 143 17
a 141 144 7
a 141 145 17
a 141 146 5
a 141 147 6
a 141 148 14
a 141 149 14
a 141 150 19
a 141 151 1
a 141 152 15
a 141 153 9
a 141 154 14
a 141 155 6
a 141 156 8
a 141 20 8
a 141 44 5
a 141 69 14
a 141 196 5
a 141 56 17
a 141 35 9
a 141 7 9
a 121 122 6
a 121 123 8
a 121 124 6
a 121 125 13
a 121 126 15
a 121 127 11
a 121 128 13
a 121 129 12
a 121 130 10
a 121 131 18
a 121 132 11
a 121 133 13
a 121 134 19
a 121 135 14
a 121 136 15
a 121 193 4
a 121 10 14
a 121 120 11
a 121 164 12
a 121 113 16
a 121 138 9
a 121 29 2
a 121 79 19
a 121 190 18
a 193 194 11
a 193 195 14
a 193 196 14
a 193 197 11
a 193 198 12
a 193 199 16
a 193 0 16
a 193 1 15
a 193 2 8
a 193 3 8
a 193 4 1
a 193 5 12
a 193 6 13
a 193 7 8
a 193 8 2
a 193 181 9
a 193 83 1
a 193 150 11
a 193 89 14
a 193 79 1
a 193 177 8
a 193 113 15
a 193 91 3
a 146 147 6
a 146 148 4
a 146 149 12
a 146 150 9
a 146 151 15
a 146 152 11
a 146 153 6
a 146 154 9
a 146 155 3
a 146 156 16
a 146 157 14
a 146 158 15
a 146 159 6
a 146 160 15
a 146 161 15
a 146 14 17
a 146 36 8
a 146 51 9
a 146 178 9
a 146 64 6
a 146 9 4
a 146 99 16
a 51 52 4
a 51 53 15
a 51 54 14
a 51 55 16
a 51 56 15
a 51 57 17
a 51 58 8
a 51 59 2
a 51 60 17
a 51 61 16
a 51 62 6
a 51 63 15
a 51 64 18
a 51 65 15
a 51 66 12
a 51 91 4
a 51 34 19
a 51 35 2
a 51 37 1
a 51 194 14
a 51 47 16
a 51 146 12
a 51 117 2
a 51 153 15
a 41 42 15
a 41 43 16
a 41 44 16
a 41 45 15
a 41 46 11
a 41 47 2
a 41 48 13
a 41 49 7
a 41 50 4
a 41 51 3
a 41 52 13
a 41 53 15
a 41 54 10
a 41 55 10
a 41 56 11
a 41 157 7
a 41 117 19
a 41 162 5
a 41 136 9
a 41 86 19
a 41 144 7
a 41 163 17
a 41 167 11
a 41 107 12
a 154 155 13
a 154 156 10
a 154 157 18
a 154 158 5
a 154 159 11
a 154 160 15
a 154 161 2
a 154 162 1
a 154 163 12
a 154 164 13
a 154 165 7
a 154 166 15
a 154 167 10
a 154 168 7
a 154 169 16
a 154 136 13
a 154 39 6
a 154 173 2
a 154 41 14
a 154 142 16
a 154 49 8
a 154 56 5
a 154 10 16
a 32 33 8
a 32 34 16
a 32 35 4
a 32 36 15
a 32 37 7
a 32 38 3
a 32 39 8
a 32 40 16
a 32 41 11
a 32 42 16
a 32 43 1
a 32 44 2
a 32 45 3
a 32 46 15
a 32 47 15
a 32 79 9
a 32 150 11
a 32 30 10
a 32 77 14
a 32 9 12
a 32 28 13
a 32 25 4
a 32 73 18
a 32 71 8
a 43 44 4
a 43 45 18
a 43 46 2
a 43 47 19
a 43 48 18
a 43 49 8
a 43 50 12
a 43 51 16
a 43 52 6
a 43 53 15
a 43 54 6
a 43 55 14
a 43 56 13
a 43 57 15
a 43 58 5
a 43 140 7
a 43 183 7
a 43 102 8
a 43 113 1
a 43 142 10
a 43 167 7
a 43 180 2
a 43 71 15
a 120 121 11
a 120 122 18
a 120 123 15
a 120 124 18
a 120 125 4
a 120 126 3
a 120 127 16
a 120 128 13
a 120 129 17
a 120 130 13
a 120 131 2
a 120 132 11
a 120 133 4
a 120 134 15
a 120 135 19
a 120 86 5
a 120 192 14
a 120 96 18
a 120 108 4
a 120 76 18
a 120 190 10
a 120 95 13
a 120 57 4
a 120 41 9
a 138 139 7
a 138 140 2
a 138 141 12
a 138 142 5
a 138 143 3
a 138 144 5
a 138 145 7
a 138 146 8
a 138 147 7
a 138 148 13
a 138 149 8
a 138 150 19
a 138 151 16
a 138 152 12
a 138 153 17
a 138 56 13
a 138 104 5
a 138 11 7
a 138 126 13
a 138 98 1
a 138 37 18
a 138 115 9
a 138 159 10
a 138 162 17
a 190 191 4
a 190 192 12
a 190 193 12
a 190 194 14
a 190 195 4
a 190 196 16
a 190 197 12
a 190 198 9
a 190 199 14
a 190 0 14
a 190 1 14
a 190 2 11
a 190 3 19
a 190 4 8
a 190 5 16
a 190 105 2
a 190 183 3
a 190 108 12
a 190 46 4
a 190 120 7
a 190 77 19
a 190 13 17
a 80 81 4
a 80 82 6
a 80 83 13
a 80 84 1
a 80 85 19
a 80 86 8
a 80 87 16
a 80 88 18
a 80 89 18
a 80 90 13
a 80 91 4
a 80 92 1
a 80 93 9
a 80 94 10
a 80 95 17
a 80 174 14
a 80 115 13
a 80 13 16
a 80 148 13
a 80 45 11
a 80 108 15
a 80 187 16
a 80 28 14
a 80 48 16
a 80 43 13
a 33 34 8
a 33 35 16
a 33 36 18
a 33 37 7
a 33 38 17
a 33 39 11
a 33 40 16
a 33 41 13
a 33 42 8
a 33 43 4
a 33 44 17
a 33 45 11
a 33 46 5
a 33 47 19
a 33 48 2
a 33 192 3
a 33 67 16
a 33 19 13
a 33 15 17
a 33 17 13
a 33 25 5
a 33 145 5
a 47 48 11
a 47 49 15
a 47 50 18
a 47 51 16
a 47 52 2
a 47 53 3
a 47 54 12
a 47 55 14
a 47 56 19
a 47 57 10
a 47 58 8
a 47 59 18
a 47 60 5
a 47 61 8
a 47 62 3
a 47 27 11
a 47 35 8
a 47 192 5
a 47 153 18
a 47 2 6
a 47 171 11
a 61 62 3
a 61 63 17
a 61 64 15
a 61 65 12
a 61 66 18
a 61 67 3
a 61 68 17
a 61 69 10
a 61 70 11
a 61 71 16
a 61 72 12
a 61 73 11
a 61 74 16
a 61 75 14
a 61 76 16
a 61 28 16
a 61 144 19
a 61 99 1
a 61 21 15
a 61 85 10
a 61 60 19
a 61 54 2
a 109 110 11
a 109 111 16
a 109 112 12
a 109 113 7
a 109 114 15
a 109 115 4
a 109 116 2
a 109 117 6
a 109 118 8
a 109 119 5
a 109 120 1
a 109 121 9
a 109 122 13
a 109 123 18
a 109 124 6
a 109 61 9
a 109 89 6
a 109 92 8
a 109 90 9
a 109 160 4
a 109 24 8
a 109 163 16
a 109 155 16
a 109 149 3
a 37 38 4
a 37 39 7
a 37 40 16
a 37 41 14
a 37 42 12
a 37 43 1
a 37 44 15
a 37 45 15
a 37 46 1
a 37 47 12
a 37 48 4
a 37 49 1
a 37 50 15
a 37 51 16
a 37 52 11
a 37 107 14
a 37 156 7
a 37 64 3
a 37 85 2
a 37 174 18
a 37 155 14
a 149 150 15
a 149 151 3
a 149 152 14
a 149 153 7
a 149 154 1
a 149 155 14
a 149 156 5
a 149 157 15
a 149 158 4
a 149 159 17
a 149 160 1
a 149 161 15
a 149 162 3
a 149 163 4
a 149 164 1
a 149 126 18
a 149 139 12
a 149 135 5
a 149 5 5
a 149 8 6
a 149 10 6
a 149 191 5
a 90 91 18
a 90 92 18
a 90 93 8
a 90 94 1
a 90 95 12
a 90 96 8
a 90 97 10
a 90 98 1
a 90 99 3
a 90 100 3
a 90 101 6
a 90 102 5
a 90 103 12
a 90 104 12
a 90 105 11
a 90 153 4
a 90 175 13
a 90 118 9
a 90 24 15
a 90 68 10
a 90 14 5
a 90 53 16
a 81 82 16
a 81 83 5
a 81 84 16
a 81 85 1
a 81 86 4
a 81 87 3
a 81 88 3
a 81 89 14
a 81 90 13
a 81 91 14
a 81 92 14
a 81 93 6
a 81 94 1
a 81 95 4
a 81 96 5
a 81 174 16
a 81 125 3
a 81 47 8
a 81 148 2
a 81 173 15
a 81 108 18
a 81 74 7
a 166 167 2
a 166 168 2
a 166 169 16
a 166 170 15
a 166 171 11
a 166 172 9
a 166 173 14
a 166 174 1
a 166 175 11
a 166 176 12
a 166 177 14
a 166 178 11
a 166 179 13
a 166 180 17
a 166 181 1
a 166 3 7
a 166 98 13
a 166 56 14
a 166 29 3
a 166 127 1
a 166 20 16
a 166 72 14
a 166 197 7
a 166 187 18
a 40 41 4
a 40 42 13
a 40 43 5
a 40 44 4
a 40 45 4
a 40 46 11
a 40 47 13
a 40 48 1
a 40 49 6
a 40 50 16
a 40 51 9
a 40 52 19
a 40 53 2
a 40 54 12
a 40 55 4
a 40 90 17
a 40 162 18
a 40 37 10
a 40 177 12
a 40 179 11
a 40 20 13
a 40 176 19
a 40 128 2
a 70 71 12
a 70 72 13
a 70 73 7
a 70 74 19
a 70 75 10
a 70 76 16
a 70 77 17
a 70 78 6
a 70 79 3
a 70 80 10
a 70 81 18
a 70 82 17
a 70 83 13
a 70 84 6
a 70 85 11
a 70 138 1
a 70 190 1
a 70 16 12
a 70 90 13
a 70 149 19
a 70 14 17
a 70 10 6
a 83 84 2
a 83 85 6
a 83 86 19
a 83 87 3
a 83 88 9
a 83 89 14
a 83 90 13
a 83 91 19
a 83 92 1
a 83 93 12
a 83 94 4
a 83 95 15
a 83 96 3
a 83 97 6
a 83 98 16
a 83 136 17
a 83 160 13
a 83 15 11
a 83 159 19
a 83 177 19
a 83 171 19
a 83 73 11
a 159 160 6
a 159 161 13
a 159 162 12
a 159 163 1
a 159 164 1
a 159 165 10
a 159 166 11
a 159 167 1
a 159 168 5
a 159 169 15
a 159 170 12
a 159 171 13
a 159 172 14
a 159 173 15
a 159 174 12
a 159 82 18
a 159 180 19
a 159 25 18
a 159 20 15
a 159 85 1
a 159 148 4
a 159 47 7
a 159 130 6
a 131 132 11
a 131 133 6
a 131 134 13
a 131 135 9
a 131 136 7
a 131 137 11
a 131 138 17
a 131 139 16
a 131 140 7
a 131 141 4
a 131 142 16
a 131 143 15
a 131 144 9
a 131 145 8
a 131 146 9
a 131 171 17
a 131 28 19
a 131 71 11
a 131 65 5
a 131 53 16
a 131 90 17
a 132 133 19
a 132 134 1
a 132 135 7
a 132 136 3
a 132 137 4
a 132 138 18
a 132 139 9
a 132 140 3
a 132 141 8
a 132 142 5
a 132 143 9
a 132 144 9
a 132 145 17
a 132 146 1
a 132 147 10
a 132 40 6
a 132 30 9
a 132 8 12
a 132 42 1
a 132 156 2
a 132 155 15
a 132 41 6
a 132 106 13
a 64 65 18
a 64 66 19
a 64 67 17
a 64 68 4
a 64 69 13
a 64 70 13
a 64 71 17
a 64 72 6
a 64 73 13
a 64 74 1
a 64 75 16
a 64 76 2
a 64 77 2
a 64 78 12
a 64 79 19
a 64 160 17
a 64 127 9
a 64 157 16
a 64 112 7
a 64 15 13
a 64 29 19
a 64 6 1
a 64 34 9
a 64 128 10
a 64 170 10
a 64 52 6
a 86 87 6
a 86 88 12
a 86 89 15
a 86 90 15
a 86 91 9
a 86 92 17
a 86 93 9
a 86 94 16
a 86 95 3
a 86 96 6
a 86 97 19
a 86 98 19
a 86 99 8
a 86 100 9
a 86 101 16
a 86 73 19
a 86 126 12
a 86 30 2
a 86 167 14
a 86 8 18
a 86 128 4
a 86 175 9
a 86 163 16
a 86 199 16
a 86 145 3
a 86 162 10
a 86 59 10
a 38 39 15
a 38 40 1
a 38 41 19
a 38 42 7
a 38 43 18
a 38 44 4
a 38 45 15
a 38 46 19
a 38 47 16
a 38 48 1
a 38 49 12
a 38 50 12
a 38 51 10
a 38 52 4
a 38 53 18
a 38 24 9
a 38 15 6
a 38 107 10
a 38 21 7
a 38 13 9
a 38 155 8
a 38 117 8
a 38 89 8
a 186 187 2
a 186 188 11
a 186 189 12
a 186 190 2
a 186 191 17
a 186 192 2
a 186 193 9
a 186 194 14
a 186 195 15
a 186 196 14
a 186 197 4
a 186 198 4
a 186 199 1
a 186 0 18
a 186 1 4
a 186 181 14
a 186 43 12
a 186 139 12
a 186 122 12
a 186 23 13
a 186 26 17
a 186 70 5
a 73 74 4
a 73 75 5
a 73 76 3
a 73 77 5
a 73 78 15
a 73 79 16
a 73 80 6
a 73 81 15
a 73 82 11
a 73 83 18
a 73 84 17
a 73 85 11
a 73 86 10
a 73 87 7
a 73 88 19
a 73 179 17
a 73 113 8
a 73 124 7
a 73 134 5
a 73 170 13
a 73 167 3
a 73 46 2
a 73 130 13
a 192 193 7
a 192 194 7
a 192 195 11
a 192 196 9
a 192 197 19
a 192 198 13
a 192 199 11
a 192 0 4
a 192 1 2
a 192 2 6
a 192 3 1
a 192 4 8
a 192 5 1
a 192 6 13
a 192 7 12
a 192 74 19
a 192 142 2
a 192 166 2
a 192 49 8
a 192 134 15
a 192 172 7
a 192 78 2
a 192 16 18
a 192 112 14
a 192 107 12
a 192 95 14
a 127 128 7
a 127 129 5
a 127 130 12
a 127 131 15
a 127 132 11
a 127 133 1
a 127 134 8
a 127 135 1
a 127 136 1
a 127 137 13
a 127 138 18
a 127 139 6
a 127 140 9
a 127 141 12
a 127 142 7
a 127 18 1
a 127 153 6
a 127 166 13
a 127 95 14
a 127 96 8
a 127 111 14
a 127 84 11
a 169 170 7
a 169 171 8
a 169 172 13
a 169 173 17
a 169 174 11
a 169 175 14
a 169 176 17
a 169 177 10
a 169 178 8
a 169 179 14
a 169 180 2
a 169 181 13
a 169 182 17
a 169 183 3
a 169 184 9
a 169 82 10
a 169 150 9
a 169 30 19
a 169 154 7
a 164 165 5
a 164 166 17
a 164 167 7
a 164 168 12
a 164 169 11
a 164 170 3
a 164 171 17
a 164 172 1
a 164 173 14
a 164 174 15
a 164 175 11
a 164 176 5
a 164 177 9
a 164 178 11
a 164 179 13
a 164 184 1
a 164 75 14
a 164 66 17
a 164 145 5
a 164 24 4
a 164 126 12
a 164 193 17
a 164 153 15
a 52 53 17
a 52 54 2
a 52 55 10
a 52 56 15
a 52 57 12
a 52 58 10
a 52 59 16
a 52 60 8
a 52 61 4
a 52 62 11
a 52 63 11
a 52 64 6
a 52 65 4
a 52 66 3
a 52 67 6
a 52 122 11
a 52 26 10
a 52 83 12
a 52 11 9
a 52 197 5
a 52 71 14
a 52 29 9
a 52 176 9
a 96 97 14
a 96 98 11
a 96 99 18
a 96 100 1
a 96 101 13
a 96 102 1
a 96 103 18
a 96 104 17
a 96 105 3
a 96 106 14
a 96 107 8
a 96 108 8
a 96 109 19
a 96 110 7
a 96 111 9
a 96 10 8
a 96 184 5
a 96 78 15
a 96 77 14
a 96 43 15
a 96 3 17
a 96 172 4
a 137 138 7
a 137 139 13
a 137 140 6
a 137 141 11
a 137 142 2
a 137 143 19
a 137 144 17
a 137 145 12
a 137 146 18
a 137 147 13
a 137 148 19
a 137 149 2
a 137 150 16
a 137 151 2
a 137 152 2
a 137 93 1
a 137 56 13
a 137 108 18
a 137 194 5
a 137 13 12
a 137 169 2
a 137 129 9
a 137 47 4
a 137 24 1
a 137 40 19
a 173 174 5
a 173 175 15
a 173 176 6
a 173 177 3
a 173 178 9
a 173 179 15
a 173 180 6
a 173 181 3
a 173 182 8
a 173 183 18
a 173 184 3
a 173 185 2
a 173 186 7
a 173 187 15
a 173 188 19
a 173 13 19
a 173 58 16
a 173 108 2
a 173 65 9
a 173 73 5
a 173 146 18
a 173 16 11
a 173 151 4
a 173 85 15
a 72 73 12
a 72 74 4
a 72 75 1
a 72 76 16
a 72 77 11
a 72 78 18
a 72 79 19
a 72 80 15
a 72 81 5
a 72 82 9
a 72 83 16
a 72 84 18
a 72 85 11
a 72 86 4
a 72 87 15
a 72 150 17
a 72 71 6
a 72 64 17
a 72 184 2
a 72 167 14
a 72 35 10
a 72 158 1
a 68 69 3
a 68 70 10
a 68 71 14
a 68 72 19
a 68 73 12
a 68 74 6
a 68 75 8
a 68 76 1
a 68 77 2
a 68 78 6
a 68 79 4
a 68 80 3
a 68 81 5
a 68 82 16
a 68 83 11
a 68 97 10
a 68 161 11
a 68 8 5
a 68 144 16
a 68 155 3
a 68 87 12
a 101 102 3
a 101 103 1
a 101 104 13
a 101 105 13
a 101 106 2
a 101 107 17
a 101 108 7
a 101 109 15
a 101 110 2
a 101 111 15
a 101 112 4
a 101 113 15
a 101 114 2
a 101 115 17
a 101 116 17
a 101 148 13
a 101 44 10
a 101 7 11
a 101 62 16
a 101 19 14
a 101 126 2
a 101 184 19
a 101 6 5
a 101 15 2
a 101 185 6
a 101 165 9
a 44 45 3
a 44 46 9
a 44 47 19
a 44 48 2
a 44 49 1
a 44 50 9
a 44 51 17
a 44 52 6
a 44 53 4
a 44 54 5
a 44 55 9
a 44 56 8
a 44 57 18
a 44 58 11
a 44 59 1
a 44 112 15
a 44 128 17
a 44 18 14
a 44 198 7
a 44 105 1
a 44 2 15
a 67 68 18
a 67 69 7
a 67 70 10
a 67 71 6
a 67 72 18
a 67 73 17
a 67 74 13
a 67 75 10
a 67 76 14
a 67 77 15
a 67 78 13
a 67 79 13
a 67 80 8
a 67 81 10
a 67 82 13
a 67 19 10
a 67 97 6
a 67 163 3
a 67 54 13
a 67 86 4
a 67 194 17
a 67 51 11
a 67 126 1
a 143 144 13
a 143 145 16
a 143 146 16
a 143 147 14
a 143 148 12
a 143 149 4
a 143 150 14
a 143 151 14
a 143 152 8
a 143 153 3
a 143 154 4
a 143 155 3
a 143 156 15
a 143 157 4
a 143 158 2
a 143 62 13
a 143 102 17
a 143 99 7
a 143 169 18
a 143 187 9
a 143 76 12
a 143 110 10
a 143 174 10
a 198 199 4
a 198 0 15
a 198 1 11
a 198 2 12
a 198 3 6
a 198 4 11
a 198 5 12
a 198 6 6
a 198 7 14
a 198 8 6
a 198 9 4
a 198 10 18
a 198 11 18
a 198 12 2
a 198 13 12
a 198 128 2
a 198 152 5
a 198 62 1
a 198 101 9
a 126 127 17
a 126 128 7
a 126 129 10
a 126 130 7
a 126 131 18
a 126 132 11
a 126 133 17
a 126 134 5
a 126 135 9
a 126 136 17
a 126 137 9
a 126 138 18
a 126 139 10
a 126 140 3
a 126 141 5
a 126 150 8
a 126 57 2
a 126 103 18
a 126 48 14
a 126 63 12
a 126 159 2
a 126 9 1
a 126 30 4
a 126 178 8
a 126 112 18
a 46 47 17
a 46 48 1
a 46 49 15
a 46 50 17
a 46 51 3
a 46 52 8
a 46 53 12
a 46 54 2
a 46 55 4
a 46 56 3
a 46 57 11
a 46 58 15
a 46 59 17
a 46 60 17
a 46 61 19
a 46 12 9
a 46 103 10
a 46 127 10
a 46 26 17
a 46 97 13
a 46 8 15
a 46 197 9
a 46 184 14
a 46 157 15
a 53 54 8
a 53 55 9
a 53 56 3
a 53 57 4
a 53 58 1
a 53 59 2
a 53 60 11
a 53 61 8
a 53 62 7
a 53 63 12
a 53 64 5
a 53 65 18
a 53 66 9
a 53 67 4
a 53 68 2
a 53 49 19
a 53 14 1
a 53 16 14
a 53 109 9
a 53 84 12
a 53 144 2
a 53 25 10
a 69 70 10
a 69 71 15
a 69 72 1
a 69 73 2
a 69 74 19
a 69 75 18
a 69 76 15
a 69 77 3
a 69 78 13
a 69 79 1
a 69 80 9
a 69 81 13
a 69 82 3
a 69 83 14
a 69 84 12
a 69 102 18
a 69 66 18
a 69 113 5
a 69 104 8
a 69 22 17
a 79 80 4
a 79 81 1
a 79 82 5
a 79 83 6
a 79 84 16
a 79 85 18
a 79 86 2
a 79 87 7
a 79 88 16
a 79 89 6
a 79 90 1
a 79 91 18
a 79 92 2
a 79 93 2
a 79 94 3
a 79 99 4
a 79 4 5
a 79 38 14
a 79 9 2
a 79 125 12
a 79 29 8
a 79 25 18
a 49 50 2
a 49 51 3
a 49 52 11
a 49 53 2
a 49 54 10
a 49 55 9
a 49 56 15
a 49 57 4
a 49 58 19
a 49 59 10
a 49 60 9
a 49 61 11
a 49 62 3
a 49 63 10
a 49 64 14
a 49 142 13
a 49 182 17
a 49 145 14
a 49 31 9
a 49 127 8
a 49 111 10
a 49 41 2
a 49 45 15
a 49 123 3
a 49 185 9
a 49 68 8
a 181 182 8
a 181 183 4
a 181 184 2
a 181 185 11
a 181 186 11
a 181 187 16
a 181 188 16
a 181 189 4
a 181 190 19
a 181 191 5
a 181 192 8
a 181 193 6
a 181 194 11
a 181 195 10
a 181 196 7
a 181 162 16
a 181 32 19
a 181 19 9
a 181 2 9
a 181 30 13
a 181 47 5
a 181 73 10
a 181 91 17
a 181 43 11
a 123 124 12
a 123 125 11
a 123 126 13
a 123 127 5
a 123 128 13
a 123 129 4
a 123 130 10
a 123 131 9
a 123 132 19
a 123 133 18
a 123 134 12
a 123 135 6
a 123 136 10
a 123 137 7
a 123 138 19
a 123 117 9
a 123 173 7
a 123 108 13
a 123 67 19
a 123 106 10
a 123 69 16
a 123 196 17
a 177 178 17
a 177 179 7
a 177 180 14
a 177 181 8
a 177 182 5
a 177 183 10
a 177 184 8
a 177 185 5
a 177 186 11
a 177 187 17
a 177 188 11
a 177 189 3
a 177 190 1
a 177 191 19
a 177 192 11
a 177 92 3
a 177 117 11
a 177 171 15
a 177 85 18
a 177 73 6
a 177 109 5
a 177 52 13
a 177 23 13
a 177 62 16
a 177 67 15
a 177 35 10
a 195 196 3
a 195 197 2
a 195 198 4
a 195 199 3
a 195 0 8
a 195 1 15
a 195 2 3
a 195 3 11
a 195 4 4
a 195 5 19
a 195 6 7
a 195 7 1
a 195 8 17
a 195 9 10
a 195 10 5
a 195 56 11
a 195 46 4
a 195 102 4
a 195 174 9
a 195 145 10
a 195 143 18
a 195 173 1
a 195 38 11
a 117 118 1
a 117 119 13
a 117 120 1
a 117 121 8
a 117 122 2
a 117 123 17
a 117 124 14
a 117 125 6
a 117 126 18
a 117 127 4
a 117 128 3
a 117 129 3
a 117 130 17
a 117 131 14
a 117 132 6
a 117 169 6
a 117 99 8
a 117 164 9
a 117 34 16
a 117 88 13
a 117 189 3
a 117 47 1
a 117 2 6
a 117 199 10
a 65 66 14
a 65 67 3
a 65 68 14
a 65 69 16
a 65 70 3
a 65 71 2
a 65 72 3
a 65 73 6
a 65 74 5
a 65 75 3
a 65 76 16
a 65 77 3
a 65 78 9
a 65 79 17
a 65 80 9
a 65 112 9
a 65 86 13
a 65 116 17
a 65 132 13
a 65 102 6
a 85 86 16
a 85 87 10
a 85 88 3
a 85 89 17
a 85 90 8
a 85 91 3
a 85 92 5
a 85 93 6
a 85 94 15
a 85 95 1
a 85 96 10
a 85 97 2
a 85 98 16
a 85 99 13
a 85 100 7
a 85 159 18
a 85 24 17
a 85 165 2
a 85 17 16
a 85 138 19
a 85 102 1
a 85 173 3
a 85 158 3
a 179 180 12
a 179 181 16
a 179 182 17
a 179 183 16
a 179 184 4
a 179 185 11
a 179 186 19
a 179 187 19
a 179 188 14
a 179 189 18
a 179 190 8
a 179 191 5
a 179 192 10
a 179 193 10
a 179 194 4
a 179 156 10
a 179 75 8
a 179 132 4
a 179 19 2
a 179 104 2
a 179 67 8
a 179 175 13
a 179 9 8
a 179 14 16
a 179 167 18
a 176 177 5
a 176 178 8
a 176 179 17
a 176 180 9
a 176 181 19
a 176 182 14
a 176 183 17
a 176 184 3
a 176 185 6
a 176 186 5
a 176 187 11
a 176 188 13
a 176 189 2
a 176 190 7
a 176 191 4
a 176 169 16
a 176 153 19
a 176 81 13
a 176 151 16
a 176 47 7
a 176 70 11
a 176 114 6
a 176 136 10
a 176 48 16
a 176 7 14
a 176 16 15
a 128 129 19
a 128 130 5
a 128 131 17
a 128 132 8
a 128 133 3
a 128 134 10
a 128 135 6
a 128 136 9
a 128 137 7
a 128 138 7
a 128 139 15
a 128 140 13
a 128 141 2
a 128 142 13
a 128 143 12
a 128 187 6
a 128 15 6
a 128 193 8
a 128 198 10
a 128 155 11
a 128 66 9
a 128 6 2
a 128 156 18
a 56 57 5
a 56 58 14
a 56 59 4
a 56 60 7
a 56 61 16
a 56 62 13
a 56 63 10
a 56 64 19
a 56 65 5
a 56 66 13
a 56 67 8
a 56 68 17
a 56 69 13
a 56 70 7
a 56 71 2
a 56 185 19
a 56 146 1
a 56 199 5
a 56 35 11
a 56 109 5
a 58 59 9
a 58 60 19
a 58 61 3
a 58 62 12
a 58 63 10
a 58 64 9
a 58 65 14
a 58 66 1
a 58 67 17
a 58 68 7
a 58 69 7
a 58 70 13
a 58 71 2
a 58 72 15
a 58 73 17
a 58 91 6
a 58 134 16
a 58 128 1
a 58 93 16
a 58 154 5
a 113 114 17
a 113 115 5
a 113 116 9
a 113 117 2
a 113 118 11
a 113 119 17
a 113 120 10
a 113 121 4
a 113 122 7
a 113 123 13
a 113 124 5
a 113 125 18
a 113 126 19
a 113 127 16
a 113 128 11
a 113 62 14
a 113 60 12
a 113 172 16
a 113 194 5
a 113 28 17
a 113 103 12
a 113 192 17
a 113 199 15
a 113 96 9
a 142 143 16
a 142 144 9
a 142 145 6
a 142 146 11
a 142 147 5
a 142 148 16
a 142 149 14
a 142 150 19
a 142 151 1
a 142 152 9
a 142 153 1
a 142 154 14
a 142 155 4
a 142 156 6
a 142 157 8
a 142 6 17
a 142 38 12
a 142 56 3
a 142 98 10
a 142 64 4
a 142 113 3
a 142 169 5
a 59 60 18
a 59 61 3
a 59 62 15
a 59 63 10
a 59 64 9
a 59 65 19
a 59 66 11
a 59 67 16
a 59 68 6
a 59 69 18
a 59 70 2
a 59 71 10
a 59 72 5
a 59 73 12
a 59 74 19
a 59 14 16
a 59 17 16
a 59 27 3
a 59 142 5
a 59 119 2
a 59 3 6
a 59 30 10
a 59 38 11
a 59 111 17
a 59 157 14
a 197 198 4
a 197 199 8
a 197 0 4
a 197 1 6
a 197 2 2
a 197 3 10
a 197 4 12
a 197 5 9
a 197 6 18
a 197 7 1
a 197 8 12
a 197 9 2
a 197 10 1
a 197 11 7
a 197 12 17
a 197 131 13
a 197 173 6
a 197 37 10
a 197 151 9
a 197 109 5
a 197 50 6
a 184 185 12
a 184 186 17
a 184 187 17
a 184 188 1
a 184 189 14
a 184 190 13
a 184 191 15
a 184 192 1
a 184 193 10
a 184 194 10
a 184 195 1
a 184 196 18
a 184 197 15
a 184 198 11
a 184 199 19
a 184 165 10
a 184 32 15
a 184 116 15
a 171 172 7
a 171 173 4
a 171 174 2
a 171 175 3
a 171 176 7
a 171 177 16
a 171 178 6
a 171 179 11
a 171 180 9
a 171 181 12
a 171 182 8
a 171 183 6
a 171 184 8
a 171 185 4
a 171 186 12
a 171 197 15
a 171 21 2
a 171 156 15
a 171 3 19
a 171 9 16
a 171 33 15
a 63 64 2
a 63 65 4
a 63 66 9
a 63 67 5
a 63 68 10
a 63 69 5
a 63 70 9
a 63 71 13
a 63 72 4
a 63 73 16
a 63 74 7
a 63 75 9
a 63 76 18
a 63 77 13
a 63 78 2
a 63 56 15
a 63 84 11
a 63 182 9
a 63 50 13
a 63 195 4
a 63 169 18
a 63 5 10
a 63 99 18
a 63 55 13
a 63 17 7
a 63 53 5
a 111 112 18
a 111 113 19
a 111 114 6
a 111 115 13
a 111 116 16
a 111 117 9
a 111 118 4
a 111 119 17
a 111 120 5
a 111 121 18
a 111 122 2
a 111 123 18
a 111 124 8
a 111 125 4
a 111 126 18
a 111 48 14
a 111 186 3
a 111 62 16
a 111 193 10
a 111 75 1
a 185 186 15
a 185 187 7
a 185 188 9
a 185 189 6
a 185 190 12
a 185 191 11
a 185 192 7
a 185 193 4
a 185 194 6
a 185 195 9
a 185 196 7
a 185 197 8
a 185 198 10
a 185 199 17
a 185 0 16
a 185 174 3
a 185 62 8
a 185 86 4
a 185 105 14
a 185 171 12
a 185 132 17
a 185 93 11
a 185 70 7
a 185 56 2
a 151 152 11
a 151 153 11
a 151 154 7
a 151 155 12
a 151 156 13
a 151 157 18
a 151 158 7
a 151 159 15
a 151 160 4
a 151 161 3
a 151 162 19
a 151 163 18
a 151 164 16
a 151 165 6
a 151 166 4
a 151 82 6
a 151 18 14
a 151 102 13
a 151 129 12
a 151 67 7
a 151 25 13
a 194 195 12
a 194 196 1
a 194 197 7
a 194 198 13
a 194 199 3
a 194 0 8
a 194 1 12
a 194 2 4
a 194 3 17
a 194 4 8
a 194 5 8
a 194 6 5
a 194 7 17
a 194 8 16
a 194 9 3
a 194 188 13
a 194 183 1
a 194 79 5
a 194 169 9
a 194 163 8
a 194 96 16
a 194 53 8
a 194 171 11
a 178 179 11
a 178 180 13
a 178 181 8
a 178 182 5
a 178 183 12
a 178 184 13
a 178 185 14
a 178 186 1
a 178 187 12
a 178 188 17
a 178 189 7
a 178 190 3
a 178 191 1
a 178 192 14
a 178 193 3
a 178 172 18
a 178 112 15
a 178 115 1
a 178 113 14
a 178 71 14
a 178 48 9
a 178 100 15
a 178 155 12
a 178 18 14
a 104 105 1
a 104 106 18
a 104 107 4
a 104 108 12
a 104 109 6
a 104 110 3
a 104 111 7
a 104 112 19
a 104 113 11
a 104 114 19
a 104 115 3
a 104 116 2
a 104 117 15
a 104 118 11
a 104 119 14
a 104 59 6
a 104 125 9
a 104 7 5
a 104 175 5
a 104 62 14
a 78 79 18
a 78 80 13
a 78 81 16
a 78 82 5
a 78 83 6
a 78 84 15
a 78 85 7
a 78 86 12
a 78 87 13
a 78 88 8
a 78 89 6
a 78 90 17
a 78 91 1
a 78 92 11
a 78 93 14
a 78 124 19
a 78 197 17
a 78 26 4
a 78 159 6
a 78 174 4
a 78 0 18
a 78 24 8
a 74 75 11
a 74 76 9
a 74 77 11
a 74 78 14
a 74 79 13
a 74 80 4
a 74 81 4
a 74 82 1
a 74 83 4
a 74 84 2
a 74 85 5
a 74 86 6
a 74 87 18
a 74 88 15
a 74 89 10
a 74 99 19
a 74 194 14
a 74 141 19
a 74 14 1
a 74 136 12
a 74 190 7
a 74 158 13
a 74 185 15
a 74 121 14
a 75 76 5
a 75 77 13
a 75 78 6
a 75 79 11
a 75 80 17
a 75 81 19
a 75 82 19
a 75 83 17
a 75 84 16
a 75 85 15
a 75 86 2
a 75 87 8
a 75 88 9
a 75 89 8
a 75 90 18
a 75 96 1
a 75 170 3
a 75 169 1
a 75 189 6
a 75 51 6
a 75 23 8
a 75 141 11
a 75 174 10
a 196 197 5
a 196 198 4
a 196 199 13
a 196 0 2
a 196 1 19
a 196 2 5
a 196 3 14
a 196 4 15
a 196 5 6
a 196 6 4
a 196 7 16
a 196 8 19
a 196 9 11
a 196 10 7
a 196 11 11
a 196 64 18
a 196 77 14
a 196 14 12
a 196 25 1
a 196 52 2
a 196 56 11
a 196 103 3
a 196 22 17
a 95 96 4
a 95 97 3
a 95 98 13
a 95 99 15
a 95 100 3
a 95 101 5
a 95 102 4
a 95 103 4
a 95 104 18
a 95 105 5
a 95 106 11
a 95 107 7
a 95 108 8
a 95 109 9
a 95 110 18
a 95 117 3
a 95 24 9
a 95 74 14
a 95 175 15
a 95 41 17
a 95 180 4
a 95 188 4
a 95 141 11
a 160 161 12
a 160 162 1
a 160 163 6
a 160 164 19
a 160 165 2
a 160 166 2
a 160 167 5
a 160 168 4
a 160 169 5
a 160 170 2
a 160 171 3
a 160 172 2
a 160 173 14
a 160 174 5
a 160 175 5
a 160 40 16
a 160 130 18
a 160 187 1
a 160 8 6
a 160 1 7
a 160 38 14
a 160 129 9
a 160 84 15
a 160 25 19
a 160 28 11
a 160 186 2
a 116 117 10
a 116 118 13
a 116 119 17
a 116 120 17
a 116 121 19
a 116 122 5
a 116 123 16
a 116 124 14
a 116 125 4
a 116 126 12
a 116 127 1
a 116 128 14
a 116 129 4
a 116 130 16
a 116 131 11
a 116 177 13
a 116 152 5
a 116 168 12
a 116 26 7
a 116 172 3
a 116 66 4
a 116 140 18
a 116 81 4
a 88 89 18
a 88 90 6
a 88 91 2
a 88 92 3
a 88 93 11
a 88 94 2
a 88 95 5
a 88 96 18
a 88 97 18
a 88 98 15
a 88 99 4
a 88 100 3
a 88 101 17
a 88 102 14
a 88 103 10
a 88 134 17
a 88 148 14
a 88 78 14
a 88 85 3
a 88 21 7
a 88 158 7
a 88 124 3
a 124 125 8
a 124 126 16
a 124 127 12
a 124 128 12
a 124 129 14
a 124 130 17
a 124 131 13
a 124 132 18
a 124 133 14
a 124 134 6
a 124 135 5
a 124 136 19
a 124 137 6
a 124 138 9
a 124 139 14
a 124 31 2
a 124 56 14
a 124 55 8
a 124 69 18
a 124 184 4
a 124 179 7
a 124 26 4
a 130 131 12
a 130 132 17
a 130 133 6
a 130 134 1
a 130 135 2
a 130 136 18
a 130 137 7
a 130 138 19
a 130 139 12
a 130 140 18
a 130 141 11
a 130 142 11
a 130 143 12
a 130 144 2
a 130 145 14
a 130 159 7
a 130 167 5
a 130 180 3
a 130 0 14
a 130 90 11
a 130 80 17
a 130 32 9
a 130 28 3
a 130 151 14
a 130 103 11
a 189 190 19
a 189 191 5
a 189 192 9
a 189 193 17
a 189 194 12
a 189 195 4
a 189 196 14
a 189 197 15
a 189 198 1
a 189 199 15
a 189 0 5
a 189 1 3
a 189 2 6
a 189 3 4
a 189 4 15
a 189 133 1
a 189 61 18
a 189 95 7
a 189 122 15
a 189 97 14
a 189 96 4
a 172 173 15
a 172 174 16
a 172 175 10
a 172 176 18
a 172 177 13
a 172 178 6
a 172 179 18
a 172 180 17
a 172 181 11
a 172 182 7
a 172 183 6
a 172 184 7
a 172 185 15
a 172 186 11
a 172 187 13
a 172 166 4
a 172 15 3
a 172 112 1
a 172 127 18
a 172 82 2
a 172 156 8
a 172 193 17
a 172 167 2
a 172 43 4
a 172 196 16
a 115 116 3
a 115 117 2
a 115 118 8
a 115 119 11
a 115 120 4
a 115 121 15
a 115 122 8
a 115 123 16
a 115 124 4
a 115 125 10
a 115 126 4
a 115 127 5
a 115 128 6
a 115 129 16
a 115 130 14
a 115 91 8
a 115 42 6
a 115 111 5
a 115 50 8
a 115 70 13
a 115 16 5
a 115 151 8
a 187 188 14
a 187 189 9
a 187 190 17
a 187 191 3
a 187 192 7
a 187 193 12
a 187 194 15
a 187 195 12
a 187 196 13
a 187 197 19
a 187 198 11
a 187 199 4
a 187 0 2
a 187 1 16
a 187 2 17
a 187 115 8
a 187 19 10
a 187 35 17
a 187 175 18
a 187 113 14
a 187 57 6
a 106 107 7
a 106 108 12
a 106 109 11
a 106 110 15
a 106 111 10
a 106 112 8
a 106 113 13
a 106 114 3
a 106 115 2
a 106 116 5
a 106 117 13
a 106 118 15
a 106 119 8
a 106 120 5
a 106 121 4
a 106 37 19
a 106 66 19
a 106 78 18
a 106 167 15
a 106 127 3
a 152 153 19
a 152 154 13
a 152 155 4
a 152 156 6
a 152 157 15
a 152 158 3
a 152 159 11
a 152 160 17
a 152 161 16
a 152 162 1
a 152 163 5
a 152 164 10
a 152 165 8
a 152 166 14
a 152 167 13
a 152 92 17
a 152 143 17
a 152 33 2
a 152 183 17
a 152 93 14
a 152 149 19
a 152 101 17
a 139 140 18
a 139 141 9
a 139 142 19
a 139 143 17
a 139 144 6
a 139 145 4
a 139 146 19
a 139 147 10
a 139 148 17
a 139 149 2
a 139 150 15
a 139 151 9
a 139 152 15
a 139 153 5
a 139 154 2
a 139 92 9
a 139 78 11
a 139 35 2
a 139 100 5
a 139 133 5
a 139 171 15
a 139 123 18
a 139 167 9
a 139 4 16
a 139 182 15
a 129 130 1
a 129 131 9
a 129 132 5
a 129 133 11
a 129 134 11
a 129 135 18
a 129 136 3
a 129 137 11
a 129 138 8
a 129 139 18
a 129 140 18
a 129 141 3
a 129 142 14
a 129 143 15
a 129 144 18
a 129 190 10
a 129 13 3
a 129 58 3
a 129 26 15
a 129 21 2
a 129 189 2
a 129 57 12
a 129 65 19
a 129 157 9
a 147 148 4
a 147 149 3
a 147 150 8
a 147 151 17
a 147 152 8
a 147 153 12
a 147 154 6
a 147 155 4
a 147 156 17
a 147 157 15
a 147 158 14
a 147 159 10
a 147 160 14
a 147 161 5
a 147 162 6
a 147 130 15
a 147 140 15
a 147 19 2
a 147 23 14
a 147 72 9
a 147 39 10
a 147 175 4
c 171 175 45 52 48
c 41 45 50 51 129
c 149 152 145 65 37
c 15 27 144 155 165
c 154 159 32 25 66
c 182 191 141 142 137
c 94 25 128 198 183
c 116 121 186 122 153
c 71 80 12 18 193
c 147 160 31 53 155
c 89 103 108 83 91
c 73 76 181 186 127
c 133 148 30 35 136
c 115 151 197 50 131
c 32 46 29 38 113
c 138 104 53 58 130
c 173 178 23 31 101
c 6 21 153 157 156
c 170 175 22 23 29
c 33 45 157 159 109
c 71 146 132 146 81
c 148 153 78 86 104
c 169 176 16 26 91
c 82 93 24 37 89
c 42 56 63 78 165
c 90 153 174 146 97
c 4 18 95 96 128
c 179 188 47 55 63
c 164 153 4 19 97
c 4 6 35 36 102
c 128 6 85 173 128
c 113 116 86 89 60
c 164 153 144 148 28
c 7 15 106 116 63
c 127 134 104 59 91
c 10 35 170 113 179
c 140 154 173 188 94
c 83 171 102 107 143
c 39 54 58 62 135
c 176 178 41 44 132
c 98 111 87 98 51
c 18 199 134 145 26
c 190 196 76 102 197
c 84 28 71 101 33
c 148 155 14 18 162
c 17 167 9 14 87
c 92 94 23 26 78
c 86 89 61 64 45
c 64 112 106 118 140
c 167 179 178 191 81
c 131 145 66 79 171
c 176 185 102 113 25
c 87 156 124 139 197
c 187 188 111 120 198
c 147 151 77 91 150
c 175 182 93 105 148
c 55 66 127 166 84
c 145 146 77 83 181
c 146 36 37 107 109
c 149 5 89 104 45
c 94 98 74 99 57
c 163 176 19 29 37
c 84 48 169 175 106
c 197 0 191 196 193
c 144 157 98 101 119
c 110 113 65 67 198
c 113 96 71 86 184
c 187 192 43 58 150
c 14 15 155 170 173
c 148 161 27 31 182
c 59 3 149 156 142
c 26 120 155 168 96
c 4 89 65 75 99
c 193 2 72 64 197
c 173 177 66 72 196
c 152 159 55 68 127
c 130 28 97 104 55
c 2 3 60 66 133
c 43 57 131 145 144
c 88 102 65 112 175
c 157 136 135 141 63
c 154 157 172 176 96
c 50 54 128 198 111
c 71 84 153 168 178
c 46 58 60 71 171
c 97 190 112 123 57
c 133 36 24 127 120
c 97 112 163 176 75
c 175 38 149 135 74
c 164 174 90 96 164
c 191 194 154 10 173
c 53 63 177 52 146
c 147 159 187 197 170
c 93 97 188 193 105
c 171 21 102 104 143
c 67 97 191 137 73
c 66 74 7 150 82
c 106 114 169 177 113
c 1 16 167 169 118
c 102 117 3 107 101
c 149 8 33 40 108
c 63 182 12 18 101
c 177 180 21 33 169
c 84 95 138 142 172
c 81 94 78 88 164
c 44 49 93 106 159
c 4 6 19 33 185
c 80 48 39 108 89
c 40 47 15 71 49
c 79 86 139 152 121
c 36 46 99 178 34
c 199 9 24 169 50
c 60 71 128 139 42
c 33 19 53 84 190
c 126 159 91 105 126
c 112 119 180 193 128
c 148 161 12 20 145
c 127 84 1 12 127
c 135 147 164 24 47
c 192 194 124 129 186
c 170 176 63 70 59
c 109 155 121 164 32
c 143 150 143 102 155
c 177 191 182 187 33
c 99 114 123 127 137
c 56 63 137 146 188
c 45 53 79 80 28
c 73 46 138 162 78
c 88 85 107 98 129
c 175 188 173 181 188
c 76 77 45 51 83
c 132 155 125 45 74
c 34 46 69 70 75
c 28 86 130 141 125
c 113 118 3 4 48
c 29 38 88 92 162
c 181 91 189 196 189
c 77 78 171 197 197
c 104 7 31 43 89
c 118 126 128 155 71
c 123 131 77 79 181
c 77 86 35 42 148
c 161 166 73 79 27
c 152 183 184 194 96
c 188 1 0 1 26
c 73 75 104 106 94
c 79 84 52 67 88
c 38 48 171 33 26
c 177 35 51 35 134
c 75 90 74 88 59
c 40 42 109 112 128
c 11 27 190 2 187
c 160 130 178 180 185
c 128 129 186 188 129
c 177 117 114 118 105
c 52 55 158 188 121
c 109 113 174 188 109
c 49 145 188 199 176
c 53 60 18 26 130
c 51 153 40 46 169
c 95 101 20 32 144
c 116 125 83 87 134
c 138 162 52 65 173
c 24 25 134 148 57
c 22 188 41 163 110
c 67 78 22 28 81
c 161 167 48 50 90
c 140 146 127 18 190
c 157 166 146 160 105
c 49 31 83 98 154
c 166 56 121 130 37
c 168 169 83 160 97
c 0 5 100 101 165
c 16 146 20 70 80
c 196 3 38 39 52
c 192 166 179 193 106
c 154 169 159 20 126
c 84 95 178 185 138
c 29 143 154 160 131
c 14 21 58 72 143
c 26 96 188 196 139
c 63 53 51 58 56
c 164 171 146 154 116
c 47 171 191 193 124
c 67 72 172 183 46
c 85 99 153 86 53
c 114 128 171 185 150
c 65 67 28 30 71
c 91 100 22 86 111
c 76 79 20 27 94
c 187 113 58 69 138
c 20 98 28 37 147
c 74 87 185 132 174
c 96 100 55 60 134
c 10 12 115 116 131
c 152 161 125 140 105
c 147 158 81 94 113
c 44 56 71 77 71
c 127 137 110 124 94
c 31 119 100 101 186
c 18 199 70 138 183
c 40 53 48 199 91
c 2 4 64 66 167
c 146 156 60 30 59
c 49 45 166 3 46
c 3 7 16 20 82
c 2 99 121 134 193
c 25 40 109 116 43
c 74 85 3 102 128
c 133 148 62 74 125
c 183 197 96 99 36
c 78 0 95 102 148
c 141 152 71 83 76
c 186 191 112 7 28
c 39 99 8 10 37
c 82 86 184 196 145
c 143 147 35 46 168
c 182 193 110 118 158
c 132 141 172 183 28
c 154 166 146 149 160
c 94 163 158 162 139
c 131 71 33 19 167
c 133 137 57 59 36
c 195 173 140 145 33
c 98 28 173 181 73
c 130 151 145 38 118
c 96 184 145 150 123
c 10 11 39 45 163
c 121 134 14 27 120
c 194 188 9 10 92
c 102 30 193 79 40
c 94 95 140 152 85
c 123 134 74 88 171
c 134 136 68 161 55
c 3 8 62 93 129
c 129 58 73 85 175
c 151 129 142 157 112
c 18 19 41 46 145
c 96 107 64 73 76
c 115 117 17 19 50
c 47 171 193 196 98
c 0 9 43 58 33
c 35 46 81 93 83
c 8 11 141 20 34
c 62 63 69 81 39
c 91 105 44 46 73
c 8 20 30 40 186
c 68 69 99 102 161
c 51 56 79 29 60
c 30 166 78 90 161
c 120 76 156 159 81
c 185 199 17 138 143
c 14 29 193 6 190
c 199 7 108 13 56
c 9 20 56 61 150
c 41 117 159 172 94
c 10 50 108 123 103
c 159 20 107 38 82
c 42 107 179 104 110
c 138 148 106 167 64
c 94 100 80 187 60
c 28 110 186 190 87
c 116 118 78 90 56
c 71 78 101 114 161
c 85 87 123 129 126
c 116 26 159 172 29
c 15 199 96 106 125
c 152 163 3 13 142
c 86 163 184 195 184
c 27 97 81 84 78
c 154 163 149 126 91
c 96 77 161 56 118
c 153 18 171 184 97
c 192 142 180 181 121
c 199 65 87 95 42
c 86 92 62 73 60
c 76 82 157 166 102
c 161 176 11 22 54
c 30 126 185 199 54
c 2 6 104 110 80
c 195 10 141 148 129
c 137 129 89 102 48
c 178 155 112 155 41
c 189 1 31 42 64
c 36 18 140 16 191
c 29 36 98 172 111
c 116 123 119 120 163
c 149 135 133 73 77
c 148 160 136 148 178
c 66 69 173 108 122
c 137 149 75 90 148
c 38 89 14 29 152
c 168 172 46 59 175
c 51 35 188 0 104
c 131 138 137 93 113
c 139 133 108 120 91
c 36 110 114 122 63
c 127 139 176 180 120
c 124 26 125 131 66
c 8 112 21 28 41
c 54 55 59 60 142
c 20 23 115 126 87
c 135 73 20 33 36
c 110 120 31 35 149
c 5 18 145 149 128
c 128 137 89 101 113
c 166 178 164 177 36
c 53 16 116 66 131
c 115 122 28 13 105
c 50 54 5 12 190
c 142 56 182 191 106
c 6 42 149 191 88
c 116 125 196 5 94
c 127 138 92 102 26
c 88 90 148 159 135
c 188 1 132 136 174
c 66 74 176 183 56
c 90 102 77 86 119
c 44 128 63 17 138
c 22 32 102 104 54
c 5 180 120 132 126
c 82 94 6 9 108
c 77 97 66 184 142
c 80 108 62 71 38
c 19 34 140 152 57
c 101 103 53 84 87
c 99 27 174 114 184
c 18 32 27 32 137
c 31 38 59 74 39
c 99 104 158 188 191
c 21 76 83 97 79
c 165 8 105 53 69
c 65 68 151 166 100
c 181 91 17 29 161
c 20 34 181 47 123
c 1 2 70 73 155
c 155 168 61 60 141
c 4 18 17 39 28
c 81 84 109 114 195
c 92 46 143 146 91
c 114 125 10 182 56
c 35 44 192 112 168
c 77 49 72 84 61
c 107 58 25 186 83
c 67 73 33 145 148
c 161 166 139 151 42
c 151 82 51 91 94
c 121 133 102 101 63
c 117 199 197 9 119
c 153 168 98 28 61
c 145 146 37 155 165
c 191 2 30 35 108
c 83 97 73 87 116
c 195 46 40 53 91
c 131 140 43 51 151
c 7 55 156 197 119
c 160 167 99 112 139
c 109 111 81 125 189
c 191 3 89 95 177
c 148 174 23 26 99
c 151 165 63 182 176
c 99 110 12 20 107
c 34 35 48 49 165
c 154 161 186 23 51
c 108 115 126 30 165
c 5 20 12 20 179
c 90 103 91 98 155
c 65 70 109 163 34
c 152 164 50 151 84
c 41 43 182 76 138
c 44 56 89 98 46
c 52 60 23 34 185
c 169 180 196 199 171
c 9 77 120 126 104
c 158 171 148 66 182
c 85 173 38 41 184
c 173 187 144 149 118
c 6 105 168 175 71
c 138 142 109 121 73
c 40 128 166 173 58
c 53 16 63 169 174
c 52 55 15 17 74
c 174 10 70 16 44
c 186 181 16 23 153
c 73 85 114 123 70
c 6 199 149 154 55
c 153 165 7 9 102
c 182 2 191 6 104
c 93 95 175 183 102
c 21 29 141 44 62
c 165 167 102 112 113
c 99 108 54 52 132
c 130 159 162 164 29
c 69 72 195 199 181
c 162 123 99 123 101
c 48 59 19 34 81
c 136 149 105 20 120
c 151 164 10 50 122
c 159 25 21 28 72
c 190 105 59 67 197
c 138 37 25 17 170
c 138 11 108 114 98
c 13 112 181 91 158
c 14 29 104 107 191
c 170 113 168 193 165
c 175 182 47 171 68
c 71 84 142 38 49
c 198 7 148 155 173
c 19 22 140 143 177
c 102 83 192 16 127
c 158 120 124 55 181
c 62 95 192 142 158
c 66 71 100 114 117
c 144 152 116 172 182
c 158 160 10 50 30
c 104 125 92 114 77
c 70 77 53 58 190
c 37 44 4 18 54
c 83 86 60 63 126
c 94 6 110 120 64
c 99 18 115 124 57
c 1 10 150 153 49
c 133 85 191 138 135
c 1 11 10 89 124
c 14 148 13 122 41
c 41 50 152 153 173
c 180 100 55 67 129
c 193 91 18 19 169
c 157 165 34 46 92
c 159 173 48 56 44
c 127 131 149 135 118
c 107 116 28 45 178
c 78 92 198 13 168
c 90 97 23 29 174
c 49 57 104 108 94
c 34 6 151 157 101
c 84 71 113 62 33
c 158 159 171 185 48
c 123 127 7 16 68
c 2 5 11 12 48
c 106 110 158 155 40
c 181 47 15 18 95
c 73 179 28 36 177
c 106 127 88 90 105
c 10 17 101 116 132
c 93 94 185 132 188
c 111 62 22 33 112
c 44 55 119 125 191
c 74 136 102 108 27
c 27 38 195 145 142
c 118 26 181 47 64
c 94 35 41 167 132
c 19 26 25 28 166
c 18 19 1 99 156
c 147 149 194 196 146
c 166 3 159 172 162
c 165 169 136 137 140
c 79 93 69 80 197
c 149 161 156 162 94
c 80 28 168 17 75
c 167 172 80 95 177
c 179 184 116 119 36
c 162 167 100 149 196
c 46 52 150 157 99
c 194 188 191 3 164
c 169 176 168 176 128
c 36 48 136 21 144
c 112 118 195 8 171
c 118 131 158 168 142
c 139 92 43 102 108
c 180 187 108 116 145
c 55 70 156 164 151
c 103 90 158 163 175
c 83 136 128 139 130
c 96 101 139 143 189
c 81 125 21 30 148
c 122 95 126 131 89
c 10 89 119 133 163
c 193 5 47 35 69
c 116 127 116 131 112
c 34 38 128 155 169
c 118 125 137 129 64
c 82 94 67 80 37
c 8 12 115 42 74
c 143 146 122 121 42
c 129 136 93 97 133
c 195 6 51 52 36
c 168 171 93 110 44
c 138 151 93 102 93
c 101 184 3 6 126
c 129 142 125 137 96
c 84 91 158 56 172
c 4 13 146 9 42
c 160 170 169 182 113
c 53 62 143 151 82
c 166 169 3 6 42
c 42 43 98 105 55
c 47 54 124 127 164
c 62 67 179 183 150
c 44 112 100 36 112
c 162 169 81 74 176
c 75 90 61 60 28
c 151 164 20 28 82
c 158 188 20 29 39
c 122 131 137 129 198
c 135 140 40 128 89
c 178 181 60 70 163
c 89 6 36 46 154
c 156 157 132 106 108
c 43 52 73 46 185
c 41 46 177 181 35
c 199 8 152 157 132
c 159 169 173 183 194
c 146 147 102 101 69
c 24 31 122 129 90
c 152 164 34 39 121
c 157 169 164 165 70
c 78 197 131 53 159
c 94 102 16 51 73
c 23 186 72 81 190
c 88 99 18 109 62
c 39 179 132 144 179
c 143 76 93 97 108
c 17 25 32 9 82
c 156 197 61 76 108
c 80 45 13 22 73
c 83 84 131 143 174
c 142 155 122 137 67
c 46 57 117 130 162
c 120 192 10 66 144
c 19 29 195 2 28
c 14 163 14 162 54
c 8 4 60 65 166
c 43 52 64 76 146
c 53 25 164 179 104
c 18 31 139 133 187
c 131 90 139 145 71
c 81 95 90 14 100
c 25 34 48 55 164
c 40 128 37 52 134
c 180 193 79 4 198
c 196 25 192 172 63
c 138 144 124 69 116
c 29 149 106 112 50
c 175 178 9 136 138
c 163 160 55 56 190
c 34 48 163 107 35
c 75 77 160 162 96
c 12 17 33 45 163
c 38 117 147 23 113
c 150 163 29 40 60
c 170 11 99 199 181
c 191 5 96 102 51
c 179 182 145 66 111
c 166 176 43 180 56
c 53 14 143 156 95
c 120 41 27 34 62
c 75 77 43 183 38
c 105 117 46 60 91
c 142 151 60 75 135
c 67 78 169 170 95
c 14 18 29 43 198
c 74 194 111 112 49
c 84 94 81 74 74
c 75 79 152 164 72
c 61 64 160 172 160
c 47 49 95 74 48
c 57 153 46 56 199
c 163 167 42 56 145
c 107 173 34 181 30
c 165 168 136 142 75
c 124 69 62 67 49
c 74 136 32 28 169
c 66 74 46 61 78
c 89 48 104 106 181
c 117 119 113 114 137
c 51 194 100 110 101
c 84 90 131 143 105
c 161 191 192 199 97
c 129 58 104 112 143
c 121 130 128 143 49
c 32 38 148 174 141
c 119 77 196 5 172
c 18 119 28 98 53
c 123 67 46 103 62
c 129 140 166 175 81
c 67 77 27 28 101
c 166 29 164 171 127
c 33 15 58 69 116
c 33 46 159 167 137
c 189 190 159 130 120
c 195 6 173 182 124
c 69 104 67 19 62
c 41 162 105 107 84
c 39 51 26 149 74
c 167 179 190 197 112
c 103 104 126 103 175
c 36 38 153 165 82
c 28 72 118 122 183
c 40 90 151 67 153
c 176 7 1 2 158
c 198 62 129 140 48
c 101 112 111 62 178
c 49 41 94 106 91
c 77 82 167 172 108
c 133 146 118 40 84
c 105 119 89 99 167
c 158 160 31 34 53
c 14 162 24 34 106
c 136 138 92 93 154
c 43 54 140 142 135
c 195 10 48 51 44
c 150 158 32 150 141
c 75 79 95 107 105
c 171 180 178 179 151
c 7 162 57 63 178
c 12 15 117 118 183
c 59 70 159 82 54
c 115 125 113 118 103
c 70 82 66 77 69
c 143 76 74 79 168
c 37 52 159 163 172
c 158 169 126 137 180
c 79 29 15 18 195
c 108 116 91 97 41
c 13 27 44 45 160
c 173 65 199 181 68
c 113 123 65 68 152
c 51 57 57 71 175
c 128 135 59 68 133
c 64 76 150 151 172
c 114 49 157 196 71
c 55 73 53 49 97
c 129 136 105 112 124
c 38 39 115 129 69
c 143 174 92 105 55
c 149 5 59 63 157
c 51 37 53 84 162
c 69 66 99 107 119
c 172 173 40 53 183
c 197 173 124 139 158
c 9 24 172 187 57
c 172 187 192 112 151
c 48 51 68 78 111
c 0 10 79 94 102
c 198 12 90 53 159
c 41 56 143 110 44
c 56 71 34 49 127
c 81 89 91 102 108
c 86 100 22 80 111
c 0 9 57 153 59
c 147 160 162 170 147
c 107 27 160 40 145
c 97 104 88 93 158
c 165 153 149 159 142
c 110 145 186 139 57
c 98 112 143 148 90
c 61 70 132 140 125
c 189 2 102 113 185
c 167 42 51 59 168
c 77 80 116 120 131
c 51 59 175 186 98
c 13 23 133 137 120
c 100 104 160 129 38
c 58 62 140 151 163
c 182 193 134 140 178
c 196 7 185 190 95
c 15 23 143 155 112
c 56 61 163 165 68
c 134 140 15 20 72
c 110 121 46 12 63
c 138 37 144 146 125
c 81 125 31 36 126
c 162 50 166 20 198
c 45 148 155 167 73
c 142 154 142 152 78
c 36 47 124 133 127
c 52 176 171 185 142
c 72 77 38 43 27
c 180 181 107 114 91
c 147 151 109 155 184
c 30 45 161 33 190
c 7 13 3 5 25
c 121 129 5 9 132
c 17 23 91 92 84
c 16 39 45 148 54
c 150 39 57 58 168
c 149 160 105 114 124
c 98 113 121 132 77
c 162 104 108 115 148
c 76 47 128 155 90
c 180 193 136 139 41
c 101 44 144 147 67
c 157 172 148 162 184
c 137 150 168 183 41
c 13 22 82 88 68
c 50 56 147 140 194
c 100 105 6 71 169
c 147 149 82 95 43
c 122 131 77 173 151
c 110 113 61 72 89
c 188 189 196 56 150
c 77 91 101 109 51
c 109 119 157 167 89
c 111 62 61 62 148
c 43 54 30 41 36
c 101 62 190 4 131
c 129 189 141 152 149
c 173 178 140 150 149
c 51 56 60 154 82
c 53 16 44 128 44
c 44 49 39 46 151
c 75 85 60 54 172
c 109 124 109 160 131
c 86 96 166 174 61
c 192 196 176 136 185
c 120 131 140 16 105
c 105 120 190 183 72
c 197 2 82 88 146
c 90 101 29 44 197
c 2 12 99 18 123
c 113 122 164 165 119
c 145 66 96 102 113
c 92 97 115 16 74
c 41 52 95 180 176
c 78 79 18 20 64
c 168 135 70 190 110
c 121 164 12 133 137
c 126 178 12 14 151
c 14 22 114 117 137
c 158 32 85 87 170
c 155 168 38 42 71
c 111 114 1 8 105
c 36 181 50 52 40
c 7 8 38 44 47
c 178 48 168 172 118
c 68 81 22 32 159
c 26 173 46 57 42
c 27 134 33 40 174
c 31 41 76 84 33
c 1 155 106 119 156
c 130 103 130 80 63
c 164 174 86 92 182
c 37 47 176 187 41
c 39 47 111 115 192
c 195 102 66 67 189
c 125 139 157 164 93
c 128 193 1 2 31
c 72 87 165 35 102
c 123 129 195 174 162
c 81 93 115 111 61
c 149 155 181 182 166
c 36 110 19 30 147
c 179 182 143 169 143
c 98 102 30 43 77
c 151 82 53 16 98
c 32 25 0 5 96
c 128 138 197 10 59
c 153 164 122 36 175
c 163 173 91 192 141
c 154 162 104 108 162
c 67 80 40 179 153
c 133 135 31 38 152
c 193 2 62 117 45
c 30 35 189 3 174
c 114 125 174 175 57
c 63 70 12 13 177
c 57 153 186 139 136
c 30 39 123 133 88
c 157 171 12 134 160
c 111 122 121 130 57
c 21 157 97 107 161
c 23 186 74 141 109
c 198 4 99 110 90
c 60 67 118 133 145
c 42 46 129 133 71
c 53 57 105 52 93
c 31 67 21 28 134
c 41 53 24 28 95
c 190 1 176 47 141
c 10 18 81 47 79
c 119 120 183 186 88
c 39 114 7 21 35
c 191 193 65 86 105
c 117 128 14 48 149
c 136 100 134 52 38
c 32 77 148 152 54
c 192 194 82 86 193
c 197 1 126 159 165
c 8 18 100 138 165
c 181 188 19 71 196
c 99 199 130 135 153
c 159 165 154 167 40
c 59 30 72 79 75
c 145 149 180 190 185
c 173 186 184 194 57
c 160 161 185 199 185
c 11 21 171 184 117
c 176 136 70 149 109
c 147 154 165 171 105
c 133 171 110 112 188
c 82 89 186 0 52
c 109 117 178 183 108
c 26 41 63 72 195
c 80 115 118 128 51
c 122 124 66 73 102
c 76 148 100 115 44
c 28 32 85 92 170
c 81 82 95 180 163
c 124 26 134 140 50
c 24 35 67 194 44
c 81 125 76 150 140
c 135 138 128 66 191
c 51 35 174 188 179
c 28 33 86 167 134
c 30 45 84 88 107
c 124 31 126 136 164
c 78 85 56 64 166
c 153 168 52 57 186
c 142 149 33 40 95
c 87 98 76 150 128
c 175 38 110 124 120
c 190 105 118 132 193
c 166 169 98 111 79
c 130 140 173 108 26
c 142 145 148 178 127
c 106 116 70 85 155
c 60 75 126 140 190
c 113 192 50 55 186
c 52 61 40 49 116
c 146 156 144 152 167
c 68 78 197 11 59
c 152 159 169 154 185
c 55 19 150 179 190
c 30 33 102 103 172
c 147 150 35 156 85
c 176 114 142 38 173
c 79 84 36 39 175
c 63 5 22 158 52
c 0 12 199 99 127
c 194 3 137 150 155
c 130 0 149 10 59
c 79 4 52 67 108
c 15 17 119 163 120
c 23 28 136 175 105
c 60 196 140 142 74
c 127 133 64 68 70
c 6 100 150 158 100
c 88 124 133 71 79
c 94 6 198 101 65
c 18 24 198 11 179
c 97 106 40 37 194
c 164 169 88 96 103
c 102 103 6 17 154
c 60 64 138 150 166
c 126 159 130 151 140
c 103 158 137 149 78
c 184 193 165 180 145
c 8 22 173 184 85
c 77 87 165 175 71
c 103 117 133 139 46
c 18 20 27 36 135
c 168 135 1 2 78
c 47 60 145 30 191
c 29 32 38 51 155
c 55 61 123 196 77
c 98 110 140 46 69
c 71 77 3 9 148
c 59 111 188 0 122
c 42 3 50 179 156
c 142 64 104 106 114
c 88 90 187 19 63
c 142 156 83 88 181
c 8 11 13 22 142
c 195 2 160 173 135
c 168 172 51 194 71
c 48 60 123 67 35
c 106 115 178 48 49
c 125 135 10 20 57
c 195 38 117 123 59
c 71 127 13 15 41
c 10 17 147 39 170
c 121 135 187 196 63
c 181 183 68 81 84
c 57 70 142 155 51
c 74 89 103 106 79
c 125 127 156 171 176
c 106 118 45 149 142
c 119 128 2 17 28
c 172 183 103 117 125
c 132 42 1 15 187
c 135 142 126 136 66
c 89 48 82 96 78
c 160 1 68 161 196
c 44 105 33 17 156
c 63 75 186 187 70
c 26 144 194 198 151
c 197 151 31 105 59
c 76 12 124 136 123
c 125 127 85 24 64
c 96 111 35 41 170
c 162 191 26 35 174
c 119 132 99 22 27
c 121 29 170 176 104
c 107 111 56 185 199
c 187 115 45 59 160
c 115 116 62 68 104
c 192 166 123 136 94
c 86 101 1 15 39
c 93 105 41 50 47
c 65 69 139 141 60
c 9 18 106 115 141
c 9 92 54 60 50
c 99 100 183 188 179
c 175 38 81 108 199
c 184 32 35 46 72
c 189 61 130 0 124
c 150 160 136 142 159
c 27 97 12 35 112
c 188 199 81 85 185
c 119 124 97 106 36
c 40 51 130 134 175
c 4 17 87 5 127
c 62 70 13 24 104
c 44 59 57 27 124
c 192 195 196 56 84
c 44 52 154 155 140
c 31 36 92 93 63
c 9 110 180 100 172
c 41 144 158 161 78
c 81 148 161 174 192
c 23 24 67 71 195
c 141 69 12 18 50
c 52 53 63 72 66
c 184 187 135 136 138
c 101 165 114 121 105
c 7 16 61 28 197
c 166 127 187 1 86
c 86 97 123 124 166
c 42 50 12 17 107
c 198 128 33 35 68
c 131 133 86 100 38
c 157 136 179 191 109
c 143 144 51 53 143
c 66 70 10 57 172
c 3 15 95 107 55
c 157 164 153 138 160
c 109 124 9 14 33
c 190 198 88 124 106
c 132 30 162 170 73
c 22 37 72 85 56
c 54 62 157 136 90
c 103 104 72 84 126
c 169 172 69 22 73
c 171 186 97 103 117
c 55 57 189 122 81
c 45 59 85 17 53
c 67 86 146 99 49
c 155 182 117 131 194
c 64 78 168 170 80
c 188 25 139 154 35
c 101 112 153 154 91
c 87 89 141 56 135
c 149 150 79 80 199
c 12 15 61 74 46
c 13 19 189 196 131
c 55 3 75 79 104
c 46 50 160 164 135
c 86 100 117 126 187
c 190 193 41 107 58
c 138 115 119 77 172
c 96 99 71 86 134
c 90 68 0 9 91
c 63 78 112 119 117
c 67 69 129 13 46
c 96 107 176 179 116
c 116 129 49 55 91
c 98 105 194 199 143
c 10 15 185 192 150
c 38 15 74 99 48
c 50 195 13 16 32
c 186 194 191 147 105
c 179 175 62 74 117
c 171 186 139 154 193
c 92 103 199 65 88
c 47 53 5 9 75
c 111 112 96 110 91
c 59 14 75 96 62
c 36 181 145 146 79
c 46 61 64 160 140
c 118 124 9 21 153
c 64 52 33 17 174
c 36 50 14 27 129
c 126 138 52 83 146
c 71 74 192 166 92
c 118 128 69 80 55
c 51 62 68 161 115
c 190 199 51 61 192
c 112 116 128 155 26
c 32 44 168 171 30
c 20 23 61 63 167
c 74 88 49 54 60
c 2 170 199 65 86
c 34 46 64 29 118
c 88 89 45 165 44
c 64 69 190 4 138
c 100 99 147 149 149
c 163 176 140 155 121
c 61 68 171 182 186
c 158 188 36 37 109
c 30 8 196 197 83
c 130 138 131 132 190
c 54 173 111 121 101
c 44 46 153 1 90
c 104 175 80 86 182
c 106 78 125 183 37
c 54 32 52 176 147
c 169 154 113 28 93
c 42 54 6 125 161
c 53 54 157 166 70
c 133 77 73 81 132
c 160 161 163 169 154
c 60 64 138 37 110
c 131 134 133 135 123
c 5 18 118 115 101
c 106 107 25 28 125
c 67 126 50 151 52
c 134 18 7 19 140
c 22 7 163 176 111
c 115 125 13 18 76
c 170 183 93 100 48
c 178 100 46 57 81
c 73 77 175 180 48
c 125 133 18 33 73
c 130 103 199 14 40
c 183 125 136 142 80
c 133 142 23 26 114
c 60 72 177 185 71
c 185 196 52 11 58
c 105 111 49 182 61
c 172 173 138 126 48
c 162 163 182 51 54
c 86 94 130 134 100
c 33 35 124 134 50
c 110 116 92 107 81
c 55 71 94 100 140
c 169 180 184 189 184
c 154 39 165 169 81
c 79 87 29 37 190
c 185 188 185 192 167
c 62 76 47 55 151
c 184 192 172 112 173
c 193 195 158 100 58
c 32 150 150 154 27
c 114 122 86 167 103
c 7 9 85 86 68
c 137 169 195 46 30
c 118 63 83 94 120
c 44 2 69 77 59
c 100 106 49 53 58
c 0 13 127 111 159
c 157 162 63 74 105
c 124 137 106 119 33
c 60 36 188 191 182
c 194 188 6 9 48
c 155 44 34 79 41
c 199 0 63 71 125
c 153 166 139 167 150
c 135 146 141 35 172
c 18 24 52 58 103
c 89 90 6 71 111
c 110 122 55 56 153
c 19 33 48 56 135
c 23 25 103 105 181
c 11 35 133 148 182
c 165 35 17 138 114
c 78 83 24 33 30
c 74 190 106 37 110
c 76 150 100 138 37
c 93 102 9 22 145
c 35 50 193 8 123
c 96 97 34 36 69
c 116 131 0 11 69
c 108 119 66 184 194
c 173 186 66 74 114
c 198 62 157 160 137
c 36 117 69 72 185
c 87 100 54 56 163
c 31 46 179 192 66
c 195 46 192 74 77
c 24 34 94 163 89
c 176 177 185 193 74
c 160 187 59 27 27
c 172 183 28 38 47
c 79 92 124 125 101
c 50 65 96 104 193
c 26 31 104 107 139
c 4 16 28 39 153
c 127 133 151 152 157
c 74 121 157 162 129
c 166 173 81 83 149
c 23 38 40 177 131
c 39 179 88 93 185
c 148 66 14 162 58
c 111 123 68 70 55
c 109 121 111 118 120
c 26 149 89 99 147
c 167 171 38 15 153
c 189 2 29 67 139
c 17 43 164 171 68
c 108 32 140 142 135
c 13 19 48 61 38
c 24 155 186 190 76
c 132 136 12 167 47
c 155 163 55 70 25
c 42 45 51 64 129
c 126 57 184 195 110
c 61 71 52 53 95
c 35 110 28 35 44
c 47 49 192 198 124
c 117 118 184 189 56
c 22 158 96 101 195
c 69 77 177 62 159
c 66 137 183 189 127
c 142 153 115 126 99
c 164 184 46 197 67
c 72 87 4 168 118
c 116 140 177 184 82
c 97 111 24 26 134
c 21 30 104 109 182
c 7 162 186 193 27
c 158 172 155 169 101
c 161 167 170 179 93
c 117 120 191 4 132
c 153 157 117 123 54
c 63 70 25 17 131
c 25 30 130 28 152
c 95 96 8 4 119
c 38 24 69 77 170
c 152 154 9 22 117
c 76 87 18 29 52
c 93 110 133 140 108
c 107 115 150 155 167
c 93 102 60 30 161
c 20 166 141 44 185
c 78 87 26 29 122
c 10 15 53 55 62
c 137 138 146 160 74
c 26 137 113 192 164
c 32 47 131 146 87
c 38 53 172 175 154
c 178 112 144 150 113
c 172 183 49 62 180
c 175 186 3 13 99
c 196 77 74 75 47
c 36 42 92 106 144
c 199 46 60 69 77
c 50 195 5 17 138
c 190 192 99 199 74
c 126 48 76 86 127
c 147 157 39 46 55
c 191 199 184 187 117
c 146 178 104 105 174
c 66 32 69 71 141
c 128 134 72 158 108
c 32 41 53 57 75
c 152 167 90 14 189
c 103 109 28 86 170
c 27 41 172 175 86
c 21 31 78 79 52
c 11 21 199 3 86
c 27 36 121 123 195
c 70 75 91 182 142
c 3 17 24 38 79
c 62 68 198 3 77
c 173 65 33 17 97
c 172 181 39 53 112
c 121 190 127 140 34
c 110 122 2 13 112
c 151 153 112 166 94
c 110 88 52 197 70
c 12 103 55 65 120
c 59 67 75 78 161
c 64 127 150 164 112
c 33 43 8 18 52
c 34 49 31 0 172
c 27 84 6 125 169
c 9 71 110 123 143
c 12 15 147 152 62
c 20 30 183 197 27
c 121 190 40 43 154
c 61 72 34 79 161
c 46 55 128 155 175
c 9 17 199 99 41
c 199 46 185 196 80
c 131 136 95 110 153
c 198 0 39 114 32
c 76 102 158 155 50
c 189 95 97 101 192
c 136 120 139 149 25
c 63 50 104 175 60
c 155 21 59 71 111
c 18 199 50 186 41
c 43 55 140 145 40
c 196 6 147 150 190
c 106 109 95 41 90
c 104 111 194 2 153
c 187 189 16 39 34
c 148 123 4 11 135
c 57 64 157 165 193
c 89 100 156 22 154
c 114 118 71 4 102
c 62 63 46 59 133
c 5 183 178 113 186
c 191 23 153 164 107
c 61 75 27 84 147
c 131 135 106 78 188
c 9 24 122 125 95
c 142 38 51 52 100
c 194 169 78 79 66
c 180 188 0 2 169
c 99 112 85 159 197
c 142 152 131 135 88
c 38 46 3 17 172
c 74 76 52 59 120
c 99 105 84 28 63
c 8 11 102 101 177
c 128 142 185 194 37
c 36 195 27 38 112
c 113 96 111 115 95
c 116 168 4 14 30
c 189 2 158 165 60
c 51 194 67 194 144
c 115 130 142 156 151
c 60 62 111 186 136
c 165 178 84 94 26
c 25 145 28 42 170
c 36 42 5 12 96
c 49 62 159 173 129
c 65 86 105 119 187
c 118 130 96 106 46
c 191 192 21 31 106
c 23 33 33 15 184
c 60 63 194 9 86
c 115 116 73 79 42
c 24 36 63 65 102
c 20 24 166 172 73
c 139 145 75 189 32
c 117 124 2 170 101
c 71 101 15 23 42
c 41 144 37 64 181
c 46 53 109 110 108
c 111 120 39 54 26
c 21 33 90 96 179
c 38 13 199 11 105
c 26 35 4 14 65
c 180 191 5 12 196
c 8 1 159 172 32
c 76 79 194 7 169
c 3 10 162 63 189
c 2 34 189 2 163
c 142 56 176 114 118
c 86 94 2 10 134
c 101 105 100 191 108
c 60 68 130 28 186
c 133 171 80 48 41
c 105 110 158 173 46
c 131 143 11 17 74
c 102 83 174 183 81
c 129 144 7 55 149
c 190 196 98 103 165
c 5 16 26 138 148
c 25 26 50 65 148
c 121 123 197 12 99
c 85 95 113 103 30
c 55 61 184 186 161
c 33 19 139 133 65
c 171 182 76 86 128
c 129 58 31 35 91
c 86 73 94 35 78
c 60 193 187 1 177
c 158 155 155 163 127
c 151 163 158 166 58
c 191 194 178 155 58
c 90 68 190 108 113
c 133 136 92 98 64
c 37 41 155 161 124
c 115 42 24 31 31
c 148 160 166 167 174
c 152 33 175 187 191
c 161 162 51 35 137
c 159 180 38 51 186
c 78 83 183 192 103
c 110 88 45 165 101
c 153 156 46 57 169
c 183 82 20 25 158
c 174 181 35 123 197
c 61 70 73 88 46
c 0 145 129 189 119
c 86 97 190 105 179
c 27 119 51 60 195
c 6 100 80 93 128
c 142 6 51 65 131
c 197 37 81 87 120
c 75 174 7 15 79
c 158 32 133 144 141
c 160 40 49 182 148
c 94 35 116 26 127
c 161 191 166 175 78
c 54 66 107 114 109
c 120 124 131 144 114
c 42 52 109 121 66
c 194 3 6 105 79
c 124 127 18 26 149
c 84 51 20 70 104
c 77 89 14 48 160
c 126 128 15 26 138
c 35 39 30 39 27
c 162 115 52 197 179
c 98 120 75 141 73
c 85 17 194 79 168
c 113 114 57 61 41
c 144 147 82 41 177
c 170 178 177 192 77
c 133 138 144 145 177
c 123 129 3 9 64
c 163 175 81 84 188
c 186 190 188 25 138
c 45 47 8 17 75
c 195 7 57 65 47
c 15 25 185 0 140
c 16 19 54 62 84
c 72 84 119 140 28
c 56 57 107 178 64
c 150 154 138 162 187
c 77 149 162 170 123
c 21 22 167 182 181
c 116 130 194 3 170
c 125 131 132 145 178
c 25 40 96 110 174
c 182 197 54 104 185
c 138 98 130 32 82
c 132 8 194 6 69
c 144 45 33 40 65
c 101 7 31 22 84
c 20 157 179 189 186
c 125 124 131 138 78
c 13 118 81 88 156
c 44 47 199 14 96
c 41 42 31 33 66
c 11 15 165 175 69
c 160 171 94 107 48
c 154 159 191 4 127
c 177 171 123 132 131
c 32 44 13 21 71
c 51 91 111 115 41
c 75 78 183 187 97
c 4 5 42 46 35
c 83 90 63 76 198
c 73 82 127 128 139
c 129 139 198 1 132
c 169 181 42 45 161
c 132 155 159 47 128
c 13 118 150 163 129
c 153 163 116 177 40
c 186 199 160 169 155
c 53 58 93 96 103
c 172 177 87 96 120
c 87 93 169 174 182
c 156 37 126 48 167
c 154 157 36 195 74
c 197 6 147 158 82
c 127 95 136 142 174
c 88 91 191 5 98
c 111 126 165 139 44
c 41 52 88 100 120
c 74 99 188 175 94
c 26 91 177 67 31
c 45 58 109 160 65
c 39 49 10 22 61
c 36 195 191 196 44
c 25 34 78 79 120
c 154 156 133 145 192
c 36 110 28 108 196
c 74 185 150 153 26
c 60 63 172 173 93
c 83 96 103 90 152
c 103 117 180 182 143
c 57 59 161 166 120
c 104 110 97 102 131
c 72 71 122 123 146
c 56 146 50 53 35
c 194 197 155 156 34
c 55 66 117 121 37
c 50 179 42 38 104
c 160 171 44 59 117
c 199 1 134 18 38
c 107 120 142 149 98
c 122 135 193 91 124
c 150 162 137 40 49
c 199 4 181 30 163
c 2 10 187 57 52
c 140 16 112 124 42
c 125 128 39 25 62
c 88 92 73 87 198
c 62 72 46 97 153
c 13 122 86 87 76
c 118 125 68 75 79
c 75 169 188 0 72
c 49 50 101 105 83
c 185 190 149 191 188
c 25 39 19 29 187
c 52 61 109 114 69
c 87 95 164 167 28
c 116 168 154 39 161
c 109 112 120 95 90
c 70 75 179 182 167
c 191 196 19 34 86
c 125 136 148 153 76
c 64 67 191 198 92
c 69 104 65 67 75
c 72 83 23 26 196
c 81 82 57 27 116
c 62 67 80 45 191
c 80 89 42 107 89
c 121 190 10 22 43
c 179 67 150 39 127
c 81 148 177 191 97
c 138 148 170 173 80
c 89 97 111 186 66
c 82 95 63 72 43
c 118 124 110 119 135
c 110 145 107 117 165
c 70 138 26 36 164
c 171 33 183 133 82
c 0 6 84 89 47
c 193 150 137 140 33
c 193 89 135 73 47
c 17 23 99 100 88
c 12 25 135 87 91
c 160 164 43 53 170
c 195 5 106 37 93
c 16 17 177 187 136
c 156 81 136 175 58
c 122 130 117 189 118
c 121 133 155 162 117
c 157 159 134 144 42
c 87 64 124 129 137
c 64 66 198 152 53
c 145 157 154 136 60
c 185 192 14 39 131
c 16 26 47 52 193
c 115 70 86 128 55
c 1 9 43 183 42
c 67 194 50 174 51
c 142 143 6 12 108
c 136 146 147 19 79
c 3 10 67 76 53
c 49 54 114 12 57
c 0 10 71 85 38
c 77 49 129 141 87
c 89 158 150 48 76
c 32 150 4 15 31
c 178 185 186 199 47
c 185 198 73 113 160
c 58 66 34 45 135
c 178 180 141 150 170
c 111 112 162 167 100
c 155 162 101 105 81
c 114 164 160 38 125
c 180 23 50 59 61
c 86 167 150 151 160
c 120 96 194 8 53
c 82 143 55 56 60
c 56 61 43 53 126
c 107 118 176 81 104
c 130 132 51 63 41
c 91 100 104 62 27
c 161 176 69 79 70
c 70 72 21 24 118
c 98 106 151 82 174
c 37 50 10 16 119
c 188 189 145 66 123
c 64 71 126 140 45
c 30 39 163 169 199
c 82 94 101 15 114
c 47 52 112 119 114
c 132 135 135 140 141
c 116 122 49 60 128
c 87 101 141 144 32
c 65 78 17 19 38
c 23 37 121 136 55
c 110 145 55 117 45
c 76 77 44 49 81
c 10 14 48 49 153
c 155 167 76 84 64
c 132 140 94 163 166
c 64 6 96 43 58
c 82 85 199 108 170
c 100 106 106 66 165
c 161 165 150 151 67
c 169 172 154 156 43
c 126 159 30 126 143
c 80 174 167 157 147
c 154 136 69 72 71
c 58 65 110 138 128
c 159 172 140 16 165
c 32 79 32 43 40
c 161 170 199 119 57
c 116 131 3 10 115
c 192 2 27 31 97
c 67 68 107 90 103
c 63 169 113 114 133
c 45 50 48 57 56
c 105 116 102 83 26
c 32 30 41 51 178
c 167 17 77 87 189
c 57 69 10 60 144
c 126 128 99 112 146
c 60 154 72 84 167
c 5 14 175 189 127
c 190 77 48 60 115
c 97 43 144 158 196
c 28 42 185 62 77
c 193 7 101 109 43
c 49 63 154 167 28
c 126 135 178 48 98
c 1 9 60 193 141
c 109 121 21 57 68
c 132 41 151 102 104
c 15 199 70 79 175
c 178 182 160 38 102
c 180 184 161 164 174
c 153 162 79 82 79
c 50 9 84 92 137
c 189 197 70 72 180
c 122 131 129 138 139
c 9 110 37 51 42
c 66 75 79 99 116
c 25 175 64 77 165
c 150 39 144 152 68
c 82 86 140 44 28
c 24 37 94 106 68
c 114 49 177 92 99
c 179 190 171 181 175
c 80 94 26 30 46
c 153 102 76 77 63
c 73 74 35 43 90
c 117 129 123 124 169
c 44 51 61 28 151
c 149 162 162 171 187
c 172 167 76 85 52
c 194 183 184 199 83
c 0 12 84 96 71
c 199 6 102 111 162
c 140 148 27 166 124
c 49 185 98 116 184
c 141 56 91 124 78
c 59 157 20 166 110
c 93 96 172 179 104
c 103 116 91 93 139
c 94 98 73 84 150
c 64 74 52 61 109
c 100 163 88 94 135
c 195 196 154 166 169
c 9 110 89 97 148
c 146 150 149 191 64
c 5 12 39 20 77
c 10 35 33 67 124
c 123 133 61 71 96
c 172 187 98 58 103
c 28 108 19 31 94
c 10 97 133 143 71
c 98 104 186 195 115
c 132 30 50 48 197
c 113 62 124 31 151
c 164 179 29 30 104
c 137 146 15 21 91
c 164 153 116 119 194
c 164 168 64 71 111
c 22 30 119 131 98
c 117 124 118 131 192
c 49 56 58 154 114
c 192 49 36 51 174
c 11 119 128 142 39
c 52 197 77 88 55
c 190 194 14 20 143
c 71 146 196 4 195
c 166 197 38 117 51
c 34 46 77 86 39
c 24 34 14 26 73
c 22 188 135 142 142
c 146 160 116 140 131
c 154 173 199 3 98
c 95 102 181 194 194
c 23 183 44 112 116
c 87 92 37 52 79
c 151 166 23 31 131
c 168 193 146 150 128
c 159 165 73 82 183
c 174 188 177 186 176
c 91 105 11 16 152
c 67 71 142 149 131
c 68 80 3 5 109
c 47 48 33 192 103
c 37 64 167 42 70
c 60 64 154 161 176
c 154 168 191 3 104
c 25 31 142 156 156
c 48 50 82 83 124
c 69 73 54 59 35
c 93 98 45 57 31
c 60 61 125 50 71
c 82 87 181 192 38
c 177 180 130 137 194
c 41 52 88 95 179
c 188 199 110 49 192
c 86 145 26 91 195
c 79 86 178 180 34
c 10 17 163 174 98
c 8 17 158 169 146
c 120 96 127 135 195
c 13 156 12 26 28
c 131 71 31 39 196
c 169 171 82 41 134
c 31 39 179 156 84
c 76 45 45 108 59
c 97 190 126 131 109
c 20 3 138 104 197
c 193 199 25 36 124
c 51 47 162 172 114
c 16 29 118 126 92
c 149 151 96 98 161
c 109 119 156 197 190
c 57 67 126 133 168
c 33 17 130 133 65
c 95 110 177 183 182
c 144 147 169 176 125
c 145 147 171 177 55
c 124 133 186 43 63
c 194 3 188 199 60
c 84 95 168 149 199
c 187 0 96 104 53
c 34 43 62 118 190
c 23 32 22 148 132
c 155 161 4 18 53
c 30 45 2 6 88
c 12 14 146 159 45
c 64 128 103 117 42
c 117 120 78 0 121
c 53 14 28 45 52
c 196 10 155 44 65
c 137 138 128 139 142
c 172 184 120 126 114
c 148 155 48 198 26
c 65 80 39 179 74
c 31 109 191 141 48
c 37 39 25 29 129
c 197 50 76 12 91
c 154 168 24 38 100
c 160 162 2 6 85
c 127 129 139 147 97
c 59 3 108 83 119
c 3 10 3 6 44
c 191 196 92 52 68
c 74 99 165 175 90
c 109 117 9 16 169
c 100 195 39 54 144
c 93 97 15 121 182
c 71 94 126 140 70
c 37 107 79 99 56
c 146 148 12 35 144
c 178 189 46 97 185
c 23 26 5 7 87
c 95 99 52 56 28
c 58 61 107 121 103
c 195 196 63 72 52
c 66 26 63 76 195
c 121 123 176 16 74
c 63 182 3 5 110
c 16 154 138 151 135
c 155 21 173 151 184
c 56 68 1 4 59
c 51 35 115 116 90
c 21 83 138 56 198
c 43 51 67 77 89
c 29 35 28 33 65
c 98 101 146 156 117
c 66 32 38 46 177
c 120 108 109 117 60
c 11 15 17 138 130
c 76 12 35 39 65
c 163 177 81 87 147
c 111 121 70 14 153
c 83 91 134 145 102
c 78 0 144 149 87
c 162 170 179 167 121
c 168 176 77 92 35
c 15 29 0 9 51
c 177 186 132 156 169
c 41 117 141 147 77
c 100 36 101 114 57
c 121 128 17 39 30
c 51 91 119 130 102
c 79 85 16 28 28
c 103 109 10 182 188
c 18 31 103 40 28
c 162 63 54 52 29
c 161 166 38 43 175
c 93 97 190 193 184
c 61 75 0 8 93
c 12 26 109 61 120
c 159 168 197 12 92
c 52 55 143 174 33
c 178 182 67 73 64
c 86 89 172 179 111
c 115 116 20 166 104
c 36 39 87 99 138
c 158 188 98 113 87
c 196 11 148 178 159
c 119 196 95 107 106
c 174 187 86 96 154
c 2 1 108 13 173
c 190 199 185 192 188
c 103 112 132 138 92
c 32 73 181 194 142
c 117 125 24 25 188
c 65 74 158 188 124
c 85 92 88 93 70
c 10 15 163 176 43
c 77 91 186 193 178
c 82 41 9 182 197
c 135 146 156 165 177
c 177 171 68 8 57
c 63 55 182 190 46
c 54 114 163 160 150
c 174 120 106 127 178
c 87 156 72 158 198
c 146 147 3 11 178
c 21 133 120 192 89
c 27 120 104 125 92
c 177 185 186 23 141
c 82 89 28 45 136
c 118 61 105 4 197
c 108 118 133 148 78
c 126 103 36 50 126
c 7 9 131 141 105
c 122 135 174 189 159
c 180 181 111 186 93
c 107 114 195 145 143
c 85 165 90 24 42
c 93 155 91 94 104
c 22 30 132 40 147
c 34 181 94 104 180
c 81 93 118 141 81
c 55 68 88 90 45
c 96 103 162 168 130
c 175 177 9 92 61
c 192 166 149 126 190
c 78 79 98 109 173
c 21 83 29 51 33
c 129 58 38 49 42
c 113 122 56 109 140
c 120 126 160 171 76
c 97 99 43 52 87
c 102 103 171 176 82
c 50 65 45 148 122
c 5 6 31 43 183
c 31 43 180 84 64
c 7 17 172 15 40
c 157 162 194 183 66
c 83 98 69 81 155
c 85 158 149 191 116
c 89 101 17 26 79
c 6 105 137 146 42
c 55 78 74 136 123
c 0 3 17 26 175
c 171 182 65 70 153
c 13 24 162 177 74
c 54 56 10 20 54
c 117 88 197 9 45
c 79 38 175 178 65
c 48 56 159 162 120
c 8 17 112 166 189
c 18 22 21 133 96
c 1 16 66 70 167
c 161 174 158 56 151
c 164 24 39 43 172
c 183 105 118 127 34
c 179 189 113 199 66
c 53 65 87 92 76
c 190 183 48 71 47
c 65 76 119 131 116
c 142 156 123 126 173
c 161 169 156 166 25
c 37 38 123 67 195
c 187 195 20 24 146
c 25 36 137 146 135
c 29 43 140 149 140
c 112 124 191 198 79
c 0 1 139 182 99
c 120 41 46 50 142
c 41 55 184 199 118
c 63 73 145 147 97
c 24 35 123 106 122
c 28 32 18 80 129
c 155 165 63 69 68
c 10 22 97 165 38
c 63 74 88 93 111
c 199 67 159 171 102
c 145 156 128 129 70
c 70 80 95 98 63
c 123 135 103 40 140
c 177 188 105 159 169
c 40 51 149 135 35
c 154 39 94 109 171
c 17 62 118 176 164
c 111 186 43 54 36
c 28 43 82 84 95
c 34 79 92 94 167
c 111 119 180 189 53
c 54 173 126 137 185
c 41 55 196 10 124
c 88 91 122 125 71
c 54 59 122 95 191
c 11 119 32 47 69
c 116 168 97 111 148
c 113 62 138 141 196
c 102 114 73 88 159
c 129 21 12 21 108
c 141 145 60 63 75
c 118 121 53 14 40
c 109 121 175 184 87
c 13 87 188 139 80
c 146 156 18 21 76
c 116 117 191 141 113
c 72 83 54 58 78
c 52 59 83 73 57
c 15 20 18 47 85
c 119 129 85 99 125
c 7 17 88 158 40
c 81 125 125 183 184
c 159 174 19 32 120
c 75 82 46 184 174
c 94 100 175 176 40
c 64 72 170 171 55
c 82 143 117 47 197
c 175 184 26 38 135
c 69 66 119 131 126
c 10 82 57 29 69
c 148 163 14 163 65
c 101 115 153 168 164
c 177 185 157 163 47
c 28 38 107 108 94
c 97 43 14 23 115
c 42 110 161 174 70
c 122 134 156 160 55
c 102 83 126 127 52
c 168 178 9 24 80
c 198 9 104 112 91
c 139 149 94 104 195
c 196 0 90 100 172
c 43 56 83 160 79
c 20 32 156 170 190
c 22 80 22 29 132
c 109 149 162 177 125
c 191 138 34 41 121
c 169 183 88 93 88
c 5 11 128 139 96
c 124 179 69 104 142
c 183 82 178 113 143
c 123 128 60 65 120
c 146 51 40 37 27
c 75 51 37 47 158
c 134 142 31 36 184
c 104 111 194 197 135
c 187 188 26 149 190
c 5 14 181 186 44
c 197 50 130 159 194
c 187 19 43 54 97
c 39 47 175 38 194
c 72 85 112 117 115
c 69 73 80 115 30
c 4 140 139 145 141
c 7 9 177 184 70
c 167 180 153 161 191
c 6 16 163 176 189
c 5 8 192 16 175
c 41 53 152 162 185
c 168 182 2 11 83
c 194 6 126 112 27
c 87 99 56 67 131
c 24 38 68 144 126
c 166 197 134 147 49
c 0 8 135 137 37
c 77 86 93 98 61
c 152 149 126 137 111
c 2 157 132 30 86
c 57 132 93 97 180
c 102 108 63 70 118
c 57 70 53 55 50
c 171 9 154 159 52
c 134 52 75 189 82
c 124 56 179 132 199
c 164 174 108 113 193
c 26 120 183 82 150
c 69 74 129 132 66
c 6 12 97 116 68
c 176 136 128 156 153
c 84 85 145 149 144
c 34 41 70 83 124
c 89 103 173 175 199
c 137 24 55 128 97
c 108 13 154 158 81
c 105 116 148 149 101
c 29 36 152 159 172
c 170 113 52 60 134
c 186 181 153 168 168
c 81 94 173 151 109
c 83 98 62 70 189
c 79 25 68 75 36
c 88 99 4 168 88
c 25 28 54 68 82
c 87 56 169 184 83
c 163 171 119 121 51
c 73 87 179 183 125
c 160 129 70 16 61
c 148 156 15 26 123
c 195 199 162 174 122
c 106 112 19 21 85
c 32 30 81 96 182
c 74 82 85 92 150
c 130 180 4 16 68
c 12 22 166 178 164
c 183 133 181 184 106
c 69 70 180 182 171
c 179 67 161 175 170
c 112 120 33 36 191
c 39 40 160 186 131
c 23 24 80 48 182
c 120 133 122 137 60
c 107 112 46 61 58
c 142 152 89 175 189
c 17 22 8 11 192
c 39 77 28 42 128
c 183 189 137 169 77
c 146 158 60 3 137
c 173 188 31 35 99
c 5 17 95 104 114
c 64 77 194 79 162
c 160 187 179 75 106
c 109 123 173 182 116
c 30 8 9 15 162
c 38 155 67 86 96
c 89 97 101 113 92
c 27 96 74 80 58
c 153 161 113 192 157
c 121 29 161 168 50
c 114 124 167 178 91
c 112 122 49 68 196
c 110 124 152 183 143
c 105 112 199 181 84
c 34 199 162 173 176
c 6 8 159 160 186
c 67 86 184 188 62
c 22 148 138 153 48
c 79 25 133 171 88
c 62 69 108 44 61
c 184 193 53 63 55
c 87 92 103 105 104
c 69 72 52 71 150
c 143 145 9 30 170
c 144 157 88 94 165
c 155 149 193 79 72
c 179 67 67 75 51
c 137 151 148 178 111
c 177 181 94 101 47
c 10 13 134 146 54
c 36 50 51 57 178
c 192 0 136 141 163
c 139 78 168 174 157
c 24 29 18 31 67
c 114 115 107 38 175
c 0 12 171 180 121
c 92 103 149 152 151
c 11 27 63 65 198
c 103 114 46 57 157
c 187 192 186 187 41
c 20 98 27 28 83
c 59 142 180 199 145
c 149 159 176 179 195
c 60 64 46 53 46
c 74 194 160 130 176
c 194 169 123 134 138
c 28 37 169 182 111
c 186 199 154 173 80
c 50 60 23 38 91
c 42 45 103 115 85
c 152 149 88 158 74
c 18 23 128 133 100
c 144 158 93 96 161
c 31 37 120 108 184
c 53 16 173 187 127
c 38 89 119 125 103
c 174 126 13 87 36
c 191 3 94 6 105
c 57 121 184 192 86
c 77 85 138 159 132
c 9 110 169 175 31
c 130 138 94 35 92
c 63 71 67 75 161
c 189 194 1 9 159
c 43 47 16 28 80
c 6 18 115 70 44
c 176 151 67 81 94
c 186 192 52 53 108
c 135 87 127 95 116
c 50 61 73 179 157
c 52 53 128 141 172
c 31 42 151 161 198
c 153 39 43 183 89
c 131 145 179 75 79
c 40 37 12 20 79
c 64 128 153 144 77
c 73 134 82 93 47
c 73 77 66 75 39
c 48 57 126 159 189
c 71 127 140 145 75
c 177 183 110 117 139
c 19 28 122 135 141
