notes: n=100, m=1055, elb=1, eub=20, conf_density=0.003, clb=25, cub= 200, seed= 5476
p spec 100 1055 1667
s 91
t 77
a 0 1 10
a 0 2 5
a 0 3 12
a 0 4 3
a 0 5 17
a 0 6 17
a 0 7 1
a 0 90 14
a 0 65 14
a 1 2 3
a 1 3 9
a 1 4 2
a 1 5 9
a 1 6 10
a 1 7 3
a 1 8 3
a 1 45 2
a 1 67 9
a 1 29 13
a 2 3 13
a 2 4 9
a 2 5 18
a 2 6 7
a 2 7 9
a 2 8 10
a 2 9 12
a 2 28 18
a 2 70 6
a 2 89 19
a 2 54 9
a 3 4 3
a 3 5 11
a 3 6 9
a 3 7 8
a 3 8 8
a 3 9 3
a 3 10 1
a 3 45 3
a 3 96 1
a 3 55 15
a 4 5 8
a 4 6 9
a 4 7 12
a 4 8 4
a 4 9 15
a 4 10 15
a 4 11 14
a 4 77 19
a 4 65 1
a 4 69 10
a 4 28 15
a 4 68 10
a 4 87 14
a 5 6 6
a 5 7 15
a 5 8 16
a 5 9 12
a 5 10 10
a 5 11 6
a 5 12 1
a 5 80 16
a 5 69 13
a 6 7 7
a 6 8 2
a 6 9 17
a 6 10 18
a 6 11 18
a 6 12 14
a 6 13 14
a 6 14 15
a 6 25 10
a 7 8 4
a 7 9 14
a 7 10 4
a 7 11 13
a 7 12 15
a 7 13 3
a 7 14 9
a 7 81 18
a 7 41 1
a 7 5 18
a 7 28 9
a 7 17 12
a 90 91 15
a 90 92 4
a 90 93 19
a 90 94 13
a 90 95 14
a 90 96 9
a 90 97 15
a 90 12 1
a 90 5 2
a 90 30 18
a 90 64 5
a 90 60 17
a 65 66 13
a 65 67 6
a 65 68 19
a 65 69 5
a 65 70 18
a 65 71 3
a 65 72 10
a 65 23 10
a 65 42 6
a 65 90 19
a 8 9 6
a 8 10 13
a 8 11 1
a 8 12 17
a 8 13 18
a 8 14 13
a 8 15 5
a 8 48 4
a 8 76 16
a 8 68 8
a 8 86 10
a 45 46 5
a 45 47 4
a 45 48 17
a 45 49 11
a 45 50 17
a 45 51 18
a 45 52 5
a 45 64 3
a 45 22 10
a 67 68 3
a 67 69 3
a 67 70 12
a 67 71 10
a 67 72 4
a 67 73 5
a 67 74 16
a 67 41 10
a 67 10 8
a 67 97 15
a 67 58 12
a 29 30 15
a 29 31 18
a 29 32 6
a 29 33 12
a 29 34 8
a 29 35 9
a 29 36 5
a 29 12 18
a 29 11 14
a 29 55 8
a 9 10 16
a 9 11 19
a 9 12 6
a 9 13 17
a 9 14 2
a 9 15 17
a 9 16 3
a 9 66 18
a 9 74 10
a 9 82 15
a 9 17 16
a 28 29 10
a 28 30 11
a 28 31 18
a 28 32 7
a 28 33 6
a 28 34 11
a 28 35 1
a 28 50 11
a 28 42 4
a 28 62 15
a 28 85 16
a 70 71 5
a 70 72 3
a 70 73 2
a 70 74 17
a 70 75 9
a 70 76 16
a 70 77 4
a 70 60 3
a 70 57 17
a 70 11 17
a 89 90 4
a 89 91 10
a 89 92 19
a 89 93 9
a 89 94 4
a 89 95 16
a 89 96 12
a 89 11 8
a 89 25 6
a 89 5 17
a 89 68 14
a 89 88 12
a 54 55 2
a 54 56 13
a 54 57 16
a 54 58 15
a 54 59 5
a 54 60 13
a 54 61 8
a 54 50 3
a 54 30 1
a 54 92 11
a 54 34 3
a 54 46 19
a 10 11 14
a 10 12 16
a 10 13 3
a 10 14 15
a 10 15 3
a 10 16 16
a 10 17 1
a 10 95 11
a 10 62 14
a 10 35 9
a 10 87 16
a 10 90 18
a 96 97 8
a 96 98 3
a 96 99 12
a 96 0 13
a 96 1 14
a 96 2 9
a 96 3 11
a 96 64 9
a 96 22 8
a 55 56 6
a 55 57 16
a 55 58 5
a 55 59 14
a 55 60 8
a 55 61 13
a 55 62 5
a 55 66 9
a 55 65 1
a 55 52 9
a 55 99 14
a 55 68 3
a 11 12 5
a 11 13 16
a 11 14 17
a 11 15 19
a 11 16 8
a 11 17 2
a 11 18 2
a 11 62 3
a 11 72 9
a 11 22 8
a 11 48 10
a 77 78 3
a 77 79 17
a 77 80 9
a 77 81 6
a 77 82 9
a 77 83 16
a 77 84 4
a 77 48 16
a 77 56 1
a 77 70 19
a 77 47 2
a 77 96 9
a 69 70 3
a 69 71 12
a 69 72 18
a 69 73 13
a 69 74 4
a 69 75 13
a 69 76 3
a 69 87 16
a 69 9 11
a 69 97 8
a 69 61 13
a 69 95 8
a 68 69 3
a 68 70 17
a 68 71 16
a 68 72 5
a 68 73 5
a 68 74 12
a 68 75 4
a 68 77 11
a 68 33 4
a 87 88 3
a 87 89 15
a 87 90 8
a 87 91 7
a 87 92 11
a 87 93 5
a 87 94 18
a 87 42 17
a 87 16 17
a 87 30 15
a 87 83 10
a 87 34 11
a 12 13 5
a 12 14 17
a 12 15 3
a 12 16 8
a 12 17 4
a 12 18 1
a 12 19 9
a 12 24 5
a 80 81 9
a 80 82 2
a 80 83 3
a 80 84 7
a 80 85 2
a 80 86 10
a 80 87 10
a 80 2 17
a 13 14 2
a 13 15 15
a 13 16 15
a 13 17 6
a 13 18 11
a 13 19 4
a 13 20 19
a 13 91 17
a 13 23 16
a 13 94 7
a 13 98 15
a 13 7 10
a 14 15 12
a 14 16 18
a 14 17 16
a 14 18 10
a 14 19 15
a 14 20 3
a 14 21 15
a 14 41 15
a 14 60 19
a 14 7 9
a 25 26 18
a 25 27 15
a 25 28 2
a 25 29 11
a 25 30 14
a 25 31 3
a 25 32 16
a 25 72 12
a 25 67 12
a 25 69 17
a 81 82 11
a 81 83 10
a 81 84 2
a 81 85 15
a 81 86 13
a 81 87 1
a 81 88 8
a 81 57 9
a 81 5 8
a 81 41 10
a 81 92 17
a 41 42 18
a 41 43 18
a 41 44 6
a 41 45 11
a 41 46 11
a 41 47 3
a 41 48 18
a 41 27 12
a 41 70 15
a 17 18 11
a 17 19 9
a 17 20 1
a 17 21 14
a 17 22 8
a 17 23 5
a 17 24 8
a 17 44 3
a 17 55 15
a 17 39 7
a 17 54 17
a 17 7 13
a 17 91 13
a 15 16 15
a 15 17 7
a 15 18 17
a 15 19 19
a 15 20 13
a 15 21 19
a 15 22 18
a 15 54 17
a 15 45 1
a 48 49 10
a 48 50 7
a 48 51 15
a 48 52 5
a 48 53 4
a 48 54 10
a 48 55 14
a 48 37 2
a 48 75 13
a 48 84 9
a 76 77 10
a 76 78 5
a 76 79 8
a 76 80 1
a 76 81 10
a 76 82 5
a 76 83 15
a 76 71 12
a 76 62 5
a 76 91 2
a 76 47 8
a 86 87 13
a 86 88 12
a 86 89 14
a 86 90 3
a 86 91 5
a 86 92 3
a 86 93 3
a 86 51 7
a 86 10 15
a 86 64 19
a 86 84 2
a 16 17 13
a 16 18 5
a 16 19 15
a 16 20 19
a 16 21 8
a 16 22 14
a 16 23 14
a 16 29 8
a 16 67 18
a 16 45 6
a 16 85 17
a 66 67 1
a 66 68 16
a 66 69 2
a 66 70 15
a 66 71 14
a 66 72 7
a 66 73 1
a 66 0 10
a 66 45 10
a 74 75 12
a 74 76 10
a 74 77 16
a 74 78 11
a 74 79 5
a 74 80 5
a 74 81 11
a 74 70 8
a 74 20 13
a 74 40 8
a 74 97 16
a 74 31 9
a 82 83 12
a 82 84 10
a 82 85 13
a 82 86 18
a 82 87 2
a 82 88 3
a 82 89 16
a 82 30 15
a 82 10 7
a 95 96 3
a 95 97 9
a 95 98 3
a 95 99 8
a 95 0 18
a 95 1 6
a 95 2 10
a 95 64 19
a 95 19 9
a 95 76 18
a 95 34 17
a 95 43 4
a 62 63 19
a 62 64 10
a 62 65 15
a 62 66 1
a 62 67 8
a 62 68 4
a 62 69 12
a 62 61 5
a 62 30 6
a 62 10 19
a 62 14 8
a 35 36 13
a 35 37 12
a 35 38 6
a 35 39 15
a 35 40 10
a 35 41 2
a 35 42 16
a 35 59 8
a 35 12 9
a 35 34 10
a 35 30 5
a 18 19 6
a 18 20 4
a 18 21 13
a 18 22 6
a 18 23 3
a 18 24 6
a 18 25 11
a 72 73 16
a 72 74 10
a 72 75 4
a 72 76 14
a 72 77 15
a 72 78 10
a 72 79 2
a 72 0 9
a 72 48 5
a 72 34 7
a 72 32 11
a 72 54 9
a 22 23 4
a 22 24 6
a 22 25 3
a 22 26 14
a 22 27 7
a 22 28 8
a 22 29 9
a 22 55 2
a 22 71 4
a 22 53 7
a 22 2 18
a 19 20 12
a 19 21 18
a 19 22 5
a 19 23 17
a 19 24 2
a 19 25 13
a 19 26 10
a 19 43 18
a 19 49 7
a 19 57 13
a 19 81 5
a 24 25 5
a 24 26 9
a 24 27 17
a 24 28 13
a 24 29 16
a 24 30 3
a 24 31 13
a 24 13 10
a 24 60 9
a 24 12 6
a 24 81 5
a 20 21 12
a 20 22 8
a 20 23 5
a 20 24 13
a 20 25 9
a 20 26 3
a 20 27 3
a 20 19 8
a 20 69 5
a 20 7 1
a 20 17 15
a 91 92 9
a 91 93 13
a 91 94 7
a 91 95 7
a 91 96 10
a 91 97 2
a 91 98 4
a 91 64 5
a 91 56 19
a 23 24 15
a 23 25 8
a 23 26 9
a 23 27 10
a 23 28 12
a 23 29 19
a 23 30 3
a 23 95 17
a 23 65 3
a 23 70 17
a 94 95 2
a 94 96 15
a 94 97 7
a 94 98 18
a 94 99 4
a 94 0 3
a 94 1 16
a 94 48 16
a 94 11 7
a 94 91 6
a 98 99 7
a 98 0 14
a 98 1 3
a 98 2 4
a 98 3 9
a 98 4 10
a 98 5 3
a 98 69 18
a 98 22 6
a 98 90 12
a 98 17 1
a 21 22 16
a 21 23 16
a 21 24 13
a 21 25 10
a 21 26 19
a 21 27 1
a 21 28 5
a 21 82 8
a 21 34 14
a 21 90 15
a 21 36 15
a 21 50 18
a 60 61 5
a 60 62 6
a 60 63 16
a 60 64 16
a 60 65 3
a 60 66 13
a 60 67 16
a 60 80 4
a 60 14 10
a 60 97 3
a 85 86 9
a 85 87 1
a 85 88 13
a 85 89 11
a 85 90 3
a 85 91 16
a 85 92 4
a 85 31 16
a 85 45 4
a 85 28 10
a 44 45 9
a 44 46 4
a 44 47 16
a 44 48 11
a 44 49 17
a 44 50 14
a 44 51 13
a 44 1 15
a 44 89 5
a 44 72 11
a 39 40 3
a 39 41 17
a 39 42 9
a 39 43 8
a 39 44 12
a 39 45 8
a 39 46 17
a 39 3 1
a 39 69 18
a 39 37 14
a 26 27 17
a 26 28 8
a 26 29 2
a 26 30 12
a 26 31 2
a 26 32 19
a 26 33 1
a 26 72 17
a 26 20 14
a 26 77 19
a 26 62 8
a 43 44 16
a 43 45 12
a 43 46 1
a 43 47 11
a 43 48 12
a 43 49 9
a 43 50 2
a 43 16 17
a 43 62 18
a 43 59 18
a 43 52 12
a 43 70 18
a 43 9 15
a 49 50 16
a 49 51 13
a 49 52 3
a 49 53 13
a 49 54 1
a 49 55 7
a 49 56 5
a 49 35 6
a 49 93 1
a 49 62 19
a 49 57 16
a 49 92 5
a 57 58 10
a 57 59 14
a 57 60 12
a 57 61 17
a 57 62 8
a 57 63 15
a 57 64 5
a 57 41 12
a 27 28 13
a 27 29 18
a 27 30 15
a 27 31 2
a 27 32 5
a 27 33 8
a 27 34 8
a 27 55 10
a 27 7 7
a 27 22 11
a 34 35 14
a 34 36 5
a 34 37 10
a 34 38 1
a 34 39 17
a 34 40 5
a 34 41 5
a 34 27 7
a 34 87 1
a 34 99 16
a 34 63 19
a 36 37 17
a 36 38 16
a 36 39 4
a 36 40 17
a 36 41 10
a 36 42 18
a 36 43 19
a 36 60 14
a 36 95 11
a 36 8 3
a 36 25 17
a 36 33 17
a 50 51 18
a 50 52 17
a 50 53 16
a 50 54 18
a 50 55 11
a 50 56 10
a 50 57 19
a 50 73 2
a 50 87 14
a 50 75 19
a 50 27 18
a 50 64 12
a 71 72 11
a 71 73 2
a 71 74 9
a 71 75 1
a 71 76 17
a 71 77 2
a 71 78 11
a 71 79 17
a 71 52 10
a 71 51 16
a 71 25 2
a 71 68 3
a 53 54 4
a 53 55 2
a 53 56 6
a 53 57 19
a 53 58 3
a 53 59 8
a 53 60 17
a 53 23 3
a 53 63 14
a 53 0 4
a 53 96 8
a 30 31 1
a 30 32 15
a 30 33 1
a 30 34 11
a 30 35 6
a 30 36 18
a 30 37 13
a 30 80 8
a 30 77 2
a 31 32 18
a 31 33 15
a 31 34 18
a 31 35 9
a 31 36 17
a 31 37 10
a 31 38 16
a 31 8 4
a 31 4 15
a 31 71 13
a 31 91 11
a 31 60 13
a 32 33 6
a 32 34 4
a 32 35 2
a 32 36 3
a 32 37 3
a 32 38 3
a 32 39 9
a 32 98 14
a 32 2 4
a 32 74 18
a 32 61 8
a 32 13 3
a 33 34 14
a 33 35 14
a 33 36 13
a 33 37 4
a 33 38 9
a 33 39 5
a 33 40 11
a 33 76 18
a 33 30 10
a 33 7 1
a 42 43 6
a 42 44 18
a 42 45 2
a 42 46 6
a 42 47 16
a 42 48 13
a 42 49 5
a 42 38 17
a 42 6 19
a 42 60 3
a 42 83 13
a 42 8 11
a 37 38 14
a 37 39 17
a 37 40 5
a 37 41 11
a 37 42 15
a 37 43 13
a 37 44 19
a 37 21 6
a 37 7 5
a 37 31 3
a 38 39 14
a 38 40 16
a 38 41 17
a 38 42 7
a 38 43 13
a 38 44 14
a 38 45 12
a 38 22 11
a 38 29 8
a 38 70 7
a 38 12 19
a 38 57 15
a 61 62 16
a 61 63 11
a 61 64 5
a 61 65 11
a 61 66 18
a 61 67 16
a 61 68 13
a 61 36 6
a 61 54 16
a 40 41 3
a 40 42 6
a 40 43 12
a 40 44 11
a 40 45 4
a 40 46 9
a 40 47 15
a 40 26 6
a 40 13 9
a 40 86 4
a 40 56 1
a 99 0 5
a 99 1 14
a 99 2 6
a 99 3 18
a 99 4 7
a 99 5 16
a 99 6 2
a 99 40 11
a 99 89 4
a 99 7 10
a 63 64 6
a 63 65 9
a 63 66 13
a 63 67 17
a 63 68 17
a 63 69 1
a 63 70 1
a 63 93 11
a 63 88 10
a 63 9 5
a 63 24 16
a 63 30 14
a 59 60 8
a 59 61 6
a 59 62 2
a 59 63 3
a 59 64 17
a 59 65 2
a 59 66 13
a 59 16 13
a 59 34 2
a 59 14 6
a 59 90 9
a 46 47 10
a 46 48 3
a 46 49 7
a 46 50 19
a 46 51 11
a 46 52 7
a 46 53 19
a 46 71 9
a 46 68 5
a 46 16 10
a 46 59 7
a 47 48 9
a 47 49 7
a 47 50 3
a 47 51 6
a 47 52 1
a 47 53 13
a 47 54 13
a 47 44 5
a 47 84 9
a 56 57 17
a 56 58 10
a 56 59 5
a 56 60 13
a 56 61 11
a 56 62 4
a 56 63 6
a 56 28 10
a 56 81 7
a 56 43 14
a 56 74 9
a 83 84 15
a 83 85 11
a 83 86 3
a 83 87 17
a 83 88 18
a 83 89 6
a 83 90 6
a 83 46 5
a 52 53 15
a 52 54 9
a 52 55 1
a 52 56 7
a 52 57 13
a 52 58 9
a 52 59 11
a 52 40 7
a 52 72 15
a 52 65 14
a 52 61 10
a 52 15 16
a 51 52 2
a 51 53 15
a 51 54 7
a 51 55 12
a 51 56 11
a 51 57 15
a 51 58 5
a 51 38 11
a 51 25 6
a 64 65 1
a 64 66 13
a 64 67 14
a 64 68 2
a 64 69 1
a 64 70 19
a 64 71 16
a 64 10 19
a 64 89 6
a 64 38 18
a 64 17 5
a 84 85 14
a 84 86 15
a 84 87 17
a 84 88 13
a 84 89 15
a 84 90 14
a 84 91 5
a 84 45 18
a 84 82 7
a 75 76 7
a 75 77 2
a 75 78 14
a 75 79 6
a 75 80 3
a 75 81 5
a 75 82 19
a 75 71 13
a 75 70 4
a 93 94 11
a 93 95 17
a 93 96 15
a 93 97 3
a 93 98 15
a 93 99 5
a 93 0 4
a 93 80 14
a 93 92 13
a 93 35 5
a 93 6 4
a 92 93 17
a 92 94 5
a 92 95 13
a 92 96 8
a 92 97 13
a 92 98 4
a 92 99 13
a 92 59 14
a 73 74 15
a 73 75 8
a 73 76 1
a 73 77 13
a 73 78 17
a 73 79 5
a 73 80 16
a 73 57 10
a 73 27 9
a 73 88 5
a 58 59 3
a 58 60 18
a 58 61 3
a 58 62 11
a 58 63 6
a 58 64 19
a 58 65 9
a 58 20 18
a 58 25 1
a 58 30 18
a 58 93 9
a 97 98 15
a 97 99 5
a 97 0 12
a 97 1 7
a 97 2 13
a 97 3 13
a 97 4 9
a 97 54 13
a 88 89 15
a 88 90 12
a 88 91 15
a 88 92 4
a 88 93 12
a 88 94 1
a 88 95 11
a 88 60 7
a 88 56 16
a 88 68 2
a 88 64 11
a 78 79 14
a 78 80 6
a 78 81 14
a 78 82 7
a 78 83 9
a 78 84 11
a 78 85 11
a 78 55 6
a 78 7 3
a 78 44 11
a 78 32 13
a 78 53 4
a 79 80 9
a 79 81 3
a 79 82 17
a 79 83 4
a 79 84 13
a 79 85 17
a 79 86 3
a 79 8 8
a 79 64 19
a 79 57 3
c 43 59 69 74 136
c 28 33 52 61 63
c 56 62 26 20 78
c 79 64 54 30 35
c 44 45 1 3 135
c 76 77 21 27 45
c 47 48 92 95 91
c 69 61 43 50 193
c 38 41 98 3 162
c 46 50 94 0 34
c 78 85 43 46 141
c 53 60 45 48 167
c 74 97 67 69 39
c 71 68 73 74 92
c 38 12 98 0 107
c 40 56 1 2 67
c 85 28 39 46 127
c 99 7 73 88 117
c 20 7 88 64 50
c 73 79 3 10 34
c 82 84 48 53 158
c 93 97 35 36 44
c 83 85 30 34 159
c 4 5 84 45 36
c 89 25 89 11 165
c 95 99 50 54 94
c 89 93 94 99 176
c 19 21 13 16 30
c 2 7 7 5 96
c 98 17 21 24 118
c 56 57 17 54 175
c 73 77 39 43 39
c 78 82 80 86 89
c 32 38 19 25 170
c 8 12 67 73 25
c 1 29 71 73 165
c 61 66 26 31 118
c 14 7 64 69 128
c 76 71 36 40 184
c 27 31 46 71 89
c 50 52 72 0 181
c 84 89 17 19 25
c 17 7 86 51 134
c 9 11 34 63 188
c 71 79 23 28 123
c 24 60 64 89 194
c 41 44 20 25 92
c 7 12 36 33 86
c 21 22 30 35 182
c 3 6 68 72 101
c 89 96 17 39 36
c 52 54 15 16 133
c 67 10 49 35 168
c 93 95 71 79 125
c 2 8 61 62 188
c 32 35 94 11 67
c 78 44 94 96 141
c 40 45 43 49 152
c 10 62 61 63 176
c 16 21 68 75 147
c 89 96 6 12 148
c 37 39 26 72 42
c 78 85 81 87 102
c 71 68 43 48 171
c 81 83 67 41 30
c 48 52 38 42 99
c 73 76 4 65 111
c 43 48 87 92 58
c 70 71 60 64 175
c 73 88 10 12 107
c 55 62 37 39 91
c 99 3 69 95 150
c 65 23 80 86 81
c 76 91 54 34 130
c 68 73 24 81 148
c 29 32 92 97 37
c 76 82 8 76 89
c 20 24 14 41 186
c 73 76 50 54 89
c 87 94 64 17 153
c 85 31 6 14 101
c 78 44 72 48 195
c 94 11 74 79 190
c 98 1 42 47 74
c 35 59 17 22 166
c 28 31 36 42 60
c 2 89 24 13 199
c 64 70 83 90 170
c 48 49 65 68 121
c 2 9 26 72 56
c 43 45 7 41 29
c 3 45 53 58 131
c 85 31 64 66 48
c 15 45 21 27 176
c 27 22 89 5 109
c 81 85 78 53 104
c 81 57 10 87 123
c 36 25 5 9 86
c 45 51 38 40 183
c 9 11 51 57 128
c 8 11 59 64 88
c 96 99 4 9 42
c 36 8 56 57 114
c 77 80 86 92 70
c 85 86 0 5 181
c 61 36 60 64 138
c 99 0 26 28 135
c 64 70 14 20 86
c 71 72 45 52 108
c 77 83 27 28 88
c 9 66 86 89 26
c 55 65 27 29 32
c 87 91 34 40 133
c 92 94 48 49 197
c 55 59 2 28 150
c 90 93 77 84 102
c 67 58 8 48 82
c 32 39 16 29 110
c 10 62 14 15 98
c 95 19 52 53 63
c 89 94 97 2 174
c 67 97 52 72 141
c 52 59 15 45 171
c 15 17 30 80 32
c 24 31 7 12 26
c 53 0 38 43 148
c 51 57 70 75 158
c 21 90 76 62 196
c 28 32 44 49 193
c 86 92 29 11 38
c 54 58 95 43 172
c 43 49 51 52 178
c 25 69 35 36 190
c 72 34 78 32 25
c 69 9 5 12 39
c 40 47 4 8 81
c 84 85 50 51 47
c 32 36 19 24 196
c 23 28 41 44 168
c 55 52 46 48 199
c 10 13 79 81 71
c 9 15 29 30 175
c 26 29 82 10 151
c 40 41 22 25 162
c 42 46 27 31 159
c 84 82 8 12 147
c 42 44 55 59 143
c 61 64 17 44 180
c 23 26 23 95 55
c 46 52 18 20 78
c 48 50 54 34 108
c 29 35 23 65 149
c 54 55 28 34 123
c 68 74 38 45 104
c 22 25 17 19 139
c 69 61 27 34 164
c 73 88 71 79 124
c 90 60 93 35 58
c 1 8 96 3 69
c 55 56 85 91 192
c 71 77 41 43 39
c 58 61 43 48 133
c 27 22 35 36 86
c 89 95 63 30 51
c 54 34 61 36 171
c 23 24 13 14 33
c 55 60 96 1 101
c 35 36 32 36 93
c 71 68 2 9 134
c 63 30 1 67 146
c 61 67 31 8 69
c 30 34 95 0 198
c 48 54 10 15 180
c 66 69 8 10 187
c 25 27 37 41 60
c 34 35 99 1 49
c 23 70 8 10 104
c 24 13 69 87 181
c 0 6 75 70 179
c 67 41 45 48 153
c 27 33 67 41 29
c 49 57 7 10 87
c 42 83 35 36 176
c 29 32 17 18 155
c 0 6 36 39 195
c 26 20 62 68 56
c 4 77 86 89 34
c 33 36 93 6 119
c 9 16 35 41 170
c 62 63 98 3 115
c 51 55 43 44 192
c 52 40 56 63 95
c 17 21 74 70 91
c 82 10 85 28 158
c 11 22 24 13 170
c 46 48 49 35 183
c 36 95 85 86 165
c 82 30 40 56 57
c 41 44 92 94 144
c 47 52 11 12 169
c 33 36 44 48 146
c 43 44 22 28 197
c 66 73 7 5 42
c 41 27 77 81 89
c 71 74 64 38 72
c 36 42 97 0 85
c 29 33 40 46 62
c 50 56 22 2 125
c 69 70 61 67 54
c 38 44 28 34 184
c 81 86 9 15 62
c 37 39 8 12 196
c 12 19 21 36 163
c 10 16 27 34 157
c 22 27 72 54 176
c 17 24 58 30 186
c 88 68 56 62 134
c 26 62 52 56 186
c 33 39 34 39 106
c 47 84 72 78 112
c 71 77 25 27 120
c 81 85 87 91 94
c 50 27 88 94 172
c 34 37 18 22 87
c 28 32 6 7 82
c 30 80 64 38 106
c 44 49 44 48 84
c 83 86 89 88 183
c 99 89 23 95 150
c 46 51 4 11 134
c 10 35 29 33 78
c 1 7 29 34 56
c 70 74 81 5 83
c 34 27 4 77 189
c 32 74 40 41 94
c 30 36 90 5 189
c 34 38 45 52 113
c 26 20 95 43 80
c 2 3 65 42 162
c 17 20 1 4 94
c 50 51 96 22 46
c 1 2 92 59 135
c 28 31 20 27 45
c 69 95 46 16 162
c 78 53 90 97 33
c 25 30 45 46 53
c 83 86 29 33 82
c 58 61 43 62 85
c 67 10 43 49 190
c 65 90 11 12 98
c 2 4 55 62 131
c 73 77 78 53 148
c 60 61 5 7 74
c 3 5 22 2 163
c 81 41 12 16 153
c 88 90 63 65 119
c 89 91 97 99 71
c 20 69 1 6 25
c 94 48 27 32 86
c 4 11 26 30 183
c 46 48 7 14 60
c 56 43 0 4 49
c 53 56 17 54 49
c 25 31 2 6 146
c 74 79 63 68 127
c 71 78 45 64 144
c 40 86 84 86 60
c 43 52 32 13 103
c 86 88 0 1 43
c 83 46 73 27 180
c 60 97 0 3 72
c 13 20 27 33 170
c 76 91 4 11 80
c 23 27 73 88 122
c 53 60 58 63 47
c 11 15 8 15 132
c 27 33 43 47 114
c 61 65 39 37 148
c 21 26 65 90 63
c 4 68 69 70 174
c 45 22 13 16 114
c 97 1 52 15 105
c 19 57 49 93 50
c 15 18 14 18 39
c 27 29 51 38 28
c 10 15 77 47 157
c 74 75 3 9 148
c 94 95 88 68 168
c 86 84 57 59 157
c 14 16 70 73 45
c 16 21 43 46 103
c 67 70 39 43 94
c 47 53 8 15 143
c 20 21 31 32 192
c 80 83 70 76 126
c 67 74 65 69 163
c 68 75 71 52 150
c 49 93 38 70 93
c 19 43 49 53 145
c 9 14 1 29 125
c 48 84 9 13 77
c 96 64 61 63 163
c 72 74 87 88 37
c 4 65 87 83 60
c 71 75 16 22 25
c 28 62 73 88 157
c 21 26 50 52 25
c 63 64 57 63 135
c 97 54 10 35 112
c 92 59 64 69 43
c 71 72 17 20 79
c 87 30 23 30 61
c 27 29 63 9 174
c 30 34 72 74 96
c 98 22 41 44 96
c 95 19 61 66 97
c 32 13 23 28 66
c 42 43 42 47 169
c 5 11 71 77 97
c 14 41 76 91 88
c 76 47 37 40 30
c 65 68 67 72 41
c 2 5 53 23 148
c 26 72 82 88 86
c 85 45 5 10 191
c 94 97 46 51 165
c 82 86 25 29 134
c 92 59 98 4 157
c 2 9 56 58 155
c 43 59 84 45 34
c 91 64 90 94 171
c 34 63 64 10 28
c 67 73 38 42 185
c 8 10 25 32 137
c 25 28 24 12 185
c 75 70 4 68 82
c 81 85 45 64 177
c 74 77 70 72 34
c 55 68 19 43 159
c 63 69 10 12 121
c 76 78 28 62 96
c 77 80 45 64 65
c 10 16 51 38 30
c 7 5 98 3 153
c 32 37 20 7 40
c 25 69 22 23 117
c 89 68 94 99 112
c 51 38 53 57 37
c 53 96 58 20 34
c 69 75 10 17 99
c 59 60 19 57 186
c 63 69 54 50 40
c 15 45 39 45 33
c 98 1 35 38 144
c 5 9 52 65 119
c 48 53 56 59 42
c 81 5 14 41 27
c 90 12 21 23 31
c 34 63 28 42 28
c 78 80 5 9 89
c 93 96 47 52 187
c 67 41 64 10 46
c 10 87 96 2 169
c 94 95 52 65 181
c 31 38 75 71 134
c 30 32 78 7 27
c 38 22 42 44 165
c 73 88 85 89 190
c 58 25 37 39 168
c 8 76 20 23 93
c 4 9 63 67 163
c 7 14 24 12 128
c 73 78 99 0 120
c 42 60 9 10 132
c 43 45 39 41 97
c 33 30 48 54 134
c 91 97 68 74 58
c 19 25 36 40 45
c 66 0 64 66 27
c 37 42 28 62 173
c 62 65 12 19 60
c 43 48 11 18 169
c 17 54 50 64 192
c 5 80 8 14 128
c 13 16 18 23 33
c 60 97 56 81 178
c 67 97 11 72 109
c 42 46 56 57 58
c 81 85 95 43 153
c 47 49 89 95 163
c 30 33 20 17 86
c 0 65 92 97 33
c 65 72 96 2 57
c 15 16 90 97 65
c 59 66 42 48 37
c 62 65 94 48 78
c 48 52 44 50 38
c 58 25 42 49 75
c 48 52 6 25 134
c 79 64 21 34 166
c 93 80 50 55 140
c 43 59 78 84 155
c 87 91 79 84 95
c 17 91 32 98 50
c 96 99 10 17 90
c 85 31 54 34 73
c 31 91 27 7 126
c 19 22 36 60 104
c 72 48 74 97 146
c 3 45 93 35 50
c 88 92 20 22 99
c 17 19 99 3 138
c 17 7 67 74 120
c 74 76 13 23 88
c 88 93 27 29 63
c 37 42 89 96 143
c 0 2 59 61 33
c 22 23 70 71 56
c 69 97 41 43 179
c 52 54 51 52 47
c 30 32 94 91 123
c 88 64 89 68 57
c 88 92 49 52 170
c 7 5 63 69 29
c 52 54 6 8 143
c 57 59 78 84 77
c 30 80 32 35 40
c 47 48 25 26 46
c 40 47 46 68 124
c 9 10 99 3 109
c 25 31 60 14 34
c 27 31 78 79 152
c 30 35 9 12 36
c 29 11 33 38 76
c 45 49 19 49 41
c 68 33 64 71 119
c 0 90 41 42 191
c 17 44 43 45 37
c 38 41 38 22 75
c 3 45 85 87 156
c 37 31 62 67 92
c 90 94 44 48 58
c 63 70 11 72 103
c 77 84 22 28 80
c 66 69 93 6 132
c 56 74 42 47 42
c 41 27 5 11 69
c 14 21 61 67 168
c 78 85 2 6 160
c 7 11 14 7 130
c 22 29 11 12 81
c 26 28 54 50 66
c 81 92 53 57 140
c 45 51 83 89 55
c 40 44 31 91 115
c 17 55 17 22 76
c 11 15 21 28 185
c 24 31 24 26 58
c 4 11 61 64 118
c 77 56 7 5 107
c 80 85 21 90 50
c 69 73 39 45 136
c 79 85 42 47 150
c 60 65 49 52 146
c 48 52 68 74 84
c 43 48 53 60 199
c 86 91 99 2 34
c 58 20 78 82 170
c 2 4 40 47 192
c 72 34 15 21 53
c 24 31 15 18 75
c 56 81 9 66 100
c 69 73 24 12 178
c 57 60 7 10 117
c 73 75 63 68 153
c 92 95 71 78 193
c 86 87 27 34 138
c 62 65 87 92 89
c 44 50 78 85 132
c 3 8 91 95 135
c 9 16 62 14 42
c 7 9 24 27 158
c 37 40 58 25 125
c 80 83 17 55 161
c 15 19 20 69 25
c 97 54 62 66 96
c 19 25 59 64 46
c 53 57 70 57 55
c 74 75 30 37 165
c 27 22 40 41 119
c 81 88 69 72 186
c 34 27 70 11 177
c 90 91 17 44 152
c 43 9 37 42 126
c 84 89 48 50 109
c 19 26 12 17 29
c 74 70 67 71 69
c 35 37 95 43 178
c 90 12 64 68 88
c 96 2 7 81 179
c 38 43 33 40 187
c 98 99 85 45 70
c 50 75 52 40 169
c 63 69 34 38 198
c 63 24 23 24 95
c 76 80 50 75 124
c 31 33 93 80 198
c 5 6 94 48 170
c 36 41 66 0 69
c 36 38 6 9 197
c 54 60 31 32 183
c 81 87 73 79 156
c 15 18 88 60 167
c 36 33 93 6 54
c 17 21 10 13 31
c 66 68 1 2 106
c 41 70 42 45 146
c 53 96 94 1 81
c 21 90 79 85 155
c 92 97 89 11 157
c 13 94 20 69 33
c 1 7 23 24 112
c 35 38 72 74 160
c 9 10 56 58 106
c 85 28 76 91 56
c 39 44 13 16 129
c 17 23 68 71 165
c 55 56 62 64 57
c 56 58 53 55 141
c 52 54 73 75 73
c 20 25 96 0 65
c 13 94 0 1 81
c 81 57 33 30 98
c 46 47 1 8 85
c 33 36 32 39 182
c 12 19 98 2 133
c 31 71 57 58 146
c 95 43 94 91 78
c 77 81 54 46 126
c 28 85 42 48 67
c 17 7 99 4 132
c 24 25 9 17 94
c 5 7 89 11 163
c 42 83 4 7 31
c 72 73 59 60 116
c 22 23 19 25 83
c 60 62 39 44 96
c 2 54 95 19 104
c 53 60 11 16 190
c 84 87 91 93 135
c 87 94 56 62 79
c 3 8 48 84 122
c 79 82 88 60 113
c 91 95 96 98 136
c 49 55 58 93 149
c 5 7 16 19 173
c 28 32 81 84 187
c 55 56 28 29 41
c 9 14 13 17 52
c 11 13 62 67 160
c 62 61 11 14 133
c 95 98 45 50 112
c 43 46 61 64 185
c 65 23 56 81 85
c 38 40 46 71 195
c 41 42 87 90 161
c 86 88 32 61 57
c 59 66 96 97 89
c 79 86 79 57 52
c 78 55 87 16 188
c 37 38 95 98 83
c 36 41 14 20 95
c 4 7 38 40 74
c 46 50 27 22 51
c 30 33 11 48 27
c 89 95 85 89 116
c 3 55 38 43 127
c 62 69 15 17 194
c 15 21 35 40 177
c 73 76 62 66 146
c 92 93 16 45 86
c 82 10 32 37 105
c 4 69 53 55 59
c 70 60 79 86 190
c 26 32 70 73 77
c 8 15 79 80 187
c 76 71 58 25 71
c 49 50 41 44 163
c 42 60 43 48 144
c 7 14 62 10 94
c 69 61 88 91 68
c 38 70 77 48 174
c 59 61 87 88 92
c 22 28 11 62 183
c 62 61 77 81 53
c 16 19 76 62 40
c 51 57 7 11 37
c 37 44 22 53 28
c 93 98 6 8 199
c 24 30 69 74 172
c 32 13 78 7 178
c 10 16 43 9 71
c 22 55 63 93 83
c 92 93 24 29 198
c 72 0 77 83 65
c 73 80 41 46 104
c 76 71 59 14 29
c 49 92 75 76 81
c 64 67 95 34 181
c 47 48 62 10 71
c 98 90 55 99 163
c 99 40 78 85 94
c 98 5 6 25 53
c 67 41 3 55 95
c 30 80 71 77 47
c 86 10 81 82 193
c 57 41 93 0 35
c 43 45 62 66 125
c 77 70 72 76 186
c 38 41 73 79 128
c 5 7 80 2 185
c 60 62 69 72 189
c 41 42 99 4 31
c 78 82 87 88 56
c 53 23 8 48 163
c 53 60 29 36 139
c 46 68 26 30 52
c 84 86 55 57 100
c 2 8 73 75 142
c 64 89 73 78 158
c 11 15 13 91 97
c 12 14 31 36 179
c 56 62 55 56 146
c 70 73 63 65 147
c 10 11 52 58 153
c 21 27 34 99 188
c 42 38 82 88 132
c 22 23 24 28 86
c 16 45 82 10 93
c 41 27 18 25 110
c 98 69 3 45 126
c 19 25 58 59 32
c 5 10 99 4 37
c 62 14 93 6 185
c 85 92 51 52 130
c 53 23 46 53 75
c 10 17 3 45 66
c 29 35 81 57 150
c 54 58 28 50 76
c 90 97 80 83 128
c 83 46 15 19 199
c 20 7 70 57 186
c 86 84 61 63 156
c 50 52 86 89 184
c 51 38 13 23 153
c 22 71 10 12 190
c 28 35 53 0 70
c 47 84 98 1 80
c 58 30 46 53 32
c 25 28 78 7 78
c 27 28 97 54 76
c 77 80 44 72 87
c 8 14 13 20 53
c 63 9 26 62 143
c 91 94 48 53 137
c 68 77 73 78 127
c 60 64 73 57 54
c 30 77 12 15 132
c 52 61 85 86 187
c 46 16 91 56 180
c 14 18 88 92 136
c 26 29 88 92 99
c 72 48 42 38 137
c 9 12 91 96 126
c 71 74 90 94 142
c 84 88 87 30 196
c 76 81 25 32 82
c 46 47 24 30 91
c 49 54 78 85 51
c 9 66 32 39 184
c 90 93 47 50 140
c 21 24 43 70 133
c 76 83 14 18 154
c 14 7 29 55 45
c 26 72 84 90 34
c 10 95 77 78 122
c 86 92 7 41 39
c 74 75 53 59 167
c 95 43 38 41 65
c 59 90 79 80 75
c 12 16 58 20 30
c 47 48 5 80 168
c 14 15 70 11 193
c 94 98 86 64 143
c 3 4 27 30 42
c 99 40 33 36 46
c 3 10 10 35 105
c 7 8 49 55 145
c 90 30 90 92 45
c 55 52 34 40 89
c 55 68 0 65 91
c 27 28 74 31 154
c 24 26 93 99 138
c 7 17 5 10 167
c 78 81 23 27 72
c 72 54 31 33 50
c 7 41 42 83 145
c 49 92 29 35 97
c 82 89 18 23 108
c 98 17 99 89 28
c 36 39 93 94 40
c 6 12 76 71 72
c 55 58 21 90 172
c 13 19 53 57 139
c 61 63 28 50 50
c 69 71 72 76 165
c 60 65 59 66 50
c 91 94 48 37 188
c 75 81 78 7 171
c 11 22 81 83 44
c 81 41 98 5 139
c 70 74 31 36 113
c 96 1 52 57 121
c 63 67 31 32 83
c 11 18 20 21 117
c 17 54 77 79 85
c 92 94 5 9 145
c 31 71 13 94 35
c 92 99 76 91 186
c 95 97 38 57 71
c 84 91 91 94 157
c 89 96 17 19 96
c 52 54 34 38 92
c 70 73 30 32 124
c 44 46 73 75 116
c 34 27 95 96 98
c 5 9 6 10 96
c 46 16 56 61 135
c 0 1 3 9 79
c 68 75 59 66 102
c 52 57 55 60 155
c 50 73 47 44 45
c 53 23 67 68 59
c 80 81 97 1 59
c 99 2 65 42 78
c 93 6 17 54 82
c 18 19 70 74 125
c 28 85 20 27 84
c 76 83 42 45 128
c 68 74 30 80 31
c 70 73 92 95 42
c 24 26 10 16 84
c 62 10 73 77 177
c 87 88 31 4 132
c 57 41 62 30 167
c 6 11 67 70 49
c 70 73 63 9 111
c 78 82 74 78 156
c 0 65 51 56 69
c 53 55 74 80 58
c 43 48 52 72 133
c 30 33 89 11 155
c 4 11 12 24 145
c 13 98 23 27 126
c 28 50 16 23 31
c 2 70 28 35 103
c 74 31 20 24 72
c 0 6 28 50 58
c 78 53 90 60 151
c 6 9 0 1 187
c 16 29 49 53 181
c 90 91 90 96 90
c 48 49 93 92 139
c 59 16 29 12 61
c 60 64 39 44 183
c 62 69 0 65 137
c 5 7 64 38 107
c 28 62 68 33 38
c 21 28 16 17 66
c 53 96 62 61 77
c 86 88 65 67 67
c 14 60 40 42 89
c 97 3 75 71 112
c 34 63 68 75 151
c 72 73 80 2 197
c 24 28 4 77 58
c 4 11 27 34 126
c 28 50 84 88 158
c 23 26 69 9 75
c 75 76 51 57 82
c 78 80 56 62 195
c 38 45 85 87 66
c 39 43 38 22 46
c 63 88 47 54 60
c 31 38 62 65 194
c 99 4 3 6 168
c 3 55 86 51 155
c 59 14 19 20 33
c 6 14 97 4 60
c 15 18 21 50 112
c 91 96 0 90 77
c 18 21 19 49 56
c 2 6 80 81 98
c 51 38 82 89 117
c 8 11 95 1 106
c 28 30 72 76 140
c 56 58 10 35 128
c 82 10 77 79 39
c 17 18 68 70 109
c 46 50 2 5 136
c 15 19 26 62 31
c 39 3 6 10 170
c 69 87 71 77 97
c 36 8 90 12 74
c 69 9 13 18 168
c 8 14 6 12 150
c 55 52 51 53 126
c 2 5 18 22 48
c 6 7 7 81 94
c 13 7 79 84 56
c 87 34 55 60 199
c 8 11 97 1 82
c 46 53 54 58 86
c 57 64 49 53 175
c 89 92 93 94 179
c 92 93 8 48 118
c 80 83 17 22 81
c 46 52 47 50 127
c 21 34 33 34 197
c 99 4 4 77 186
c 10 16 1 3 176
c 64 68 50 73 45
c 77 56 99 4 162
c 50 55 98 99 165
c 5 7 10 95 75
c 38 39 67 58 41
c 13 16 70 72 96
c 84 90 68 75 164
c 28 34 66 73 106
c 48 84 8 9 112
c 85 89 18 20 158
c 17 20 54 59 193
c 45 49 84 85 125
c 4 10 12 15 30
c 65 23 19 81 70
c 0 90 72 54 162
c 48 54 1 29 77
c 52 56 71 68 194
c 75 79 26 72 181
c 8 14 35 34 95
c 43 70 7 14 103
c 43 70 79 81 133
c 71 75 99 5 180
c 83 87 2 54 175
c 93 92 36 37 44
c 37 43 91 97 68
c 17 24 92 97 191
c 29 11 14 41 154
c 74 75 91 98 136
c 94 98 88 68 64
c 53 54 1 4 62
c 65 23 99 1 56
c 50 52 68 74 74
c 79 80 73 80 119
c 47 50 72 0 56
c 86 90 20 7 52
c 67 70 79 86 140
c 68 77 17 39 153
c 91 96 0 65 120
c 46 53 24 28 128
c 50 53 98 90 57
c 21 22 4 10 174
c 78 79 86 10 117
c 79 81 62 69 119
c 54 58 89 92 72
c 41 42 74 77 198
c 43 45 4 10 106
c 97 99 62 30 78
c 4 77 17 44 77
c 38 39 63 65 149
c 23 27 27 55 135
c 66 67 94 99 114
c 10 12 99 3 171
c 1 2 30 32 145
c 10 15 93 80 187
c 48 55 58 63 151
c 31 71 90 91 168
c 68 71 40 44 186
c 59 63 62 68 94
c 38 22 93 92 75
c 32 34 8 68 48
c 93 80 89 25 183
c 17 44 20 25 70
c 44 46 3 10 63
c 39 43 12 19 169
c 31 8 39 41 124
c 43 16 48 55 138
c 1 4 18 23 47
c 72 75 18 20 82
c 13 7 35 36 102
c 89 68 40 41 173
c 27 28 11 62 99
c 1 6 71 74 129
c 63 93 78 82 175
c 90 93 29 11 28
c 42 60 47 44 193
c 89 91 78 55 48
c 84 90 49 56 181
c 34 27 44 72 97
c 5 7 22 55 154
c 7 12 12 19 50
c 20 69 11 18 190
c 52 15 63 65 148
c 3 8 78 55 112
c 89 90 38 44 120
c 90 64 49 54 140
c 97 98 25 28 72
c 14 15 50 87 68
c 43 48 61 64 54
c 51 56 31 71 68
c 14 19 7 5 157
c 23 95 15 54 61
c 13 19 20 21 120
c 79 8 65 69 140
c 93 94 58 20 93
c 82 86 43 52 104
c 64 70 95 99 104
c 19 20 11 14 59
c 81 41 66 73 25
c 90 93 1 6 116
c 53 56 62 30 169
c 17 20 72 34 77
c 27 55 33 7 44
c 72 76 5 69 153
c 62 65 88 64 171
c 22 53 19 25 136
c 64 38 23 27 181
c 8 48 76 47 197
c 78 53 96 98 110
c 30 37 36 41 130
c 79 80 51 56 115
c 75 78 52 55 25
c 52 72 45 22 192
c 3 7 66 69 99
c 46 48 43 70 101
c 43 49 37 7 56
c 21 22 79 64 55
c 31 32 98 90 190
c 83 46 91 95 119
c 61 62 15 22 78
c 82 30 34 35 125
c 16 17 36 8 98
c 73 27 9 66 173
c 40 41 55 58 125
c 85 89 94 95 155
c 67 73 51 58 150
c 1 45 93 97 125
c 38 43 88 91 88
c 99 6 96 99 181
c 77 84 89 95 121
c 41 46 28 31 28
c 67 58 87 30 166
c 34 35 27 32 46
c 90 5 31 60 160
c 88 90 39 44 181
c 32 74 77 83 160
c 73 27 51 58 82
c 62 10 68 77 121
c 42 38 11 16 61
c 45 46 7 9 144
c 29 36 50 51 35
c 21 34 87 34 125
c 90 94 36 41 41
c 90 93 24 29 53
c 94 0 50 75 39
c 74 80 40 13 104
c 95 19 29 11 43
c 68 75 85 91 160
c 84 88 31 8 155
c 15 54 14 19 84
c 11 18 86 88 187
c 31 32 27 34 158
c 40 41 27 32 131
c 56 58 89 96 134
c 82 88 5 8 33
c 17 18 44 1 104
c 89 25 59 62 57
c 39 40 28 62 172
c 88 89 48 75 35
c 99 6 65 70 91
c 57 58 72 78 116
c 28 33 35 37 34
c 64 70 5 69 121
c 47 53 53 55 99
c 95 43 53 55 109
c 67 69 56 57 88
c 13 98 7 28 171
c 35 12 22 53 117
c 44 1 78 84 109
c 51 55 20 27 88
c 84 90 39 41 27
c 58 60 77 82 90
c 46 16 73 78 47
c 89 92 55 56 32
c 24 60 83 89 73
c 58 60 58 62 136
c 46 52 46 49 187
c 60 14 88 93 160
c 24 25 17 7 131
c 88 92 9 10 51
c 44 51 84 45 102
c 72 77 70 72 179
c 2 6 99 89 27
c 55 65 57 62 78
c 72 73 77 84 199
c 54 57 4 7 179
c 58 64 54 60 30
c 72 77 42 49 123
c 64 10 56 62 162
c 38 57 80 87 174
c 85 87 58 63 65
c 37 21 63 66 178
c 95 0 89 91 124
c 97 1 76 81 156
c 18 19 2 54 86
c 12 17 19 22 130
c 55 99 11 16 82
c 28 32 69 97 64
c 89 95 42 60 87
c 85 28 31 34 64
c 42 60 99 5 97
c 19 23 57 58 165
c 33 35 47 51 174
c 50 51 23 26 190
c 41 43 77 82 96
c 84 45 4 87 196
c 37 40 48 49 105
c 66 68 86 84 106
c 33 37 78 7 81
c 64 70 88 95 126
c 33 36 59 66 76
c 21 50 56 58 177
c 68 75 81 84 87
c 39 42 7 81 192
c 48 49 0 4 132
c 33 40 41 45 65
c 86 92 58 20 190
c 1 29 51 56 169
c 1 67 96 2 43
c 89 90 66 70 123
c 74 40 61 65 99
c 35 37 55 61 103
c 84 45 76 79 91
c 30 35 55 59 198
c 68 69 13 17 77
c 60 66 56 59 95
c 38 70 47 48 48
c 94 95 84 91 35
c 24 28 29 30 45
c 6 11 97 2 126
c 88 93 41 46 32
c 5 11 69 87 163
c 49 35 6 12 55
c 96 64 98 3 87
c 62 61 92 96 114
c 67 70 14 16 110
c 71 72 13 17 95
c 74 70 11 62 59
c 13 98 87 90 25
c 29 11 78 84 91
c 56 57 64 68 26
c 57 63 34 27 166
c 74 80 60 63 188
c 40 47 95 19 145
c 45 52 85 91 150
c 39 43 24 26 119
c 81 41 2 6 31
c 5 80 86 92 158
c 64 17 42 44 155
c 81 41 76 71 161
c 59 61 87 93 80
c 19 49 72 48 185
c 68 73 52 54 99
c 24 27 89 93 63
c 42 48 88 60 80
c 87 42 82 86 152
c 2 4 38 42 130
c 36 95 12 18 163
c 90 30 66 67 65
c 12 14 96 64 86
c 20 24 66 72 125
c 57 61 71 74 112
c 32 61 39 40 176
c 19 43 70 74 52
c 79 86 72 73 155
c 71 51 95 0 197
c 21 27 52 61 91
c 4 28 29 11 53
c 13 14 14 7 162
c 65 66 46 71 170
c 48 55 71 79 167
c 22 23 76 77 144
c 17 22 86 51 145
c 38 29 48 49 85
c 35 37 87 91 99
c 51 53 23 24 89
c 74 20 33 39 150
c 19 22 17 23 147
c 11 48 25 30 144
c 22 29 62 68 31
c 39 40 70 77 159
c 73 88 88 60 132
c 69 71 54 60 134
c 3 7 5 10 182
c 91 98 78 32 160
c 90 64 71 72 126
c 88 89 46 47 157
c 87 92 68 69 70
c 66 71 14 18 115
c 68 74 82 83 80
c 36 40 91 96 169
c 44 46 53 96 123
c 7 5 37 40 79
c 48 75 78 82 56
c 76 80 70 77 174
c 8 68 44 89 84
c 46 50 95 1 131
c 26 31 34 38 166
c 45 52 91 98 124
c 14 21 35 34 106
c 72 79 93 99 80
c 38 12 6 11 111
c 31 37 69 70 102
c 65 72 20 69 128
c 66 71 16 19 55
c 85 88 42 46 142
c 20 23 87 88 65
c 9 12 9 17 37
c 93 6 68 77 170
c 47 51 58 61 86
c 28 32 75 80 81
c 19 43 10 12 64
c 26 33 65 67 27
c 35 59 2 3 31
c 34 40 67 69 129
c 28 62 73 80 147
c 99 0 90 92 170
c 16 23 4 65 146
c 23 65 79 84 180
c 58 63 30 33 197
c 53 63 45 50 38
c 62 66 23 65 173
c 32 74 38 42 84
c 22 71 67 72 96
c 6 25 82 88 154
c 10 35 82 83 66
c 66 71 54 30 170
c 72 32 18 23 195
c 90 93 1 4 155
c 82 83 51 57 184
c 27 32 90 12 84
c 13 7 43 52 71
c 5 8 89 92 64
c 27 31 78 81 92
c 5 80 58 25 130
c 8 76 81 87 179
c 77 82 27 22 52
c 18 20 43 45 72
c 31 36 40 13 50
c 94 97 65 71 97
c 82 10 83 87 157
c 7 14 27 32 106
c 25 67 71 51 115
c 69 72 54 50 198
c 3 8 88 92 86
c 74 76 52 65 136
c 96 64 74 70 34
c 53 0 87 89 34
c 6 8 64 71 154
c 4 10 77 78 65
c 74 79 40 44 194
c 72 34 40 47 46
c 6 25 78 53 98
c 41 44 16 19 198
c 24 12 76 71 142
c 73 76 34 40 29
c 30 80 99 1 75
c 82 88 27 55 32
c 13 17 76 81 33
c 14 18 62 10 149
c 84 86 23 25 43
c 13 19 90 92 91
c 0 6 62 10 146
c 60 65 31 33 125
c 83 88 58 62 88
c 77 79 50 52 93
c 86 92 18 21 163
c 65 68 42 60 192
c 23 27 96 3 186
c 69 74 84 91 49
c 90 97 69 95 142
c 49 57 55 52 105
c 62 67 31 33 47
c 1 5 11 48 119
c 56 60 17 55 80
c 62 64 7 81 66
c 94 96 81 41 156
c 69 61 7 28 87
c 94 1 28 29 198
c 13 23 63 69 155
c 22 71 91 92 193
c 0 3 59 90 180
c 22 23 74 77 93
c 15 54 72 32 99
c 59 90 99 4 191
c 71 78 28 42 105
c 41 42 21 24 114
c 98 1 1 29 129
c 76 78 45 46 61
c 81 88 69 71 57
c 12 13 56 62 114
c 82 89 62 69 196
c 62 10 99 1 86
c 63 30 69 71 55
c 38 57 64 68 183
c 18 19 0 1 39
c 85 92 99 0 184
c 98 1 0 90 181
c 7 17 25 32 27
c 9 17 55 61 154
c 92 98 74 81 173
c 5 11 37 43 114
c 59 90 84 88 39
c 59 63 5 69 43
c 68 75 53 23 141
c 69 61 2 6 61
c 18 25 51 52 39
c 20 19 33 35 53
c 86 87 93 80 112
c 59 62 89 11 176
c 93 6 15 20 190
c 15 54 7 12 164
c 8 15 44 1 72
c 73 57 3 6 78
c 7 17 62 65 161
c 18 20 30 34 179
c 20 19 38 57 128
c 57 41 61 36 120
c 35 38 29 12 60
c 2 7 39 3 98
c 42 6 46 52 36
c 5 80 25 26 44
c 10 95 8 48 155
c 89 68 3 5 199
c 70 11 75 79 83
c 12 15 19 20 139
c 63 30 68 71 118
c 24 30 10 15 105
c 76 62 67 10 38
c 90 96 63 9 150
c 49 35 83 84 67
c 3 9 87 42 150
c 59 62 7 12 103
c 78 7 34 41 42
c 96 22 36 43 144
c 94 98 52 61 90
c 17 19 1 5 140
c 85 86 3 45 180
c 88 64 11 12 121
c 73 77 6 14 52
c 92 59 94 48 177
c 41 47 88 95 119
c 90 5 79 83 60
c 71 79 90 60 50
c 4 8 80 86 164
c 93 97 32 36 90
c 95 76 40 45 97
c 54 60 44 1 155
c 26 32 59 66 36
c 86 89 61 68 121
c 7 9 74 81 136
c 27 33 24 28 29
c 94 1 3 4 175
c 37 38 10 12 132
c 2 5 9 74 121
c 48 75 90 93 80
c 53 96 88 93 72
c 76 82 78 55 50
c 8 48 97 98 50
c 68 73 34 41 151
c 24 12 11 48 101
c 87 90 42 48 44
c 4 87 6 11 93
c 67 10 31 32 124
c 41 45 84 88 168
c 74 75 38 42 27
c 52 61 20 19 107
c 29 34 43 59 57
c 37 44 88 56 151
c 8 11 31 34 48
c 83 84 64 67 197
c 56 60 83 85 139
c 80 87 72 75 145
c 6 10 27 7 37
c 8 76 56 81 39
c 46 48 3 55 133
c 67 72 87 92 29
c 42 83 65 69 32
c 13 98 66 45 40
c 53 55 36 8 123
c 25 31 6 25 30
c 14 17 64 68 96
c 6 25 94 48 92
c 71 77 58 93 128
c 20 21 60 80 110
c 22 2 42 83 147
c 74 75 73 77 181
c 23 29 86 64 44
c 75 80 41 43 46
c 64 69 41 45 145
c 87 42 81 5 26
c 3 4 29 34 71
c 21 25 38 22 198
c 31 91 62 65 122
c 36 8 19 43 69
c 88 56 0 2 91
c 22 55 78 80 145
c 57 62 12 13 96
c 26 77 3 6 38
c 36 60 41 70 62
c 78 44 24 12 119
c 48 52 54 50 49
c 76 47 76 77 51
c 96 99 8 48 145
c 13 15 46 16 176
c 22 71 70 75 183
c 62 30 7 8 149
c 95 0 0 2 119
c 63 69 68 33 128
c 46 52 89 90 115
c 43 47 32 13 175
c 47 48 34 38 29
c 69 95 66 0 25
c 95 64 92 98 39
c 33 30 42 60 138
c 7 9 83 89 139
c 17 7 46 50 112
c 84 82 61 62 77
c 60 66 38 22 150
c 47 53 28 42 124
c 38 29 43 47 169
c 89 91 9 11 72
c 84 45 52 53 183
c 78 55 63 67 193
c 29 55 81 85 145
c 34 63 73 76 44
c 35 12 83 88 78
c 12 16 34 37 97
c 50 56 62 10 84
c 34 27 47 48 117
c 15 22 53 57 38
c 72 78 63 88 197
c 4 87 19 22 142
c 7 41 7 12 144
c 75 70 53 0 119
c 11 13 71 25 64
c 92 97 34 40 175
c 19 22 52 65 55
c 4 7 99 0 104
c 59 16 32 36 153
c 40 41 11 18 139
c 72 34 32 61 137
c 73 80 63 68 112
c 84 90 36 8 47
c 6 14 3 55 115
c 80 83 32 13 70
c 97 0 28 33 133
c 72 74 34 41 154
c 7 17 52 55 85
c 71 68 19 20 149
c 55 68 9 11 94
c 77 82 3 7 135
c 30 36 61 54 71
c 13 23 67 10 35
c 59 62 93 95 116
c 56 74 60 65 123
c 16 23 3 10 116
c 21 28 19 43 40
c 21 36 64 67 168
c 98 5 85 31 78
c 9 14 44 45 124
c 41 27 20 21 168
c 22 71 14 7 190
c 48 53 99 40 78
c 3 5 16 67 43
c 58 65 69 9 165
c 12 17 95 43 181
c 55 68 53 56 187
c 80 86 64 66 48
c 99 40 72 0 98
c 78 79 44 48 121
c 98 69 94 97 127
c 94 98 66 68 163
c 26 72 21 28 156
c 13 91 93 99 37
c 36 39 36 37 152
c 34 40 2 28 167
c 77 84 19 49 122
c 77 82 91 64 160
c 46 71 81 88 53
c 53 54 32 37 80
c 67 41 86 90 118
c 86 93 39 69 98
c 22 26 20 17 99
c 65 42 56 58 44
c 60 61 9 12 47
c 12 16 2 28 80
c 77 83 68 70 46
c 52 15 91 95 187
c 70 71 12 19 112
c 51 54 71 76 60
c 36 33 4 65 72
c 28 35 65 23 97
c 17 20 99 4 97
c 66 71 26 29 67
c 63 24 24 81 152
c 8 11 36 25 148
c 47 50 42 44 87
c 54 61 61 67 184
c 55 56 86 87 83
c 10 35 62 30 93
c 80 82 92 59 70
c 85 91 67 73 97
c 1 6 22 26 100
c 31 8 35 38 198
c 85 31 51 57 139
c 38 39 82 89 38
c 66 72 43 59 62
c 61 64 38 29 58
c 68 72 36 95 114
c 17 39 92 94 170
c 2 28 33 36 185
c 54 58 0 7 139
c 67 72 44 51 126
c 47 53 45 49 33
c 97 2 39 3 108
c 98 3 59 61 150
c 37 41 1 3 83
c 86 64 75 80 152
c 27 33 37 7 139
c 37 38 74 70 73
c 86 87 3 96 181
c 52 40 53 58 36
c 6 13 17 24 199
c 49 51 72 0 47
c 69 97 44 1 70
c 5 11 29 32 40
c 97 0 22 29 164
c 49 57 36 60 77
c 46 71 10 35 81
c 33 40 21 25 33
c 0 5 42 8 149
c 21 36 28 42 41
c 76 81 85 45 122
c 59 66 43 48 123
c 88 68 53 96 65
c 73 80 98 99 42
c 85 92 20 24 148
c 71 52 68 77 160
c 71 52 93 97 41
c 24 13 70 11 182
c 88 68 59 66 180
c 37 42 1 2 86
c 14 60 97 2 44
c 37 42 40 46 117
c 30 36 42 43 135
c 68 33 24 26 113
c 42 44 82 10 88
c 70 57 79 83 115
c 59 62 36 25 81
c 51 57 29 36 86
c 5 69 54 56 168
c 53 60 45 47 120
c 39 43 5 8 178
c 36 41 29 33 51
c 23 29 45 48 176
c 5 9 99 5 64
c 12 16 12 19 62
c 31 34 37 7 100
c 31 35 77 56 65
c 62 61 71 75 137
c 90 97 16 22 173
c 17 39 62 66 127
c 78 55 4 8 45
c 44 48 77 48 114
c 21 90 41 70 32
c 10 12 52 53 108
c 47 84 75 80 74
c 92 98 73 80 25
c 93 94 99 3 31
c 3 9 50 56 124
c 41 42 81 5 129
c 7 10 35 42 107
c 20 25 5 7 97
c 14 18 10 87 132
c 89 11 97 98 81
c 16 19 6 25 30
c 89 95 21 36 148
c 8 11 13 91 113
c 86 87 46 71 42
c 12 13 38 22 64
c 83 85 4 7 100
c 3 45 1 3 88
c 66 70 61 65 118
c 27 29 91 96 167
c 4 5 85 88 115
c 32 33 9 11 161
c 16 22 26 30 185
c 21 25 72 48 126
c 25 30 57 58 100
c 31 32 39 44 76
c 29 11 63 64 96
c 37 42 28 29 179
c 63 67 67 97 140
c 4 7 17 18 119
c 13 17 83 84 106
c 22 53 70 75 49
c 31 8 90 94 114
c 20 21 90 94 167
c 34 87 26 27 94
c 63 69 48 51 167
c 56 62 8 86 121
c 80 87 70 11 162
c 13 98 41 46 135
c 57 61 88 90 25
c 91 64 99 0 129
c 28 34 67 10 150
c 90 92 76 79 95
c 97 3 63 64 160
c 95 1 72 48 84
c 93 97 70 75 111
c 31 91 90 60 140
c 78 82 61 62 118
c 22 25 80 2 71
c 52 55 81 84 49
c 19 25 26 77 45
c 71 74 36 25 79
c 47 52 78 79 69
c 7 11 57 59 144
c 42 83 90 12 132
c 97 99 49 93 29
c 76 81 49 92 117
c 30 37 30 33 187
c 73 77 14 60 111
c 63 88 46 51 117
c 35 34 13 98 108
c 14 21 77 48 181
c 31 60 36 41 179
c 72 75 79 8 85
c 23 29 23 30 181
c 13 20 7 12 58
c 13 14 95 34 176
c 64 68 20 19 50
c 46 71 67 73 166
c 71 79 95 34 110
c 66 68 54 50 168
c 90 97 28 85 137
c 66 69 50 27 162
c 76 78 10 87 118
c 67 69 79 86 162
c 44 72 45 49 136
c 97 2 27 29 66
c 91 98 17 22 114
c 83 89 19 25 139
c 56 63 97 4 39
c 45 46 40 43 91
c 21 27 30 37 38
c 62 66 21 26 113
c 99 0 42 6 68
c 78 32 58 20 170
c 72 75 45 64 133
c 7 10 38 44 101
c 15 16 17 23 190
c 97 98 82 10 46
c 77 84 85 92 148
c 78 80 64 89 33
c 88 60 35 41 88
c 90 12 99 7 147
c 12 17 77 47 65
c 82 87 24 31 102
c 38 22 60 63 190
c 59 60 78 83 40
c 7 28 4 69 185
c 32 39 94 98 86
c 50 51 98 99 78
c 86 87 39 40 151
c 45 22 13 20 142
c 17 54 31 8 75
c 16 19 95 76 124
c 33 37 64 67 177
c 59 61 73 27 82
c 16 45 57 62 166
c 32 38 68 73 199
c 97 0 38 43 34
c 82 85 43 45 83
c 74 70 26 30 110
c 27 29 69 70 55
c 78 7 16 21 42
c 53 54 73 80 57
c 57 64 59 34 159
c 11 72 20 23 126
c 13 18 95 96 181
c 25 32 38 70 161
c 45 46 49 62 161
c 55 58 87 94 137
c 77 56 85 91 181
c 43 49 78 32 120
c 81 87 47 51 100
c 65 66 86 89 166
c 36 25 33 34 129
c 5 6 2 7 187
c 46 16 13 18 116
c 18 24 67 97 72
c 78 80 90 91 181
c 75 76 60 97 153
c 3 7 21 27 41
c 69 97 66 68 102
c 23 95 87 91 40
c 44 45 24 13 77
c 47 49 20 22 44
c 69 71 19 24 145
c 93 35 53 57 139
c 0 7 70 73 116
c 88 93 14 7 189
c 94 97 52 61 77
c 24 29 40 13 175
c 28 33 51 53 45
c 4 68 37 31 92
c 0 90 35 42 63
c 97 98 6 7 33
c 2 70 59 61 184
c 60 65 1 3 133
c 79 80 10 11 131
c 54 30 24 12 82
c 73 77 35 38 160
c 27 29 83 88 108
c 78 79 81 57 158
c 91 96 22 24 60
c 96 0 13 91 111
c 41 43 96 3 168
c 71 79 60 66 143
c 64 17 8 14 62
c 98 69 7 13 121
c 87 94 39 42 196
c 93 0 99 4 43
c 86 51 20 7 164
c 40 46 77 80 173
c 79 84 54 59 194
c 47 44 27 55 157
c 49 92 5 6 168
c 29 34 41 42 105
c 94 1 97 99 55
c 15 54 63 70 185
c 91 92 24 81 109
c 42 48 68 75 102
c 19 23 64 68 80
c 92 96 6 9 194
