notes: n=100, m=2270, elb=1, eub=20, conf_density=0.001, clb=25, cub= 200, seed= 3694
p spec 100 2270 2575
s 41
t 49
a 0 1 4
a 0 2 12
a 0 3 3
a 0 4 2
a 0 5 4
a 0 6 7
a 0 7 5
a 0 8 8
a 0 9 1
a 0 10 15
a 0 11 4
a 0 12 11
a 0 13 7
a 0 14 9
a 0 15 7
a 0 90 10
a 0 72 14
a 0 21 9
a 0 45 5
a 0 39 5
a 0 80 16
a 0 58 3
a 0 24 3
a 0 84 11
a 1 2 5
a 1 3 16
a 1 4 17
a 1 5 19
a 1 6 13
a 1 7 7
a 1 8 9
a 1 9 3
a 1 10 13
a 1 11 15
a 1 12 18
a 1 13 12
a 1 14 19
a 1 15 5
a 1 16 12
a 1 92 4
a 1 0 1
a 1 40 2
a 1 23 1
a 1 49 7
a 1 76 14
a 2 3 7
a 2 4 1
a 2 5 4
a 2 6 1
a 2 7 18
a 2 8 10
a 2 9 7
a 2 10 5
a 2 11 12
a 2 12 9
a 2 13 11
a 2 14 13
a 2 15 2
a 2 16 3
a 2 17 10
a 2 42 10
a 2 38 16
a 2 18 9
a 2 93 16
a 2 87 9
a 2 50 12
a 2 92 19
a 2 25 10
a 2 32 19
a 2 83 13
a 3 4 19
a 3 5 19
a 3 6 15
a 3 7 5
a 3 8 7
a 3 9 19
a 3 10 7
a 3 11 8
a 3 12 9
a 3 13 5
a 3 14 13
a 3 15 16
a 3 16 15
a 3 17 4
a 3 18 11
a 3 83 8
a 3 73 9
a 3 42 9
a 3 78 9
a 3 99 18
a 3 81 9
a 3 41 16
a 3 71 11
a 4 5 16
a 4 6 2
a 4 7 5
a 4 8 11
a 4 9 19
a 4 10 13
a 4 11 9
a 4 12 8
a 4 13 3
a 4 14 10
a 4 15 15
a 4 16 3
a 4 17 11
a 4 18 17
a 4 19 5
a 4 48 6
a 4 45 17
a 4 33 5
a 4 64 6
a 4 44 18
a 4 60 18
a 4 90 1
a 4 30 17
a 4 2 18
a 5 6 18
a 5 7 13
a 5 8 19
a 5 9 7
a 5 10 13
a 5 11 8
a 5 12 6
a 5 13 11
a 5 14 10
a 5 15 3
a 5 16 12
a 5 17 1
a 5 18 19
a 5 19 3
a 5 20 7
a 5 0 1
a 5 73 11
a 5 96 8
a 5 67 1
a 5 3 17
a 5 24 7
a 6 7 18
a 6 8 5
a 6 9 11
a 6 10 7
a 6 11 10
a 6 12 15
a 6 13 12
a 6 14 15
a 6 15 17
a 6 16 7
a 6 17 4
a 6 18 10
a 6 19 8
a 6 20 16
a 6 21 8
a 6 46 5
a 6 45 13
a 6 41 11
a 6 28 8
a 6 34 2
a 6 93 9
a 6 43 1
a 6 57 12
a 6 53 5
a 6 70 2
a 7 8 3
a 7 9 17
a 7 10 13
a 7 11 10
a 7 12 13
a 7 13 1
a 7 14 19
a 7 15 17
a 7 16 1
a 7 17 18
a 7 18 8
a 7 19 7
a 7 20 18
a 7 21 8
a 7 22 8
a 7 31 14
a 7 59 6
a 7 36 17
a 7 26 13
a 7 96 6
a 7 27 13
a 7 29 10
a 8 9 18
a 8 10 18
a 8 11 16
a 8 12 11
a 8 13 8
a 8 14 1
a 8 15 12
a 8 16 7
a 8 17 16
a 8 18 16
a 8 19 18
a 8 20 12
a 8 21 4
a 8 22 19
a 8 23 15
a 8 74 2
a 8 6 10
a 8 7 3
a 8 59 14
a 8 80 2
a 8 60 10
a 8 47 9
a 8 71 2
a 9 10 12
a 9 11 12
a 9 12 1
a 9 13 7
a 9 14 13
a 9 15 8
a 9 16 8
a 9 17 12
a 9 18 9
a 9 19 17
a 9 20 9
a 9 21 13
a 9 22 2
a 9 23 10
a 9 24 14
a 9 1 10
a 9 70 4
a 9 55 11
a 9 51 14
a 10 11 13
a 10 12 18
a 10 13 15
a 10 14 12
a 10 15 13
a 10 16 9
a 10 17 3
a 10 18 13
a 10 19 16
a 10 20 16
a 10 21 5
a 10 22 16
a 10 23 5
a 10 24 3
a 10 25 17
a 10 51 15
a 10 86 2
a 10 61 7
a 10 26 5
a 10 36 10
a 10 39 12
a 10 94 16
a 11 12 9
a 11 13 12
a 11 14 19
a 11 15 6
a 11 16 13
a 11 17 15
a 11 18 15
a 11 19 12
a 11 20 17
a 11 21 19
a 11 22 7
a 11 23 2
a 11 24 5
a 11 25 15
a 11 26 6
a 11 29 7
a 11 73 18
a 11 61 13
a 11 41 16
a 11 60 10
a 11 81 12
a 11 6 18
a 11 37 3
a 11 98 3
a 11 94 7
a 12 13 17
a 12 14 12
a 12 15 3
a 12 16 16
a 12 17 12
a 12 18 13
a 12 19 1
a 12 20 6
a 12 21 11
a 12 22 1
a 12 23 4
a 12 24 15
a 12 25 10
a 12 26 1
a 12 27 1
a 12 0 15
a 12 54 6
a 12 43 3
a 12 99 8
a 12 8 5
a 12 36 2
a 12 70 1
a 12 90 12
a 12 67 6
a 12 66 12
a 13 14 2
a 13 15 11
a 13 16 3
a 13 17 5
a 13 18 3
a 13 19 19
a 13 20 15
a 13 21 12
a 13 22 2
a 13 23 6
a 13 24 6
a 13 25 4
a 13 26 11
a 13 27 6
a 13 28 14
a 13 84 8
a 13 1 7
a 13 92 1
a 13 79 6
a 13 62 7
a 13 71 7
a 13 35 5
a 13 94 18
a 13 81 11
a 13 58 12
a 14 15 16
a 14 16 18
a 14 17 17
a 14 18 9
a 14 19 1
a 14 20 11
a 14 21 7
a 14 22 19
a 14 23 3
a 14 24 18
a 14 25 5
a 14 26 4
a 14 27 3
a 14 28 4
a 14 29 16
a 14 60 1
a 14 79 16
a 14 10 10
a 14 34 9
a 14 92 9
a 14 39 1
a 14 40 15
a 15 16 7
a 15 17 3
a 15 18 15
a 15 19 8
a 15 20 15
a 15 21 19
a 15 22 19
a 15 23 19
a 15 24 9
a 15 25 8
a 15 26 14
a 15 27 4
a 15 28 19
a 15 29 15
a 15 30 10
a 15 76 14
a 15 62 9
a 15 94 1
a 15 38 12
a 15 35 17
a 15 13 18
a 90 91 17
a 90 92 10
a 90 93 14
a 90 94 5
a 90 95 19
a 90 96 7
a 90 97 11
a 90 98 18
a 90 99 18
a 90 0 1
a 90 1 11
a 90 2 17
a 90 3 3
a 90 4 9
a 90 5 3
a 90 17 7
a 90 79 5
a 90 26 5
a 90 47 12
a 90 67 15
a 90 46 11
a 72 73 16
a 72 74 7
a 72 75 6
a 72 76 19
a 72 77 6
a 72 78 7
a 72 79 1
a 72 80 8
a 72 81 13
a 72 82 11
a 72 83 16
a 72 84 19
a 72 85 2
a 72 86 15
a 72 87 13
a 72 43 16
a 72 89 12
a 72 3 16
a 72 42 10
a 72 65 16
a 72 57 10
a 72 23 3
a 72 90 9
a 21 22 18
a 21 23 4
a 21 24 13
a 21 25 8
a 21 26 4
a 21 27 12
a 21 28 15
a 21 29 18
a 21 30 10
a 21 31 14
a 21 32 14
a 21 33 6
a 21 34 12
a 21 35 14
a 21 36 3
a 21 16 9
a 21 92 10
a 21 96 3
a 21 84 5
a 21 74 10
a 21 97 9
a 21 54 10
a 21 8 9
a 45 46 14
a 45 47 15
a 45 48 6
a 45 49 11
a 45 50 9
a 45 51 9
a 45 52 11
a 45 53 18
a 45 54 12
a 45 55 11
a 45 56 7
a 45 57 1
a 45 58 17
a 45 59 4
a 45 60 4
a 45 98 3
a 45 75 2
a 45 0 11
a 45 76 15
a 45 14 2
a 45 33 19
a 45 17 13
a 45 70 3
a 45 12 2
a 45 68 15
a 45 28 13
a 45 92 6
a 39 40 12
a 39 41 2
a 39 42 9
a 39 43 16
a 39 44 2
a 39 45 6
a 39 46 4
a 39 47 15
a 39 48 7
a 39 49 16
a 39 50 17
a 39 51 9
a 39 52 16
a 39 53 8
a 39 54 19
a 39 62 2
a 39 3 3
a 39 8 10
a 39 92 15
a 39 20 4
a 39 36 17
a 39 29 1
a 39 70 16
a 80 81 4
a 80 82 12
a 80 83 17
a 80 84 19
a 80 85 18
a 80 86 14
a 80 87 16
a 80 88 10
a 80 89 1
a 80 90 16
a 80 91 4
a 80 92 16
a 80 93 6
a 80 94 4
a 80 95 13
a 80 66 11
a 80 29 13
a 80 99 9
a 80 27 3
a 80 32 13
a 80 97 17
a 80 37 10
a 80 0 3
a 80 25 2
a 80 67 5
a 58 59 6
a 58 60 18
a 58 61 17
a 58 62 3
a 58 63 19
a 58 64 11
a 58 65 1
a 58 66 11
a 58 67 7
a 58 68 1
a 58 69 1
a 58 70 15
a 58 71 6
a 58 72 9
a 58 73 17
a 58 39 15
a 58 38 6
a 58 15 13
a 58 47 7
a 58 55 1
a 24 25 1
a 24 26 16
a 24 27 6
a 24 28 16
a 24 29 19
a 24 30 19
a 24 31 18
a 24 32 10
a 24 33 9
a 24 34 11
a 24 35 6
a 24 36 4
a 24 37 13
a 24 38 9
a 24 39 10
a 24 40 15
a 24 15 8
a 24 92 17
a 24 49 7
a 24 70 4
a 24 14 14
a 24 71 17
a 24 59 7
a 84 85 13
a 84 86 6
a 84 87 8
a 84 88 5
a 84 89 8
a 84 90 5
a 84 91 18
a 84 92 1
a 84 93 16
a 84 94 6
a 84 95 10
a 84 96 4
a 84 97 17
a 84 98 18
a 84 99 16
a 84 0 1
a 84 80 2
a 84 54 16
a 84 76 14
a 84 71 6
a 84 2 9
a 84 11 10
a 16 17 12
a 16 18 10
a 16 19 13
a 16 20 12
a 16 21 10
a 16 22 10
a 16 23 3
a 16 24 9
a 16 25 11
a 16 26 5
a 16 27 17
a 16 28 17
a 16 29 19
a 16 30 7
a 16 31 11
a 16 0 1
a 16 83 16
a 16 99 4
a 16 63 17
a 16 86 13
a 16 97 14
a 16 14 15
a 92 93 9
a 92 94 14
a 92 95 8
a 92 96 12
a 92 97 18
a 92 98 1
a 92 99 18
a 92 0 9
a 92 1 4
a 92 2 8
a 92 3 12
a 92 4 7
a 92 5 7
a 92 6 18
a 92 7 16
a 92 26 2
a 92 24 3
a 92 74 10
a 92 91 2
a 92 14 5
a 92 47 3
a 40 41 12
a 40 42 13
a 40 43 2
a 40 44 1
a 40 45 6
a 40 46 10
a 40 47 7
a 40 48 1
a 40 49 6
a 40 50 10
a 40 51 4
a 40 52 8
a 40 53 3
a 40 54 2
a 40 55 8
a 40 29 5
a 40 32 16
a 40 70 19
a 40 0 12
a 40 15 5
a 40 1 8
a 40 63 12
a 40 27 6
a 40 84 10
a 23 24 16
a 23 25 1
a 23 26 2
a 23 27 12
a 23 28 12
a 23 29 15
a 23 30 10
a 23 31 8
a 23 32 10
a 23 33 8
a 23 34 8
a 23 35 13
a 23 36 5
a 23 37 2
a 23 38 17
a 23 95 6
a 23 87 14
a 23 84 18
a 23 3 11
a 23 78 14
a 23 15 9
a 23 68 1
a 23 4 2
a 23 49 15
a 49 50 14
a 49 51 12
a 49 52 9
a 49 53 6
a 49 54 1
a 49 55 17
a 49 56 7
a 49 57 18
a 49 58 9
a 49 59 14
a 49 60 2
a 49 61 10
a 49 62 7
a 49 63 17
a 49 64 13
a 49 0 3
a 49 41 7
a 49 89 19
a 49 74 18
a 49 93 19
a 49 75 14
a 49 14 3
a 49 16 2
a 49 79 18
a 76 77 19
a 76 78 8
a 76 79 1
a 76 80 17
a 76 81 5
a 76 82 2
a 76 83 12
a 76 84 19
a 76 85 7
a 76 86 1
a 76 87 4
a 76 88 9
a 76 89 2
a 76 90 15
a 76 91 10
a 76 46 8
a 76 43 14
a 76 0 14
a 76 70 6
a 76 93 18
a 17 18 1
a 17 19 14
a 17 20 1
a 17 21 18
a 17 22 2
a 17 23 3
a 17 24 2
a 17 25 2
a 17 26 3
a 17 27 14
a 17 28 16
a 17 29 15
a 17 30 4
a 17 31 12
a 17 32 9
a 17 71 1
a 17 2 12
a 17 44 11
a 17 36 15
a 17 52 14
a 17 60 3
a 42 43 5
a 42 44 15
a 42 45 6
a 42 46 12
a 42 47 1
a 42 48 5
a 42 49 8
a 42 50 5
a 42 51 12
a 42 52 2
a 42 53 19
a 42 54 10
a 42 55 17
a 42 56 3
a 42 57 10
a 42 73 6
a 42 88 3
a 42 23 18
a 42 82 18
a 42 91 5
a 42 92 8
a 42 83 14
a 42 18 2
a 42 37 1
a 38 39 7
a 38 40 14
a 38 41 7
a 38 42 6
a 38 43 15
a 38 44 15
a 38 45 18
a 38 46 17
a 38 47 17
a 38 48 12
a 38 49 9
a 38 50 2
a 38 51 13
a 38 52 8
a 38 53 19
a 38 2 13
a 38 57 3
a 38 5 10
a 38 27 6
a 38 9 9
a 18 19 1
a 18 20 19
a 18 21 1
a 18 22 14
a 18 23 10
a 18 24 2
a 18 25 11
a 18 26 8
a 18 27 3
a 18 28 19
a 18 29 16
a 18 30 15
a 18 31 1
a 18 32 14
a 18 33 10
a 18 45 5
a 18 5 4
a 18 43 2
a 18 7 11
a 18 77 10
a 18 46 1
a 18 94 3
a 18 48 12
a 93 94 5
a 93 95 16
a 93 96 13
a 93 97 9
a 93 98 15
a 93 99 8
a 93 0 4
a 93 1 6
a 93 2 8
a 93 3 10
a 93 4 17
a 93 5 12
a 93 6 6
a 93 7 13
a 93 8 9
a 93 12 13
a 93 58 17
a 93 91 14
a 93 89 3
a 93 15 15
a 93 55 9
a 87 88 15
a 87 89 19
a 87 90 17
a 87 91 4
a 87 92 5
a 87 93 15
a 87 94 12
a 87 95 19
a 87 96 5
a 87 97 7
a 87 98 14
a 87 99 3
a 87 0 2
a 87 1 15
a 87 2 11
a 87 17 12
a 87 48 18
a 87 74 13
a 87 37 4
a 87 61 9
a 50 51 18
a 50 52 10
a 50 53 16
a 50 54 18
a 50 55 2
a 50 56 6
a 50 57 2
a 50 58 6
a 50 59 2
a 50 60 10
a 50 61 19
a 50 62 5
a 50 63 19
a 50 64 17
a 50 65 15
a 50 10 11
a 50 99 7
a 50 77 2
a 50 5 2
a 50 97 18
a 50 69 6
a 25 26 15
a 25 27 18
a 25 28 16
a 25 29 2
a 25 30 10
a 25 31 1
a 25 32 1
a 25 33 19
a 25 34 7
a 25 35 15
a 25 36 16
a 25 37 14
a 25 38 3
a 25 39 1
a 25 40 3
a 25 58 10
a 25 10 18
a 25 20 13
a 25 2 13
a 25 90 11
a 25 78 6
a 25 16 8
a 32 33 19
a 32 34 15
a 32 35 10
a 32 36 8
a 32 37 19
a 32 38 8
a 32 39 18
a 32 40 15
a 32 41 8
a 32 42 3
a 32 43 15
a 32 44 2
a 32 45 2
a 32 46 6
a 32 47 8
a 32 64 8
a 32 19 16
a 32 77 18
a 32 20 13
a 32 93 12
a 32 29 10
a 32 61 15
a 83 84 6
a 83 85 10
a 83 86 16
a 83 87 15
a 83 88 11
a 83 89 17
a 83 90 8
a 83 91 5
a 83 92 15
a 83 93 5
a 83 94 2
a 83 95 13
a 83 96 17
a 83 97 11
a 83 98 12
a 83 56 15
a 83 21 3
a 83 11 8
a 83 33 17
a 83 50 2
a 83 53 11
a 73 74 13
a 73 75 7
a 73 76 8
a 73 77 17
a 73 78 14
a 73 79 15
a 73 80 8
a 73 81 19
a 73 82 11
a 73 83 13
a 73 84 8
a 73 85 1
a 73 86 8
a 73 87 3
a 73 88 1
a 73 99 15
a 73 71 15
a 73 19 12
a 73 69 10
a 73 0 8
a 73 2 6
a 73 96 8
a 78 79 16
a 78 80 5
a 78 81 12
a 78 82 17
a 78 83 16
a 78 84 6
a 78 85 1
a 78 86 8
a 78 87 16
a 78 88 4
a 78 89 12
a 78 90 19
a 78 91 12
a 78 92 17
a 78 93 7
a 78 10 2
a 78 51 19
a 99 0 7
a 99 1 19
a 99 2 13
a 99 3 19
a 99 4 8
a 99 5 7
a 99 6 16
a 99 7 1
a 99 8 15
a 99 9 6
a 99 10 18
a 99 11 9
a 99 12 2
a 99 13 1
a 99 14 8
a 99 15 17
a 99 65 11
a 99 20 7
a 99 75 12
a 99 21 9
a 99 33 13
a 99 56 7
a 99 89 13
a 99 78 11
a 99 42 3
a 81 82 11
a 81 83 15
a 81 84 7
a 81 85 4
a 81 86 5
a 81 87 11
a 81 88 5
a 81 89 14
a 81 90 17
a 81 91 10
a 81 92 15
a 81 93 18
a 81 94 18
a 81 95 5
a 81 96 3
a 81 16 8
a 81 26 10
a 81 19 12
a 81 42 3
a 81 75 17
a 81 47 3
a 81 66 15
a 81 3 17
a 81 78 2
a 81 55 11
a 41 42 17
a 41 43 9
a 41 44 3
a 41 45 6
a 41 46 15
a 41 47 4
a 41 48 16
a 41 49 11
a 41 50 5
a 41 51 18
a 41 52 19
a 41 53 16
a 41 54 1
a 41 55 15
a 41 56 2
a 41 68 1
a 41 33 19
a 41 21 11
a 41 95 12
a 41 8 3
a 41 85 9
a 41 82 8
a 41 15 4
a 41 75 2
a 41 29 11
a 41 64 19
a 71 72 12
a 71 73 6
a 71 74 17
a 71 75 16
a 71 76 4
a 71 77 4
a 71 78 10
a 71 79 5
a 71 80 18
a 71 81 11
a 71 82 12
a 71 83 5
a 71 84 19
a 71 85 11
a 71 86 11
a 71 67 4
a 71 18 17
a 71 32 18
a 71 87 2
a 71 63 19
a 71 14 13
a 71 2 2
a 71 66 3
a 71 53 1
a 19 20 11
a 19 21 5
a 19 22 10
a 19 23 10
a 19 24 19
a 19 25 1
a 19 26 1
a 19 27 10
a 19 28 19
a 19 29 18
a 19 30 11
a 19 31 12
a 19 32 1
a 19 33 5
a 19 34 19
a 19 96 15
a 19 48 18
a 19 15 6
a 19 51 19
a 19 75 1
a 19 47 9
a 19 70 1
a 19 3 17
a 19 14 18
a 48 49 17
a 48 50 12
a 48 51 3
a 48 52 14
a 48 53 5
a 48 54 7
a 48 55 10
a 48 56 19
a 48 57 8
a 48 58 10
a 48 59 4
a 48 60 12
a 48 61 8
a 48 62 3
a 48 63 19
a 48 77 15
a 48 9 10
a 48 28 19
a 48 98 13
a 48 45 7
a 48 82 6
a 33 34 4
a 33 35 7
a 33 36 13
a 33 37 10
a 33 38 17
a 33 39 6
a 33 40 16
a 33 41 13
a 33 42 19
a 33 43 9
a 33 44 10
a 33 45 10
a 33 46 6
a 33 47 10
a 33 48 19
a 33 12 13
a 33 55 14
a 33 77 5
a 33 61 16
a 33 2 16
a 33 53 16
a 33 86 14
a 64 65 12
a 64 66 14
a 64 67 8
a 64 68 3
a 64 69 2
a 64 70 12
a 64 71 11
a 64 72 8
a 64 73 18
a 64 74 9
a 64 75 15
a 64 76 3
a 64 77 2
a 64 78 8
a 64 79 11
a 64 80 15
a 64 12 6
a 64 16 17
a 64 28 7
a 64 97 1
a 64 90 10
a 64 2 9
a 64 19 5
a 64 85 3
a 64 6 5
a 64 1 3
a 44 45 15
a 44 46 10
a 44 47 11
a 44 48 11
a 44 49 14
a 44 50 13
a 44 51 1
a 44 52 12
a 44 53 10
a 44 54 14
a 44 55 2
a 44 56 4
a 44 57 19
a 44 58 12
a 44 59 6
a 44 93 9
a 44 96 14
a 44 2 12
a 44 29 18
a 44 42 19
a 44 82 10
a 44 15 6
a 44 62 8
a 44 28 2
a 60 61 5
a 60 62 10
a 60 63 3
a 60 64 14
a 60 65 1
a 60 66 10
a 60 67 2
a 60 68 19
a 60 69 4
a 60 70 17
a 60 71 16
a 60 72 19
a 60 73 4
a 60 74 1
a 60 75 9
a 60 55 3
a 60 23 12
a 60 47 14
a 60 30 6
a 60 1 1
a 60 49 16
a 60 57 10
a 30 31 12
a 30 32 14
a 30 33 16
a 30 34 14
a 30 35 13
a 30 36 13
a 30 37 8
a 30 38 2
a 30 39 19
a 30 40 19
a 30 41 9
a 30 42 10
a 30 43 13
a 30 44 9
a 30 45 10
a 30 95 4
a 30 97 1
a 30 22 10
a 30 52 2
a 30 11 14
a 30 86 12
a 30 58 18
a 20 21 13
a 20 22 9
a 20 23 10
a 20 24 4
a 20 25 9
a 20 26 17
a 20 27 6
a 20 28 6
a 20 29 17
a 20 30 2
a 20 31 17
a 20 32 5
a 20 33 1
a 20 34 15
a 20 35 3
a 20 3 15
a 20 81 11
a 20 12 2
a 20 52 10
a 20 57 7
a 20 1 6
a 96 97 2
a 96 98 16
a 96 99 8
a 96 0 8
a 96 1 12
a 96 2 4
a 96 3 13
a 96 4 5
a 96 5 3
a 96 6 13
a 96 7 5
a 96 8 18
a 96 9 7
a 96 10 9
a 96 11 6
a 96 58 15
a 96 50 14
a 96 19 6
a 96 24 7
a 96 85 7
a 96 67 19
a 96 61 11
a 96 75 5
a 96 43 4
a 67 68 14
a 67 69 16
a 67 70 16
a 67 71 3
a 67 72 6
a 67 73 8
a 67 74 3
a 67 75 17
a 67 76 3
a 67 77 11
a 67 78 17
a 67 79 2
a 67 80 11
a 67 81 18
a 67 82 17
a 67 56 18
a 67 15 12
a 67 46 14
a 67 92 9
a 67 25 4
a 46 47 2
a 46 48 3
a 46 49 14
a 46 50 7
a 46 51 9
a 46 52 17
a 46 53 18
a 46 54 4
a 46 55 13
a 46 56 5
a 46 57 5
a 46 58 11
a 46 59 18
a 46 60 15
a 46 61 6
a 46 14 13
a 46 42 3
a 46 38 18
a 46 77 13
a 46 43 14
a 46 74 15
a 46 17 2
a 46 92 2
a 46 18 18
a 28 29 10
a 28 30 6
a 28 31 3
a 28 32 3
a 28 33 13
a 28 34 9
a 28 35 1
a 28 36 14
a 28 37 18
a 28 38 8
a 28 39 18
a 28 40 10
a 28 41 16
a 28 42 16
a 28 43 15
a 28 67 18
a 28 59 4
a 28 12 15
a 28 83 9
a 28 58 10
a 28 99 14
a 28 54 13
a 34 35 6
a 34 36 9
a 34 37 17
a 34 38 3
a 34 39 6
a 34 40 9
a 34 41 1
a 34 42 15
a 34 43 4
a 34 44 15
a 34 45 14
a 34 46 14
a 34 47 4
a 34 48 7
a 34 49 14
a 34 16 15
a 34 79 14
a 34 80 4
a 34 20 17
a 34 86 1
a 34 95 5
a 34 24 19
a 34 4 11
a 34 70 6
a 34 56 6
a 43 44 4
a 43 45 16
a 43 46 10
a 43 47 19
a 43 48 18
a 43 49 10
a 43 50 14
a 43 51 5
a 43 52 16
a 43 53 4
a 43 54 19
a 43 55 1
a 43 56 13
a 43 57 17
a 43 58 9
a 43 26 16
a 43 70 1
a 43 24 19
a 43 16 16
a 43 25 18
a 43 73 14
a 43 87 6
a 43 79 10
a 57 58 3
a 57 59 5
a 57 60 16
a 57 61 7
a 57 62 8
a 57 63 9
a 57 64 4
a 57 65 12
a 57 66 14
a 57 67 7
a 57 68 4
a 57 69 19
a 57 70 11
a 57 71 3
a 57 72 15
a 57 18 16
a 57 7 4
a 57 21 19
a 57 4 5
a 57 25 12
a 57 79 2
a 57 2 14
a 57 76 12
a 57 14 13
a 57 26 10
a 57 99 11
a 53 54 2
a 53 55 2
a 53 56 19
a 53 57 5
a 53 58 2
a 53 59 17
a 53 60 15
a 53 61 18
a 53 62 16
a 53 63 16
a 53 64 10
a 53 65 9
a 53 66 8
a 53 67 9
a 53 68 6
a 53 34 16
a 53 85 9
a 53 48 9
a 53 70 14
a 53 52 16
a 53 11 12
a 53 92 12
a 53 19 11
a 53 82 3
a 53 5 17
a 70 71 17
a 70 72 14
a 70 73 18
a 70 74 17
a 70 75 16
a 70 76 17
a 70 77 15
a 70 78 17
a 70 79 10
a 70 80 8
a 70 81 18
a 70 82 12
a 70 83 8
a 70 84 14
a 70 85 17
a 70 25 16
a 70 30 1
a 70 1 10
a 70 62 17
a 70 90 19
a 70 86 4
a 70 50 17
a 70 28 7
a 22 23 7
a 22 24 2
a 22 25 9
a 22 26 11
a 22 27 15
a 22 28 4
a 22 29 5
a 22 30 17
a 22 31 10
a 22 32 16
a 22 33 3
a 22 34 9
a 22 35 8
a 22 36 3
a 22 37 4
a 22 60 9
a 22 43 10
a 22 97 8
a 22 99 18
a 22 21 19
a 22 66 12
a 22 67 1
a 22 96 12
a 31 32 5
a 31 33 8
a 31 34 7
a 31 35 3
a 31 36 17
a 31 37 18
a 31 38 5
a 31 39 10
a 31 40 17
a 31 41 15
a 31 42 1
a 31 43 15
a 31 44 19
a 31 45 2
a 31 46 16
a 31 21 2
a 31 96 13
a 31 51 6
a 31 90 16
a 31 79 11
a 31 87 12
a 31 58 18
a 31 24 7
a 31 69 16
a 31 4 18
a 31 12 3
a 59 60 19
a 59 61 16
a 59 62 5
a 59 63 1
a 59 64 4
a 59 65 5
a 59 66 13
a 59 67 19
a 59 68 1
a 59 69 11
a 59 70 1
a 59 71 13
a 59 72 6
a 59 73 11
a 59 74 14
a 59 43 15
a 59 7 7
a 59 37 4
a 59 25 4
a 59 90 4
a 59 27 5
a 59 20 10
a 59 84 9
a 59 99 2
a 36 37 15
a 36 38 2
a 36 39 17
a 36 40 6
a 36 41 8
a 36 42 14
a 36 43 15
a 36 44 13
a 36 45 10
a 36 46 4
a 36 47 13
a 36 48 16
a 36 49 10
a 36 50 15
a 36 51 19
a 36 26 14
a 36 34 3
a 36 20 4
a 36 60 12
a 36 9 18
a 36 1 4
a 36 85 8
a 36 96 2
a 26 27 10
a 26 28 11
a 26 29 15
a 26 30 10
a 26 31 15
a 26 32 9
a 26 33 10
a 26 34 14
a 26 35 2
a 26 36 11
a 26 37 8
a 26 38 10
a 26 39 15
a 26 40 18
a 26 41 18
a 26 16 10
a 26 83 8
a 26 53 18
a 26 99 13
a 26 57 6
a 26 6 10
a 27 28 9
a 27 29 2
a 27 30 9
a 27 31 7
a 27 32 6
a 27 33 6
a 27 34 3
a 27 35 19
a 27 36 4
a 27 37 18
a 27 38 11
a 27 39 18
a 27 40 11
a 27 41 13
a 27 42 10
a 27 13 17
a 27 92 17
a 27 55 5
a 27 99 8
a 27 1 4
a 27 43 12
a 27 45 2
a 27 7 16
a 29 30 3
a 29 31 14
a 29 32 2
a 29 33 13
a 29 34 3
a 29 35 12
a 29 36 8
a 29 37 15
a 29 38 14
a 29 39 19
a 29 40 17
a 29 41 13
a 29 42 3
a 29 43 15
a 29 44 2
a 29 25 10
a 29 49 18
a 29 56 18
a 29 78 7
a 29 23 6
a 29 84 2
a 74 75 1
a 74 76 10
a 74 77 9
a 74 78 2
a 74 79 16
a 74 80 11
a 74 81 17
a 74 82 2
a 74 83 13
a 74 84 8
a 74 85 5
a 74 86 6
a 74 87 13
a 74 88 11
a 74 89 4
a 74 55 9
a 74 25 6
a 74 28 13
a 74 63 2
a 74 22 9
a 74 93 14
a 74 44 17
a 47 48 11
a 47 49 16
a 47 50 4
a 47 51 7
a 47 52 4
a 47 53 19
a 47 54 9
a 47 55 4
a 47 56 4
a 47 57 15
a 47 58 15
a 47 59 7
a 47 60 12
a 47 61 18
a 47 62 9
a 47 31 17
a 47 12 9
a 47 25 8
a 47 9 6
a 47 42 13
a 47 98 10
a 47 23 1
a 47 45 19
a 55 56 12
a 55 57 13
a 55 58 10
a 55 59 6
a 55 60 15
a 55 61 10
a 55 62 3
a 55 63 7
a 55 64 15
a 55 65 3
a 55 66 18
a 55 67 6
a 55 68 16
a 55 69 10
a 55 70 9
a 55 77 10
a 55 11 11
a 55 24 1
a 55 3 13
a 55 8 9
a 55 40 2
a 55 93 15
a 51 52 15
a 51 53 6
a 51 54 9
a 51 55 16
a 51 56 10
a 51 57 4
a 51 58 16
a 51 59 6
a 51 60 7
a 51 61 18
a 51 62 3
a 51 63 16
a 51 64 4
a 51 65 17
a 51 66 4
a 51 88 5
a 51 13 12
a 51 91 14
a 51 40 15
a 51 24 6
a 51 31 9
a 86 87 9
a 86 88 18
a 86 89 9
a 86 90 1
a 86 91 8
a 86 92 13
a 86 93 14
a 86 94 15
a 86 95 16
a 86 96 1
a 86 97 18
a 86 98 9
a 86 99 13
a 86 0 1
a 86 1 8
a 86 36 12
a 86 45 14
a 86 21 19
a 86 56 4
a 86 2 2
a 86 69 17
a 86 34 15
a 86 28 18
a 61 62 11
a 61 63 11
a 61 64 16
a 61 65 4
a 61 66 7
a 61 67 12
a 61 68 17
a 61 69 4
a 61 70 6
a 61 71 5
a 61 72 8
a 61 73 10
a 61 74 2
a 61 75 13
a 61 76 12
a 61 25 12
a 61 92 1
a 61 86 1
a 61 82 6
a 61 55 5
a 61 54 14
a 61 28 10
a 61 18 15
a 94 95 8
a 94 96 13
a 94 97 16
a 94 98 9
a 94 99 13
a 94 0 18
a 94 1 7
a 94 2 8
a 94 3 8
a 94 4 5
a 94 5 9
a 94 6 5
a 94 7 12
a 94 8 14
a 94 9 10
a 94 42 7
a 94 39 5
a 94 24 7
a 94 47 4
a 94 17 6
a 94 10 4
a 94 40 16
a 37 38 2
a 37 39 2
a 37 40 19
a 37 41 2
a 37 42 16
a 37 43 3
a 37 44 11
a 37 45 15
a 37 46 18
a 37 47 16
a 37 48 5
a 37 49 18
a 37 50 13
a 37 51 8
a 37 52 17
a 37 17 14
a 37 35 16
a 37 10 11
a 37 29 16
a 37 32 19
a 37 78 2
a 37 92 5
a 98 99 17
a 98 0 5
a 98 1 8
a 98 2 17
a 98 3 4
a 98 4 13
a 98 5 8
a 98 6 17
a 98 7 10
a 98 8 16
a 98 9 13
a 98 10 4
a 98 11 17
a 98 12 2
a 98 13 2
a 98 59 11
a 98 64 17
a 98 28 11
a 98 49 13
a 98 50 7
a 98 18 15
a 98 19 7
a 98 61 5
a 54 55 10
a 54 56 6
a 54 57 13
a 54 58 5
a 54 59 2
a 54 60 4
a 54 61 16
a 54 62 15
a 54 63 17
a 54 64 8
a 54 65 13
a 54 66 12
a 54 67 12
a 54 68 12
a 54 69 8
a 54 7 12
a 54 50 10
a 54 22 12
a 54 12 5
a 54 26 2
a 54 6 5
a 54 82 2
a 54 73 6
a 54 93 15
a 66 67 7
a 66 68 19
a 66 69 15
a 66 70 1
a 66 71 5
a 66 72 12
a 66 73 11
a 66 74 15
a 66 75 15
a 66 76 10
a 66 77 2
a 66 78 15
a 66 79 10
a 66 80 13
a 66 81 2
a 66 83 2
a 66 26 8
a 66 14 12
a 66 36 10
a 66 35 7
a 79 80 3
a 79 81 6
a 79 82 19
a 79 83 15
a 79 84 19
a 79 85 9
a 79 86 3
a 79 87 9
a 79 88 2
a 79 89 10
a 79 90 19
a 79 91 6
a 79 92 1
a 79 93 2
a 79 94 6
a 79 37 19
a 79 5 19
a 79 61 12
a 79 95 16
a 79 9 2
a 79 72 18
a 79 21 1
a 79 0 4
a 79 68 1
a 62 63 18
a 62 64 12
a 62 65 9
a 62 66 13
a 62 67 14
a 62 68 2
a 62 69 18
a 62 70 6
a 62 71 9
a 62 72 4
a 62 73 18
a 62 74 10
a 62 75 11
a 62 76 19
a 62 77 2
a 62 16 13
a 62 89 12
a 62 51 8
a 62 53 12
a 62 80 5
a 62 90 11
a 62 96 11
a 62 37 3
a 62 57 6
a 35 36 1
a 35 37 2
a 35 38 1
a 35 39 14
a 35 40 9
a 35 41 8
a 35 42 7
a 35 43 8
a 35 44 9
a 35 45 5
a 35 46 18
a 35 47 2
a 35 48 17
a 35 49 1
a 35 50 11
a 35 2 6
a 35 26 19
a 35 29 19
a 35 4 7
a 35 1 4
a 35 86 10
a 35 22 12
a 63 64 3
a 63 65 16
a 63 66 12
a 63 67 2
a 63 68 19
a 63 69 2
a 63 70 19
a 63 71 9
a 63 72 9
a 63 73 1
a 63 74 3
a 63 75 19
a 63 76 3
a 63 77 1
a 63 78 3
a 63 88 10
a 63 41 7
a 63 85 10
a 63 86 7
a 63 21 13
a 63 49 10
a 63 97 13
a 63 83 3
a 63 17 16
a 63 16 17
a 97 98 17
a 97 99 1
a 97 0 18
a 97 1 3
a 97 2 14
a 97 3 15
a 97 4 15
a 97 5 4
a 97 6 16
a 97 7 4
a 97 8 10
a 97 9 16
a 97 10 11
a 97 11 12
a 97 12 8
a 97 55 4
a 97 36 18
a 97 95 10
a 97 54 9
a 97 25 1
a 97 22 11
a 97 87 2
a 52 53 2
a 52 54 14
a 52 55 6
a 52 56 14
a 52 57 4
a 52 58 11
a 52 59 4
a 52 60 2
a 52 61 11
a 52 62 1
a 52 63 6
a 52 64 15
a 52 65 6
a 52 66 8
a 52 67 15
a 52 6 9
a 52 72 19
a 52 47 13
a 52 51 5
a 52 17 18
a 52 3 6
a 52 88 16
a 77 78 13
a 77 79 12
a 77 80 15
a 77 81 10
a 77 82 11
a 77 83 16
a 77 84 3
a 77 85 16
a 77 86 5
a 77 87 9
a 77 88 14
a 77 89 15
a 77 90 19
a 77 91 10
a 77 92 12
a 77 97 2
a 77 99 16
a 77 75 15
a 77 23 11
a 77 74 17
a 77 40 2
a 77 58 8
a 75 76 17
a 75 77 1
a 75 78 13
a 75 79 17
a 75 80 17
a 75 81 12
a 75 82 11
a 75 83 10
a 75 84 16
a 75 85 17
a 75 86 10
a 75 87 16
a 75 88 2
a 75 89 1
a 75 90 6
a 75 7 11
a 75 95 14
a 75 93 8
a 75 52 10
a 75 0 11
a 75 58 15
a 95 96 6
a 95 97 17
a 95 98 3
a 95 99 11
a 95 0 16
a 95 1 13
a 95 2 1
a 95 3 8
a 95 4 11
a 95 5 10
a 95 6 19
a 95 7 12
a 95 8 19
a 95 9 4
a 95 10 19
a 95 88 18
a 95 31 4
a 95 43 16
a 95 57 11
a 95 92 15
a 95 53 3
a 95 27 12
a 95 48 13
a 68 69 5
a 68 70 18
a 68 71 12
a 68 72 15
a 68 73 19
a 68 74 13
a 68 75 3
a 68 76 2
a 68 77 7
a 68 78 5
a 68 79 16
a 68 80 19
a 68 81 16
a 68 82 5
a 68 83 6
a 68 6 9
a 68 53 17
a 68 51 12
a 68 59 5
a 68 58 9
a 68 19 14
a 68 84 3
a 68 61 5
a 68 25 16
a 68 88 9
a 68 91 9
a 56 57 4
a 56 58 8
a 56 59 4
a 56 60 2
a 56 61 2
a 56 62 4
a 56 63 16
a 56 64 8
a 56 65 10
a 56 66 14
a 56 67 10
a 56 68 5
a 56 69 11
a 56 70 8
a 56 71 18
a 56 38 10
a 56 0 4
a 56 81 4
a 56 43 9
a 56 92 9
a 56 88 1
a 56 25 7
a 56 87 11
a 56 97 14
a 69 70 2
a 69 71 4
a 69 72 19
a 69 73 14
a 69 74 8
a 69 75 13
a 69 76 7
a 69 77 1
a 69 78 8
a 69 79 4
a 69 80 17
a 69 81 16
a 69 82 5
a 69 83 2
a 69 84 8
a 69 28 6
a 69 7 3
a 69 55 7
a 69 87 1
a 69 62 7
a 85 86 4
a 85 87 4
a 85 88 8
a 85 89 12
a 85 90 14
a 85 91 19
a 85 92 12
a 85 93 13
a 85 94 1
a 85 95 3
a 85 96 11
a 85 97 13
a 85 98 13
a 85 99 2
a 85 0 15
a 85 77 17
a 85 46 14
a 85 69 3
a 85 39 12
a 85 41 2
a 85 47 9
a 82 83 13
a 82 84 16
a 82 85 10
a 82 86 11
a 82 87 14
a 82 88 5
a 82 89 7
a 82 90 18
a 82 91 7
a 82 92 13
a 82 93 15
a 82 94 19
a 82 95 2
a 82 96 6
a 82 97 18
a 82 14 14
a 82 34 7
a 82 81 12
a 82 50 13
a 82 29 4
a 82 12 17
a 82 39 14
a 82 35 17
a 82 69 4
a 82 45 3
a 88 89 17
a 88 90 4
a 88 91 16
a 88 92 3
a 88 93 2
a 88 94 3
a 88 95 10
a 88 96 10
a 88 97 8
a 88 98 3
a 88 99 7
a 88 0 8
a 88 1 9
a 88 2 17
a 88 3 2
a 88 4 2
a 88 20 1
a 88 30 15
a 88 46 15
a 88 67 18
a 88 21 2
a 88 16 17
a 88 40 16
a 91 92 15
a 91 93 1
a 91 94 9
a 91 95 1
a 91 96 10
a 91 97 5
a 91 98 9
a 91 99 16
a 91 0 17
a 91 1 10
a 91 2 1
a 91 3 17
a 91 4 6
a 91 5 14
a 91 6 19
a 91 66 7
a 91 20 16
a 91 48 14
a 91 21 5
a 91 31 8
a 89 90 3
a 89 91 2
a 89 92 12
a 89 93 7
a 89 94 16
a 89 95 2
a 89 96 15
a 89 97 8
a 89 98 14
a 89 99 12
a 89 0 18
a 89 1 2
a 89 2 13
a 89 3 11
a 89 4 3
a 89 57 12
a 89 21 7
a 89 80 19
a 65 66 14
a 65 67 12
a 65 68 4
a 65 69 15
a 65 70 11
a 65 71 10
a 65 72 17
a 65 73 18
a 65 74 18
a 65 75 16
a 65 76 15
a 65 77 16
a 65 78 8
a 65 79 15
a 65 80 8
a 65 23 14
a 65 21 6
a 65 29 15
a 65 55 15
a 65 81 11
a 65 46 3
a 65 28 13
a 65 11 11
a 65 58 4
a 65 42 11
c 74 93 36 42 148
c 95 6 91 0 83
c 0 13 54 66 183
c 15 30 40 29 72
c 39 43 42 45 96
c 96 9 53 54 112
c 7 21 52 55 123
c 17 30 22 28 44
c 94 96 74 63 183
c 73 69 1 13 142
c 42 49 30 52 58
c 31 39 12 27 66
c 38 46 87 97 101
c 43 50 62 57 162
c 98 49 80 27 177
c 82 92 17 29 158
c 70 81 16 86 124
c 35 43 52 54 152
c 68 59 45 49 92
c 29 33 19 14 49
c 99 6 49 14 71
c 82 34 43 25 50
c 39 54 71 32 50
c 68 76 54 6 63
c 29 84 99 8 63
c 87 99 30 52 138
c 13 58 79 92 144
c 69 7 72 84 194
c 63 74 63 97 163
c 11 41 83 89 84
c 79 90 53 52 98
c 49 63 77 83 80
c 2 17 76 70 109
c 88 92 21 16 58
c 70 71 44 15 48
c 61 66 35 26 122
c 67 77 38 43 99
c 83 11 3 10 112
c 59 63 0 90 192
c 91 99 64 75 75
c 45 98 30 97 46
c 3 6 30 39 120
c 52 66 37 49 34
c 96 8 79 68 163
c 97 95 65 74 183
c 87 37 4 48 198
c 39 47 88 99 74
c 40 0 87 88 100
c 7 17 62 65 36
c 70 1 13 62 57
c 78 87 83 84 78
c 89 97 51 52 165
c 84 85 7 19 179
c 82 94 34 24 69
c 54 56 1 92 91
c 64 69 74 75 118
c 24 38 38 40 163
c 77 79 46 57 82
c 96 19 30 52 78
c 5 11 41 54 136
c 49 52 87 97 132
c 1 9 83 33 98
c 47 62 12 67 148
c 84 93 74 81 26
c 57 18 28 67 109
c 16 27 45 17 186
c 59 60 48 59 49
c 16 21 6 7 162
c 55 62 86 45 65
c 95 98 24 32 116
c 71 77 96 67 101
c 60 55 18 28 33
c 46 14 55 11 145
c 15 27 4 15 87
c 44 48 78 90 81
c 45 12 1 0 95
c 14 34 83 97 141
c 60 65 70 30 81
c 56 67 47 42 152
c 45 70 19 48 180
c 89 94 87 90 150
c 75 82 80 84 172
c 45 52 86 0 39
c 53 70 95 2 160
c 90 26 98 64 80
c 31 90 79 89 172
c 31 58 37 49 196
c 62 70 62 77 72
c 9 55 30 39 89
c 66 77 20 31 135
c 26 35 8 11 156
c 16 17 11 17 185
c 54 56 76 87 42
c 68 70 51 61 87
c 47 45 43 55 107
c 60 74 91 93 92
c 6 45 92 3 124
c 40 43 60 65 84
c 44 54 97 98 103
c 44 28 52 47 54
c 97 22 41 46 138
c 60 65 85 86 173
c 44 15 53 56 140
c 45 59 13 58 54
c 9 19 97 1 158
c 5 19 42 51 182
c 26 16 53 70 90
c 26 33 14 28 165
c 92 24 64 1 65
c 55 77 83 21 166
c 36 44 28 67 60
c 38 42 44 45 141
c 7 10 11 60 156
c 98 19 8 9 39
c 56 70 51 59 197
c 80 92 9 10 167
c 45 12 76 86 83
c 22 23 84 87 50
c 87 2 55 61 148
c 80 99 21 24 72
c 95 5 51 91 81
c 74 82 88 89 189
c 90 3 30 95 108
c 20 21 86 45 54
c 5 6 4 5 82
c 57 65 50 97 57
c 24 92 77 90 122
c 85 89 28 42 194
c 9 22 56 62 171
c 91 4 88 30 180
c 17 27 1 3 140
c 54 93 18 29 168
c 42 55 1 15 64
c 58 61 28 33 149
c 72 74 61 86 161
c 28 38 17 25 153
c 42 83 66 81 147
c 24 36 97 10 53
c 14 39 94 40 38
c 34 86 62 71 47
c 89 0 75 78 165
c 59 20 7 15 157
c 91 95 95 27 98
c 94 96 92 97 127
c 41 29 98 12 138
c 27 55 83 98 98
c 95 8 87 0 129
c 91 97 30 40 83
c 42 23 4 19 199
c 67 76 28 30 55
c 96 75 45 75 41
c 20 27 73 84 101
c 69 80 99 0 159
c 74 78 19 24 102
c 93 99 53 11 196
c 30 34 46 49 193
c 57 59 19 70 30
c 95 4 14 19 103
c 89 93 99 65 112
c 6 15 48 63 42
c 31 44 0 14 161
c 71 2 6 11 161
c 88 67 49 61 114
c 49 57 9 13 199
c 22 30 57 79 67
c 98 7 68 84 95
c 31 32 76 80 64
c 27 37 36 40 122
c 34 44 87 95 95
c 1 13 6 70 142
c 2 42 23 15 99
c 47 53 39 49 169
c 52 66 23 87 62
c 53 70 70 79 181
c 77 81 75 52 52
c 30 95 74 28 183
c 20 31 43 70 154
c 10 14 31 32 152
c 87 0 49 63 183
c 97 12 4 12 147
c 30 38 63 69 183
c 64 79 9 12 149
c 23 4 96 9 103
c 24 27 38 5 57
c 19 3 11 21 140
c 20 1 66 81 153
c 45 55 54 73 74
c 24 35 11 21 56
c 72 73 8 21 169
c 83 97 42 52 62
c 32 61 41 21 28
c 25 78 31 21 131
c 46 50 8 14 166
c 49 93 37 48 170
c 87 91 78 88 101
c 8 19 77 86 98
c 98 28 70 83 188
c 53 55 98 18 58
c 58 59 85 86 74
c 18 45 16 31 161
c 33 12 42 51 66
c 18 5 88 95 137
c 47 42 41 75 162
c 27 40 18 22 36
c 42 82 80 66 149
c 20 27 79 82 135
c 81 91 23 28 159
c 83 33 37 40 32
c 50 62 64 71 32
c 75 82 82 97 103
c 5 3 14 40 64
c 3 81 80 82 168
c 6 7 41 51 91
c 51 52 90 97 104
c 0 11 24 59 42
c 15 20 26 35 163
c 48 45 47 12 161
c 75 79 44 93 121
c 94 42 49 93 135
c 66 73 51 31 197
c 85 91 32 77 188
c 26 99 27 40 82
c 23 38 79 91 101
c 69 82 36 96 192
c 89 4 81 16 62
c 30 37 29 36 111
c 96 85 51 61 145
c 69 7 86 56 127
c 58 61 7 27 60
c 81 83 96 75 105
c 54 55 34 35 102
c 22 67 91 95 193
c 49 14 36 20 39
c 16 29 89 57 118
c 80 99 21 16 195
c 81 83 30 22 127
c 7 14 54 82 183
c 12 17 95 92 140
c 36 60 57 26 51
c 39 52 20 24 87
c 51 91 12 26 143
c 98 61 2 14 166
c 84 85 18 27 120
c 8 12 75 88 196
c 0 84 97 1 111
c 88 96 67 70 174
c 30 97 88 89 103
c 40 1 68 72 47
c 34 35 69 83 196
c 57 62 86 98 110
c 78 93 91 48 169
c 77 89 37 10 155
c 17 24 17 27 97
c 81 92 48 28 80
c 35 22 76 77 152
c 53 63 25 39 158
c 25 37 34 20 99
c 12 8 58 66 102
c 16 30 62 16 84
c 25 16 17 28 143
c 56 69 3 15 69
c 57 21 34 44 150
c 24 38 36 49 40
c 79 68 14 21 58
c 88 92 46 17 197
c 4 90 51 65 49
c 24 49 70 28 172
c 24 40 18 43 186
c 10 12 0 58 160
c 74 22 27 36 69
c 1 49 25 35 104
c 61 74 95 27 89
c 2 12 80 66 134
c 8 71 82 34 135
c 60 66 86 0 100
c 38 9 10 23 70
c 33 44 50 5 31
c 44 47 13 94 111
c 98 18 14 21 105
c 65 80 99 14 105
c 5 16 72 75 129
c 36 96 91 48 97
c 68 80 51 57 111
c 62 74 37 43 196
c 88 95 58 60 120
c 56 67 57 26 162
c 44 42 36 42 34
c 28 43 24 26 61
c 67 46 64 76 78
c 9 15 45 53 77
c 11 20 66 72 184
c 27 39 87 98 111
c 75 87 37 78 193
c 60 75 23 37 188
c 14 27 89 4 191
c 63 41 79 88 130
c 34 49 6 28 61
c 88 40 91 1 174
c 61 69 70 77 131
c 80 0 96 19 131
c 0 80 95 96 171
c 39 46 95 3 43
c 99 33 16 22 92
c 5 15 90 99 106
c 25 39 28 59 29
c 94 5 76 0 25
c 0 21 97 12 52
c 5 7 42 53 168
c 56 92 23 4 47
c 81 19 65 21 35
c 86 94 7 13 140
c 3 6 1 7 163
c 41 44 60 67 67
c 36 96 74 77 172
c 34 49 78 84 120
c 53 55 49 62 100
c 82 29 45 0 76
c 69 7 58 64 25
c 27 92 40 55 130
c 54 6 57 65 84
c 72 74 81 26 99
c 68 76 25 37 94
c 16 19 86 69 172
c 25 58 4 11 60
c 92 7 85 47 67
c 50 59 68 59 147
c 83 84 70 73 163
c 31 87 14 19 150
c 22 36 57 70 29
c 94 98 59 74 109
c 96 50 65 58 135
c 35 46 8 13 112
c 15 35 12 19 121
c 79 88 59 65 27
c 3 17 54 68 30
c 80 86 85 89 33
c 73 84 44 93 103
c 19 27 84 97 82
c 82 87 17 52 159
c 99 21 28 34 119
c 5 12 9 16 95
c 74 77 96 67 160
c 60 63 2 5 131
c 2 50 51 59 93
c 38 9 12 70 72
c 67 71 2 6 148
c 65 55 19 51 96
c 57 61 2 15 48
c 77 88 90 95 158
c 6 12 0 10 115
c 65 11 20 26 75
c 69 84 68 75 86
c 99 1 16 25 122
c 50 58 80 25 136
c 9 70 94 4 168
c 49 50 3 7 176
c 77 86 18 5 194
c 94 0 58 47 185
c 44 58 46 56 131
c 18 45 53 48 116
c 57 59 80 85 86
c 51 58 26 38 78
c 10 94 80 93 71
c 64 97 8 60 64
c 21 97 54 57 98
c 99 4 70 50 66
c 8 7 95 7 103
c 46 52 53 67 176
c 75 58 26 33 83
c 73 96 32 64 70
c 78 84 1 76 73
c 48 58 14 23 57
c 49 61 82 39 39
c 54 67 88 3 49
c 28 31 59 69 167
c 4 14 31 79 65
c 31 45 64 70 106
c 68 61 8 21 118
c 29 84 72 81 184
c 52 55 64 74 180
c 59 68 85 86 77
c 49 63 36 45 178
c 31 96 3 99 102
c 26 83 96 19 89
c 81 19 80 90 187
c 33 47 82 14 183
c 78 88 63 83 98
c 49 61 84 2 116
c 50 97 88 90 154
c 27 99 12 23 28
c 11 13 94 4 192
c 10 18 88 46 125
c 14 21 40 48 59
c 47 54 88 91 189
c 66 68 47 55 177
c 52 3 19 33 38
c 88 99 16 83 61
c 12 67 72 83 32
c 75 76 7 96 192
c 19 47 95 5 59
c 91 96 9 15 191
c 12 21 70 73 73
c 61 74 13 1 132
c 82 97 75 52 119
c 10 23 59 27 131
c 13 79 6 93 147
c 80 27 85 0 116
c 33 34 83 91 138
c 7 59 33 36 41
c 83 90 4 9 131
c 67 25 68 82 145
c 82 85 32 39 131
c 4 2 96 11 142
c 34 44 23 36 129
c 41 29 57 65 140
c 68 61 39 42 50
c 36 42 71 2 92
c 41 85 78 86 46
c 56 64 54 64 65
c 32 29 92 91 69
c 95 96 75 58 173
c 60 63 77 88 144
c 52 54 51 65 51
c 93 91 38 5 145
c 39 49 45 12 168
c 42 88 92 47 167
c 33 86 15 38 55
c 84 71 60 65 165
c 95 4 84 96 49
c 2 14 96 7 164
c 11 22 28 36 100
c 11 15 56 97 43
c 4 48 50 97 67
c 99 4 99 15 128
c 52 56 63 71 113
c 29 23 95 8 63
c 19 20 29 56 149
c 53 52 14 34 171
c 97 99 64 12 124
c 25 31 22 37 30
c 79 87 12 8 171
c 65 23 73 84 177
c 53 68 15 22 88
c 93 95 98 11 32
c 23 38 65 72 109
c 22 25 7 9 61
c 80 27 25 35 81
c 93 1 40 63 27
c 67 80 21 31 54
c 63 78 80 25 177
c 60 55 27 35 173
c 7 29 63 77 181
c 46 38 57 68 49
c 2 10 60 65 191
c 38 27 98 9 173
c 55 59 96 6 95
c 58 60 42 45 188
c 10 17 51 31 51
c 57 62 62 51 86
c 74 78 15 23 49
c 98 64 13 18 144
c 68 19 24 28 33
c 22 25 31 79 176
c 64 78 12 54 67
c 83 11 34 56 166
c 93 96 73 71 37
c 9 55 60 73 196
c 45 51 36 44 148
c 12 22 9 22 182
c 72 82 18 43 174
c 80 29 41 29 148
c 87 98 33 45 44
c 30 35 52 64 132
c 96 9 27 35 120
c 61 65 96 9 28
c 71 14 55 56 46
c 8 10 84 76 129
c 23 26 66 26 188
c 70 90 48 52 32
c 31 34 7 29 171
c 80 66 21 34 140
c 62 69 72 90 185
c 26 39 82 83 124
c 32 33 64 66 119
c 22 32 54 61 158
c 46 51 99 20 77
c 69 75 10 61 195
c 80 88 55 11 171
c 34 95 25 40 161
c 99 7 29 40 184
c 80 92 66 68 158
c 73 99 81 26 107
c 94 1 69 77 110
c 89 97 88 99 80
c 96 6 95 31 76
c 32 41 48 45 185
c 74 86 62 77 64
c 33 41 76 91 79
c 99 3 12 19 75
c 43 79 1 23 31
c 6 21 94 1 108
c 59 61 35 47 164
c 93 2 41 75 51
c 88 16 26 35 83
c 86 99 74 25 83
c 93 3 47 98 165
c 92 14 88 93 30
c 49 61 22 24 40
c 48 62 15 62 170
c 87 74 95 8 125
c 10 19 68 61 31
c 85 87 22 36 190
c 73 79 21 22 86
c 23 25 94 99 134
c 4 19 35 43 78
c 44 48 96 98 78
c 77 86 96 61 160
c 71 80 8 15 197
c 45 53 92 47 188
c 95 10 53 48 110
c 25 27 9 13 152
c 91 96 87 92 49
c 35 47 94 3 124
c 57 58 92 74 138
c 18 43 72 43 123
c 66 68 83 21 27
c 34 43 75 80 83
c 27 36 5 12 151
c 42 51 7 96 181
c 23 33 56 92 150
c 24 36 58 64 61
c 71 78 87 93 88
c 28 99 19 14 27
c 89 1 0 12 53
c 20 21 39 46 86
c 99 5 88 20 50
c 28 32 19 96 97
c 78 10 48 51 139
c 19 20 44 62 51
c 69 62 80 32 105
c 74 22 42 54 76
c 89 57 99 12 35
c 14 92 3 14 73
c 41 43 5 8 71
c 92 98 7 27 72
c 83 91 15 22 126
c 80 84 20 27 99
c 31 21 58 69 154
c 41 21 5 12 58
c 81 78 35 4 93
c 19 75 2 93 127
c 18 43 31 96 171
c 4 15 72 57 151
c 25 78 13 20 177
c 61 70 63 74 86
c 72 75 60 67 99
c 34 47 93 58 158
c 96 2 50 99 83
c 63 88 73 69 191
c 60 49 0 8 98
c 57 65 48 63 87
c 36 43 2 93 189
c 0 8 43 79 41
c 17 26 2 7 52
c 21 74 80 82 93
c 22 60 74 88 42
c 60 64 71 32 120
c 86 97 0 13 174
c 52 60 67 25 112
c 12 27 28 31 84
c 21 36 43 87 156
c 4 12 48 57 106
c 43 45 97 99 62
c 11 98 67 68 65
c 14 27 90 92 140
c 73 0 98 9 39
c 84 90 33 12 163
c 42 56 51 54 111
c 63 83 97 0 188
c 89 98 44 96 174
c 71 18 0 13 28
c 95 5 91 21 144
c 41 44 11 81 34
c 10 51 53 60 73
c 62 73 11 25 198
c 78 86 69 73 139
c 31 90 17 31 163
c 60 49 71 73 105
c 93 5 82 89 184
c 42 53 68 80 187
c 83 56 59 99 66
c 21 33 24 14 167
c 55 11 19 31 170
c 27 28 78 84 61
c 64 79 14 40 132
c 94 96 64 70 119
c 59 71 2 18 168
c 91 20 30 35 74
c 80 85 63 75 165
c 57 68 62 80 122
c 68 80 94 8 46
c 38 43 5 6 106
c 41 43 53 63 85
c 88 3 10 39 72
c 79 95 18 45 173
c 26 35 95 27 53
c 4 60 97 55 38
c 40 46 54 93 77
c 78 89 57 25 86
c 70 74 61 63 140
c 77 40 11 81 159
c 66 75 14 34 46
c 48 45 60 47 122
c 41 29 90 93 50
c 9 51 60 1 64
c 91 5 48 50 137
c 11 12 45 51 171
c 16 19 19 15 30
c 20 24 8 22 121
c 0 13 50 77 51
c 14 20 81 88 56
c 34 48 27 28 52
c 59 25 77 85 34
c 18 21 71 86 164
c 57 59 76 85 186
c 98 1 45 68 141
c 69 72 4 12 31
c 85 98 83 86 72
c 80 85 18 46 140
c 22 36 13 35 87
c 43 49 80 93 53
c 26 34 99 6 171
c 6 43 56 59 188
c 94 99 88 92 100
c 10 25 80 66 147
c 30 33 81 86 196
c 57 69 80 83 193
c 79 68 61 62 62
c 25 26 59 62 176
c 87 0 98 99 90
c 81 92 84 11 43
c 83 86 18 25 58
c 4 5 58 64 131
c 1 12 16 14 75
c 64 76 36 20 129
c 51 60 1 76 34
c 95 1 46 55 67
c 16 26 8 12 188
c 17 2 88 40 85
c 27 1 74 86 153
c 56 97 95 92 42
c 26 6 52 64 197
c 75 83 81 88 153
c 18 32 74 75 62
c 65 42 27 43 84
c 45 12 25 39 61
c 5 11 82 35 167
c 5 0 74 83 138
c 19 28 52 72 89
c 2 15 0 90 139
c 26 28 41 50 106
c 79 86 0 10 35
c 48 50 51 56 152
c 89 90 88 97 169
c 26 27 50 97 166
c 60 72 15 16 114
c 1 23 70 81 32
c 8 80 3 6 80
c 47 62 50 54 198
c 48 51 29 35 132
c 84 76 33 55 46
c 9 51 26 37 38
c 33 43 39 54 163
c 39 44 86 36 27
c 44 52 34 44 113
c 95 88 68 82 190
c 28 99 62 57 89
c 28 41 0 15 60
c 60 68 85 88 62
c 90 99 64 97 194
c 56 43 80 81 148
c 57 71 86 95 122
c 40 70 84 98 37
c 55 8 79 37 45
c 74 79 67 56 76
c 43 50 41 56 198
c 72 73 44 45 47
c 42 83 56 38 129
c 2 5 69 70 124
c 83 86 76 93 76
c 88 96 71 18 169
c 49 64 82 88 35
c 82 69 7 16 188
c 59 84 52 61 96
c 85 47 68 73 44
c 62 65 57 76 101
c 17 2 43 44 85
c 88 89 31 44 39
c 17 31 36 85 193
c 0 7 18 94 43
c 44 47 14 39 168
c 87 1 25 58 165
c 56 88 59 37 169
c 23 34 69 77 72
c 72 86 18 48 39
c 43 45 70 50 74
c 8 60 27 45 65
c 59 72 76 43 139
c 71 2 47 53 110
c 22 35 21 84 53
c 92 47 56 64 88
c 37 51 4 17 195
c 34 41 56 63 177
c 94 17 89 96 38
c 7 96 28 31 55
c 79 81 48 61 141
c 26 36 8 7 34
c 35 39 25 58 169
c 6 16 23 84 159
c 22 29 68 81 187
c 94 0 53 67 25
c 88 46 77 75 97
c 1 0 96 98 120
c 68 19 82 92 76
c 59 71 44 48 84
c 70 81 62 64 72
c 13 16 78 10 154
c 83 95 89 99 77
c 18 33 50 58 100
c 29 32 44 57 60
c 30 34 54 60 150
c 43 25 69 83 27
c 76 70 68 80 50
c 90 4 71 82 189
c 24 26 2 6 33
c 84 76 83 87 31
c 20 29 28 35 117
c 32 19 20 32 153
c 34 49 18 28 167
c 5 96 85 46 114
c 13 25 44 93 154
c 44 56 2 6 129
c 39 45 50 63 191
c 49 55 71 87 153
c 73 71 96 7 182
c 87 61 21 24 59
c 90 95 79 80 25
c 85 47 38 45 121
c 16 31 23 35 191
c 84 71 99 13 77
c 0 9 13 28 94
c 64 73 94 6 71
c 68 74 81 91 107
c 63 77 22 24 56
c 62 69 80 94 43
c 22 66 26 16 59
c 27 37 19 75 156
c 99 42 94 95 92
c 37 50 15 30 30
c 13 24 68 72 186
c 6 46 31 44 59
c 93 99 39 50 78
c 31 46 53 65 125
c 90 0 45 76 164
c 84 71 28 35 49
c 71 74 37 51 58
c 89 96 37 35 170
c 44 50 73 87 194
c 42 18 18 22 122
c 49 93 93 96 43
c 59 69 91 98 80
c 85 91 85 98 37
c 48 49 16 21 25
c 40 63 59 43 74
c 97 22 75 93 61
c 94 5 39 40 58
c 92 4 54 61 38
c 86 90 30 36 92
c 60 30 11 6 128
c 21 32 6 93 94
c 87 96 90 93 93
c 53 62 86 97 38
c 84 92 44 54 54
c 89 95 53 56 128
c 97 6 90 93 67
c 52 6 36 38 99
c 31 21 25 26 39
c 86 34 83 53 178
c 96 8 23 34 61
c 42 53 45 98 46
c 83 21 59 62 31
c 97 12 11 18 197
c 59 25 49 75 25
c 83 84 60 55 79
c 97 7 23 37 154
c 36 51 13 22 109
c 79 93 30 39 96
c 50 77 92 7 54
c 65 42 72 76 154
c 17 2 25 90 178
c 5 3 29 42 30
c 51 54 95 31 27
c 3 5 8 18 154
c 87 61 40 45 95
c 61 28 31 87 75
c 21 30 81 78 40
c 79 9 3 6 165
c 54 67 87 94 115
c 44 45 67 75 80
c 90 91 91 93 93
c 62 76 9 14 96
c 90 17 72 79 131
c 16 63 56 97 150
c 79 85 68 71 122
c 91 94 2 3 180
c 14 15 84 99 158
c 67 74 7 18 114
c 82 39 40 43 31
c 0 72 11 23 171
c 48 56 68 83 155
c 76 84 60 55 76
c 57 58 22 67 27
c 39 45 33 38 193
c 25 36 94 24 172
c 89 1 80 93 40
c 64 71 17 26 28
c 0 9 62 68 112
c 74 75 33 34 95
c 24 36 12 8 197
c 58 64 51 88 163
c 57 4 81 82 194
c 49 60 97 55 86
c 41 68 35 38 39
c 79 95 34 79 97
c 38 44 84 87 102
c 27 30 15 30 171
c 54 57 58 47 46
c 66 83 53 58 116
c 98 2 41 50 157
c 64 71 29 32 114
c 69 80 70 25 88
c 70 83 17 2 170
c 77 82 13 28 117
c 73 99 71 74 124
c 2 16 21 74 109
c 71 53 72 74 80
c 55 40 91 95 76
c 45 98 85 89 124
c 52 56 89 97 65
c 63 49 44 28 196
c 96 61 96 58 181
c 77 92 23 37 164
c 60 57 2 17 94
c 58 38 0 72 116
c 47 53 3 17 124
c 45 14 41 53 68
c 82 92 85 91 141
c 81 94 34 44 80
c 64 85 59 61 111
c 68 58 0 7 155
c 4 11 27 42 178
c 95 48 83 84 163
c 85 41 43 51 69
c 38 41 35 36 46
c 47 25 48 56 76
c 78 86 41 45 31
c 25 37 79 72 33
c 20 3 57 58 113
c 0 58 42 57 110
c 1 15 23 84 106
c 6 17 96 85 147
c 60 23 74 76 159
c 50 54 36 49 139
c 40 1 34 44 81
c 18 7 69 72 33
c 6 57 7 11 139
c 81 84 66 70 96
c 21 26 5 11 144
c 52 3 63 86 148
c 34 70 25 10 44
c 83 97 81 84 146
c 42 82 53 5 144
c 53 64 14 22 113
c 27 45 58 64 149
c 44 57 65 71 195
c 14 27 4 45 90
c 44 54 13 1 94
c 70 76 12 26 129
c 63 88 33 48 83
c 1 76 28 67 125
c 26 99 18 7 142
c 64 12 19 24 90
c 78 92 59 69 39
c 30 36 35 44 135
c 68 73 52 88 185
c 48 61 81 95 143
c 54 69 30 44 121
c 72 81 22 21 65
c 46 74 66 80 65
c 14 40 70 1 105
c 54 62 88 93 59
c 48 54 34 39 52
c 65 71 41 29 103
c 99 56 87 98 82
c 86 2 55 3 31
c 28 67 5 19 49
c 81 88 70 72 77
c 68 77 26 31 159
c 66 76 57 21 96
c 61 68 11 14 125
c 91 0 38 44 93
c 31 42 77 84 191
c 18 25 24 33 70
c 70 30 32 19 80
c 27 92 3 17 72
c 63 41 28 30 138
c 6 93 7 59 172
c 3 73 45 58 110
c 3 6 98 61 37
c 71 77 15 26 70
c 32 19 46 18 139
c 49 55 19 48 198
c 96 8 70 28 139
c 73 88 18 45 54
c 26 6 22 26 82
c 3 4 99 9 72
c 31 51 22 25 83
c 16 29 44 49 46
c 8 74 95 27 139
c 9 11 71 18 27
c 44 55 1 4 38
c 4 48 55 63 73
c 90 47 87 92 73
c 69 55 73 83 190
c 23 84 79 0 105
c 93 12 65 71 26
c 6 7 48 58 152
c 92 1 36 40 96
c 36 38 96 99 123
c 3 10 69 70 117
c 12 24 43 54 99
c 18 43 17 31 77
c 46 48 60 72 127
c 39 40 62 66 55
c 75 76 24 14 98
c 8 17 66 72 68
c 74 89 80 27 127
c 64 77 62 89 107
c 71 85 19 96 137
c 1 9 23 31 57
c 3 14 9 16 127
c 95 48 98 59 55
c 3 6 82 92 33
c 77 87 72 75 36
c 63 67 21 74 187
c 96 1 16 24 69
c 76 0 16 17 87
c 71 77 49 57 145
c 1 76 72 23 50
c 20 26 90 17 96
c 29 49 82 84 159
c 2 4 97 25 145
c 46 53 96 61 153
c 55 77 6 19 86
c 61 63 30 97 91
c 70 84 82 14 77
c 82 95 20 12 183
c 84 99 71 72 175
c 27 37 93 95 141
c 58 55 64 69 192
c 99 42 45 50 193
c 71 83 64 85 43
c 31 33 1 92 38
c 36 49 45 75 182
c 65 23 88 89 39
c 50 62 82 85 72
c 52 88 48 28 80
c 44 42 18 30 80
c 79 82 87 1 106
c 17 27 59 72 150
c 24 25 24 39 80
c 60 49 51 63 154
c 70 77 17 44 104
c 9 24 81 42 77
c 50 57 19 34 25
c 23 95 76 91 77
c 92 99 93 97 49
c 71 73 83 98 31
c 68 53 44 52 80
c 44 2 27 13 105
c 89 94 50 55 162
c 48 59 21 36 136
c 90 46 23 30 30
c 8 7 21 92 100
c 87 88 25 58 194
c 1 8 64 28 106
c 69 83 54 64 30
c 22 43 17 18 49
c 16 29 90 98 105
c 73 83 60 47 82
c 75 85 57 70 154
c 56 88 63 85 186
c 56 43 80 93 186
c 49 59 7 19 52
c 50 56 27 40 124
c 13 94 22 32 79
c 62 53 69 77 39
c 63 69 89 90 86
c 20 3 95 4 103
c 49 50 56 38 109
c 32 39 88 93 84
c 67 80 35 49 152
c 58 39 68 58 91
c 65 21 16 29 40
c 1 10 32 45 145
c 49 64 5 17 71
c 60 67 62 16 153
c 31 38 97 95 120
c 62 53 81 92 181
c 18 77 89 95 154
c 33 77 73 77 121
c 24 36 1 12 43
c 65 73 46 49 60
c 21 29 5 10 91
c 87 48 23 95 148
c 41 44 97 6 195
c 11 19 22 60 60
c 88 93 61 55 36
c 87 95 34 41 69
c 26 99 24 35 129
c 35 86 0 1 40
c 19 75 69 7 172
c 13 35 42 83 175
c 54 93 13 35 65
c 31 96 82 14 197
c 82 91 81 93 59
c 14 60 3 18 64
c 99 2 9 21 66
c 13 21 36 26 104
c 64 72 64 74 186
c 71 85 18 77 112
c 27 13 16 25 132
c 69 55 66 72 101
c 32 40 8 22 143
c 45 92 76 0 130
c 26 37 72 79 112
c 16 28 44 82 135
c 85 0 31 69 196
c 32 77 81 94 103
c 59 70 39 53 123
c 48 49 64 72 45
c 87 90 23 68 56
c 89 4 19 14 144
c 2 6 65 70 175
c 78 81 8 16 154
c 39 44 95 99 81
c 95 98 57 7 185
c 44 42 31 44 149
c 44 54 55 64 173
c 42 44 88 98 145
c 35 45 83 85 136
c 60 68 53 70 198
c 10 25 25 38 192
c 7 9 93 12 57
c 41 49 42 43 53
c 32 40 26 83 138
c 58 65 12 8 91
c 29 44 74 87 56
c 71 73 2 38 58
c 22 29 77 91 172
c 20 23 12 13 90
c 92 1 60 62 62
c 97 99 26 57 58
c 56 97 99 11 59
c 53 92 2 32 155
c 50 55 23 25 25
c 39 20 34 35 58
c 87 1 77 84 57
c 72 65 5 96 193
c 6 46 64 78 107
c 54 73 35 26 48
c 20 27 70 83 31
c 95 43 2 16 157
c 80 85 6 12 75
c 72 82 73 88 105
c 6 15 14 60 122
c 71 67 98 1 113
c 69 81 63 88 128
c 1 5 21 32 86
c 45 57 79 72 77
c 0 9 66 80 193
c 17 29 64 70 68
c 31 58 82 83 33
c 92 94 49 51 165
c 80 97 58 62 63
c 89 94 85 93 153
c 52 65 81 78 54
c 44 93 12 90 42
c 45 98 41 82 125
c 91 4 83 86 148
c 61 76 83 86 157
c 76 77 97 10 188
c 71 74 57 64 47
c 34 79 53 19 139
c 36 49 18 20 97
c 88 1 66 78 156
c 2 18 85 95 157
c 70 30 67 75 175
c 53 60 0 90 188
c 87 92 55 77 142
c 71 82 8 12 27
c 53 64 26 57 83
c 82 69 47 55 176
c 20 57 26 35 99
c 38 57 66 78 169
c 1 5 75 87 146
c 46 53 47 53 142
c 0 39 41 52 125
c 26 39 10 18 108
c 55 64 65 74 162
c 46 38 74 79 73
c 21 22 52 58 137
c 41 46 78 92 30
c 35 40 92 91 162
c 49 74 77 91 41
c 49 16 69 79 126
c 23 36 7 59 87
c 97 8 87 92 90
c 42 37 10 17 174
c 14 25 66 78 100
c 95 57 58 59 111
c 85 97 71 81 149
c 40 27 30 39 160
c 86 93 69 73 101
c 69 62 50 69 194
c 44 59 81 82 194
c 18 19 95 8 130
c 7 8 47 62 92
c 48 61 7 12 96
c 63 78 96 58 197
c 46 42 60 71 175
c 94 7 9 18 92
c 25 26 1 2 129
c 6 70 85 39 140
c 91 6 97 95 106
c 10 19 64 12 163
c 8 59 56 43 64
c 86 90 87 98 176
c 59 67 13 27 142
c 70 1 37 49 99
c 90 67 67 81 72
c 81 93 6 7 79
c 93 5 53 58 145
c 87 97 3 14 114
c 94 99 78 82 192
c 63 97 32 46 50
c 24 25 77 82 40
c 56 57 50 53 135
c 68 59 42 44 156
c 34 16 71 14 89
c 89 96 10 13 82
c 93 58 49 62 72
c 11 12 80 0 108
c 36 37 71 80 76
c 2 8 95 97 30
c 34 79 61 67 114
c 24 27 14 29 175
c 67 78 31 32 147
c 92 97 35 43 99
c 77 89 68 19 34
c 50 54 88 2 195
c 38 39 53 61 83
c 1 0 56 58 122
c 15 25 64 76 39
c 52 53 57 63 186
c 30 32 46 74 55
c 67 69 0 6 43
c 43 58 84 87 187
c 16 24 90 92 126
c 98 11 64 78 33
c 63 76 83 91 157
c 17 27 91 1 80
c 96 0 75 90 194
c 40 48 16 30 140
c 22 43 12 43 102
c 13 58 38 44 72
c 49 55 45 92 140
c 10 20 33 40 83
c 13 20 54 73 27
c 1 6 82 34 169
c 17 31 11 22 100
c 32 39 31 44 64
c 81 3 41 95 188
c 41 52 65 81 143
c 58 70 23 84 138
c 83 53 81 66 189
c 18 46 15 62 197
c 91 5 45 14 171
c 63 97 48 59 25
c 32 61 94 96 96
c 46 58 79 61 63
c 14 18 43 44 130
c 90 94 90 47 66
c 94 98 7 9 110
c 12 66 32 44 116
c 25 31 62 71 168
c 55 40 53 57 59
c 83 84 70 71 30
c 20 52 87 17 53
c 62 77 93 3 196
c 3 13 46 14 149
c 3 41 79 80 60
c 56 88 98 8 138
c 59 90 0 7 114
c 89 21 70 79 181
c 21 34 32 47 142
c 78 86 92 3 127
c 41 49 44 29 113
c 10 39 38 9 59
c 89 92 4 9 104
c 34 48 93 98 95
c 71 78 54 59 157
c 27 39 87 99 48
c 78 10 67 76 184
c 17 26 5 6 115
c 8 16 32 47 86
c 13 26 99 5 72
c 52 6 1 3 174
c 65 55 15 28 98
c 0 58 49 16 152
c 87 0 92 6 115
c 62 77 26 28 58
c 30 22 36 50 128
c 72 82 73 78 159
c 9 1 36 38 27
c 8 17 74 28 27
c 7 19 87 95 162
c 85 95 14 79 129
c 94 47 35 49 79
c 68 76 57 63 52
c 98 28 69 76 195
c 17 24 13 81 154
c 59 62 4 44 196
c 68 84 88 94 58
c 92 26 15 25 131
c 97 0 56 67 108
c 81 93 56 25 158
c 27 40 78 81 156
c 45 14 62 74 108
c 99 14 56 57 131
c 36 26 58 68 119
c 29 84 53 62 73
c 86 90 81 93 130
c 0 13 61 70 89
c 23 37 1 0 54
c 55 60 63 77 76
c 44 55 61 65 31
c 13 35 4 44 163
c 39 41 28 42 120
c 16 18 80 32 128
c 30 97 36 40 65
c 6 16 64 19 26
c 67 80 80 83 121
c 15 22 18 26 66
c 53 70 60 70 41
c 2 10 50 97 121
c 95 3 89 92 127
c 59 43 42 45 199
c 76 87 33 12 101
c 61 55 81 89 83
c 81 3 37 44 86
c 50 97 82 89 106
c 51 58 53 59 139
c 95 6 27 37 151
c 9 24 80 87 60
c 3 4 55 64 117
c 53 67 2 18 119
c 98 10 40 70 163
c 32 36 45 68 70
c 7 59 57 62 30
c 52 51 19 15 109
c 93 2 5 16 124
c 50 58 57 14 197
c 33 53 84 85 139
c 83 21 57 26 167
c 76 77 7 18 99
c 43 56 21 26 157
c 48 49 32 40 66
c 98 6 59 7 121
c 24 25 35 38 49
c 60 65 40 44 103
c 72 73 52 60 59
c 3 14 30 52 154
c 15 25 21 22 70
c 88 96 3 16 97
c 29 42 47 48 181
c 20 22 50 53 124
c 87 61 85 69 113
c 23 3 38 52 107
c 16 0 89 94 38
c 62 67 55 70 33
c 78 81 56 61 128
c 0 7 71 53 130
c 91 93 95 31 152
c 98 64 80 82 129
c 5 11 70 90 154
c 3 7 3 41 139
c 65 58 72 76 146
c 4 10 72 23 175
c 94 39 30 22 192
c 91 3 40 52 124
c 29 40 18 45 76
c 23 28 11 19 117
c 9 23 91 5 141
c 84 99 76 79 162
c 42 92 24 14 77
c 68 88 9 55 107
c 4 18 68 76 37
c 58 60 98 61 37
c 40 15 70 85 149
c 98 2 7 8 69
c 93 95 97 87 69
c 63 69 87 89 150
c 89 90 63 76 137
c 98 7 70 50 158
c 53 60 34 86 159
c 86 0 92 26 26
c 72 82 22 37 115
c 16 21 44 57 107
c 16 30 13 26 34
c 49 57 79 83 131
c 29 35 82 86 91
c 65 68 21 23 186
c 93 0 92 2 62
c 17 23 30 36 159
c 97 98 11 23 153
c 39 3 72 80 134
c 64 16 91 2 28
c 90 96 56 25 63
c 99 4 88 40 193
c 53 68 46 52 114
c 26 37 13 22 145
c 62 53 96 75 175
c 32 35 49 55 57
c 74 22 65 42 138
c 19 47 31 51 189
c 28 29 67 70 83
c 11 16 30 35 170
c 72 84 7 13 150
c 28 83 49 14 73
c 55 68 47 23 183
c 69 83 81 90 123
c 62 89 69 79 81
c 18 30 25 40 40
c 3 78 48 98 102
c 83 93 96 75 174
c 89 0 45 48 152
c 21 32 59 20 74
c 92 24 61 92 39
c 34 39 65 42 50
c 96 1 80 37 131
c 80 92 36 60 63
c 18 22 32 45 194
c 24 14 24 25 150
c 45 51 67 92 61
c 6 53 0 6 99
c 71 63 59 7 33
c 89 3 9 51 92
c 46 51 28 43 141
c 63 75 47 57 115
c 56 63 69 71 38
c 59 63 24 25 137
c 12 15 48 45 25
c 57 64 37 35 76
c 2 50 14 28 29
c 6 13 19 30 164
c 73 86 98 13 188
c 34 39 0 80 72
c 47 48 17 28 177
c 64 85 55 62 114
c 74 85 88 67 181
c 68 6 64 2 35
c 59 25 75 95 120
c 35 29 70 78 133
c 74 88 9 70 168
c 76 87 4 10 120
c 57 60 48 51 26
c 19 20 18 22 52
c 93 1 33 12 115
c 67 82 44 53 114
c 79 80 64 70 180
c 42 57 79 21 109
c 47 61 86 98 164
c 73 71 22 31 65
c 40 50 52 63 35
c 86 96 91 20 198
c 16 18 50 69 140
c 48 63 13 84 192
c 84 80 48 45 161
c 7 59 2 18 73
c 42 49 22 23 45
c 31 41 49 53 187
c 55 8 59 27 186
c 40 32 30 38 67
c 76 79 29 37 165
c 68 83 43 48 136
c 43 54 13 22 36
c 63 75 84 85 114
c 4 7 20 22 85
c 99 4 54 58 31
c 48 60 20 21 179
c 19 33 28 58 142
c 12 67 15 20 112
c 4 2 6 93 184
c 18 5 65 75 166
c 54 6 79 37 89
c 98 99 73 77 126
c 83 96 50 51 105
c 97 87 60 57 164
c 65 55 18 45 101
c 67 69 12 36 109
c 47 98 71 14 56
c 56 71 12 23 53
c 96 9 63 49 146
c 75 84 64 73 149
c 44 93 68 76 187
c 21 32 15 23 108
c 10 51 41 44 77
c 93 91 62 64 117
c 98 12 23 31 118
c 11 20 80 37 44
c 57 7 3 81 58
c 71 87 24 28 160
c 11 22 43 56 117
c 42 43 67 71 189
c 25 30 22 35 150
c 45 49 4 64 28
c 45 51 7 21 120
c 23 24 76 79 133
c 45 92 35 86 189
c 23 95 9 51 36
c 1 16 46 59 161
c 59 20 2 10 128
c 30 40 0 7 45
c 2 14 80 92 117
c 10 26 97 99 63
c 61 25 28 58 190
c 94 39 92 94 196
c 86 87 89 98 165
c 52 60 68 79 37
c 50 69 12 20 145
c 79 93 52 67 132
c 9 13 57 67 138
c 39 53 41 8 181
c 3 12 15 30 169
c 88 40 3 10 49
c 48 9 45 70 128
c 42 43 39 29 39
c 66 67 35 47 65
c 26 37 42 57 121
c 9 13 90 26 45
c 16 86 56 92 33
c 35 26 36 51 142
c 26 27 75 77 134
c 76 79 95 7 144
c 62 53 2 6 43
c 43 56 73 83 197
c 82 29 52 59 194
c 40 41 65 71 155
c 6 9 30 37 65
c 47 31 65 81 101
c 12 16 63 97 103
c 20 12 78 81 37
c 62 72 80 67 103
c 44 51 45 51 77
c 18 24 73 86 85
c 51 40 59 70 146
c 50 59 34 24 113
c 23 78 26 99 143
c 93 94 46 59 140
c 2 25 55 67 47
c 0 3 83 21 146
c 95 10 10 21 132
c 36 20 16 19 199
c 32 38 72 87 28
c 24 49 54 59 131
c 93 15 54 66 69
c 77 74 24 34 34
c 12 43 9 23 144
c 18 21 90 46 49
c 52 56 27 42 154
c 56 64 15 30 65
c 16 26 17 30 198
c 71 83 13 24 35
c 95 6 31 33 175
c 39 45 87 96 99
c 98 0 36 45 145
c 47 50 72 74 96
c 34 44 50 65 84
c 29 40 0 90 89
c 73 81 46 53 48
c 79 9 80 87 47
c 31 21 22 31 172
c 11 15 86 98 161
c 46 74 83 11 121
c 3 11 2 18 182
c 92 47 79 37 192
c 50 57 52 65 93
c 23 32 99 15 153
c 69 77 33 86 171
c 40 52 25 36 120
c 1 3 84 80 50
c 52 63 97 95 36
c 46 47 16 31 186
c 52 47 53 60 93
c 72 81 31 69 90
c 21 30 98 1 148
c 77 92 74 80 84
c 39 53 25 28 102
c 26 99 53 92 146
c 13 25 87 89 170
c 12 0 41 45 191
c 57 58 21 26 167
c 33 45 88 20 47
c 19 28 79 89 152
c 21 34 68 25 66
c 75 81 55 40 34
c 73 88 9 13 199
c 48 63 50 57 154
c 8 60 97 55 138
c 59 99 17 60 56
c 19 23 34 46 91
c 66 36 24 38 124
c 62 67 26 40 53
c 2 93 17 22 64
c 21 92 61 72 119
c 51 24 56 97 180
c 85 89 83 84 118
c 66 67 54 65 158
c 7 8 66 14 113
c 8 10 59 61 95
c 4 18 79 72 148
c 81 95 67 73 150
c 19 30 42 47 41
c 8 9 18 46 40
c 23 36 15 20 148
c 75 77 92 6 172
c 57 70 38 41 185
c 24 30 99 3 115
c 82 88 2 25 121
c 57 63 88 20 64
c 28 42 52 56 178
c 76 87 44 50 29
c 48 54 75 84 31
c 34 4 76 85 189
c 51 59 24 36 28
c 90 26 38 2 179
c 62 53 31 41 38
c 65 71 28 59 142
c 96 97 43 54 78
c 50 55 92 3 199
c 36 38 42 53 173
c 6 7 68 72 140
c 0 90 40 27 94
c 56 25 38 39 166
c 22 35 59 71 166
c 13 1 91 98 190
c 9 16 73 2 133
c 33 2 55 66 187
c 29 43 58 59 29
c 25 29 8 23 112
c 34 56 84 94 199
c 80 81 45 48 70
c 90 46 60 61 96
c 5 6 18 33 149
c 76 84 74 22 152
c 32 61 24 36 158
c 15 26 84 0 152
c 41 43 36 50 55
c 85 94 8 71 142
c 21 31 44 15 154
c 13 23 7 36 171
c 25 28 75 58 80
c 18 43 56 60 193
c 97 95 12 22 164
c 16 63 92 93 194
c 24 29 23 30 131
c 39 43 96 1 42
c 46 18 69 81 77
c 36 39 11 17 143
c 87 2 39 54 125
c 71 53 65 80 79
c 57 63 81 88 180
c 16 19 16 30 115
c 99 13 75 88 92
c 80 87 69 78 95
c 11 25 99 11 63
c 70 62 4 45 138
c 66 73 18 48 193
c 34 38 35 48 92
c 18 30 62 64 42
c 48 63 59 74 88
c 4 33 85 87 166
c 64 65 23 68 82
c 51 63 84 95 172
c 4 44 22 25 139
c 69 71 93 6 155
c 48 51 44 48 123
c 3 10 54 6 138
c 8 11 43 70 67
c 19 24 26 99 185
c 42 56 81 83 99
c 18 25 30 34 57
c 40 55 62 77 102
c 57 2 47 60 180
c 83 84 86 96 121
c 14 23 90 93 184
c 58 64 12 67 90
c 72 65 87 98 56
c 80 91 88 21 98
c 36 96 15 62 195
c 43 47 92 98 171
c 33 38 55 11 34
c 93 89 24 32 95
c 99 7 78 10 130
c 25 31 92 47 88
c 79 5 44 52 139
c 52 47 21 22 155
c 79 83 81 26 143
c 11 21 26 33 116
c 42 49 23 3 119
c 89 90 73 84 74
c 73 88 80 84 162
c 67 68 89 95 154
c 62 89 42 49 151
c 32 37 89 0 53
c 97 8 47 58 47
c 78 89 18 94 173
c 61 72 65 76 62
c 29 36 28 33 167
c 75 78 80 67 61
c 76 86 5 9 52
c 73 79 39 46 153
c 49 53 6 34 61
c 4 45 43 52 129
c 84 11 78 51 64
c 74 55 83 50 74
c 90 3 5 24 119
c 42 83 82 12 110
c 47 61 57 69 95
c 76 91 4 12 74
c 20 3 77 81 56
c 63 17 14 29 143
c 48 54 47 42 33
c 71 85 52 72 118
c 47 57 96 2 152
c 22 99 86 45 34
c 7 11 98 49 87
c 26 16 59 37 103
c 32 45 19 3 137
c 10 15 61 63 128
c 88 90 93 95 171
c 65 55 63 86 167
c 30 86 0 45 128
c 18 77 49 89 196
c 83 93 22 67 114
c 50 52 90 1 28
c 5 14 77 97 49
c 58 70 40 41 136
c 41 33 43 47 132
c 75 80 9 12 92
c 38 47 81 96 102
c 17 20 79 80 84
c 26 34 18 30 101
c 1 2 22 33 198
c 83 56 21 54 150
c 42 37 80 97 48
c 89 98 67 68 47
c 19 70 68 76 168
c 23 34 25 39 175
c 69 78 66 79 53
c 42 55 56 97 178
c 11 94 50 55 194
c 74 83 18 24 77
c 56 59 3 13 126
c 51 62 24 27 122
c 84 92 17 29 103
c 64 73 23 30 95
c 77 79 98 12 190
c 96 3 79 93 35
c 54 93 45 56 51
c 23 33 46 56 155
c 64 6 56 63 60
c 80 84 71 87 63
c 68 77 86 28 94
c 15 19 54 22 39
c 98 8 81 90 198
c 7 15 95 2 111
c 68 71 96 97 80
c 90 97 49 64 55
c 8 10 4 10 57
c 88 93 45 14 41
c 39 48 29 30 40
c 19 24 45 92 100
c 13 15 86 69 79
c 67 70 73 87 148
c 74 83 0 2 186
c 31 58 68 70 51
c 55 58 81 86 108
c 68 69 2 4 142
c 73 85 55 24 176
c 6 34 47 9 147
c 57 66 99 56 179
c 91 93 29 23 130
c 52 17 88 46 196
c 40 15 34 35 116
c 39 42 34 41 161
c 47 61 16 24 134
c 62 53 47 57 39
c 42 57 66 36 105
c 11 60 8 17 99
c 61 86 58 47 188
c 86 69 39 29 69
c 7 19 86 97 123
c 2 7 96 7 113
c 10 13 66 73 141
c 64 90 99 8 149
c 68 25 65 70 114
c 82 93 65 68 143
c 89 90 38 40 196
c 56 59 45 76 54
c 2 25 17 24 44
c 31 43 79 84 192
c 45 92 41 51 43
c 82 85 6 34 177
c 46 57 57 25 160
c 86 88 17 25 36
c 23 25 97 98 130
c 96 1 63 16 127
c 99 10 44 50 100
c 33 48 54 73 92
c 90 4 48 9 106
c 67 82 98 49 27
c 94 96 16 22 46
c 48 53 42 18 193
c 0 14 95 0 114
c 66 77 81 84 185
c 71 63 5 10 93
c 20 12 90 4 146
c 27 7 28 37 116
c 53 66 77 78 118
c 97 25 88 91 59
c 27 41 69 78 183
c 71 78 59 73 33
c 66 14 4 10 42
c 57 63 26 16 52
c 23 84 55 57 74
c 36 43 27 45 76
c 8 15 11 15 184
c 74 89 21 28 155
c 52 61 0 15 165
c 11 26 29 38 93
c 6 12 26 36 188
c 8 18 21 31 26
c 36 37 82 97 130
c 90 91 24 32 57
c 73 74 56 43 115
c 77 85 70 81 25
c 21 28 56 92 135
c 79 72 95 88 112
c 54 58 81 94 188
c 94 1 33 55 199
c 98 4 89 21 49
c 98 12 34 35 132
c 49 56 75 95 122
c 19 29 95 6 196
c 83 97 87 94 172
c 8 59 2 83 177
c 82 88 77 83 138
c 51 54 81 86 78
c 98 64 89 97 159
c 40 29 70 78 170
c 42 53 58 38 50
c 73 85 90 67 121
c 40 54 35 41 173
c 15 94 17 36 163
c 17 18 14 34 78
c 33 55 0 58 72
c 90 46 31 44 121
c 74 22 40 0 70
c 72 73 19 24 167
c 49 57 91 1 166
c 94 24 94 99 56
c 92 1 91 0 143
c 64 74 80 91 193
c 6 20 66 76 58
c 32 40 36 51 130
c 65 23 0 2 198
c 72 90 61 54 51
c 78 87 47 25 174
c 38 52 84 54 178
c 77 83 13 79 164
c 17 2 81 82 189
c 80 25 29 25 125
c 18 25 33 41 173
c 15 76 33 47 118
c 55 70 1 11 90
c 34 44 1 76 79
c 26 34 33 86 122
c 14 27 77 58 126
c 13 71 74 78 33
c 92 74 63 41 81
c 72 73 42 54 30
c 17 36 61 71 93
c 57 25 69 73 100
c 95 0 42 54 156
c 27 1 42 18 197
c 92 0 44 42 72
c 43 24 14 40 172
c 13 21 99 0 122
c 62 72 59 63 42
c 82 14 35 42 164
c 49 93 55 57 115
c 36 44 17 26 83
c 6 16 4 2 168
c 44 82 65 71 29
c 65 21 98 10 78
c 18 21 95 98 47
c 60 47 50 60 186
c 21 25 16 25 66
c 99 56 36 85 86
c 34 70 31 43 40
c 53 5 36 60 90
c 2 11 97 2 75
c 76 87 48 53 132
c 30 36 24 15 56
c 54 50 54 61 198
c 0 7 80 92 196
c 47 25 51 52 79
c 60 73 36 20 84
c 41 46 64 97 85
c 45 70 77 58 83
c 81 75 11 98 26
c 76 83 59 64 104
c 48 52 57 14 146
c 22 23 97 55 33
c 88 40 39 46 121
c 11 60 66 74 185
c 4 11 41 54 47
c 33 48 59 25 118
c 17 20 74 79 114
c 33 38 98 4 190
c 85 96 55 61 28
c 10 11 51 31 114
c 48 59 86 21 153
c 36 60 69 73 85
c 52 56 91 94 164
c 12 17 91 48 122
c 65 70 74 28 40
c 75 93 79 92 135
c 21 32 15 29 133
c 17 29 50 55 100
c 0 8 26 99 166
c 81 75 78 51 117
c 49 59 12 70 191
c 82 87 23 37 177
c 16 27 76 84 79
c 57 58 16 21 141
c 46 53 38 52 86
c 83 53 98 11 99
c 62 96 97 10 73
c 44 59 43 44 145
c 26 16 38 9 143
c 8 16 44 48 136
c 42 51 96 0 135
c 11 41 17 25 37
c 11 17 61 72 105
c 19 20 27 36 151
c 28 12 64 70 180
c 82 84 37 51 196
c 21 25 19 31 97
c 6 16 6 19 163
c 8 47 63 78 102
c 57 76 45 53 182
c 55 93 38 40 78
c 99 2 38 46 144
c 19 75 98 10 180
c 14 28 57 71 108
c 93 97 47 98 64
c 40 49 39 29 25
c 43 25 55 40 99
c 71 79 66 26 185
c 23 15 85 0 102
c 46 50 81 75 34
c 27 7 35 45 183
c 19 32 76 80 73
c 93 5 55 58 57
c 50 56 69 55 182
c 48 50 83 97 159
c 81 87 9 13 193
c 61 69 45 54 181
c 99 5 12 17 116
c 1 11 2 92 39
c 73 80 95 2 132
c 65 58 12 27 73
c 23 84 56 87 134
c 35 42 54 69 84
c 23 27 82 45 54
c 71 74 77 84 173
c 19 20 61 64 50
c 80 32 11 15 26
c 24 40 43 53 123
c 11 6 45 55 126
c 99 4 40 52 178
c 24 39 81 96 69
c 21 27 39 62 42
c 50 55 56 61 48
c 97 99 61 76 130
c 46 49 7 14 45
c 97 22 71 66 160
c 62 51 57 14 98
c 55 24 79 9 55
c 90 47 46 61 135
c 74 77 6 10 77
c 96 98 11 21 173
c 60 61 15 38 187
c 38 43 51 56 156
c 12 90 85 47 149
c 57 25 44 2 140
c 96 1 77 86 145
c 1 5 41 45 60
c 60 71 49 56 78
c 79 90 8 22 129
c 46 50 68 69 44
c 75 83 35 1 166
c 7 29 16 24 128
c 6 7 62 57 59
c 35 37 73 71 186
c 91 3 31 39 132
c 47 48 37 78 112
c 12 19 5 11 103
c 33 38 49 50 97
c 20 35 0 14 188
c 22 25 37 50 154
c 83 93 72 87 29
c 59 69 14 25 192
c 0 58 53 57 184
c 10 25 52 64 98
c 6 34 34 79 126
c 86 88 68 83 173
c 80 93 99 7 166
c 17 20 97 6 135
c 23 27 87 94 96
c 76 85 90 93 192
c 11 18 62 67 60
c 49 75 71 18 120
c 90 2 26 16 70
c 68 19 86 2 138
c 47 12 1 2 68
c 97 12 31 51 133
c 96 67 82 34 161
c 23 26 54 22 28
c 98 0 53 65 33
c 21 26 84 86 111
c 53 11 92 47 97
c 1 4 10 86 76
c 98 19 46 54 62
c 71 80 21 23 71
c 86 87 43 45 154
c 27 33 48 98 52
c 47 55 3 73 46
c 64 75 77 78 159
c 54 61 81 19 121
c 84 92 61 64 119
c 63 85 0 39 198
c 25 30 30 41 167
c 17 22 25 10 187
c 48 54 12 99 43
c 46 60 45 17 32
c 12 25 57 64 140
c 54 66 16 83 98
c 36 46 61 25 66
c 26 27 26 33 93
c 88 98 13 71 155
c 30 31 62 51 69
c 9 13 49 74 150
c 36 42 51 64 33
c 15 28 48 49 100
c 67 25 44 45 107
c 90 5 26 36 138
c 81 83 79 83 149
c 7 17 98 7 185
c 49 60 9 70 123
c 67 74 8 9 126
c 89 99 15 94 186
c 31 35 2 8 78
c 72 79 46 92 52
c 63 86 57 14 183
c 55 64 99 2 97
c 50 77 58 62 51
c 47 61 55 40 62
c 98 64 77 74 121
c 75 7 9 23 160
c 56 60 95 0 144
c 69 72 31 4 65
c 24 37 31 87 53
c 63 70 68 59 155
c 0 21 98 7 150
c 35 26 71 77 174
c 10 61 26 39 186
c 12 43 62 67 76
c 47 9 50 59 137
c 17 28 28 35 149
c 94 9 57 69 27
c 26 41 43 25 67
c 22 27 88 89 120
c 73 86 66 76 137
c 93 5 15 30 139
c 95 27 33 44 117
c 22 25 84 93 47
c 9 55 56 68 143
c 39 92 61 66 61
c 67 82 84 85 166
c 52 58 25 35 160
c 85 86 94 1 145
c 84 2 33 53 100
c 39 29 84 96 74
c 56 59 65 21 157
c 76 93 50 61 44
c 32 37 4 15 29
c 71 14 29 30 74
c 79 61 35 43 137
c 10 19 85 99 28
c 14 17 48 51 90
c 42 47 96 24 175
c 56 60 10 14 193
c 48 54 48 82 131
c 50 97 2 17 168
c 88 94 29 31 150
c 93 7 48 57 107
c 62 71 34 24 53
c 57 14 65 70 100
c 15 28 96 50 152
c 39 8 73 84 78
c 82 92 53 54 165
c 78 90 61 71 150
c 91 4 57 71 199
c 23 28 70 50 174
c 46 42 43 73 167
c 91 1 16 0 159
c 87 95 14 60 121
c 21 31 41 52 47
c 11 14 56 63 126
c 61 55 69 84 44
c 57 79 99 2 163
c 39 20 53 67 25
c 40 29 38 47 132
c 52 57 59 71 105
c 2 12 82 14 62
c 61 71 41 50 155
c 81 87 2 17 101
c 88 1 94 8 156
c 27 42 12 13 117
c 28 40 98 19 126
c 91 93 17 52 92
c 82 39 30 40 184
c 30 37 20 1 173
c 55 62 26 34 117
c 10 16 86 87 34
c 74 82 84 90 122
c 81 66 12 18 87
c 96 2 2 9 53
c 94 0 26 33 41
c 53 34 15 19 194
c 29 56 21 8 102
c 86 95 79 21 162
c 96 0 73 78 32
c 97 11 71 72 96
c 87 17 85 88 150
c 51 40 39 40 117
c 98 49 3 8 28
c 11 23 98 6 99
c 46 54 19 20 143
c 23 87 17 29 137
c 11 81 69 78 156
c 54 66 74 86 190
c 62 76 89 57 33
c 23 4 32 38 49
c 66 76 98 49 90
c 63 65 17 31 170
c 88 0 82 12 177
c 61 72 80 27 39
c 96 50 71 79 154
c 92 47 77 84 157
c 47 50 25 27 104
c 24 14 63 77 192
c 28 99 55 77 159
c 57 72 34 37 109
c 37 29 94 2 167
c 72 84 73 85 182
c 79 95 25 32 145
c 13 71 91 6 133
c 65 78 18 77 55
c 78 87 28 67 33
c 79 81 68 59 195
c 54 55 17 71 110
c 77 89 79 95 89
c 59 62 76 93 80
c 44 53 1 9 55
c 37 42 53 11 59
c 61 28 35 42 141
c 75 81 10 21 92
c 48 62 6 14 155
c 5 73 25 38 161
c 96 7 86 28 173
c 16 63 95 57 115
c 2 13 99 15 30
c 10 26 75 7 50
c 72 75 86 88 82
c 71 2 86 56 64
c 63 64 78 82 128
c 87 88 87 17 175
c 89 93 56 61 196
c 21 33 50 10 38
c 25 39 91 94 109
c 44 51 78 90 47
c 93 3 57 69 142
c 36 26 61 62 182
c 11 6 26 99 95
c 91 96 74 84 99
c 17 22 50 64 147
c 38 48 68 6 84
c 5 14 85 87 189
c 85 0 23 36 66
c 98 0 48 52 163
c 25 37 1 16 170
c 36 38 38 5 169
c 27 29 21 32 159
c 63 73 29 39 96
c 68 77 40 47 139
c 4 2 48 9 115
c 86 90 89 0 49
c 0 84 81 92 171
c 41 64 29 30 113
c 19 29 37 39 70
c 67 25 63 17 93
c 48 82 45 92 27
c 71 66 52 72 182
c 81 88 84 92 57
c 89 0 5 15 75
c 54 59 30 39 182
c 81 84 55 62 40
c 66 83 40 45 89
c 31 58 77 91 108
c 4 33 3 13 78
c 79 72 14 40 80
c 53 64 77 85 171
c 52 56 56 68 29
c 22 97 3 9 127
c 11 15 64 77 35
c 34 49 10 13 96
c 51 31 77 79 165
c 16 22 46 55 164
c 6 93 16 21 41
c 60 55 0 4 56
c 99 15 33 36 77
c 74 89 29 33 127
c 23 15 40 42 171
c 50 69 95 88 66
c 89 2 3 12 195
c 43 54 69 71 64
c 62 57 29 84 75
c 34 41 41 42 158
c 9 51 23 31 31
c 25 27 0 9 194
c 59 69 26 29 80
c 99 10 52 3 184
c 39 49 97 0 51
c 6 18 59 90 105
c 11 25 93 1 36
c 18 21 18 32 160
c 15 27 3 16 140
c 15 23 22 67 123
c 78 83 2 10 175
c 8 9 81 90 127
c 65 71 70 76 153
c 11 20 81 19 104
c 11 15 55 65 124
c 28 31 73 76 158
c 24 49 3 13 42
c 85 47 75 77 144
c 18 27 44 45 130
c 34 41 27 13 148
c 23 34 3 14 163
c 53 5 66 26 197
c 3 9 96 5 102
c 14 17 6 57 128
c 94 3 42 83 153
c 58 67 86 97 134
c 22 97 85 95 72
c 60 1 62 89 168
c 12 67 79 83 33
c 59 64 21 8 159
c 71 80 31 42 116
c 6 15 45 50 95
c 99 12 9 70 73
c 88 46 97 0 191
c 35 41 87 74 47
c 80 92 40 47 116
c 18 23 43 79 121
c 18 33 29 34 98
c 18 77 57 21 32
c 37 52 3 41 128
c 75 58 19 14 194
c 52 88 94 97 102
c 99 0 49 55 49
c 70 86 22 36 105
c 49 64 49 41 192
c 25 29 37 45 89
c 81 19 27 37 187
c 57 99 14 21 75
c 38 48 74 93 97
c 94 7 15 20 47
c 68 80 55 60 61
c 12 13 59 68 68
c 50 52 51 61 91
c 42 23 15 22 155
c 0 58 74 85 147
c 40 29 11 12 81
c 44 46 70 71 193
c 46 57 46 42 123
c 30 34 92 47 88
c 43 54 39 70 195
c 84 88 17 32 107
c 80 0 32 64 90
c 51 62 99 0 120
c 33 35 75 58 64
c 6 93 38 44 25
c 39 49 52 3 196
c 50 5 99 78 193
c 55 59 48 62 179
c 39 92 3 6 109
c 5 18 96 5 65
c 14 29 49 53 157
c 22 36 27 41 88
c 27 34 11 15 106
c 10 61 1 14 103
c 54 50 58 71 197
c 56 58 11 29 56
c 97 9 28 43 105
c 36 1 77 84 78
c 72 83 61 72 197
c 34 47 95 6 115
c 34 37 24 29 57
c 1 9 84 95 174
c 61 66 45 0 59
c 36 34 59 62 174
c 60 69 10 22 25
c 90 95 18 19 155
c 93 98 18 25 35
c 42 52 77 86 77
c 22 31 57 72 196
c 28 54 34 24 148
c 40 49 92 14 73
c 64 70 28 99 102
c 48 60 33 86 149
c 5 96 60 47 35
c 11 20 76 82 116
c 10 16 98 0 192
c 22 99 75 84 184
c 21 74 57 18 124
c 38 42 66 79 64
c 29 41 96 1 55
c 54 58 80 81 27
c 19 75 61 70 198
c 9 16 45 17 173
c 70 78 57 61 180
c 52 47 60 73 151
c 43 25 55 8 150
c 87 94 70 82 29
c 71 86 41 56 171
c 65 21 98 4 184
c 32 40 30 95 131
c 85 0 49 61 66
c 77 97 90 1 65
c 80 92 97 36 52
c 84 99 13 28 81
c 3 16 24 25 35
c 81 66 4 14 71
c 60 1 42 43 89
c 40 41 93 99 25
c 31 40 14 18 158
c 95 92 94 4 56
c 0 3 20 1 44
c 86 94 64 97 176
c 46 74 56 38 75
c 79 85 60 70 137
c 75 85 94 99 137
c 88 20 2 5 95
c 25 26 6 20 43
c 3 17 37 49 61
c 27 45 13 1 132
c 25 38 15 16 108
c 42 47 91 99 52
c 18 94 81 75 117
c 28 30 66 26 160
c 60 61 23 29 104
c 28 32 78 84 73
c 17 26 8 6 79
c 32 42 40 51 68
c 40 29 6 8 151
c 30 95 52 60 89
c 11 61 87 0 59
c 50 62 35 41 80
c 1 3 22 30 139
c 52 88 39 45 143
c 33 45 61 86 183
c 97 9 52 61 53
c 82 35 22 34 170
c 46 54 56 71 108
c 37 52 49 60 88
c 38 53 75 86 115
c 2 13 57 18 79
c 72 76 89 93 171
c 28 12 90 91 51
c 72 65 44 29 153
c 89 91 18 43 124
c 96 24 88 30 39
c 62 53 39 48 193
c 63 21 2 5 151
c 0 3 9 20 126
c 42 50 78 87 45
c 75 85 58 47 88
c 56 61 16 30 154
c 7 36 97 99 139
c 87 0 20 32 137
c 99 42 30 32 125
c 9 51 72 82 127
c 23 30 3 7 151
c 70 81 10 15 111
c 71 67 29 84 158
c 30 39 58 55 125
c 97 22 61 82 125
c 4 45 25 31 48
c 41 95 68 78 74
c 19 23 72 73 109
c 38 57 80 87 142
c 18 43 95 92 192
c 0 6 19 70 146
c 28 30 72 84 178
c 79 85 98 3 35
c 23 33 19 23 175
c 65 42 94 0 142
c 68 81 66 72 165
c 68 84 13 92 158
c 37 43 69 75 71
c 41 49 14 25 30
c 0 4 95 92 175
c 96 5 53 19 183
c 2 25 30 40 165
c 62 67 69 77 111
c 53 92 7 19 73
c 65 67 82 94 93
c 70 80 64 69 141
c 35 40 58 39 93
c 57 61 13 18 191
c 37 48 10 94 129
c 75 83 76 90 140
c 74 87 85 97 123
c 25 28 57 21 118
c 89 93 8 80 196
c 34 48 39 62 71
c 7 13 48 62 164
c 98 8 91 96 142
c 39 36 27 33 144
c 90 2 2 50 52
c 80 93 80 92 133
c 56 67 18 94 191
c 95 97 49 79 173
c 5 73 50 99 183
c 16 31 31 34 64
c 4 11 65 71 120
c 19 96 51 60 149
c 91 98 13 71 152
c 99 21 39 53 121
c 10 16 65 78 147
c 30 58 13 94 69
c 59 72 55 64 61
c 27 35 42 53 193
c 42 55 18 33 82
c 95 97 52 17 101
c 6 41 79 81 183
c 54 55 13 23 53
c 9 19 34 80 60
c 1 76 39 42 83
c 91 4 58 65 80
c 39 49 92 98 162
c 75 88 0 84 78
c 77 79 16 29 99
c 85 41 12 90 58
c 54 66 56 81 40
c 62 16 68 19 139
c 56 64 46 51 140
c 68 51 72 79 132
c 66 68 74 77 150
c 80 86 43 54 86
c 82 94 72 76 53
c 87 1 50 53 32
c 44 51 79 82 35
c 5 8 63 41 88
c 69 75 26 57 33
c 75 80 38 5 37
c 6 13 87 61 137
c 76 89 86 36 54
c 91 66 18 31 58
c 29 36 7 14 105
c 15 17 30 52 76
c 57 14 46 56 114
c 79 91 39 47 110
c 79 37 23 30 118
c 57 70 77 87 161
c 32 20 98 7 60
c 59 27 32 37 76
c 78 91 8 18 170
c 87 99 42 37 105
c 92 14 36 39 87
c 22 60 83 93 29
c 89 3 7 8 49
c 0 7 93 15 91
c 62 70 33 41 135
c 24 40 66 67 168
c 70 85 66 77 154
c 72 86 17 24 126
c 31 40 37 41 79
c 92 47 31 45 48
c 63 77 26 83 197
c 45 46 82 85 102
c 36 26 51 54 152
c 66 68 77 85 73
c 24 35 48 98 73
c 61 72 32 44 65
c 58 62 96 50 172
c 5 13 69 55 30
c 44 59 21 32 118
c 81 3 40 49 129
c 25 36 49 58 99
c 17 52 50 99 31
c 79 84 61 70 60
c 46 77 0 12 67
c 13 28 67 71 62
c 9 13 94 42 74
c 33 43 3 17 195
c 45 60 47 23 78
c 10 36 34 70 140
c 39 44 22 23 93
c 17 23 82 89 195
c 22 99 18 19 69
c 73 79 90 93 125
c 83 96 23 84 80
c 3 11 89 21 123
c 64 76 99 21 45
c 11 81 66 79 131
c 97 8 27 35 157
c 45 53 71 84 57
c 98 59 84 99 60
c 65 68 43 49 38
c 79 61 33 37 185
c 4 16 29 23 119
c 68 80 95 48 44
c 11 41 30 34 120
c 53 57 12 22 54
c 61 86 81 16 153
c 37 51 80 37 85
c 19 14 29 32 178
c 32 29 59 66 164
c 91 99 38 44 84
c 92 6 42 45 79
c 20 81 63 74 128
c 96 43 1 12 110
c 27 7 81 89 174
c 90 98 47 50 141
c 75 93 73 96 47
c 17 52 12 8 27
c 54 65 19 48 96
c 86 87 39 92 48
c 67 25 49 53 199
c 4 30 60 62 66
c 82 14 29 42 95
c 3 99 28 58 196
c 99 42 99 21 31
c 56 65 67 73 107
c 21 96 98 28 95
c 21 36 3 7 104
c 95 88 21 22 141
c 50 65 98 61 128
c 77 91 84 54 61
c 93 94 72 86 141
c 82 29 51 57 141
c 19 24 66 67 82
c 28 41 15 35 39
c 94 10 17 20 180
c 75 7 31 43 199
c 68 70 56 62 140
c 60 71 84 86 92
c 21 24 50 51 179
c 32 41 80 0 90
c 81 89 66 69 164
c 26 32 21 25 167
c 14 60 82 90 93
c 91 99 89 94 36
c 79 93 95 48 138
c 15 20 1 40 100
c 67 68 39 43 131
c 5 18 17 25 177
c 91 1 94 40 169
c 59 25 93 0 40
c 94 24 37 49 64
c 97 9 90 99 176
c 62 51 95 98 180
c 85 91 88 4 189
c 86 87 63 67 86
c 82 45 25 28 73
c 69 84 71 86 34
c 0 72 99 14 191
c 81 16 86 21 134
c 87 90 42 88 33
c 24 27 73 82 62
c 50 55 93 99 86
c 78 10 49 50 55
c 22 28 88 4 146
c 24 14 13 15 117
c 78 86 37 47 175
c 95 48 79 37 152
c 11 14 71 18 110
c 25 33 75 84 148
c 46 53 60 23 169
c 70 85 15 27 104
c 23 29 87 99 113
c 77 79 57 21 71
c 84 94 49 52 108
c 28 39 85 89 34
c 63 69 79 9 180
c 73 77 12 13 121
c 6 46 26 83 59
c 67 15 42 56 197
c 24 39 8 59 169
c 29 34 43 46 88
c 73 99 94 1 174
c 7 36 75 58 190
c 22 99 72 77 57
c 33 34 11 37 45
c 21 35 77 90 154
c 95 88 21 28 166
c 58 62 33 35 146
c 18 27 62 75 44
c 86 21 21 35 60
c 58 71 88 21 135
c 67 71 0 7 145
c 34 4 86 45 51
c 99 20 32 93 178
c 68 81 74 85 144
c 57 68 30 22 37
c 46 54 33 47 188
c 91 94 92 2 29
c 3 12 80 88 44
c 69 78 50 61 74
c 4 2 43 51 164
c 48 58 54 66 131
c 31 37 59 37 48
c 50 52 26 57 75
c 27 33 72 89 46
c 25 34 46 38 100
c 82 50 32 20 180
c 66 36 65 74 173
c 11 22 26 16 164
