notes: n=100, m=2275, elb=1, eub=20, conf_density=0.001, clb=25, cub= 200, seed= 7067
p spec 100 2275 2586
s 70
t 21
a 0 1 17
a 0 2 5
a 0 3 15
a 0 4 17
a 0 5 7
a 0 6 17
a 0 7 4
a 0 8 6
a 0 9 7
a 0 10 7
a 0 11 11
a 0 12 4
a 0 13 5
a 0 14 4
a 0 15 10
a 0 37 5
a 0 20 3
a 0 96 8
a 0 68 15
a 0 83 15
a 0 22 6
a 0 58 1
a 0 82 6
a 1 2 18
a 1 3 19
a 1 4 12
a 1 5 11
a 1 6 17
a 1 7 18
a 1 8 14
a 1 9 11
a 1 10 7
a 1 11 14
a 1 12 16
a 1 13 5
a 1 14 16
a 1 15 11
a 1 16 11
a 1 99 1
a 1 64 18
a 1 80 16
a 1 84 7
a 1 25 3
a 1 59 7
a 1 38 16
a 1 23 3
a 2 3 18
a 2 4 13
a 2 5 9
a 2 6 14
a 2 7 1
a 2 8 16
a 2 9 19
a 2 10 6
a 2 11 4
a 2 12 6
a 2 13 14
a 2 14 5
a 2 15 6
a 2 16 10
a 2 17 9
a 2 74 13
a 2 54 16
a 2 1 17
a 2 77 6
a 2 88 9
a 2 58 8
a 2 29 19
a 2 82 5
a 2 80 13
a 3 4 11
a 3 5 5
a 3 6 14
a 3 7 6
a 3 8 13
a 3 9 6
a 3 10 3
a 3 11 8
a 3 12 11
a 3 13 18
a 3 14 3
a 3 15 6
a 3 16 1
a 3 17 12
a 3 18 13
a 3 0 16
a 3 84 2
a 3 43 16
a 3 46 1
a 3 34 15
a 3 59 1
a 4 5 1
a 4 6 16
a 4 7 17
a 4 8 8
a 4 9 5
a 4 10 10
a 4 11 11
a 4 12 13
a 4 13 6
a 4 14 10
a 4 15 6
a 4 16 13
a 4 17 15
a 4 18 18
a 4 19 17
a 4 39 8
a 4 30 9
a 4 1 17
a 4 3 16
a 4 0 2
a 4 24 14
a 4 45 17
a 5 6 7
a 5 7 13
a 5 8 11
a 5 9 19
a 5 10 6
a 5 11 10
a 5 12 5
a 5 13 14
a 5 14 13
a 5 15 2
a 5 16 13
a 5 17 1
a 5 18 10
a 5 19 18
a 5 20 4
a 5 48 17
a 5 69 6
a 5 21 18
a 5 77 4
a 5 46 11
a 5 34 6
a 5 27 14
a 5 97 12
a 6 7 19
a 6 8 6
a 6 9 17
a 6 10 8
a 6 11 4
a 6 12 17
a 6 13 14
a 6 14 11
a 6 15 9
a 6 16 16
a 6 17 15
a 6 18 19
a 6 19 15
a 6 20 6
a 6 21 16
a 6 57 1
a 6 76 3
a 6 90 19
a 6 77 13
a 6 86 11
a 6 59 5
a 7 8 18
a 7 9 8
a 7 10 4
a 7 11 13
a 7 12 9
a 7 13 19
a 7 14 19
a 7 15 19
a 7 16 14
a 7 17 1
a 7 18 2
a 7 19 18
a 7 20 7
a 7 21 14
a 7 22 2
a 7 47 2
a 7 52 8
a 7 23 3
a 7 69 5
a 7 99 7
a 7 6 14
a 8 9 10
a 8 10 4
a 8 11 17
a 8 12 5
a 8 13 10
a 8 14 4
a 8 15 1
a 8 16 1
a 8 17 10
a 8 18 13
a 8 19 4
a 8 20 10
a 8 21 14
a 8 22 11
a 8 23 9
a 8 73 18
a 8 28 11
a 8 71 17
a 8 94 10
a 8 7 1
a 8 36 12
a 8 39 1
a 9 10 12
a 9 11 16
a 9 12 19
a 9 13 12
a 9 14 18
a 9 15 16
a 9 16 10
a 9 17 19
a 9 18 12
a 9 19 19
a 9 20 10
a 9 21 18
a 9 22 6
a 9 23 14
a 9 24 17
a 9 80 3
a 9 83 18
a 9 27 17
a 9 39 10
a 9 36 6
a 9 46 16
a 9 5 12
a 9 48 15
a 9 78 13
a 9 8 10
a 10 11 14
a 10 12 3
a 10 13 8
a 10 14 15
a 10 15 3
a 10 16 3
a 10 17 17
a 10 18 12
a 10 19 10
a 10 20 13
a 10 21 1
a 10 22 5
a 10 23 7
a 10 24 10
a 10 25 11
a 10 45 16
a 10 91 5
a 10 38 3
a 10 81 4
a 10 1 13
a 10 73 5
a 10 99 5
a 11 12 12
a 11 13 15
a 11 14 2
a 11 15 18
a 11 16 13
a 11 17 3
a 11 18 2
a 11 19 2
a 11 20 1
a 11 21 7
a 11 22 10
a 11 23 5
a 11 24 7
a 11 25 18
a 11 26 13
a 11 86 1
a 11 99 18
a 11 44 13
a 11 96 6
a 11 5 7
a 11 4 8
a 11 54 2
a 11 69 7
a 11 87 17
a 12 13 5
a 12 14 12
a 12 15 5
a 12 16 13
a 12 17 13
a 12 18 9
a 12 19 11
a 12 20 6
a 12 21 18
a 12 22 15
a 12 23 19
a 12 24 8
a 12 25 4
a 12 26 9
a 12 27 16
a 12 38 11
a 12 97 7
a 12 32 9
a 12 2 7
a 12 4 8
a 12 81 16
a 12 74 7
a 12 45 14
a 13 14 4
a 13 15 10
a 13 16 11
a 13 17 14
a 13 18 19
a 13 19 14
a 13 20 14
a 13 21 13
a 13 22 16
a 13 23 17
a 13 24 14
a 13 25 19
a 13 26 15
a 13 27 17
a 13 28 12
a 13 34 2
a 13 9 2
a 13 62 17
a 13 29 15
a 13 11 14
a 14 15 3
a 14 16 9
a 14 17 18
a 14 18 2
a 14 19 7
a 14 20 6
a 14 21 3
a 14 22 17
a 14 23 11
a 14 24 12
a 14 25 15
a 14 26 19
a 14 27 4
a 14 28 4
a 14 29 11
a 14 36 12
a 14 66 3
a 14 97 13
a 14 39 2
a 14 45 1
a 14 43 17
a 14 50 6
a 15 16 17
a 15 17 9
a 15 18 14
a 15 19 13
a 15 20 4
a 15 21 18
a 15 22 11
a 15 23 5
a 15 24 13
a 15 25 12
a 15 26 15
a 15 27 9
a 15 28 2
a 15 29 13
a 15 30 6
a 15 2 7
a 15 40 5
a 15 34 12
a 15 52 10
a 15 92 19
a 15 94 8
a 15 33 6
a 15 76 10
a 37 38 11
a 37 39 8
a 37 40 19
a 37 41 3
a 37 42 11
a 37 43 12
a 37 44 11
a 37 45 4
a 37 46 4
a 37 47 10
a 37 48 7
a 37 49 12
a 37 50 6
a 37 51 18
a 37 52 16
a 37 9 7
a 37 0 8
a 37 32 16
a 37 60 17
a 37 69 19
a 37 87 13
a 37 3 14
a 37 59 11
a 37 73 1
a 20 21 1
a 20 22 6
a 20 23 18
a 20 24 6
a 20 25 18
a 20 26 5
a 20 27 10
a 20 28 3
a 20 29 6
a 20 30 8
a 20 31 5
a 20 32 15
a 20 33 2
a 20 34 6
a 20 35 9
a 20 58 12
a 20 65 12
a 20 14 12
a 20 53 18
a 20 62 3
a 20 63 1
a 20 81 4
a 96 97 11
a 96 98 3
a 96 99 2
a 96 0 19
a 96 1 15
a 96 2 11
a 96 3 13
a 96 4 1
a 96 5 14
a 96 6 2
a 96 7 19
a 96 8 8
a 96 9 13
a 96 10 16
a 96 11 13
a 96 87 2
a 96 54 19
a 96 37 5
a 96 93 19
a 96 89 12
a 96 21 8
a 96 88 13
a 96 17 11
a 68 69 6
a 68 70 7
a 68 71 10
a 68 72 10
a 68 73 17
a 68 74 9
a 68 75 15
a 68 76 15
a 68 77 3
a 68 78 4
a 68 79 14
a 68 80 11
a 68 81 10
a 68 82 1
a 68 83 4
a 68 41 11
a 68 66 4
a 68 0 10
a 68 94 6
a 68 37 4
a 68 60 8
a 68 59 11
a 68 11 10
a 83 84 18
a 83 85 9
a 83 86 13
a 83 87 14
a 83 88 9
a 83 89 7
a 83 90 10
a 83 91 2
a 83 92 5
a 83 93 14
a 83 94 14
a 83 95 4
a 83 96 6
a 83 97 5
a 83 98 13
a 83 60 4
a 83 65 9
a 83 35 8
a 83 80 15
a 83 70 10
a 83 54 10
a 22 23 4
a 22 24 12
a 22 25 12
a 22 26 18
a 22 27 3
a 22 28 10
a 22 29 19
a 22 30 17
a 22 31 3
a 22 32 13
a 22 33 2
a 22 34 2
a 22 35 19
a 22 36 3
a 22 37 2
a 22 99 17
a 22 56 11
a 22 67 5
a 22 80 17
a 22 70 5
a 22 50 18
a 22 55 16
a 58 59 3
a 58 60 5
a 58 61 4
a 58 62 3
a 58 63 15
a 58 64 18
a 58 65 14
a 58 66 1
a 58 67 15
a 58 68 6
a 58 69 19
a 58 70 18
a 58 71 3
a 58 72 16
a 58 73 8
a 58 6 13
a 58 15 9
a 58 39 17
a 58 78 13
a 58 19 14
a 58 42 19
a 58 9 8
a 58 28 3
a 58 89 9
a 58 7 1
a 58 50 8
a 82 83 13
a 82 84 1
a 82 85 1
a 82 86 5
a 82 87 10
a 82 88 3
a 82 89 15
a 82 90 19
a 82 91 10
a 82 92 4
a 82 93 15
a 82 94 3
a 82 95 12
a 82 96 11
a 82 97 6
a 82 64 4
a 82 58 8
a 82 75 12
a 82 28 4
a 82 15 8
a 82 41 11
a 82 50 16
a 82 19 8
a 82 22 9
a 16 17 8
a 16 18 6
a 16 19 13
a 16 20 8
a 16 21 10
a 16 22 14
a 16 23 13
a 16 24 4
a 16 25 11
a 16 26 8
a 16 27 11
a 16 28 3
a 16 29 12
a 16 30 13
a 16 31 1
a 16 6 4
a 16 84 6
a 16 54 7
a 16 85 15
a 16 58 18
a 16 44 2
a 16 68 18
a 16 92 10
a 16 74 1
a 99 0 14
a 99 1 11
a 99 2 5
a 99 3 12
a 99 4 10
a 99 5 11
a 99 6 15
a 99 7 3
a 99 8 2
a 99 9 7
a 99 10 5
a 99 11 8
a 99 12 9
a 99 13 8
a 99 14 18
a 99 22 8
a 99 42 10
a 99 29 17
a 99 93 17
a 99 74 7
a 99 61 18
a 64 65 8
a 64 66 6
a 64 67 10
a 64 68 3
a 64 69 19
a 64 70 17
a 64 71 8
a 64 72 15
a 64 73 12
a 64 74 7
a 64 75 5
a 64 76 8
a 64 77 2
a 64 78 3
a 64 79 15
a 64 7 5
a 64 12 18
a 64 92 16
a 64 95 8
a 64 4 1
a 64 0 19
a 80 81 16
a 80 82 8
a 80 83 12
a 80 84 11
a 80 85 11
a 80 86 4
a 80 87 14
a 80 88 1
a 80 89 19
a 80 90 4
a 80 91 15
a 80 92 6
a 80 93 5
a 80 94 19
a 80 95 17
a 80 63 4
a 80 21 11
a 80 35 9
a 80 70 10
a 80 43 11
a 80 16 1
a 80 31 11
a 80 66 7
a 80 27 12
a 84 85 11
a 84 86 11
a 84 87 12
a 84 88 15
a 84 89 14
a 84 90 10
a 84 91 8
a 84 92 2
a 84 93 1
a 84 94 13
a 84 95 4
a 84 96 17
a 84 97 18
a 84 98 9
a 84 99 18
a 84 0 6
a 84 43 2
a 84 23 19
a 84 57 8
a 84 62 6
a 84 70 4
a 84 32 17
a 84 47 1
a 84 5 9
a 84 60 9
a 25 26 3
a 25 27 12
a 25 28 11
a 25 29 3
a 25 30 11
a 25 31 11
a 25 32 7
a 25 33 18
a 25 34 2
a 25 35 6
a 25 36 13
a 25 37 11
a 25 38 6
a 25 39 1
a 25 40 3
a 25 67 11
a 25 89 9
a 25 91 12
a 25 87 10
a 25 17 7
a 25 0 4
a 25 99 11
a 59 60 7
a 59 61 2
a 59 62 8
a 59 63 12
a 59 64 13
a 59 65 3
a 59 66 2
a 59 67 12
a 59 68 6
a 59 69 6
a 59 70 7
a 59 71 3
a 59 72 9
a 59 73 3
a 59 74 11
a 59 35 10
a 59 17 5
a 59 56 12
a 59 20 17
a 59 11 9
a 59 99 7
a 38 39 2
a 38 40 6
a 38 41 7
a 38 42 12
a 38 43 10
a 38 44 4
a 38 45 14
a 38 46 15
a 38 47 4
a 38 48 16
a 38 49 8
a 38 50 5
a 38 51 3
a 38 52 16
a 38 53 3
a 38 65 12
a 38 63 15
a 38 1 4
a 38 55 19
a 38 89 12
a 38 20 11
a 38 25 8
a 38 59 12
a 38 88 5
a 38 29 16
a 38 70 18
a 23 24 3
a 23 25 7
a 23 26 6
a 23 27 18
a 23 28 4
a 23 29 14
a 23 30 9
a 23 31 2
a 23 32 8
a 23 33 18
a 23 34 8
a 23 35 10
a 23 36 5
a 23 37 3
a 23 38 5
a 23 80 1
a 23 6 13
a 23 88 10
a 23 64 7
a 23 21 2
a 23 3 18
a 23 74 4
a 23 76 9
a 23 73 17
a 23 22 4
a 17 18 2
a 17 19 15
a 17 20 19
a 17 21 3
a 17 22 13
a 17 23 18
a 17 24 7
a 17 25 7
a 17 26 2
a 17 27 4
a 17 28 15
a 17 29 12
a 17 30 7
a 17 31 12
a 17 32 3
a 17 49 16
a 17 79 7
a 17 43 9
a 17 57 11
a 17 35 17
a 17 33 18
a 17 48 5
a 17 74 19
a 74 75 10
a 74 76 13
a 74 77 2
a 74 78 9
a 74 79 17
a 74 80 13
a 74 81 2
a 74 82 3
a 74 83 16
a 74 84 2
a 74 85 1
a 74 86 18
a 74 87 18
a 74 88 1
a 74 89 6
a 74 50 14
a 74 26 19
a 74 1 18
a 74 11 18
a 74 94 17
a 74 53 16
a 74 47 7
a 74 28 3
a 74 92 1
a 74 60 18
a 54 55 15
a 54 56 6
a 54 57 2
a 54 58 11
a 54 59 10
a 54 60 10
a 54 61 12
a 54 62 5
a 54 63 19
a 54 64 3
a 54 65 14
a 54 66 3
a 54 67 6
a 54 68 9
a 54 69 6
a 54 39 14
a 54 12 16
a 54 9 18
a 54 26 12
a 54 17 15
a 54 89 19
a 54 36 14
a 54 23 1
a 77 78 17
a 77 79 12
a 77 80 12
a 77 81 14
a 77 82 6
a 77 83 3
a 77 84 8
a 77 85 14
a 77 86 12
a 77 87 13
a 77 88 10
a 77 89 1
a 77 90 4
a 77 91 2
a 77 92 5
a 77 47 18
a 77 33 6
a 77 43 6
a 77 58 12
a 77 20 17
a 77 97 10
a 77 73 15
a 88 89 14
a 88 90 4
a 88 91 12
a 88 92 6
a 88 93 7
a 88 94 7
a 88 95 6
a 88 96 19
a 88 97 10
a 88 98 5
a 88 99 13
a 88 0 16
a 88 1 11
a 88 2 5
a 88 3 9
a 88 86 18
a 88 6 11
a 88 18 14
a 88 52 7
a 88 15 1
a 88 56 13
a 88 23 15
a 88 38 9
a 29 30 16
a 29 31 2
a 29 32 17
a 29 33 8
a 29 34 9
a 29 35 3
a 29 36 8
a 29 37 15
a 29 38 17
a 29 39 3
a 29 40 3
a 29 41 18
a 29 42 16
a 29 43 2
a 29 44 13
a 29 45 18
a 29 78 17
a 29 0 11
a 29 98 6
a 29 66 13
a 29 79 15
a 29 47 14
a 18 19 16
a 18 20 15
a 18 21 8
a 18 22 19
a 18 23 8
a 18 24 2
a 18 25 16
a 18 26 7
a 18 27 8
a 18 28 7
a 18 29 17
a 18 30 1
a 18 31 11
a 18 32 1
a 18 33 16
a 18 40 2
a 18 9 17
a 18 68 5
a 18 77 9
a 18 47 5
a 18 90 11
a 18 51 19
a 18 62 7
a 43 44 17
a 43 45 1
a 43 46 6
a 43 47 8
a 43 48 14
a 43 49 13
a 43 50 9
a 43 51 9
a 43 52 7
a 43 53 15
a 43 54 10
a 43 55 4
a 43 56 19
a 43 57 18
a 43 58 18
a 43 6 17
a 43 3 14
a 43 79 4
a 43 14 2
a 43 36 7
a 43 86 5
a 43 98 10
a 46 47 12
a 46 48 11
a 46 49 10
a 46 50 19
a 46 51 2
a 46 52 12
a 46 53 4
a 46 54 1
a 46 55 13
a 46 56 13
a 46 57 1
a 46 58 18
a 46 59 4
a 46 60 11
a 46 61 6
a 46 37 4
a 46 69 12
a 46 5 18
a 46 82 12
a 46 15 6
a 46 78 18
a 46 7 7
a 34 35 17
a 34 36 13
a 34 37 17
a 34 38 3
a 34 39 5
a 34 40 7
a 34 41 13
a 34 42 12
a 34 43 12
a 34 44 5
a 34 45 18
a 34 46 3
a 34 47 16
a 34 48 9
a 34 49 13
a 34 32 5
a 34 54 1
a 34 76 6
a 34 99 11
a 34 25 10
a 34 20 19
a 34 18 14
a 34 11 16
a 19 20 4
a 19 21 17
a 19 22 8
a 19 23 12
a 19 24 16
a 19 25 14
a 19 26 1
a 19 27 3
a 19 28 15
a 19 29 15
a 19 30 15
a 19 31 11
a 19 32 16
a 19 33 10
a 19 34 2
a 19 46 8
a 19 51 11
a 19 75 9
a 19 85 1
a 39 40 2
a 39 41 5
a 39 42 10
a 39 43 1
a 39 44 7
a 39 45 15
a 39 46 9
a 39 47 10
a 39 48 8
a 39 49 10
a 39 50 11
a 39 51 4
a 39 52 16
a 39 53 3
a 39 54 9
a 39 24 17
a 39 80 13
a 39 37 11
a 39 59 17
a 39 62 5
a 39 65 19
a 39 36 17
a 30 31 13
a 30 32 5
a 30 33 10
a 30 34 17
a 30 35 1
a 30 36 15
a 30 37 18
a 30 38 9
a 30 39 15
a 30 40 17
a 30 41 19
a 30 42 15
a 30 43 17
a 30 44 5
a 30 45 6
a 30 57 18
a 30 46 6
a 30 72 7
a 30 4 16
a 30 14 10
a 30 93 10
a 24 25 8
a 24 26 2
a 24 27 3
a 24 28 17
a 24 29 2
a 24 30 3
a 24 31 14
a 24 32 5
a 24 33 11
a 24 34 7
a 24 35 12
a 24 36 19
a 24 37 1
a 24 38 12
a 24 39 2
a 24 55 5
a 24 42 3
a 24 49 7
a 24 66 12
a 24 40 6
a 24 70 7
a 24 51 14
a 45 46 5
a 45 47 7
a 45 48 10
a 45 49 6
a 45 50 18
a 45 51 11
a 45 52 2
a 45 53 18
a 45 54 16
a 45 55 5
a 45 56 1
a 45 57 17
a 45 58 4
a 45 59 1
a 45 60 12
a 45 20 10
a 45 87 5
a 45 70 4
a 45 83 12
a 45 31 9
a 45 12 10
a 45 61 10
a 48 49 7
a 48 50 6
a 48 51 15
a 48 52 1
a 48 53 5
a 48 54 8
a 48 55 15
a 48 56 7
a 48 57 7
a 48 58 16
a 48 59 6
a 48 60 4
a 48 61 8
a 48 62 7
a 48 63 11
a 48 77 2
a 48 68 3
a 48 76 2
a 48 69 17
a 48 36 18
a 48 45 6
a 48 86 10
a 69 70 8
a 69 71 14
a 69 72 19
a 69 73 12
a 69 74 1
a 69 75 14
a 69 76 9
a 69 77 14
a 69 78 10
a 69 79 18
a 69 80 15
a 69 81 1
a 69 82 5
a 69 83 6
a 69 84 12
a 69 97 17
a 69 9 7
a 69 0 17
a 69 57 14
a 69 42 6
a 69 15 14
a 69 30 3
a 69 85 11
a 69 1 9
a 69 52 17
a 69 33 17
a 69 13 14
a 21 22 16
a 21 23 17
a 21 24 3
a 21 25 7
a 21 26 9
a 21 27 15
a 21 28 7
a 21 29 14
a 21 30 17
a 21 31 14
a 21 32 5
a 21 33 5
a 21 34 11
a 21 35 13
a 21 36 2
a 21 1 5
a 21 56 2
a 21 2 13
a 21 52 13
a 21 82 10
a 27 28 12
a 27 29 1
a 27 30 15
a 27 31 13
a 27 32 11
a 27 33 8
a 27 34 8
a 27 35 19
a 27 36 9
a 27 37 11
a 27 38 3
a 27 39 4
a 27 40 1
a 27 41 11
a 27 42 5
a 27 70 10
a 27 72 18
a 27 97 10
a 27 22 15
a 27 96 13
a 27 19 17
a 27 15 7
a 97 98 11
a 97 99 1
a 97 0 17
a 97 1 11
a 97 2 6
a 97 3 15
a 97 4 17
a 97 5 12
a 97 6 11
a 97 7 10
a 97 8 10
a 97 9 6
a 97 10 18
a 97 11 4
a 97 12 2
a 97 58 18
a 97 39 16
a 97 42 14
a 97 54 13
a 97 77 14
a 97 41 7
a 97 76 14
a 57 58 2
a 57 59 14
a 57 60 16
a 57 61 17
a 57 62 15
a 57 63 10
a 57 64 13
a 57 65 16
a 57 66 6
a 57 67 13
a 57 68 9
a 57 69 11
a 57 70 19
a 57 71 6
a 57 72 15
a 57 14 10
a 57 92 12
a 57 11 3
a 57 37 18
a 57 29 2
a 57 38 7
a 57 13 3
a 57 26 1
a 57 31 19
a 57 76 11
a 57 24 7
a 76 77 2
a 76 78 13
a 76 79 7
a 76 80 4
a 76 81 19
a 76 82 3
a 76 83 2
a 76 84 4
a 76 85 1
a 76 86 4
a 76 87 13
a 76 88 2
a 76 89 2
a 76 90 4
a 76 91 10
a 76 31 1
a 76 59 9
a 76 95 19
a 76 64 9
a 76 0 10
a 76 68 4
a 76 69 19
a 76 11 19
a 76 39 18
a 76 61 18
a 90 91 2
a 90 92 6
a 90 93 15
a 90 94 11
a 90 95 8
a 90 96 14
a 90 97 7
a 90 98 5
a 90 99 13
a 90 0 8
a 90 1 13
a 90 2 15
a 90 3 2
a 90 4 8
a 90 5 9
a 90 16 14
a 90 50 4
a 90 60 7
a 90 56 9
a 90 15 13
a 90 74 19
a 90 32 3
a 90 73 8
a 90 9 9
a 90 36 13
a 86 87 1
a 86 88 17
a 86 89 10
a 86 90 12
a 86 91 5
a 86 92 7
a 86 93 14
a 86 94 17
a 86 95 14
a 86 96 13
a 86 97 10
a 86 98 9
a 86 99 2
a 86 0 9
a 86 1 7
a 86 67 13
a 86 28 3
a 86 17 12
a 86 53 12
a 86 82 3
a 86 20 9
a 86 31 6
a 47 48 15
a 47 49 15
a 47 50 9
a 47 51 7
a 47 52 6
a 47 53 15
a 47 54 8
a 47 55 14
a 47 56 5
a 47 57 2
a 47 58 9
a 47 59 10
a 47 60 1
a 47 61 17
a 47 62 15
a 47 85 18
a 47 95 1
a 47 78 12
a 47 91 4
a 47 7 7
a 47 93 1
a 47 10 16
a 47 40 10
a 47 9 6
a 47 29 19
a 52 53 2
a 52 54 8
a 52 55 6
a 52 56 9
a 52 57 6
a 52 58 11
a 52 59 5
a 52 60 15
a 52 61 1
a 52 62 18
a 52 63 14
a 52 64 13
a 52 65 4
a 52 66 3
a 52 67 16
a 52 42 17
a 52 47 12
a 52 3 17
a 52 12 6
a 52 28 19
a 52 43 1
a 52 11 9
a 52 90 9
a 52 94 18
a 52 15 1
a 73 74 14
a 73 75 4
a 73 76 6
a 73 77 1
a 73 78 13
a 73 79 5
a 73 80 3
a 73 81 15
a 73 82 1
a 73 83 18
a 73 84 16
a 73 85 4
a 73 86 17
a 73 87 7
a 73 88 2
a 73 68 16
a 73 8 15
a 73 29 17
a 73 57 17
a 73 48 2
a 73 50 14
a 73 25 10
a 28 29 8
a 28 30 16
a 28 31 1
a 28 32 14
a 28 33 19
a 28 34 16
a 28 35 16
a 28 36 8
a 28 37 5
a 28 38 15
a 28 39 4
a 28 40 2
a 28 41 16
a 28 42 5
a 28 43 1
a 28 26 7
a 28 61 4
a 28 16 6
a 28 54 12
a 28 48 6
a 28 6 7
a 28 92 19
a 71 72 19
a 71 73 17
a 71 74 13
a 71 75 19
a 71 76 16
a 71 77 15
a 71 78 7
a 71 79 9
a 71 80 2
a 71 81 10
a 71 82 14
a 71 83 10
a 71 84 15
a 71 85 18
a 71 86 16
a 71 17 14
a 71 63 7
a 71 51 14
a 71 38 17
a 71 25 6
a 71 11 7
a 71 50 14
a 71 15 10
a 71 8 2
a 94 95 16
a 94 96 3
a 94 97 11
a 94 98 10
a 94 99 3
a 94 0 16
a 94 1 3
a 94 2 7
a 94 3 9
a 94 4 1
a 94 5 16
a 94 6 3
a 94 7 5
a 94 8 19
a 94 9 6
a 94 89 5
a 94 16 13
a 94 65 18
a 94 67 10
a 94 92 13
a 36 37 15
a 36 38 6
a 36 39 2
a 36 40 4
a 36 41 6
a 36 42 10
a 36 43 18
a 36 44 8
a 36 45 14
a 36 46 18
a 36 47 18
a 36 48 19
a 36 49 17
a 36 50 14
a 36 51 14
a 36 22 7
a 36 1 12
a 36 94 10
a 36 7 2
a 36 33 12
a 36 74 3
a 36 24 10
a 36 15 12
a 36 61 11
a 78 79 5
a 78 80 13
a 78 81 11
a 78 82 17
a 78 83 15
a 78 84 7
a 78 85 18
a 78 86 6
a 78 87 10
a 78 88 13
a 78 89 8
a 78 90 1
a 78 91 19
a 78 92 17
a 78 93 16
a 78 0 6
a 78 17 4
a 78 35 12
a 78 66 11
a 78 19 3
a 78 48 5
a 78 5 16
a 78 56 18
a 91 92 16
a 91 93 2
a 91 94 19
a 91 95 13
a 91 96 17
a 91 97 16
a 91 98 14
a 91 99 16
a 91 0 15
a 91 1 14
a 91 2 1
a 91 3 17
a 91 4 1
a 91 5 17
a 91 6 9
a 91 38 7
a 91 51 2
a 91 42 6
a 91 12 14
a 91 62 12
a 91 46 16
a 91 87 11
a 91 74 15
a 81 82 11
a 81 83 8
a 81 84 17
a 81 85 18
a 81 86 18
a 81 87 11
a 81 88 1
a 81 89 19
a 81 90 1
a 81 91 15
a 81 92 16
a 81 93 9
a 81 94 2
a 81 95 13
a 81 96 4
a 81 40 4
a 81 39 9
a 81 28 2
a 81 15 10
a 81 24 15
a 26 27 6
a 26 28 3
a 26 29 17
a 26 30 6
a 26 31 18
a 26 32 14
a 26 33 17
a 26 34 16
a 26 35 2
a 26 36 6
a 26 37 7
a 26 38 11
a 26 39 2
a 26 40 3
a 26 41 13
a 26 78 4
a 26 65 4
a 26 25 6
a 26 47 16
a 26 88 5
a 26 99 2
a 26 60 1
a 26 89 2
a 44 45 11
a 44 46 9
a 44 47 5
a 44 48 2
a 44 49 14
a 44 50 12
a 44 51 15
a 44 52 7
a 44 53 11
a 44 54 9
a 44 55 14
a 44 56 9
a 44 57 6
a 44 58 7
a 44 59 7
a 44 42 4
a 44 6 8
a 44 78 19
a 44 8 2
a 44 43 5
a 44 91 15
a 44 19 14
a 44 86 8
a 87 88 11
a 87 89 4
a 87 90 19
a 87 91 8
a 87 92 11
a 87 93 5
a 87 94 2
a 87 95 19
a 87 96 14
a 87 97 1
a 87 98 6
a 87 99 5
a 87 0 9
a 87 1 14
a 87 2 12
a 87 67 12
a 87 31 15
a 87 40 7
a 87 43 16
a 87 77 13
a 87 33 13
a 87 51 14
a 87 34 7
a 87 59 16
a 87 18 17
a 32 33 7
a 32 34 18
a 32 35 5
a 32 36 14
a 32 37 14
a 32 38 6
a 32 39 5
a 32 40 8
a 32 41 8
a 32 42 9
a 32 43 18
a 32 44 2
a 32 45 4
a 32 46 9
a 32 47 13
a 32 6 19
a 32 49 4
a 32 94 19
a 32 98 2
a 32 4 2
a 62 63 9
a 62 64 7
a 62 65 12
a 62 66 14
a 62 67 18
a 62 68 17
a 62 69 8
a 62 70 9
a 62 71 15
a 62 72 6
a 62 73 14
a 62 74 1
a 62 75 12
a 62 76 6
a 62 77 4
a 62 83 18
a 62 24 10
a 62 43 9
a 62 37 19
a 62 32 1
a 62 39 2
a 62 11 12
a 62 5 5
a 66 67 5
a 66 68 17
a 66 69 17
a 66 70 12
a 66 71 3
a 66 72 12
a 66 73 7
a 66 74 19
a 66 75 9
a 66 76 15
a 66 77 16
a 66 78 8
a 66 79 19
a 66 80 13
a 66 81 12
a 66 28 9
a 66 18 1
a 66 51 4
a 66 44 6
a 66 3 11
a 66 61 13
a 66 10 4
a 66 50 12
a 66 22 9
a 50 51 8
a 50 52 2
a 50 53 2
a 50 54 15
a 50 55 15
a 50 56 4
a 50 57 4
a 50 58 3
a 50 59 16
a 50 60 15
a 50 61 17
a 50 62 10
a 50 63 12
a 50 64 5
a 50 65 6
a 50 35 18
a 50 12 17
a 50 74 4
a 50 81 19
a 50 69 12
a 50 20 18
a 50 87 3
a 40 41 7
a 40 42 16
a 40 43 1
a 40 44 12
a 40 45 9
a 40 46 8
a 40 47 12
a 40 48 13
a 40 49 7
a 40 50 16
a 40 51 7
a 40 52 17
a 40 53 6
a 40 54 6
a 40 55 12
a 40 27 16
a 40 17 3
a 40 38 10
a 40 58 9
a 40 84 6
a 40 19 12
a 40 76 18
a 92 93 19
a 92 94 1
a 92 95 6
a 92 96 3
a 92 97 19
a 92 98 12
a 92 99 11
a 92 0 16
a 92 1 15
a 92 2 14
a 92 3 2
a 92 4 8
a 92 5 11
a 92 6 2
a 92 7 16
a 92 18 12
a 92 53 6
a 92 11 1
a 92 39 7
a 92 52 13
a 92 31 12
a 33 34 8
a 33 35 16
a 33 36 19
a 33 37 1
a 33 38 9
a 33 39 12
a 33 40 17
a 33 41 16
a 33 42 1
a 33 43 7
a 33 44 10
a 33 45 10
a 33 46 6
a 33 47 3
a 33 48 6
a 33 78 3
a 33 5 7
a 33 88 1
a 33 70 11
a 33 66 17
a 33 29 5
a 33 32 8
a 31 32 16
a 31 33 17
a 31 34 8
a 31 35 12
a 31 36 11
a 31 37 15
a 31 38 18
a 31 39 2
a 31 40 2
a 31 41 9
a 31 42 2
a 31 43 2
a 31 44 17
a 31 45 6
a 31 46 15
a 31 98 1
a 31 75 10
a 31 77 8
a 31 78 3
a 31 20 2
a 31 81 3
a 31 23 18
a 31 18 6
a 31 90 14
a 85 86 19
a 85 87 13
a 85 88 3
a 85 89 7
a 85 90 18
a 85 91 19
a 85 92 2
a 85 93 3
a 85 94 1
a 85 95 8
a 85 96 19
a 85 97 10
a 85 98 6
a 85 99 8
a 85 0 14
a 85 42 11
a 85 26 12
a 85 75 15
a 85 58 6
a 85 80 8
a 85 22 13
a 85 63 5
a 85 49 8
a 85 35 3
a 85 10 1
a 49 50 7
a 49 51 6
a 49 52 3
a 49 53 11
a 49 54 3
a 49 55 8
a 49 56 6
a 49 57 10
a 49 58 10
a 49 59 7
a 49 60 12
a 49 61 15
a 49 62 9
a 49 63 5
a 49 64 17
a 49 4 1
a 49 67 16
a 49 76 10
a 49 30 2
a 49 46 9
a 49 19 10
a 79 80 2
a 79 81 17
a 79 82 5
a 79 83 8
a 79 84 19
a 79 85 9
a 79 86 1
a 79 87 16
a 79 88 2
a 79 89 2
a 79 90 6
a 79 91 7
a 79 92 7
a 79 93 11
a 79 94 17
a 79 7 19
a 79 51 13
a 79 12 2
a 79 77 14
a 79 74 5
a 79 72 18
a 79 49 16
a 79 75 4
a 79 18 4
a 35 36 17
a 35 37 8
a 35 38 1
a 35 39 18
a 35 40 16
a 35 41 5
a 35 42 9
a 35 43 19
a 35 44 10
a 35 45 2
a 35 46 10
a 35 47 16
a 35 48 15
a 35 49 13
a 35 50 8
a 35 5 19
a 35 1 6
a 35 93 9
a 35 91 6
a 35 89 19
a 35 33 5
a 35 7 8
a 35 12 14
a 51 52 9
a 51 53 14
a 51 54 8
a 51 55 1
a 51 56 2
a 51 57 11
a 51 58 5
a 51 59 7
a 51 60 12
a 51 61 11
a 51 62 1
a 51 63 3
a 51 64 14
a 51 65 15
a 51 66 6
a 51 24 13
a 51 12 18
a 51 69 17
a 51 31 15
a 51 19 5
a 51 14 3
a 51 76 17
a 51 95 7
a 51 97 16
a 51 85 1
a 51 81 5
a 75 76 3
a 75 77 8
a 75 78 7
a 75 79 16
a 75 80 18
a 75 81 17
a 75 82 12
a 75 83 12
a 75 84 11
a 75 85 11
a 75 86 4
a 75 87 4
a 75 88 3
a 75 89 4
a 75 90 19
a 75 43 18
a 75 9 19
a 75 39 10
a 75 14 5
a 75 51 13
a 75 15 2
a 75 21 10
a 75 5 5
a 75 7 11
a 65 66 17
a 65 67 4
a 65 68 12
a 65 69 10
a 65 70 2
a 65 71 8
a 65 72 8
a 65 73 5
a 65 74 14
a 65 75 3
a 65 76 4
a 65 77 7
a 65 78 12
a 65 79 6
a 65 80 18
a 65 55 16
a 65 30 2
a 65 42 4
a 65 15 1
a 65 32 10
a 65 95 3
a 65 9 16
a 65 1 11
a 65 41 18
a 65 40 11
a 53 54 5
a 53 55 12
a 53 56 15
a 53 57 6
a 53 58 11
a 53 59 18
a 53 60 15
a 53 61 6
a 53 62 1
a 53 63 19
a 53 64 7
a 53 65 14
a 53 66 5
a 53 67 2
a 53 68 15
a 53 70 14
a 53 28 6
a 53 87 15
a 53 14 8
a 53 91 6
a 53 8 9
a 53 30 8
a 53 80 5
a 53 38 4
a 53 85 1
a 53 22 3
a 53 83 18
a 53 35 19
a 63 64 14
a 63 65 12
a 63 66 12
a 63 67 7
a 63 68 1
a 63 69 11
a 63 70 15
a 63 71 19
a 63 72 19
a 63 73 4
a 63 74 8
a 63 75 7
a 63 76 7
a 63 77 9
a 63 78 2
a 63 31 19
a 63 33 15
a 63 85 17
a 63 45 7
a 63 23 7
a 63 22 9
a 63 53 17
a 63 92 3
a 63 25 13
a 56 57 8
a 56 58 13
a 56 59 8
a 56 60 4
a 56 61 14
a 56 62 15
a 56 63 14
a 56 64 3
a 56 65 15
a 56 66 9
a 56 67 3
a 56 68 19
a 56 69 10
a 56 70 10
a 56 71 6
a 56 19 4
a 56 35 12
a 56 88 11
a 56 36 10
a 67 68 2
a 67 69 2
a 67 70 5
a 67 71 7
a 67 72 10
a 67 73 11
a 67 74 19
a 67 75 9
a 67 76 2
a 67 77 11
a 67 78 3
a 67 79 1
a 67 80 7
a 67 81 15
a 67 82 7
a 67 27 3
a 67 46 1
a 67 42 7
a 67 0 7
a 67 33 4
a 70 71 10
a 70 72 16
a 70 73 11
a 70 74 13
a 70 75 15
a 70 76 19
a 70 77 1
a 70 78 4
a 70 79 7
a 70 80 14
a 70 81 8
a 70 82 10
a 70 83 17
a 70 84 7
a 70 85 6
a 70 14 10
a 70 50 6
a 70 36 4
a 70 42 4
a 70 99 15
a 70 0 13
a 70 94 13
a 70 54 15
a 55 56 9
a 55 57 3
a 55 58 16
a 55 59 7
a 55 60 16
a 55 61 6
a 55 62 12
a 55 63 5
a 55 64 17
a 55 65 1
a 55 66 17
a 55 67 9
a 55 68 10
a 55 69 19
a 55 70 18
a 55 88 11
a 55 42 11
a 55 11 16
a 55 40 12
a 55 16 12
a 55 3 14
a 42 43 13
a 42 44 6
a 42 45 13
a 42 46 13
a 42 47 12
a 42 48 11
a 42 49 1
a 42 50 2
a 42 51 1
a 42 52 16
a 42 53 11
a 42 54 18
a 42 55 16
a 42 56 15
a 42 57 3
a 42 83 3
a 42 18 10
a 42 77 16
a 42 75 14
a 42 82 1
a 42 87 2
a 42 39 1
a 89 90 19
a 89 91 8
a 89 92 15
a 89 93 6
a 89 94 2
a 89 95 12
a 89 96 9
a 89 97 9
a 89 98 14
a 89 99 13
a 89 0 16
a 89 1 2
a 89 2 10
a 89 3 12
a 89 4 17
a 89 16 8
a 89 7 13
a 89 66 17
a 89 77 8
a 89 63 11
a 89 75 13
a 89 15 13
a 41 42 3
a 41 43 17
a 41 44 14
a 41 45 16
a 41 46 13
a 41 47 4
a 41 48 19
a 41 49 10
a 41 50 16
a 41 51 11
a 41 52 2
a 41 53 15
a 41 54 6
a 41 55 16
a 41 56 19
a 41 7 13
a 41 96 12
a 41 66 8
a 41 35 3
a 41 16 9
a 60 61 1
a 60 62 1
a 60 63 2
a 60 64 1
a 60 65 3
a 60 66 18
a 60 67 13
a 60 68 14
a 60 69 16
a 60 70 10
a 60 71 10
a 60 72 9
a 60 73 6
a 60 74 11
a 60 75 5
a 60 88 17
a 60 90 16
a 60 56 15
a 60 8 1
a 60 1 15
a 60 82 12
a 60 48 8
a 72 73 12
a 72 74 9
a 72 75 9
a 72 76 9
a 72 77 16
a 72 78 13
a 72 79 10
a 72 80 5
a 72 81 5
a 72 82 4
a 72 83 1
a 72 84 18
a 72 85 2
a 72 86 15
a 72 87 6
a 72 65 7
a 72 49 9
a 72 38 18
a 72 50 15
a 72 64 18
a 72 1 1
a 61 62 17
a 61 63 11
a 61 64 3
a 61 65 11
a 61 66 3
a 61 67 18
a 61 68 19
a 61 69 6
a 61 70 5
a 61 71 2
a 61 72 3
a 61 73 9
a 61 74 15
a 61 75 9
a 61 76 15
a 61 32 13
a 61 3 12
a 61 14 5
a 61 36 8
a 61 23 9
a 61 28 19
a 61 97 14
a 98 99 8
a 98 0 10
a 98 1 18
a 98 2 14
a 98 3 6
a 98 4 3
a 98 5 18
a 98 6 18
a 98 7 2
a 98 8 12
a 98 9 13
a 98 10 19
a 98 11 9
a 98 12 4
a 98 13 14
a 98 18 12
a 98 72 10
a 98 90 10
a 98 53 5
a 93 94 4
a 93 95 12
a 93 96 9
a 93 97 19
a 93 98 2
a 93 99 2
a 93 0 10
a 93 1 17
a 93 2 7
a 93 3 13
a 93 4 17
a 93 5 3
a 93 6 8
a 93 7 17
a 93 8 4
a 93 64 3
a 93 36 1
a 93 14 4
a 93 86 4
a 93 80 3
a 93 52 5
a 93 48 3
a 93 88 12
a 93 74 18
a 93 15 9
a 95 96 10
a 95 97 3
a 95 98 13
a 95 99 14
a 95 0 6
a 95 1 5
a 95 2 6
a 95 3 17
a 95 4 2
a 95 5 18
a 95 6 1
a 95 7 15
a 95 8 1
a 95 9 11
a 95 10 11
a 95 22 18
a 95 75 5
a 95 88 7
a 95 45 8
a 95 14 3
a 95 38 6
a 95 50 17
a 95 80 12
a 95 49 8
c 23 36 46 48 104
c 48 56 54 26 86
c 1 25 23 88 130
c 82 19 97 8 42
c 93 74 84 90 157
c 20 30 56 59 115
c 11 4 15 28 92
c 23 64 48 49 116
c 43 53 72 73 158
c 93 15 86 53 117
c 4 14 54 63 50
c 1 38 98 12 137
c 63 75 19 20 111
c 40 19 73 76 120
c 2 7 1 11 123
c 83 89 82 85 96
c 60 1 67 27 69
c 51 31 98 99 92
c 72 64 63 74 106
c 85 35 14 29 67
c 96 0 16 19 142
c 73 87 48 68 143
c 33 32 1 64 65
c 19 75 48 62 119
c 91 51 63 85 29
c 40 52 95 4 137
c 8 18 51 65 34
c 88 38 95 0 67
c 14 18 17 23 151
c 7 21 40 47 148
c 41 50 47 49 166
c 77 84 51 64 83
c 83 89 43 56 137
c 12 18 69 83 125
c 68 74 64 77 133
c 2 15 19 75 131
c 36 39 5 69 34
c 29 31 27 30 60
c 50 52 38 45 178
c 59 17 65 80 189
c 27 37 93 8 161
c 66 80 50 12 43
c 78 48 24 33 151
c 13 22 99 14 195
c 63 68 0 3 162
c 56 62 87 96 146
c 84 89 74 81 146
c 12 21 22 28 186
c 24 32 37 46 113
c 70 42 34 46 85
c 90 36 22 23 111
c 68 79 69 0 111
c 18 90 97 54 168
c 30 38 43 56 42
c 41 48 35 39 57
c 74 82 56 59 119
c 49 54 35 39 113
c 11 19 33 42 196
c 54 57 43 53 139
c 61 76 10 73 47
c 37 47 3 13 96
c 56 69 3 11 97
c 49 50 37 48 63
c 27 37 19 27 33
c 69 76 32 43 154
c 47 57 36 37 35
c 51 97 62 70 193
c 73 77 71 17 186
c 60 72 69 70 91
c 53 35 53 28 70
c 38 89 66 18 55
c 67 71 36 51 194
c 80 86 25 31 41
c 39 42 65 70 44
c 78 48 60 88 140
c 46 52 83 93 100
c 58 39 27 30 40
c 8 10 90 5 106
c 33 78 13 21 36
c 14 29 55 68 128
c 60 68 30 35 184
c 78 93 92 98 115
c 61 75 12 2 177
c 2 74 36 38 26
c 41 53 26 78 199
c 85 88 61 62 184
c 84 47 73 78 192
c 88 15 42 75 165
c 63 77 79 93 29
c 8 11 84 90 195
c 28 40 87 34 128
c 57 64 9 21 51
c 18 68 33 29 138
c 33 35 26 37 58
c 25 17 24 34 28
c 25 28 84 92 173
c 64 7 80 16 75
c 8 21 90 96 72
c 40 48 15 92 124
c 4 39 87 99 94
c 51 53 43 48 68
c 74 84 71 83 168
c 82 75 82 15 129
c 36 44 67 78 38
c 17 23 20 65 139
c 19 75 15 19 47
c 62 67 90 50 198
c 82 95 76 31 132
c 94 95 12 81 26
c 57 24 11 25 114
c 86 93 76 88 178
c 29 79 88 52 111
c 30 39 71 50 73
c 69 72 70 54 175
c 38 65 25 35 97
c 68 81 53 80 153
c 85 63 62 65 136
c 47 7 11 87 56
c 92 93 39 50 176
c 16 74 47 10 140
c 91 38 38 47 52
c 43 86 49 50 77
c 22 23 41 66 77
c 26 28 74 82 59
c 62 76 84 91 77
c 90 98 19 21 138
c 33 78 93 0 55
c 99 93 55 69 70
c 15 20 72 73 46
c 86 97 55 40 34
c 98 18 15 27 45
c 65 32 75 78 77
c 18 68 95 1 72
c 7 20 11 4 39
c 76 61 74 1 169
c 0 37 34 43 85
c 52 57 2 1 48
c 35 39 7 11 27
c 47 29 51 69 186
c 43 54 99 5 25
c 28 43 50 56 94
c 22 23 1 80 112
c 18 51 20 58 43
c 97 2 41 52 190
c 62 11 5 17 66
c 43 79 24 35 56
c 52 67 81 94 50
c 98 90 38 45 45
c 95 38 94 67 60
c 3 7 71 75 160
c 69 15 23 29 109
c 45 83 85 80 185
c 12 20 89 91 29
c 79 18 81 15 181
c 48 62 65 30 160
c 85 93 98 12 152
c 37 73 35 48 120
c 14 43 71 8 57
c 34 35 4 12 116
c 13 19 30 39 76
c 22 27 93 52 45
c 16 22 19 33 69
c 90 99 78 87 193
c 9 80 43 36 171
c 40 51 51 53 108
c 91 12 14 18 38
c 25 31 47 48 180
c 97 54 88 98 101
c 63 53 5 48 195
c 9 24 11 17 57
c 33 88 57 63 147
c 65 70 83 96 155
c 27 39 85 22 39
c 42 45 98 90 190
c 74 53 0 96 133
c 95 97 26 36 133
c 63 78 60 88 167
c 40 42 71 79 191
c 30 35 87 0 98
c 66 74 27 42 168
c 11 14 71 86 183
c 69 52 2 8 62
c 25 26 87 89 62
c 60 65 54 65 108
c 62 68 62 39 95
c 94 92 36 50 138
c 36 7 64 73 59
c 4 15 66 72 186
c 48 55 1 25 147
c 70 54 16 25 49
c 2 4 43 36 127
c 37 48 92 98 186
c 56 57 98 6 155
c 46 61 54 66 154
c 95 50 10 22 130
c 52 90 27 15 53
c 71 79 18 77 87
c 83 87 70 99 165
c 87 31 85 75 179
c 67 81 90 98 142
c 44 59 88 23 34
c 49 58 91 4 136
c 34 76 96 8 97
c 19 32 89 96 178
c 56 61 21 29 130
c 45 60 75 21 150
c 23 32 55 40 51
c 7 17 93 15 167
c 98 53 28 40 27
c 60 48 80 92 106
c 83 54 29 66 157
c 98 1 43 6 178
c 80 87 37 41 134
c 16 58 96 87 113
c 88 95 80 87 165
c 83 85 5 27 149
c 52 59 0 5 146
c 93 15 37 45 35
c 31 35 26 32 65
c 61 68 86 31 158
c 99 42 6 86 131
c 83 84 72 49 92
c 56 64 40 44 65
c 15 40 10 20 96
c 43 53 22 35 132
c 64 78 67 76 135
c 93 36 59 17 132
c 36 24 89 93 169
c 82 41 99 2 90
c 77 92 84 97 174
c 47 9 38 41 130
c 54 68 62 5 73
c 48 50 72 65 80
c 87 88 26 30 105
c 32 36 26 36 188
c 70 80 97 1 142
c 20 27 74 77 47
c 91 96 56 66 102
c 60 72 56 71 98
c 40 27 64 77 102
c 84 91 60 1 180
c 56 63 79 18 144
c 42 39 57 66 86
c 12 81 69 75 99
c 28 42 88 56 128
c 90 95 84 5 174
c 58 59 3 59 59
c 10 24 43 45 160
c 92 5 51 76 64
c 89 16 97 77 85
c 72 75 84 32 72
c 63 53 47 9 165
c 34 18 22 50 90
c 27 39 6 86 27
c 66 67 5 7 126
c 8 20 54 63 141
c 97 76 95 9 127
c 95 88 15 25 49
c 41 49 44 86 97
c 98 53 9 83 165
c 61 23 42 56 92
c 96 11 17 32 185
c 59 74 49 19 30
c 82 28 21 31 74
c 74 76 65 95 61
c 64 69 57 72 82
c 17 43 69 9 88
c 38 42 9 11 180
c 80 94 75 87 194
c 57 66 36 33 184
c 85 87 77 97 154
c 59 20 78 87 68
c 16 20 45 12 100
c 55 57 63 65 126
c 21 25 51 60 136
c 62 63 47 61 38
c 84 94 93 4 86
c 0 83 91 51 118
c 97 10 96 9 177
c 62 43 90 4 109
c 24 32 18 47 145
c 23 21 23 29 108
c 2 10 23 28 171
c 51 76 34 20 109
c 23 25 6 57 77
c 84 94 91 5 159
c 34 32 5 16 140
c 88 0 24 70 95
c 26 47 27 28 112
c 44 45 11 12 42
c 80 43 27 42 173
c 42 43 60 90 50
c 1 4 23 27 134
c 57 29 87 1 102
c 54 26 22 99 148
c 7 12 73 68 165
c 80 85 0 68 43
c 50 74 82 94 183
c 71 83 92 53 28
c 84 93 14 45 197
c 42 44 11 5 49
c 88 56 51 95 197
c 20 63 81 85 163
c 48 53 58 28 70
c 5 16 20 32 88
c 88 94 92 93 163
c 46 55 54 65 86
c 93 94 0 96 141
c 9 48 77 73 119
c 76 79 91 95 164
c 27 39 93 1 34
c 56 67 22 67 112
c 68 83 12 13 83
c 13 14 19 51 179
c 24 26 59 74 30
c 22 33 57 76 30
c 53 60 73 81 192
c 6 18 89 93 96
c 64 12 20 62 76
c 26 32 98 12 36
c 65 30 13 29 88
c 26 39 11 86 39
c 60 71 60 64 150
c 29 31 95 45 73
c 24 31 82 85 101
c 69 30 60 63 58
c 15 16 46 61 89
c 23 37 20 22 188
c 65 75 21 36 68
c 4 24 35 36 80
c 58 6 65 32 59
c 20 35 96 8 154
c 81 85 99 5 139
c 29 47 38 41 155
c 27 22 88 89 156
c 50 69 44 51 85
c 58 42 94 8 127
c 37 46 87 51 184
c 23 27 22 99 52
c 7 20 87 34 38
c 33 47 65 15 192
c 69 84 22 31 181
c 53 54 56 63 60
c 69 76 66 18 152
c 89 97 66 80 113
c 20 14 84 98 149
c 1 7 37 50 120
c 22 67 63 23 164
c 50 51 93 96 142
c 76 68 0 14 111
c 16 30 62 75 55
c 26 28 74 94 73
c 6 77 16 30 121
c 63 22 65 69 65
c 65 42 56 35 106
c 86 0 78 56 166
c 78 84 58 59 98
c 70 71 27 32 84
c 2 54 87 67 105
c 43 47 58 61 97
c 91 5 21 23 117
c 41 66 25 39 134
c 24 38 25 36 169
c 27 42 80 70 78
c 83 94 32 98 196
c 64 77 40 42 174
c 64 69 83 85 131
c 88 93 28 37 140
c 1 59 93 94 68
c 53 61 47 59 162
c 2 3 81 91 37
c 75 86 97 3 167
c 92 1 63 76 119
c 73 76 27 33 120
c 82 64 72 74 73
c 10 14 70 71 86
c 32 49 43 52 139
c 65 55 82 97 196
c 4 18 2 11 38
c 13 28 31 40 44
c 40 52 29 39 156
c 11 19 34 40 104
c 39 48 2 14 94
c 87 33 90 95 32
c 77 47 39 54 190
c 92 4 76 79 140
c 86 31 15 26 55
c 60 75 11 86 187
c 34 32 99 8 132
c 68 41 57 60 145
c 76 39 43 53 178
c 90 4 53 8 169
c 66 76 50 62 176
c 21 2 50 51 148
c 85 0 1 7 197
c 44 47 22 99 125
c 82 91 3 46 131
c 38 25 98 90 138
c 91 92 45 51 157
c 55 42 37 47 190
c 40 76 89 66 69
c 95 14 62 69 73
c 23 73 53 70 192
c 99 22 70 74 78
c 98 72 68 81 62
c 61 75 53 70 52
c 25 89 67 73 187
c 25 0 12 17 192
c 93 36 19 31 65
c 73 78 87 95 147
c 2 13 41 44 164
c 95 2 78 66 66
c 88 95 82 86 196
c 30 43 38 70 61
c 38 52 66 50 76
c 52 11 91 93 140
c 57 26 81 95 55
c 13 22 33 48 54
c 61 67 70 83 161
c 83 65 24 37 37
c 88 23 34 35 32
c 53 38 46 5 47
c 8 20 31 33 177
c 36 33 54 61 28
c 60 65 19 24 83
c 35 33 69 9 143
c 54 63 41 42 169
c 30 44 9 5 158
c 28 33 9 11 50
c 83 86 73 74 133
c 58 63 36 46 168
c 74 84 83 88 56
c 40 43 80 92 189
c 61 71 22 28 106
c 60 75 47 50 192
c 0 83 74 50 167
c 26 41 16 21 98
c 92 1 79 87 158
c 86 67 16 85 149
c 71 82 84 89 70
c 45 20 58 42 183
c 22 24 77 87 52
c 37 44 4 13 141
c 68 0 77 85 57
c 91 38 29 98 45
c 73 75 13 29 52
c 44 47 22 70 137
c 66 81 66 74 173
c 26 29 46 52 42
c 95 80 40 41 80
c 34 37 74 76 122
c 92 31 8 36 162
c 60 88 93 0 162
c 88 91 40 42 76
c 49 30 90 94 131
c 53 62 38 20 86
c 24 70 76 89 80
c 45 31 87 89 83
c 43 36 63 74 195
c 58 89 2 58 102
c 72 80 38 89 103
c 52 60 16 6 104
c 98 53 53 56 172
c 58 70 92 53 177
c 64 76 24 27 120
c 58 60 37 41 60
c 20 35 23 21 174
c 61 97 46 5 73
c 10 91 4 18 107
c 28 16 23 73 44
c 87 34 78 48 127
c 91 92 40 48 54
c 86 95 24 35 113
c 84 90 20 29 58
c 39 46 95 0 124
c 75 76 22 56 151
c 86 91 54 58 146
c 59 74 83 54 39
c 92 4 34 47 189
c 68 74 47 52 41
c 31 32 34 35 55
c 77 97 57 29 171
c 63 68 85 63 125
c 20 58 87 77 187
c 69 52 82 92 68
c 34 20 49 63 90
c 44 55 99 11 59
c 52 63 81 88 31
c 34 32 5 48 174
c 63 92 54 63 135
c 38 48 83 86 155
c 39 36 96 5 26
c 31 45 59 35 176
c 41 50 54 39 130
c 38 43 58 59 76
c 48 59 67 72 187
c 57 59 66 77 146
c 43 50 35 43 188
c 28 35 92 93 175
c 78 48 52 62 49
c 69 71 94 5 52
c 97 42 93 3 85
c 38 65 30 72 153
c 38 52 6 8 121
c 90 0 20 31 66
c 2 5 46 60 136
c 96 89 26 30 37
c 85 99 93 1 112
c 23 28 52 94 199
c 65 41 61 67 106
c 10 18 83 80 86
c 8 39 45 51 157
c 25 34 99 10 184
c 88 15 86 96 113
c 66 81 71 11 185
c 43 86 99 12 134
c 75 84 74 26 97
c 39 59 79 83 57
c 14 17 13 21 146
c 1 38 82 22 102
c 84 62 54 62 70
c 45 70 85 80 82
c 58 89 36 42 125
c 24 25 17 18 169
c 29 0 85 26 80
c 16 25 40 43 87
c 48 76 69 80 85
c 6 9 57 67 100
c 0 2 2 9 121
c 20 63 66 50 178
c 29 39 28 40 70
c 49 59 65 40 180
c 94 99 7 11 147
c 76 69 2 29 112
c 85 87 46 51 165
c 71 85 14 36 166
c 89 95 88 86 36
c 66 77 51 61 138
c 22 27 17 18 42
c 77 78 17 21 106
c 78 56 37 60 127
c 0 11 79 89 174
c 10 81 1 80 64
c 2 1 25 34 158
c 14 18 28 35 48
c 47 56 68 41 150
c 51 55 50 54 169
c 86 97 21 52 54
c 97 3 87 88 87
c 31 35 96 10 60
c 62 83 34 42 102
c 52 28 89 91 101
c 19 85 55 11 187
c 65 67 50 74 115
c 29 47 14 50 35
c 34 46 87 40 155
c 53 68 22 36 65
c 48 68 84 62 114
c 1 12 44 51 101
c 29 38 62 77 77
c 29 32 4 8 113
c 55 59 83 85 82
c 16 54 67 68 120
c 36 15 79 92 63
c 27 72 60 74 67
c 71 86 89 63 107
c 10 14 87 2 125
c 8 36 91 95 171
c 84 95 5 9 100
c 95 98 42 53 69
c 40 84 26 65 140
c 66 28 84 87 83
c 87 77 10 99 111
c 80 95 93 15 116
c 49 55 24 29 166
c 88 6 34 39 115
c 79 91 62 37 38
c 2 14 68 70 188
c 99 12 42 46 67
c 78 85 97 5 194
c 8 12 91 93 176
c 40 17 6 17 75
c 20 25 73 50 197
c 47 53 7 22 183
c 99 5 71 82 159
c 39 49 13 34 59
c 81 87 36 47 55
c 17 79 14 66 181
c 82 97 37 50 121
c 54 69 29 38 140
c 86 17 27 28 189
c 17 22 1 23 185
c 88 2 86 88 31
c 53 85 65 9 36
c 70 71 11 21 102
c 58 28 95 45 132
c 99 6 76 95 193
c 29 31 17 20 185
c 18 23 27 37 103
c 71 85 2 58 151
c 16 19 41 51 29
c 48 51 8 7 119
c 36 51 58 63 130
c 24 29 99 9 34
c 39 48 54 67 182
c 56 58 58 62 35
c 15 52 97 41 27
c 63 65 32 44 133
c 9 22 32 35 79
c 95 80 25 37 56
c 37 39 46 15 168
c 98 6 33 42 89
c 4 17 74 84 179
c 86 87 66 44 131
c 82 90 4 16 176
c 18 32 11 23 96
c 53 80 11 22 140
c 82 58 85 35 154
c 58 28 71 51 116
c 1 2 94 3 197
c 74 78 69 84 199
c 55 40 3 4 152
c 94 95 63 74 42
c 42 52 68 66 139
c 86 53 48 52 59
c 19 21 68 79 124
c 66 67 55 58 30
c 66 72 66 80 90
c 19 26 68 41 30
c 91 6 83 86 166
c 83 85 91 99 68
c 82 64 48 86 110
c 84 43 86 17 69
c 0 14 78 5 146
c 8 39 34 40 70
c 12 26 69 1 46
c 27 97 9 14 46
c 25 28 85 0 195
c 4 16 88 1 60
c 65 76 36 15 119
c 30 42 19 34 91
c 4 1 4 10 44
c 82 83 88 98 163
c 99 11 48 54 172
c 70 82 97 99 73
c 49 53 34 43 101
c 42 52 67 73 81
c 97 5 0 8 198
c 26 89 54 39 104
c 99 4 51 57 33
c 64 95 39 24 65
c 25 40 79 81 177
c 68 72 47 78 64
c 51 58 73 77 118
c 93 80 49 51 87
c 92 31 33 41 65
c 32 36 26 29 173
c 64 72 72 87 72
c 13 17 58 69 99
c 69 79 15 40 171
c 7 14 73 25 99
c 22 56 1 7 78
c 78 79 4 3 92
c 10 38 7 10 131
c 99 3 17 27 173
c 40 17 49 50 79
c 18 20 6 14 187
c 30 37 91 3 163
c 65 79 96 37 107
c 17 21 42 44 181
c 99 93 19 30 166
c 85 86 85 10 136
c 0 68 38 59 190
c 96 54 63 67 95
c 20 31 87 67 182
c 86 67 36 38 184
c 54 9 43 79 113
c 52 62 46 56 170
c 86 98 14 45 66
c 26 38 6 20 106
c 72 80 23 35 66
c 49 59 76 78 55
c 8 28 6 12 60
c 56 66 17 25 128
c 19 85 98 13 107
c 33 45 89 3 178
c 71 80 77 89 159
c 56 66 58 59 42
c 21 29 86 88 160
c 23 88 27 35 176
c 96 97 80 70 137
c 68 60 45 53 128
c 31 44 51 76 31
c 68 83 37 46 188
c 42 49 24 29 189
c 29 40 4 15 150
c 58 28 85 95 128
c 29 43 34 39 44
c 66 28 36 40 164
c 50 69 83 91 74
c 93 64 76 82 184
c 71 73 99 13 172
c 1 25 72 38 140
c 7 10 34 76 157
c 60 82 11 25 166
c 82 87 82 75 98
c 66 61 34 54 51
c 96 87 68 59 135
c 10 1 15 92 140
c 8 36 74 85 103
c 49 59 79 81 35
c 36 45 73 50 56
c 17 28 41 42 199
c 61 28 36 94 117
c 56 19 24 33 144
c 47 62 31 37 168
c 69 52 23 27 93
c 91 46 30 41 149
c 36 37 14 20 92
c 26 88 1 10 81
c 93 94 72 87 157
c 7 14 55 67 191
c 45 59 62 72 74
c 31 46 83 92 33
c 23 32 26 28 36
c 15 33 89 95 175
c 44 78 86 99 146
c 14 43 29 30 85
c 65 76 64 78 151
c 64 12 52 47 43
c 13 11 23 30 135
c 97 2 53 28 33
c 0 3 38 40 47
c 45 55 24 55 72
c 91 6 79 49 171
c 20 63 47 51 44
c 13 14 13 17 115
c 82 83 1 14 129
c 88 96 68 37 79
c 59 20 65 71 49
c 43 52 73 77 147
c 72 87 15 28 56
c 68 70 62 71 63
c 36 50 26 28 183
c 5 69 29 34 160
c 85 75 21 35 91
c 2 9 16 58 31
c 55 64 96 37 58
c 67 0 75 89 118
c 12 19 27 72 105
c 62 67 76 77 45
c 3 7 75 78 95
c 92 2 84 32 48
c 86 99 86 82 26
c 25 28 25 36 116
c 91 1 60 88 66
c 54 61 18 32 66
c 7 11 86 91 117
c 6 9 56 35 151
c 52 57 13 26 30
c 55 57 4 9 123
c 29 41 9 5 48
c 1 9 78 35 51
c 89 98 23 31 104
c 73 57 68 41 59
c 76 87 1 5 96
c 50 59 43 53 165
c 12 16 85 35 80
c 89 7 80 85 154
c 97 7 22 56 61
c 36 22 68 78 111
c 15 26 9 13 150
c 94 1 91 74 52
c 22 37 76 61 86
c 22 36 70 73 164
c 22 70 12 45 100
c 64 7 16 31 28
c 66 28 73 80 88
c 14 17 96 2 53
c 17 29 73 82 172
c 95 50 38 44 161
c 44 48 26 29 66
c 51 57 0 15 86
c 45 60 34 38 121
c 92 53 92 99 147
c 31 39 53 30 177
c 0 58 38 51 154
c 85 58 45 12 166
c 49 67 69 52 150
c 86 98 59 70 167
c 87 0 82 28 96
c 97 6 6 15 33
c 57 31 62 70 150
c 9 13 0 37 186
c 87 59 44 42 104
c 29 98 74 76 46
c 63 72 23 26 144
c 67 72 60 69 134
c 24 26 52 90 102
c 1 38 10 99 177
c 86 98 17 26 70
c 28 41 88 6 131
c 94 16 52 57 145
c 47 50 95 49 135
c 5 27 53 66 177
c 53 91 82 84 94
c 77 20 67 80 46
c 44 57 39 65 97
c 98 53 7 16 90
c 97 5 43 50 171
c 29 47 9 46 162
c 42 75 82 96 143
c 90 99 88 92 168
c 59 99 14 43 140
c 72 76 0 8 173
c 22 28 54 12 162
c 11 21 34 37 88
c 40 76 20 32 141
c 72 86 62 68 61
c 98 12 97 5 39
c 8 94 6 86 190
c 98 3 38 25 189
c 26 89 71 86 72
c 15 19 17 31 27
c 95 1 71 83 108
c 75 9 33 32 65
c 49 76 7 15 99
c 62 70 73 75 169
c 89 7 18 19 52
c 61 66 88 90 71
c 76 68 10 15 86
c 72 75 29 32 52
c 34 25 30 46 176
c 64 79 63 22 185
c 60 56 3 18 182
c 80 27 98 10 59
c 0 68 42 54 56
c 57 24 27 39 154
c 38 59 50 62 160
c 95 96 67 69 41
c 96 89 12 16 65
c 85 35 47 7 155
c 89 96 0 5 182
c 30 37 3 12 165
c 54 57 87 59 74
c 34 41 31 41 72
c 91 92 57 71 108
c 58 66 87 51 183
c 24 42 23 80 30
c 93 8 34 40 194
c 42 87 84 88 76
c 61 69 80 91 180
c 11 54 33 44 42
c 58 68 85 26 65
c 29 31 56 57 144
c 85 91 80 31 182
c 18 26 6 86 128
c 50 65 67 76 38
c 93 52 93 96 96
c 75 14 55 60 31
c 79 94 24 66 104
c 87 99 71 81 199
c 82 50 74 60 69
c 74 60 98 72 110
c 97 98 62 83 90
c 11 5 52 65 141
c 35 39 7 14 86
c 1 14 53 30 98
c 56 59 6 16 197
c 6 77 3 12 199
c 73 25 44 49 192
c 8 71 44 43 199
c 10 91 52 3 187
c 70 36 48 57 51
c 12 24 33 45 175
c 82 28 48 56 57
c 26 36 85 22 137
c 61 32 82 94 196
c 41 7 23 32 152
c 59 72 7 52 166
c 76 81 93 95 189
c 67 81 97 10 92
c 13 16 47 60 30
c 30 40 82 90 87
c 48 61 70 81 157
c 46 58 69 82 103
c 94 98 48 77 137
c 23 73 75 89 150
c 28 48 43 14 184
c 51 95 1 6 187
c 10 38 29 42 181
c 45 53 58 61 174
c 68 77 89 2 88
c 28 42 89 7 152
c 69 81 26 65 46
c 47 58 17 27 196
c 43 79 36 61 83
c 93 88 80 66 36
c 61 68 95 38 95
c 83 35 91 93 28
c 8 73 40 46 25
c 2 15 46 5 124
c 15 52 55 42 99
c 59 69 32 46 63
c 87 92 36 43 39
c 5 11 1 13 73
c 52 60 0 83 25
c 55 58 0 20 155
c 25 33 65 69 86
c 7 12 52 28 127
c 56 88 88 0 198
c 23 26 48 56 144
c 22 80 66 61 145
c 1 9 45 53 38
c 40 19 83 65 114
c 74 92 70 85 73
c 77 81 97 7 99
c 50 87 34 40 143
c 43 86 93 95 121
c 89 0 99 7 34
c 78 35 58 7 148
c 42 45 59 62 84
c 84 5 97 2 140
c 23 27 51 12 86
c 50 52 89 4 54
c 26 41 98 99 27
c 49 57 52 62 176
c 5 46 93 3 40
c 11 99 7 52 47
c 17 24 25 91 74
c 70 78 13 19 92
c 66 67 71 78 120
c 31 36 95 75 101
c 90 50 6 12 105
c 44 49 25 35 199
c 9 83 22 35 124
c 31 36 76 87 179
c 48 63 27 19 50
c 51 63 91 62 97
c 77 91 71 8 155
c 62 43 74 28 46
c 46 5 57 70 34
c 32 46 67 33 183
c 41 48 23 80 141
c 63 92 10 16 90
c 15 19 58 39 104
c 39 45 90 2 142
c 57 31 86 53 83
c 21 31 35 41 181
c 79 49 73 79 36
c 27 96 23 28 184
c 78 35 4 12 145
c 36 40 20 28 31
c 60 61 79 77 61
c 77 84 97 98 38
c 52 90 60 75 162
c 69 33 51 63 175
c 53 38 95 38 151
c 84 96 89 1 51
c 46 37 54 12 50
c 64 66 41 46 186
c 0 15 47 7 84
c 99 11 17 48 61
c 1 7 10 18 83
c 33 43 86 0 181
c 29 78 96 54 142
c 69 73 82 83 47
c 26 27 29 78 123
c 37 48 98 10 65
c 46 7 0 3 162
c 39 53 68 77 116
c 75 7 85 87 130
c 23 34 83 80 91
c 62 72 50 58 176
c 30 42 5 10 137
c 66 74 17 48 79
c 90 5 5 20 182
c 23 37 67 27 42
c 85 10 81 93 143
c 10 91 15 2 69
c 89 96 17 29 191
c 95 99 30 35 118
c 30 31 18 30 178
c 65 73 44 52 60
c 86 93 28 42 161
c 49 60 66 18 54
c 0 10 11 16 130
c 75 89 90 1 143
c 49 63 96 89 87
c 92 3 63 70 47
c 36 51 96 7 89
c 71 86 46 49 160
c 13 17 87 0 177
c 10 99 53 80 115
c 28 34 1 11 90
c 28 41 36 74 61
c 69 97 33 48 194
c 62 39 13 15 110
c 5 6 48 54 58
c 69 30 9 46 75
c 59 56 57 29 175
c 21 27 63 53 82
c 36 39 53 91 98
c 3 13 91 94 114
c 8 22 30 31 158
c 80 82 65 1 188
c 37 41 76 64 164
c 94 4 92 5 49
c 90 60 35 41 70
c 69 73 64 4 94
c 61 23 68 77 155
c 74 11 82 41 32
c 62 66 10 14 29
c 65 30 55 57 68
c 47 56 65 70 120
c 14 50 73 82 86
c 37 50 61 28 63
c 84 93 94 2 153
c 30 72 29 38 153
c 37 73 83 94 100
c 36 39 83 88 127
c 88 2 6 21 129
c 93 5 50 54 32
c 58 70 14 20 153
c 54 26 4 3 151
c 46 60 6 9 54
c 93 15 18 51 150
c 38 46 67 0 127
c 81 24 33 48 45
c 21 32 83 88 183
c 54 89 98 1 48
c 18 24 66 77 183
c 55 57 88 15 95
c 75 43 60 72 71
c 56 88 41 56 146
c 46 60 47 29 58
c 21 56 7 69 136
c 63 75 61 14 43
c 53 85 25 28 132
c 65 78 1 6 148
c 37 87 22 55 197
c 33 36 25 29 121
c 86 94 24 27 162
c 29 47 49 55 134
c 77 82 97 58 184
c 66 3 93 36 195
c 40 42 85 35 78
c 76 31 17 32 75
c 19 26 79 93 81
c 83 60 39 43 64
c 40 38 71 63 54
c 39 36 15 28 142
c 37 48 36 24 84
c 24 27 63 70 102
c 15 23 43 79 142
c 96 99 56 64 47
c 92 18 12 74 102
c 9 17 70 84 68
c 14 17 87 34 97
c 98 2 42 77 152
c 8 18 45 57 160
c 73 87 35 41 77
c 64 4 28 38 36
c 16 17 43 49 186
c 4 19 97 4 35
c 7 21 59 71 44
c 99 14 63 85 115
c 15 21 48 59 59
c 22 99 58 39 46
c 5 14 87 33 195
c 47 91 91 99 198
c 97 58 34 76 158
c 97 10 3 7 42
c 77 81 44 45 180
c 55 40 83 95 46
c 39 46 70 81 35
c 85 99 65 30 84
c 31 42 77 78 114
c 84 47 54 36 117
c 26 30 18 24 177
c 62 72 67 79 99
c 90 36 2 17 180
c 85 80 76 89 179
c 94 6 75 79 188
c 8 39 44 86 136
c 43 79 30 42 152
c 46 82 30 43 105
c 66 78 49 76 147
c 32 38 23 80 159
c 35 12 7 52 192
c 38 63 93 15 133
c 24 29 4 6 172
c 21 2 45 31 106
c 99 8 44 54 93
c 68 70 60 70 108
c 28 37 72 82 121
c 82 93 99 9 129
c 19 31 74 88 162
c 84 32 43 14 193
c 93 88 38 42 68
c 43 56 44 54 34
c 27 22 96 1 114
c 81 92 0 1 133
c 75 83 95 98 111
c 20 23 53 67 180
c 42 47 27 40 124
c 53 67 80 66 179
c 38 88 67 27 156
c 9 23 46 51 45
c 79 75 70 54 198
c 45 49 74 47 89
c 85 87 79 75 150
c 88 15 69 80 198
c 40 27 34 43 80
c 22 26 52 66 68
c 53 91 36 7 114
c 83 98 39 65 166
c 7 11 21 1 48
c 87 0 78 0 57
c 87 31 41 50 99
c 86 98 81 92 120
c 87 59 58 72 127
c 89 3 57 24 124
c 16 84 58 28 99
c 57 69 18 25 166
c 61 36 55 69 40
c 8 18 16 29 94
c 99 7 76 86 186
c 34 39 37 51 49
c 22 23 75 9 53
c 28 37 94 5 49
c 96 9 72 1 72
c 26 25 19 26 152
c 43 47 59 99 71
c 61 66 97 12 46
c 6 86 49 46 193
c 13 20 41 54 60
c 33 48 76 88 72
c 42 56 23 35 58
c 9 16 94 9 108
c 55 42 32 47 73
c 86 20 69 80 27
c 92 95 15 2 98
c 32 6 49 58 164
c 65 66 39 44 49
c 52 63 53 64 27
c 59 67 38 41 155
c 53 60 18 24 194
c 66 74 5 8 45
c 60 62 70 74 158
c 58 19 41 50 59
c 87 94 0 1 76
c 78 48 42 49 52
c 58 78 95 50 93
c 79 90 59 11 169
c 61 62 19 31 192
c 95 97 64 12 114
c 55 70 92 94 174
c 19 46 12 32 111
c 90 93 62 77 179
c 2 8 93 0 48
c 48 59 29 45 56
c 80 35 31 40 190
c 19 28 5 18 138
c 66 69 55 56 90
c 27 34 89 94 72
c 57 69 4 5 90
c 30 43 39 62 114
c 43 47 3 84 114
c 11 20 92 94 43
c 72 77 74 76 98
c 93 99 50 57 118
c 93 88 13 22 65
c 45 51 67 27 68
c 42 43 89 16 166
c 22 33 74 85 28
c 69 72 52 62 180
c 12 4 13 15 114
c 54 61 79 75 158
c 4 19 52 65 115
c 15 25 59 62 146
c 78 82 9 11 150
c 89 16 89 66 87
c 58 59 74 94 84
c 81 96 2 3 49
c 1 12 16 74 113
c 99 12 99 13 78
c 59 56 35 50 151
c 45 61 6 19 105
c 40 41 51 61 33
c 23 32 44 46 178
c 26 28 2 58 117
c 92 98 91 87 28
c 88 2 24 32 103
c 28 36 10 38 32
c 2 5 52 90 142
c 44 48 84 97 109
c 76 87 76 31 162
c 72 76 37 59 138
c 1 25 41 54 119
c 19 22 5 69 78
c 38 52 42 53 146
c 34 40 97 39 192
c 2 7 82 95 47
c 76 59 24 30 123
c 73 87 89 90 69
c 74 11 30 37 54
c 55 69 12 26 135
c 60 69 11 87 72
c 65 77 75 85 104
c 56 57 42 46 173
c 95 4 31 39 194
c 78 90 47 49 190
c 94 95 54 26 56
c 12 22 50 56 71
c 82 28 2 74 96
c 5 48 8 10 148
c 18 77 89 92 52
c 37 44 40 17 137
c 3 5 28 32 159
c 17 74 29 34 33
c 44 54 59 63 72
c 58 62 77 33 165
c 48 54 95 7 163
c 46 59 23 22 193
c 35 38 27 40 166
c 58 68 33 78 127
c 61 75 99 12 38
c 90 91 9 13 152
c 32 98 82 95 70
c 11 5 58 63 141
c 73 76 70 75 180
c 4 17 8 10 30
c 18 19 37 87 115
c 66 80 96 7 37
c 59 20 39 53 25
c 76 88 77 20 133
c 79 18 13 17 100
c 19 25 34 37 44
c 26 27 33 35 191
c 63 45 35 42 107
c 75 15 82 91 186
c 55 57 55 63 142
c 28 40 82 92 162
c 0 5 51 85 156
c 43 57 95 10 141
c 51 31 88 2 92
c 74 53 7 13 62
c 37 50 38 70 65
c 66 10 16 58 162
c 90 94 12 26 48
c 64 68 36 74 186
c 61 63 84 87 60
c 24 49 26 29 176
c 7 12 70 54 50
c 79 82 80 81 42
c 91 2 30 44 176
c 41 16 18 20 92
c 4 7 30 93 87
c 2 82 23 26 111
c 95 0 12 38 105
c 80 21 22 67 68
c 95 3 41 49 67
c 96 88 38 46 76
c 88 0 75 84 80
c 19 28 32 94 113
c 25 35 36 45 144
c 63 64 94 0 192
c 21 52 82 64 158
c 53 65 17 30 187
c 60 69 88 15 199
c 96 21 62 32 166
c 18 26 46 52 57
c 47 10 71 25 140
c 13 62 95 10 51
c 47 57 78 35 183
c 60 88 12 20 56
c 32 38 31 34 82
c 4 18 7 6 132
c 36 42 96 54 108
c 30 39 62 11 68
c 41 7 1 6 95
c 30 57 64 73 81
c 84 70 16 68 76
c 29 33 32 49 179
c 64 68 22 56 181
c 36 49 18 19 114
c 12 17 5 20 54
c 73 29 15 52 27
c 32 94 15 28 191
c 87 92 19 26 119
c 44 78 19 51 48
c 20 65 23 37 96
c 37 41 1 59 35
c 11 24 18 31 160
c 30 72 70 76 44
c 64 4 42 48 68
c 69 75 71 76 121
c 83 94 40 54 68
c 19 23 31 20 29
c 73 80 52 42 70
c 63 73 96 2 105
c 21 34 77 20 76
c 66 81 69 15 142
c 37 43 19 75 88
c 90 2 99 14 164
c 22 35 34 44 127
c 86 90 52 94 113
c 75 80 64 67 97
c 21 25 70 77 192
c 39 36 67 82 189
c 25 99 3 12 40
c 37 49 7 13 145
c 19 33 1 99 176
c 1 16 13 15 30
c 85 63 90 94 54
c 92 31 75 88 26
c 93 99 41 49 158
c 35 41 63 64 98
c 20 26 74 82 84
c 28 32 7 13 77
c 92 39 11 15 192
c 94 97 50 65 99
c 19 75 91 1 82
c 37 69 8 10 110
c 50 54 93 52 78
c 27 35 49 61 91
c 18 19 78 82 70
c 55 69 1 6 176
c 7 22 80 92 139
c 48 59 49 61 141
c 65 42 48 36 41
c 52 59 15 25 140
c 12 16 73 83 192
c 67 68 75 81 142
c 11 26 12 24 101
c 80 84 79 82 97
c 95 45 22 24 148
c 46 54 4 39 138
c 77 79 34 11 168
c 54 56 81 96 190
c 47 58 17 43 168
c 70 85 46 82 69
c 23 88 42 39 131
c 24 42 74 87 79
c 2 77 49 62 92
c 41 50 28 31 115
c 38 43 7 17 89
c 69 74 87 99 59
c 55 40 53 68 53
c 25 39 73 82 99
c 77 91 6 90 52
c 99 93 64 78 85
c 43 14 22 34 148
c 17 29 18 68 195
c 60 61 62 37 64
c 53 70 51 81 106
c 22 35 87 94 163
c 29 30 16 44 187
c 93 7 21 31 105
c 48 49 37 87 45
c 69 70 3 12 157
c 38 55 96 88 40
c 37 60 70 74 155
c 39 47 77 58 187
c 54 66 71 80 195
c 81 24 37 38 78
c 54 57 40 42 148
c 10 38 59 69 124
c 69 57 61 32 95
c 49 58 98 11 42
c 1 64 8 13 185
c 40 46 64 79 46
c 6 86 89 98 94
c 84 57 71 25 152
c 15 30 82 64 33
c 38 20 20 14 168
c 53 67 96 11 111
c 57 14 36 61 35
c 95 1 78 48 90
c 42 77 64 66 86
c 43 47 84 60 178
c 94 4 94 1 47
c 84 70 60 72 107
c 47 78 13 62 45
c 42 50 44 8 36
c 71 86 74 92 25
c 63 67 45 12 184
c 51 59 74 94 106
c 74 84 61 36 141
c 33 41 95 5 125
c 95 45 17 27 46
c 24 38 5 6 27
c 78 19 5 14 169
c 72 65 25 87 113
c 26 34 8 18 96
c 90 3 89 66 62
c 46 48 11 26 78
c 47 9 42 77 199
c 41 7 87 40 89
c 89 0 66 73 29
c 79 77 84 23 144
c 93 5 30 45 68
c 13 14 46 37 44
c 17 20 98 5 131
c 52 58 91 2 49
c 61 74 35 46 157
c 65 68 52 61 186
c 54 58 78 19 137
c 20 53 32 33 41
c 33 44 38 40 147
c 26 40 60 82 84
c 78 82 11 99 175
c 96 0 79 89 187
c 94 92 83 97 45
c 34 76 66 81 32
c 72 75 54 17 143
c 67 72 11 18 71
c 17 26 72 79 131
c 85 96 75 43 69
c 95 5 98 2 167
c 89 91 4 15 94
c 5 48 55 62 76
c 40 84 25 34 157
c 4 24 28 48 177
c 2 6 13 24 112
c 62 75 72 76 91
c 5 20 83 88 31
c 59 35 62 68 174
c 87 40 71 86 163
c 84 62 12 27 25
c 69 42 90 32 180
c 11 26 80 43 189
c 73 86 49 4 177
c 54 23 7 18 38
c 77 73 29 36 151
c 57 38 67 76 166
c 59 67 8 10 128
c 95 14 12 17 43
c 95 5 26 60 196
c 79 74 70 76 177
c 18 26 30 45 60
c 0 8 93 0 78
c 24 28 12 2 93
c 19 23 4 11 137
c 89 90 67 42 47
c 94 97 64 74 194
c 15 21 43 50 75
c 8 11 9 78 114
c 26 65 47 40 95
c 22 26 60 72 107
c 6 57 75 7 116
c 38 42 5 7 149
c 82 41 58 15 64
c 56 88 74 88 94
c 86 67 83 80 60
c 12 20 55 61 74
c 33 41 68 75 180
c 16 19 2 77 49
c 0 13 92 5 61
c 51 57 0 3 152
c 0 3 45 87 130
c 91 3 18 30 49
c 98 90 1 16 135
c 0 14 24 38 94
c 59 35 94 98 26
c 19 29 32 40 198
c 1 2 63 78 78
c 51 57 16 54 71
c 82 95 92 93 184
c 95 49 22 99 179
c 71 25 69 70 108
c 91 12 36 7 33
c 20 63 46 47 194
c 42 49 33 78 25
c 51 85 31 77 111
c 76 83 4 0 93
c 35 89 85 96 46
c 13 18 93 4 48
c 58 70 57 76 185
c 95 49 78 56 55
c 11 86 2 10 42
c 56 65 58 63 83
c 31 36 58 39 132
c 41 52 25 91 40
c 58 65 66 71 168
c 6 90 12 19 39
c 15 40 3 11 189
c 57 13 8 36 58
c 76 84 93 6 36
c 53 70 16 26 130
c 61 66 10 20 164
c 17 31 8 15 142
c 89 63 4 15 151
c 71 85 11 16 150
c 1 64 84 86 46
c 17 27 47 95 110
c 75 78 16 19 130
c 2 58 33 45 102
c 31 81 75 77 102
c 23 25 89 91 84
c 76 64 82 97 87
c 24 33 88 56 143
c 46 61 93 95 35
c 67 73 65 42 161
c 20 26 9 48 134
c 29 43 1 7 81
c 71 17 94 98 162
c 18 77 3 4 152
c 80 89 33 43 160
c 7 13 5 34 70
c 7 47 27 31 97
c 57 59 73 87 172
c 26 25 50 53 76
c 52 15 61 71 66
c 45 52 79 90 115
c 66 44 9 20 92
c 23 24 31 18 67
c 12 22 79 74 70
c 90 0 61 74 96
c 25 91 60 48 56
c 79 91 54 57 117
c 16 30 8 15 184
c 19 30 95 96 65
c 52 60 64 78 125
c 91 5 11 96 164
c 46 54 82 91 87
c 30 46 49 54 122
c 2 13 36 48 155
c 44 91 45 58 38
c 52 63 97 99 142
c 77 90 16 30 76
c 68 69 45 87 85
c 98 0 59 99 145
c 57 58 61 68 41
c 46 55 88 1 158
c 1 2 67 72 29
c 79 83 10 15 126
c 57 11 91 1 92
c 71 11 94 97 97
c 54 56 91 0 101
c 74 82 36 38 169
c 54 66 5 19 68
c 87 51 99 10 141
c 12 13 80 83 144
c 93 74 76 95 183
c 71 77 65 41 59
c 8 73 85 91 63
c 61 70 76 89 158
c 37 47 24 36 161
c 93 48 69 85 62
c 58 78 65 66 142
c 99 42 93 88 44
c 2 77 13 34 64
c 79 18 32 94 130
c 52 63 65 79 192
c 30 37 31 35 199
c 69 82 73 25 103
c 4 18 29 30 38
c 24 70 1 8 183
c 34 44 86 91 86
c 96 7 98 5 63
c 80 86 49 76 50
c 89 94 87 93 36
c 79 81 94 5 189
c 45 52 18 32 120
c 85 88 17 35 131
c 85 89 59 67 78
c 48 52 51 57 26
c 17 26 8 15 141
c 81 28 88 1 154
c 95 1 19 25 29
c 58 67 58 61 96
c 46 15 82 87 179
c 57 92 58 71 179
c 16 30 15 23 37
c 6 18 79 89 106
c 32 35 98 4 73
c 35 37 25 87 64
c 0 11 90 94 50
c 41 44 19 75 27
c 65 78 61 63 54
c 86 28 81 39 109
c 54 60 51 31 170
c 77 92 56 70 118
c 52 66 39 46 108
c 75 84 9 10 59
c 23 27 52 54 70
c 83 92 39 45 39
c 26 27 80 86 81
c 2 16 56 60 42
c 65 15 82 87 69
c 4 15 82 89 43
c 57 31 23 37 45
c 87 99 65 69 189
c 66 75 22 26 123
c 6 18 16 25 124
c 96 87 2 5 31
c 93 99 27 96 147
c 90 96 49 51 41
c 41 43 97 8 165
c 90 16 11 12 119
c 93 0 31 44 80
c 93 99 76 61 142
c 24 31 65 41 141
c 74 78 30 39 115
c 24 38 99 42 155
c 60 75 19 24 131
c 22 80 28 34 68
c 39 54 67 79 160
c 18 21 66 71 115
c 9 36 50 62 105
c 39 62 0 7 58
c 59 56 93 1 80
c 33 32 13 27 76
c 75 77 8 10 83
c 79 75 31 23 174
c 8 9 57 13 27
c 86 82 84 95 85
c 40 53 83 84 86
c 23 24 51 65 100
c 44 56 34 46 97
c 39 80 77 83 152
c 94 65 69 57 100
c 59 63 63 92 161
c 38 50 0 6 190
c 11 12 83 94 58
c 48 59 2 82 35
c 30 44 62 67 162
c 10 12 41 46 100
c 89 15 97 98 119
c 70 74 28 6 88
c 0 3 65 75 127
c 39 47 1 13 26
c 90 15 3 9 77
c 78 86 24 34 173
c 83 91 73 74 39
c 32 94 37 73 188
c 62 32 79 7 107
c 40 84 74 89 193
c 29 37 13 62 183
c 34 38 44 42 31
c 0 12 63 85 153
c 91 93 95 1 190
c 4 0 26 37 125
c 19 20 72 38 156
c 46 60 15 24 157
c 4 39 41 96 40
c 82 91 52 12 88
c 45 83 33 40 128
c 67 79 25 40 87
c 79 72 4 15 44
c 79 77 28 33 94
c 82 88 59 17 90
c 9 20 98 5 109
c 33 47 29 44 158
c 54 65 7 12 107
c 26 36 5 9 85
c 2 9 4 6 113
c 99 8 99 61 37
c 90 50 1 15 66
c 85 49 80 70 89
c 87 43 75 88 65
c 1 59 88 52 191
c 90 60 94 16 106
c 18 19 59 60 146
c 53 58 87 92 65
c 64 79 41 66 67
c 48 86 58 9 103
c 43 79 53 59 141
c 55 88 11 18 136
c 98 5 88 96 162
c 88 1 65 69 120
c 51 55 42 83 172
c 15 28 35 49 190
c 52 61 95 49 47
c 47 59 63 76 27
c 44 52 11 14 106
c 50 81 32 34 154
c 42 53 16 29 54
c 24 35 95 99 106
c 12 15 65 78 126
c 44 19 35 39 84
c 29 35 78 87 199
c 0 96 21 28 80
c 96 88 65 69 137
c 5 14 27 40 117
c 88 23 45 56 180
c 67 78 89 0 176
c 9 8 25 91 70
c 1 59 95 45 30
c 62 74 58 73 76
c 60 88 6 13 56
c 14 36 88 96 122
c 70 94 28 37 191
c 82 93 77 97 53
c 68 0 70 81 65
c 13 19 22 80 165
c 54 66 12 19 43
c 74 11 50 64 109
c 62 32 39 44 152
c 35 48 59 68 129
c 75 7 58 65 25
c 44 19 72 50 179
c 53 63 33 70 95
c 29 34 51 62 37
c 90 74 40 27 92
c 37 9 85 0 169
c 87 92 3 14 86
c 40 49 63 67 132
c 5 6 92 2 162
c 52 28 70 42 120
c 73 78 65 15 162
c 64 12 46 48 169
c 52 55 94 16 27
c 7 14 96 17 109
c 70 74 72 82 173
c 96 21 46 7 167
c 40 48 27 34 28
c 76 78 90 56 112
c 33 40 36 22 36
c 58 89 25 26 147
c 69 82 99 1 171
c 15 92 39 40 138
c 33 78 18 47 198
c 85 88 26 88 145
c 54 63 65 68 174
c 75 15 25 34 83
c 2 6 45 49 86
c 94 95 2 74 25
c 93 8 63 67 168
c 83 92 46 53 79
c 44 54 24 70 80
c 75 83 61 72 59
c 3 14 93 1 110
c 32 94 70 54 165
c 36 94 85 58 102
c 99 29 25 89 113
c 76 87 55 64 129
c 19 32 90 1 191
c 72 85 91 98 189
c 93 64 99 93 110
c 25 17 35 33 42
c 97 8 26 65 96
c 77 20 57 66 63
c 82 95 5 11 112
c 22 36 11 4 84
c 98 4 78 83 28
c 87 31 31 39 94
c 18 24 96 93 131
c 32 34 31 34 118
c 84 93 13 22 108
c 52 94 85 97 178
c 7 14 7 10 175
c 0 2 86 96 66
c 79 94 71 8 64
c 20 65 44 51 189
c 85 95 73 77 40
c 50 35 19 51 99
c 2 5 1 38 102
c 99 5 80 21 187
c 93 8 15 25 60
c 44 47 6 12 49
c 8 39 9 78 187
c 9 15 14 24 157
c 40 47 99 61 174
c 83 90 98 6 99
c 9 46 96 93 38
c 57 14 25 28 144
c 44 51 47 29 56
c 70 99 84 23 170
c 46 7 22 34 92
c 8 18 59 17 98
c 20 21 9 36 132
c 74 1 69 71 32
c 15 26 45 49 175
c 76 87 97 0 166
c 12 38 99 13 48
c 45 50 43 14 132
c 71 73 39 43 137
c 50 59 91 95 36
c 68 37 26 38 145
c 68 59 9 17 96
c 31 34 94 98 39
c 0 6 48 77 160
c 62 11 46 58 66
c 6 86 90 93 100
c 94 67 83 91 74
c 48 62 23 21 195
c 86 89 79 80 129
c 37 60 23 36 72
c 36 40 63 74 188
c 58 64 54 62 133
c 88 2 93 2 101
c 5 8 47 52 120
c 28 54 88 90 162
c 81 89 66 67 186
c 16 21 69 78 98
c 48 76 57 72 89
c 32 33 56 88 153
c 40 19 3 9 64
c 58 28 16 26 34
c 24 31 58 61 49
c 35 7 9 16 188
c 96 87 32 38 163
c 40 50 15 17 81
c 13 16 1 3 198
c 81 82 58 28 144
c 19 22 36 48 62
c 62 39 82 75 106
c 48 60 81 91 127
c 73 25 71 8 199
c 22 27 59 71 167
c 86 98 42 82 97
c 62 11 49 64 92
c 42 82 22 26 103
c 15 25 36 47 65
c 38 41 19 28 152
c 0 14 53 58 162
c 97 0 16 85 199
c 98 3 4 5 57
c 22 55 79 12 38
c 88 92 55 68 197
c 75 76 75 15 166
c 37 40 69 0 160
c 38 43 54 17 193
c 74 94 40 53 170
c 69 77 87 18 122
c 86 92 26 34 49
c 6 10 38 46 137
c 58 66 82 19 45
c 76 80 80 16 76
c 66 44 76 79 54
c 30 35 28 32 133
c 73 86 79 75 181
c 50 69 82 64 167
c 20 23 74 47 58
c 80 91 60 82 197
c 39 44 19 51 151
c 71 38 26 28 34
c 95 88 78 17 99
c 86 90 59 68 73
c 17 23 63 64 190
c 68 80 79 80 76
c 29 39 59 68 85
c 57 60 38 41 25
c 19 25 34 45 166
c 57 67 48 76 59
c 37 0 69 57 81
c 94 6 71 17 153
c 76 89 71 85 198
c 48 60 50 35 121
c 68 79 79 51 145
c 53 63 81 96 151
c 71 77 99 7 135
c 1 59 14 26 84
c 84 85 6 11 162
c 12 23 33 88 85
c 72 1 78 82 99
c 71 84 52 58 186
c 24 34 68 71 189
c 13 34 42 56 131
c 97 6 1 7 28
c 82 87 10 16 182
c 62 43 66 28 50
c 64 75 78 86 27
c 56 19 66 79 88
c 61 67 18 62 71
c 98 18 21 23 175
c 30 14 64 79 198
c 70 0 99 12 92
c 43 86 84 96 96
c 78 81 71 8 126
c 83 96 79 12 85
c 7 16 76 0 184
c 22 23 24 27 34
c 75 15 63 76 186
c 39 43 4 14 100
c 26 28 28 6 81
c 9 27 62 11 59
c 79 91 61 74 114
c 84 0 94 3 30
c 60 70 24 26 196
c 80 21 76 0 160
c 42 45 32 38 56
c 62 11 63 85 115
c 10 17 40 54 148
c 17 31 20 35 164
c 38 59 38 45 79
c 26 27 38 41 151
c 83 70 67 74 84
c 69 0 31 20 120
c 18 22 21 35 143
c 98 6 60 65 172
c 1 10 81 39 105
c 17 35 5 20 45
c 93 6 47 10 60
c 65 77 70 71 58
c 95 50 94 9 71
c 16 74 57 67 53
c 61 28 67 42 197
c 70 74 43 6 155
c 23 26 99 6 155
c 25 26 50 69 105
c 17 43 92 98 111
c 28 40 76 59 91
c 47 50 23 3 195
c 6 16 82 89 78
c 41 42 76 0 65
c 21 35 13 11 40
c 87 98 66 78 96
c 23 32 71 83 186
c 45 12 88 93 30
c 17 18 25 91 177
c 7 47 10 99 190
c 56 61 39 48 166
c 7 21 89 0 197
c 34 37 64 68 39
c 5 18 48 36 130
c 75 51 1 8 51
c 49 54 31 20 129
c 51 54 56 59 180
c 74 53 32 36 174
c 29 37 19 21 77
c 47 53 24 42 157
c 3 16 3 14 132
c 29 30 47 9 85
c 41 53 40 52 101
c 17 20 80 66 100
c 91 97 64 76 68
c 9 27 43 56 161
c 37 69 55 66 148
c 15 94 66 74 76
c 84 96 5 12 69
c 79 72 82 64 51
c 4 9 16 29 120
c 18 33 9 80 53
c 13 20 69 76 71
c 31 81 80 81 45
c 51 63 59 17 26
c 31 20 22 24 73
c 96 93 35 50 112
c 1 25 19 32 32
c 92 18 18 47 191
c 95 88 88 86 33
c 29 42 2 82 148
c 32 6 70 50 149
c 84 32 42 18 190
c 31 78 41 54 187
c 30 39 65 77 50
c 0 7 87 91 186
c 26 37 43 98 198
c 5 6 65 79 90
c 74 47 45 60 101
c 16 26 7 8 54
c 12 4 23 80 151
c 79 77 74 85 92
c 83 92 11 4 156
c 30 57 24 29 168
c 50 56 8 73 25
c 38 43 58 50 46
c 75 51 73 78 57
c 48 61 74 11 101
c 69 84 90 15 26
c 40 49 95 97 31
c 38 42 46 49 139
c 81 28 81 86 147
c 7 14 71 76 131
c 74 83 79 84 75
c 84 94 37 48 135
c 91 51 30 36 57
c 40 50 9 14 86
c 29 38 73 68 171
c 94 65 62 72 167
c 12 27 25 99 90
c 46 82 45 50 109
c 69 85 56 69 111
c 81 87 63 25 143
c 97 54 21 52 121
c 65 40 59 20 134
c 84 90 67 82 198
c 46 82 81 82 47
c 32 47 15 21 193
c 16 54 58 28 172
c 17 79 74 80 62
c 77 33 76 89 57
c 90 95 66 80 185
c 21 30 91 92 181
c 57 24 30 44 189
c 92 6 53 54 56
c 59 70 47 60 157
c 6 20 12 16 171
c 10 45 40 47 97
c 43 44 51 59 40
c 46 59 18 77 62
c 85 80 45 61 199
c 82 85 11 5 182
c 0 6 88 15 87
c 5 8 40 50 82
c 8 7 38 29 40
c 93 14 83 86 168
c 10 21 47 50 110
c 47 52 62 39 71
c 25 17 64 66 144
c 9 17 50 53 144
c 10 1 11 69 90
c 13 16 13 20 60
c 70 78 53 22 127
c 74 53 60 69 83
c 44 43 49 76 66
c 58 67 86 82 130
c 91 2 92 96 101
c 59 56 11 87 66
c 49 63 88 2 125
c 37 47 78 91 39
c 39 40 36 74 43
c 10 45 99 12 177
c 87 40 91 98 152
c 24 70 43 56 30
c 98 0 85 94 57
c 35 41 5 11 164
c 15 40 33 48 58
c 53 54 30 31 93
c 13 21 82 91 172
c 36 46 55 11 43
c 87 33 52 59 134
c 36 44 34 32 37
c 86 17 99 5 98
c 15 20 31 42 110
c 80 66 57 58 102
c 13 21 52 42 78
c 81 88 96 87 86
c 80 16 76 91 174
c 14 29 29 30 26
c 6 15 96 11 99
c 6 59 8 23 42
c 44 49 75 43 37
c 17 27 78 19 115
c 77 73 49 76 165
c 89 66 84 97 114
c 42 82 72 74 112
c 69 85 45 57 120
c 66 76 12 16 60
c 72 75 66 61 82
c 66 71 14 22 68
c 19 31 63 22 105
c 52 47 80 35 189
c 84 91 57 69 177
c 34 76 1 23 63
c 57 13 46 78 131
c 26 28 11 5 196
c 83 94 77 86 191
c 79 89 81 88 117
c 58 65 48 57 96
c 61 63 50 81 159
c 44 53 5 14 65
c 26 32 62 11 41
c 1 80 22 26 112
c 54 67 7 6 106
c 43 3 83 93 165
c 10 20 18 31 41
c 74 92 31 78 41
c 7 47 77 43 54
c 17 27 39 52 120
c 4 11 1 80 72
c 1 80 11 18 92
c 69 72 14 27 138
c 73 84 42 82 44
c 58 69 84 60 96
c 0 1 58 67 167
c 66 68 49 51 63
c 51 12 81 83 139
c 15 17 70 83 150
c 41 53 50 54 52
c 30 36 98 18 151
c 2 11 72 84 109
c 25 26 25 39 121
c 11 25 7 19 105
c 12 81 44 57 194
c 84 85 44 59 126
c 63 64 57 92 83
c 52 60 6 86 117
c 81 89 80 70 157
c 8 73 15 24 151
c 62 64 66 67 109
c 51 24 64 70 140
c 72 65 91 46 102
c 57 92 94 96 198
c 3 15 94 5 162
c 65 55 24 37 86
c 48 63 36 1 95
c 1 59 79 91 162
c 98 99 82 90 52
c 16 21 67 69 162
c 61 32 32 35 72
c 86 94 85 94 80
c 47 62 32 49 153
c 26 78 8 94 28
c 12 16 79 93 141
c 7 15 48 68 134
c 10 91 34 25 146
c 93 3 89 95 51
c 72 84 6 76 156
c 38 47 3 18 60
c 91 87 87 77 97
c 87 43 38 41 183
c 38 50 68 59 48
c 34 76 30 35 49
c 56 19 67 72 32
c 56 66 19 26 114
c 43 6 12 16 113
c 20 29 38 46 181
c 1 13 55 42 47
c 48 61 89 15 28
c 64 77 37 50 83
c 65 73 81 83 152
c 33 41 80 81 116
c 52 15 74 75 151
c 85 10 66 75 66
c 24 36 4 16 62
c 36 45 80 21 179
c 85 42 38 45 35
c 93 99 96 11 38
c 99 4 96 8 38
c 96 88 86 94 166
c 56 71 88 96 104
c 27 30 36 39 113
c 56 64 24 34 137
c 25 28 39 24 168
c 29 44 14 25 38
c 73 78 86 89 87
c 13 22 11 21 144
c 44 59 3 8 116
c 75 83 86 95 30
c 23 24 33 45 182
c 15 28 88 89 156
c 72 50 27 38 99
c 69 97 8 13 48
c 74 85 88 99 110
c 64 0 35 38 74
c 56 64 16 24 80
c 43 46 52 53 134
c 50 56 1 80 63
c 14 50 50 74 155
c 81 94 88 97 168
c 95 7 57 67 187
c 53 67 52 59 182
c 16 22 50 53 100
c 62 73 37 48 193
c 36 41 89 75 168
c 62 73 34 40 48
c 94 65 74 86 74
c 75 85 14 22 110
c 34 42 14 26 32
c 48 57 52 56 108
c 70 36 30 42 43
c 45 87 52 64 179
c 0 96 41 66 39
c 36 40 5 21 71
c 12 13 26 89 178
c 55 42 95 2 183
c 80 88 17 28 150
c 97 1 4 1 182
c 89 96 5 10 47
c 91 42 32 37 47
c 78 86 20 26 169
c 22 30 22 32 41
c 78 81 80 43 136
c 65 30 19 46 107
c 51 60 39 50 114
c 29 42 82 84 128
c 82 95 79 94 88
c 29 35 93 4 57
c 12 14 73 29 57
c 37 43 8 39 173
c 52 43 72 65 125
c 58 73 9 46 157
c 69 77 84 70 113
c 25 99 18 68 198
c 11 4 45 54 58
c 58 78 25 32 197
c 24 34 49 60 143
c 50 65 94 0 107
c 33 32 74 84 166
c 2 74 27 22 84
c 5 46 89 2 43
c 68 70 35 43 47
c 71 77 33 70 170
c 49 46 28 29 46
c 0 13 2 16 42
c 21 52 71 51 123
c 74 81 55 66 99
c 81 88 81 87 168
c 54 62 2 1 124
c 47 93 98 11 102
c 45 50 89 2 130
c 94 8 51 69 47
c 0 96 35 89 29
c 84 47 85 42 107
c 59 74 10 73 192
c 41 96 39 40 143
c 42 75 4 17 63
c 51 57 37 46 128
c 36 39 63 45 67
c 76 84 33 37 125
c 53 38 69 80 72
c 96 88 72 82 181
c 38 45 13 62 27
c 63 23 36 94 129
c 33 29 81 94 94
c 92 96 86 67 195
c 30 57 21 26 75
c 55 70 97 11 129
c 64 77 37 73 169
c 29 42 66 51 166
c 89 95 31 18 54
c 85 98 46 78 68
c 30 33 86 1 195
c 58 39 28 54 173
c 91 2 54 12 146
c 62 67 86 99 88
c 48 77 72 83 146
c 99 1 31 43 130
c 31 44 11 13 126
c 71 11 28 40 36
c 83 97 11 23 176
c 89 93 69 74 151
c 38 39 80 66 181
c 5 6 19 30 120
c 57 11 23 88 94
c 74 83 31 18 111
c 71 86 11 26 197
c 32 6 96 8 175
c 76 90 8 12 34
c 5 17 93 8 116
c 98 5 90 0 58
c 61 63 42 87 43
c 95 49 14 24 78
c 19 28 80 43 36
c 97 6 49 76 145
c 25 39 72 86 131
c 58 28 97 8 164
c 70 36 22 31 162
c 42 39 78 91 98
c 38 42 29 34 198
c 61 28 76 83 176
c 42 46 26 35 41
c 43 47 69 71 173
c 49 59 27 19 178
c 32 35 27 15 92
c 39 50 36 50 48
c 59 73 23 32 74
c 14 24 47 51 120
c 92 3 99 42 87
c 83 89 31 37 71
c 20 65 93 99 197
c 53 30 8 39 55
c 44 91 74 80 72
c 60 61 20 25 110
c 93 2 57 13 176
c 37 39 37 48 49
c 94 95 5 15 36
c 36 49 53 57 122
c 80 91 92 99 114
c 58 65 7 18 125
c 23 74 85 96 81
c 69 79 0 37 121
c 93 0 7 19 198
c 86 99 23 38 152
c 4 15 94 95 176
c 48 56 31 78 184
c 20 28 10 19 42
c 92 53 31 43 161
c 74 86 59 64 186
c 83 92 6 20 166
c 24 36 25 91 40
c 41 44 68 69 62
c 78 48 27 40 48
c 48 54 12 19 72
c 85 88 56 71 133
c 35 93 91 99 56
c 33 88 73 86 94
c 9 22 22 24 82
c 39 54 7 21 179
c 25 26 88 90 199
c 29 66 6 13 25
c 8 20 0 68 109
c 16 30 8 18 193
c 68 41 95 96 126
c 57 24 68 79 71
c 26 29 10 17 104
c 17 19 5 20 170
c 7 12 16 23 64
c 36 33 36 40 50
c 28 41 0 68 65
c 90 97 9 46 98
c 84 94 78 0 133
c 99 8 84 0 49
c 2 3 31 41 66
c 6 19 92 95 110
c 28 48 15 28 37
c 17 18 88 38 30
c 48 86 98 3 85
c 56 66 4 7 63
c 17 24 1 64 81
c 41 66 90 9 88
c 85 90 41 35 71
c 93 0 74 26 25
c 27 96 92 95 149
c 67 27 24 28 144
c 15 76 71 15 168
c 26 37 94 6 173
c 24 26 81 15 125
c 49 61 95 49 60
c 14 18 51 54 75
c 35 89 76 69 181
c 39 42 9 24 168
c 1 13 72 79 171
c 36 61 24 36 146
c 74 83 26 78 154
c 7 18 50 52 176
c 94 9 55 66 90
c 8 10 73 77 139
c 33 47 25 91 52
c 11 86 90 73 108
c 59 66 44 53 106
c 54 23 75 77 138
c 26 28 37 47 49
c 60 61 46 15 55
c 45 61 74 50 151
c 94 0 46 37 99
c 51 12 63 73 191
c 24 66 95 88 78
c 19 24 82 28 133
c 19 51 95 14 192
c 15 27 78 81 85
c 32 46 45 46 140
c 52 43 94 4 71
c 64 95 58 61 68
c 92 11 8 16 169
c 29 44 42 44 98
c 16 44 46 78 192
c 67 27 85 87 157
c 34 48 23 6 177
c 90 99 25 99 171
c 11 21 83 89 146
c 96 97 87 77 40
c 97 1 59 73 170
c 99 42 84 87 87
c 77 58 31 34 78
c 27 32 39 54 31
c 19 34 58 28 26
c 85 22 24 32 175
c 83 92 71 63 100
c 50 60 72 85 82
c 67 27 87 89 146
c 94 2 5 8 102
c 68 11 67 33 151
c 66 74 72 50 193
c 56 62 74 53 157
c 64 79 36 61 92
c 58 7 27 34 147
c 74 60 15 33 151
c 69 85 90 60 91
c 55 69 93 8 163
c 25 28 20 58 54
c 19 75 5 11 93
c 84 89 90 9 198
c 2 29 7 18 144
c 23 31 56 35 134
c 50 65 10 99 54
c 62 75 35 40 43
c 70 54 23 33 108
c 88 86 91 2 168
c 94 5 6 17 131
c 75 39 94 9 136
c 61 65 79 80 67
c 63 68 7 20 142
c 36 42 54 55 142
c 7 14 74 77 48
c 14 23 76 59 30
c 30 39 15 22 148
c 18 9 54 62 162
c 40 42 2 5 174
c 82 89 4 3 120
c 71 72 94 0 42
c 12 20 0 12 96
c 29 79 61 75 78
c 98 90 2 8 47
c 89 15 62 68 166
c 65 15 99 2 173
c 44 46 86 88 100
c 64 66 71 79 62
c 51 97 64 66 104
c 59 62 76 81 177
c 4 14 42 39 176
c 29 34 74 60 172
c 35 91 72 78 54
c 86 89 57 11 158
c 37 46 66 3 174
c 58 65 61 23 80
c 95 49 24 29 93
c 12 17 73 82 85
c 70 71 48 56 156
c 43 58 29 32 92
c 59 70 47 52 37
c 77 85 20 33 38
c 44 6 91 93 70
c 31 36 36 46 181
c 54 69 27 72 144
c 54 26 36 7 156
c 69 73 67 68 100
c 18 68 41 54 178
c 16 85 14 39 91
c 70 74 25 67 58
c 17 35 66 70 86
c 21 33 16 22 134
c 86 28 16 44 66
c 39 59 12 23 169
c 51 62 44 46 130
c 77 85 66 10 171
c 97 58 19 33 186
c 59 74 15 26 189
c 94 9 34 54 185
c 57 71 93 5 120
c 58 61 29 43 191
c 42 45 95 50 31
c 6 20 32 44 94
c 47 7 5 21 184
c 40 45 87 51 41
c 11 21 58 60 29
c 9 12 78 83 136
c 46 47 39 80 188
c 93 3 72 65 64
c 60 65 73 8 116
c 7 19 8 10 83
c 64 76 81 24 47
c 3 18 43 14 152
c 62 72 81 82 30
c 54 26 84 32 82
c 16 74 53 22 86
c 78 0 95 99 153
c 59 56 40 48 75
c 84 98 26 29 134
c 49 76 61 74 118
c 26 34 50 51 85
c 51 31 91 87 165
c 0 9 36 94 30
c 19 28 20 23 124
c 16 20 62 64 28
c 5 10 83 96 194
c 68 78 13 16 46
c 46 7 87 96 102
c 84 94 91 93 76
c 37 47 16 74 91
c 93 5 46 78 178
c 76 11 83 93 93
c 94 8 58 39 109
c 55 64 58 89 135
c 2 11 93 96 121
c 33 34 79 51 182
c 84 23 9 80 80
c 50 87 88 18 59
c 0 22 71 63 169
c 54 57 2 6 57
c 65 71 64 74 92
c 71 86 8 21 177
c 77 58 8 19 140
c 9 8 7 10 42
c 57 92 29 41 162
c 11 26 28 42 178
c 95 75 75 51 38
c 47 85 35 37 138
c 54 39 0 4 57
c 69 76 66 28 197
c 11 5 53 22 151
c 11 13 91 46 69
c 17 26 19 23 138
c 42 39 19 26 32
c 52 59 58 68 130
c 1 59 15 25 78
c 3 7 19 31 31
c 10 45 97 11 93
c 79 74 59 63 108
c 70 14 93 8 158
c 17 31 80 90 143
c 58 59 96 87 32
c 55 3 74 28 185
c 25 27 71 80 154
c 11 19 70 0 74
c 71 17 80 85 145
c 65 68 56 35 79
c 62 24 30 72 183
c 27 70 75 39 25
c 88 90 94 92 173
c 61 63 27 38 135
c 83 91 69 33 173
c 22 36 87 40 73
c 67 78 26 31 92
c 43 47 24 33 150
c 54 26 32 42 76
c 36 45 56 66 141
c 53 54 46 5 59
c 67 69 64 72 188
c 2 7 93 88 122
c 13 22 22 31 44
c 25 67 97 2 137
c 89 97 69 75 157
c 93 15 83 98 167
c 36 15 37 32 161
c 83 89 94 96 27
c 73 83 75 78 164
c 22 27 55 65 102
c 49 76 10 45 36
c 18 68 94 16 32
c 49 62 83 95 62
c 29 44 69 13 182
c 48 50 55 11 41
c 22 35 45 56 176
c 29 0 8 11 85
c 15 76 94 7 35
c 36 46 21 1 158
c 14 16 97 99 59
c 52 60 33 78 165
c 6 13 10 24 193
c 56 59 31 38 144
c 93 94 62 69 114
c 94 67 24 51 66
c 55 56 86 0 145
c 73 25 71 38 152
c 76 59 44 55 161
c 48 56 10 13 172
c 39 45 64 76 35
c 93 1 15 40 163
c 87 90 95 4 176
c 68 41 79 75 107
c 91 93 78 17 56
c 53 63 79 92 53
c 52 94 22 35 75
c 56 64 26 32 74
c 6 7 30 41 32
c 47 7 20 81 100
c 89 4 17 43 46
c 83 54 38 49 97
c 78 89 24 30 82
c 86 53 30 41 27
c 37 50 59 64 163
c 49 53 46 52 38
c 96 93 52 3 198
c 2 10 45 46 80
c 16 54 73 78 185
c 23 37 35 38 115
c 94 7 88 94 114
c 34 39 14 21 134
c 14 50 2 12 170
c 6 10 45 53 180
c 31 32 22 30 125
c 22 55 14 66 97
c 46 54 28 42 62
c 13 29 84 92 107
c 31 46 30 72 180
c 79 18 76 61 119
c 29 0 20 27 197
c 9 10 54 56 168
c 67 74 5 14 152
c 54 62 91 87 68
c 89 15 19 75 114
c 23 76 26 32 165
c 36 94 62 24 56
c 79 89 73 86 167
c 69 76 15 94 85
c 88 2 54 58 110
c 34 39 35 43 198
c 9 11 76 61 186
c 48 62 59 64 28
c 71 86 22 33 44
c 50 61 56 69 28
c 87 18 30 72 99
c 77 20 87 98 136
c 74 1 17 19 155
c 69 82 27 30 109
c 43 98 1 11 83
c 34 54 92 97 182
c 85 88 87 43 100
c 1 11 67 79 175
c 46 49 84 94 27
