notes: n=100, m=1046, elb=1, eub=20, conf_density=0.002, clb=25, cub= 200, seed= 6870
p spec 100 1046 1093
s 39
t 18
a 0 1 17
a 0 2 4
a 0 3 15
a 0 4 4
a 0 5 4
a 0 6 13
a 0 7 15
a 0 43 10
a 0 80 1
a 0 78 4
a 0 59 7
a 1 2 15
a 1 3 12
a 1 4 18
a 1 5 7
a 1 6 8
a 1 7 4
a 1 8 2
a 1 37 6
a 1 61 16
a 1 47 2
a 1 63 4
a 2 3 15
a 2 4 9
a 2 5 6
a 2 6 2
a 2 7 6
a 2 8 4
a 2 9 11
a 2 29 1
a 2 20 6
a 3 4 16
a 3 5 3
a 3 6 18
a 3 7 3
a 3 8 5
a 3 9 18
a 3 10 7
a 3 61 4
a 3 58 10
a 3 95 1
a 4 5 2
a 4 6 7
a 4 7 1
a 4 8 19
a 4 9 13
a 4 10 4
a 4 11 12
a 4 32 11
a 4 56 14
a 4 86 11
a 4 66 19
a 5 6 8
a 5 7 3
a 5 8 8
a 5 9 1
a 5 10 1
a 5 11 11
a 5 12 16
a 5 15 13
a 5 61 12
a 6 7 13
a 6 8 12
a 6 9 19
a 6 10 5
a 6 11 7
a 6 12 10
a 6 13 6
a 6 84 19
a 6 24 4
a 6 50 17
a 6 78 16
a 7 8 4
a 7 9 1
a 7 10 15
a 7 11 6
a 7 12 11
a 7 13 9
a 7 14 5
a 7 83 12
a 7 18 14
a 7 47 19
a 7 55 11
a 43 44 3
a 43 45 3
a 43 46 17
a 43 47 10
a 43 48 17
a 43 49 18
a 43 50 17
a 43 53 4
a 80 81 5
a 80 82 14
a 80 83 11
a 80 84 9
a 80 85 3
a 80 86 4
a 80 87 5
a 80 19 13
a 80 40 15
a 80 75 14
a 80 35 8
a 80 21 17
a 80 34 1
a 80 46 2
a 78 79 8
a 78 80 16
a 78 81 9
a 78 82 8
a 78 83 11
a 78 84 15
a 78 85 7
a 78 5 6
a 78 9 5
a 78 39 16
a 78 30 5
a 78 0 17
a 59 60 12
a 59 61 14
a 59 62 12
a 59 63 10
a 59 64 4
a 59 65 19
a 59 66 2
a 59 44 2
a 59 96 1
a 59 22 4
a 59 99 11
a 8 9 3
a 8 10 6
a 8 11 9
a 8 12 11
a 8 13 14
a 8 14 18
a 8 15 6
a 8 91 8
a 8 3 11
a 8 38 16
a 37 38 12
a 37 39 17
a 37 40 18
a 37 41 6
a 37 42 6
a 37 43 13
a 37 44 2
a 37 78 13
a 37 51 15
a 37 55 12
a 37 59 16
a 37 68 12
a 61 62 9
a 61 63 9
a 61 64 11
a 61 65 5
a 61 66 9
a 61 67 19
a 61 68 3
a 61 95 13
a 61 24 9
a 47 48 11
a 47 49 7
a 47 50 14
a 47 51 11
a 47 52 17
a 47 53 16
a 47 54 1
a 47 40 10
a 47 15 16
a 47 4 7
a 63 64 1
a 63 65 2
a 63 66 10
a 63 67 13
a 63 68 2
a 63 69 2
a 63 70 11
a 63 56 19
a 63 92 12
a 63 17 14
a 63 51 17
a 63 42 1
a 63 14 16
a 63 58 15
a 9 10 8
a 9 11 19
a 9 12 14
a 9 13 6
a 9 14 10
a 9 15 19
a 9 16 16
a 9 92 13
a 9 21 18
a 9 78 8
a 9 89 10
a 9 28 15
a 29 30 13
a 29 31 16
a 29 32 5
a 29 33 5
a 29 34 9
a 29 35 2
a 29 36 19
a 29 41 18
a 29 63 18
a 29 83 10
a 29 51 4
a 20 21 19
a 20 22 5
a 20 23 13
a 20 24 2
a 20 25 1
a 20 26 1
a 20 27 3
a 20 16 2
a 20 7 7
a 20 40 1
a 10 11 19
a 10 12 14
a 10 13 7
a 10 14 9
a 10 15 14
a 10 16 14
a 10 17 18
a 58 59 9
a 58 60 18
a 58 61 5
a 58 62 19
a 58 63 9
a 58 64 13
a 58 65 13
a 58 72 15
a 58 9 18
a 95 96 9
a 95 97 17
a 95 98 3
a 95 99 8
a 95 0 8
a 95 1 5
a 95 2 7
a 95 47 7
a 95 85 14
a 95 66 14
a 95 18 14
a 11 12 10
a 11 13 1
a 11 14 16
a 11 15 3
a 11 16 14
a 11 17 10
a 11 18 19
a 11 56 8
a 32 33 2
a 32 34 8
a 32 35 3
a 32 36 9
a 32 37 14
a 32 38 15
a 32 39 11
a 32 69 10
a 32 93 11
a 32 63 14
a 56 57 18
a 56 58 14
a 56 59 19
a 56 60 17
a 56 61 7
a 56 62 12
a 56 63 17
a 56 71 10
a 56 28 9
a 56 33 10
a 86 87 14
a 86 88 11
a 86 89 12
a 86 90 4
a 86 91 17
a 86 92 2
a 86 93 9
a 86 21 13
a 86 2 11
a 86 63 3
a 66 67 10
a 66 68 7
a 66 69 13
a 66 70 11
a 66 71 7
a 66 72 14
a 66 73 18
a 66 92 4
a 66 60 17
a 66 5 15
a 66 42 14
a 66 56 11
a 12 13 14
a 12 14 11
a 12 15 8
a 12 16 19
a 12 17 7
a 12 18 12
a 12 19 7
a 12 75 10
a 12 28 10
a 12 60 19
a 15 16 4
a 15 17 1
a 15 18 16
a 15 19 19
a 15 20 6
a 15 21 16
a 15 22 16
a 15 26 19
a 13 14 8
a 13 15 6
a 13 16 2
a 13 17 3
a 13 18 14
a 13 19 4
a 13 20 11
a 13 24 18
a 13 70 9
a 13 55 11
a 13 58 14
a 84 85 3
a 84 86 7
a 84 87 17
a 84 88 7
a 84 89 18
a 84 90 12
a 84 91 18
a 84 0 1
a 84 12 14
a 84 62 9
a 84 37 16
a 24 25 6
a 24 26 3
a 24 27 17
a 24 28 11
a 24 29 15
a 24 30 9
a 24 31 18
a 24 23 11
a 24 46 1
a 24 45 2
a 24 69 10
a 24 76 10
a 50 51 11
a 50 52 13
a 50 53 11
a 50 54 9
a 50 55 1
a 50 56 14
a 50 57 3
a 50 36 1
a 50 81 17
a 50 63 18
a 50 46 19
a 50 67 15
a 14 15 17
a 14 16 18
a 14 17 10
a 14 18 13
a 14 19 3
a 14 20 5
a 14 21 10
a 14 2 1
a 83 84 8
a 83 85 18
a 83 86 13
a 83 87 10
a 83 88 11
a 83 89 14
a 83 90 5
a 83 79 5
a 83 15 2
a 83 59 7
a 83 48 14
a 18 19 4
a 18 20 9
a 18 21 10
a 18 22 14
a 18 23 1
a 18 24 7
a 18 25 9
a 18 31 8
a 18 62 19
a 18 96 6
a 55 56 13
a 55 57 17
a 55 58 9
a 55 59 14
a 55 60 11
a 55 61 3
a 55 62 6
a 55 68 7
a 55 73 9
a 55 81 13
a 91 92 14
a 91 93 11
a 91 94 18
a 91 95 1
a 91 96 18
a 91 97 10
a 91 98 9
a 91 19 18
a 91 74 18
a 38 39 6
a 38 40 1
a 38 41 3
a 38 42 19
a 38 43 9
a 38 44 5
a 38 45 15
a 38 32 14
a 38 76 4
a 16 17 2
a 16 18 18
a 16 19 6
a 16 20 14
a 16 21 14
a 16 22 14
a 16 23 6
a 16 97 9
a 16 12 19
a 16 26 6
a 92 93 1
a 92 94 4
a 92 95 8
a 92 96 17
a 92 97 16
a 92 98 13
a 92 99 11
a 92 7 16
a 92 74 9
a 92 47 2
a 92 85 9
a 92 59 14
a 21 22 11
a 21 23 11
a 21 24 10
a 21 25 6
a 21 26 2
a 21 27 10
a 21 28 15
a 21 58 16
a 21 99 3
a 21 41 15
a 21 0 2
a 89 90 5
a 89 91 15
a 89 92 1
a 89 93 9
a 89 94 7
a 89 95 4
a 89 96 18
a 89 74 2
a 89 33 17
a 89 56 11
a 89 27 3
a 28 29 2
a 28 30 18
a 28 31 10
a 28 32 18
a 28 33 12
a 28 34 6
a 28 35 16
a 28 13 16
a 17 18 11
a 17 19 1
a 17 20 9
a 17 21 1
a 17 22 3
a 17 23 15
a 17 24 11
a 17 76 1
a 17 16 16
a 17 65 3
a 17 54 17
a 19 20 8
a 19 21 13
a 19 22 8
a 19 23 18
a 19 24 10
a 19 25 11
a 19 26 19
a 19 50 8
a 19 10 2
a 19 70 17
a 75 76 4
a 75 77 8
a 75 78 11
a 75 79 3
a 75 80 2
a 75 81 9
a 75 82 18
a 75 95 12
a 75 28 3
a 60 61 7
a 60 62 19
a 60 63 19
a 60 64 16
a 60 65 4
a 60 66 10
a 60 67 3
a 60 21 19
a 60 27 4
a 60 95 1
a 60 59 14
a 60 80 13
a 60 28 2
a 70 71 1
a 70 72 1
a 70 73 2
a 70 74 9
a 70 75 6
a 70 76 14
a 70 77 9
a 70 79 17
a 70 98 16
a 70 50 8
a 70 14 11
a 22 23 8
a 22 24 6
a 22 25 11
a 22 26 3
a 22 27 1
a 22 28 19
a 22 29 11
a 22 2 9
a 22 62 6
a 22 18 9
a 22 49 15
a 26 27 14
a 26 28 11
a 26 29 14
a 26 30 18
a 26 31 8
a 26 32 1
a 26 33 3
a 26 34 16
a 26 8 1
a 23 24 10
a 23 25 17
a 23 26 6
a 23 27 6
a 23 28 4
a 23 29 10
a 23 30 8
a 23 92 19
a 23 90 10
a 23 51 12
a 23 43 3
a 23 60 5
a 97 98 12
a 97 99 4
a 97 0 5
a 97 1 1
a 97 2 19
a 97 3 1
a 97 4 6
a 97 91 16
a 97 40 3
a 97 60 7
a 97 6 9
a 76 77 9
a 76 78 1
a 76 79 9
a 76 80 12
a 76 81 9
a 76 82 7
a 76 83 2
a 76 36 11
a 76 87 11
a 65 66 13
a 65 67 15
a 65 68 12
a 65 69 2
a 65 70 12
a 65 71 15
a 65 72 2
a 65 42 2
a 65 85 15
a 65 38 19
a 65 46 7
a 54 55 15
a 54 56 8
a 54 57 11
a 54 58 5
a 54 59 9
a 54 60 9
a 54 61 5
a 54 0 7
a 54 10 19
a 54 81 2
a 54 24 5
a 54 92 2
a 54 5 4
a 25 26 14
a 25 27 1
a 25 28 13
a 25 29 10
a 25 30 13
a 25 31 19
a 25 32 13
a 25 74 5
a 25 82 16
a 25 98 3
a 25 33 17
a 31 32 3
a 31 33 18
a 31 34 4
a 31 35 3
a 31 36 9
a 31 37 4
a 31 38 12
a 31 19 12
a 31 8 10
a 31 12 16
a 62 63 8
a 62 64 5
a 62 65 3
a 62 66 1
a 62 67 10
a 62 68 9
a 62 69 5
a 62 36 19
a 96 97 14
a 96 98 18
a 96 99 14
a 96 0 13
a 96 1 3
a 96 2 18
a 96 3 10
a 96 60 15
a 96 25 16
a 96 39 16
a 96 48 7
a 27 28 19
a 27 29 18
a 27 30 3
a 27 31 12
a 27 32 3
a 27 33 17
a 27 34 5
a 27 57 17
a 27 82 14
a 27 20 8
a 40 41 18
a 40 42 18
a 40 43 11
a 40 44 5
a 40 45 11
a 40 46 11
a 40 47 12
a 40 4 6
a 40 25 12
a 40 7 13
a 99 0 15
a 99 1 16
a 99 2 14
a 99 3 17
a 99 4 17
a 99 5 5
a 99 6 15
a 99 54 19
a 99 34 1
a 41 42 1
a 41 43 6
a 41 44 2
a 41 45 3
a 41 46 1
a 41 47 8
a 41 48 3
a 41 40 11
a 41 54 8
a 41 16 14
a 49 50 19
a 49 51 2
a 49 52 14
a 49 53 12
a 49 54 15
a 49 55 11
a 49 56 19
a 49 3 18
a 49 76 5
a 49 45 14
a 30 31 16
a 30 32 9
a 30 33 16
a 30 34 11
a 30 35 4
a 30 36 19
a 30 37 6
a 30 88 2
a 30 78 4
a 30 74 13
a 30 46 14
a 90 91 9
a 90 92 1
a 90 93 13
a 90 94 2
a 90 95 6
a 90 96 9
a 90 97 11
a 90 3 10
a 90 72 15
a 51 52 11
a 51 53 2
a 51 54 15
a 51 55 11
a 51 56 8
a 51 57 16
a 51 58 1
a 51 35 5
a 46 47 3
a 46 48 14
a 46 49 17
a 46 50 14
a 46 51 18
a 46 52 19
a 46 53 11
a 46 34 2
a 46 65 18
a 46 56 7
a 46 59 5
a 46 43 18
a 45 46 1
a 45 47 6
a 45 48 5
a 45 49 13
a 45 50 3
a 45 51 1
a 45 52 3
a 45 78 13
a 69 70 2
a 69 71 14
a 69 72 11
a 69 73 17
a 69 74 2
a 69 75 2
a 69 76 11
a 69 96 16
a 69 16 9
a 69 67 12
a 74 75 16
a 74 76 7
a 74 77 19
a 74 78 15
a 74 79 2
a 74 80 1
a 74 81 8
a 74 50 12
a 74 56 4
a 74 46 9
a 74 48 8
a 82 83 4
a 82 84 12
a 82 85 4
a 82 86 2
a 82 87 17
a 82 88 12
a 82 89 16
a 82 41 9
a 82 11 19
a 82 99 1
a 82 15 17
a 82 50 19
a 82 48 3
a 82 75 1
a 98 99 17
a 98 0 18
a 98 1 11
a 98 2 15
a 98 3 17
a 98 4 16
a 98 5 12
a 98 13 16
a 98 67 8
a 98 54 15
a 33 34 2
a 33 35 13
a 33 36 12
a 33 37 14
a 33 38 10
a 33 39 14
a 33 40 2
a 33 22 16
a 33 19 5
a 33 79 1
a 33 72 11
a 33 43 9
a 34 35 14
a 34 36 5
a 34 37 2
a 34 38 1
a 34 39 12
a 34 40 5
a 34 41 8
a 34 77 15
a 34 5 12
a 34 43 14
a 34 22 6
a 34 84 5
a 57 58 15
a 57 59 17
a 57 60 8
a 57 61 13
a 57 62 10
a 57 63 4
a 57 64 9
a 57 3 11
a 57 39 2
a 35 36 10
a 35 37 9
a 35 38 5
a 35 39 9
a 35 40 19
a 35 41 16
a 35 42 17
a 35 9 4
a 35 48 3
a 35 60 1
a 35 73 3
a 35 98 5
a 35 76 16
a 36 37 14
a 36 38 16
a 36 39 6
a 36 40 15
a 36 41 16
a 36 42 7
a 36 43 15
a 36 34 8
a 36 9 9
a 36 35 13
a 36 8 19
a 88 89 5
a 88 90 7
a 88 91 12
a 88 92 19
a 88 93 8
a 88 94 18
a 88 95 15
a 88 36 15
a 88 8 5
a 88 67 16
a 88 49 9
a 88 31 4
a 39 40 19
a 39 41 14
a 39 42 6
a 39 43 8
a 39 44 6
a 39 45 14
a 39 46 1
a 39 65 15
a 39 81 13
a 39 51 6
a 39 5 6
a 39 18 16
a 39 49 12
a 93 94 4
a 93 95 3
a 93 96 17
a 93 97 5
a 93 98 16
a 93 99 14
a 93 0 15
a 93 71 4
a 93 50 8
a 93 76 19
a 93 59 1
a 79 80 7
a 79 81 17
a 79 82 3
a 79 83 10
a 79 84 8
a 79 85 5
a 79 86 19
a 79 99 12
a 79 62 8
a 79 93 17
a 72 73 13
a 72 74 5
a 72 75 15
a 72 76 6
a 72 77 16
a 72 78 14
a 72 79 14
a 72 23 8
a 72 63 2
a 72 98 10
a 72 6 19
a 77 78 1
a 77 79 6
a 77 80 8
a 77 81 4
a 77 82 8
a 77 83 5
a 77 84 10
a 77 47 6
a 77 69 12
a 77 44 8
a 77 56 6
a 42 43 19
a 42 44 5
a 42 45 15
a 42 46 1
a 42 47 3
a 42 48 16
a 42 49 17
a 42 92 18
a 48 49 4
a 48 50 19
a 48 51 14
a 48 52 19
a 48 53 4
a 48 54 6
a 48 55 19
a 48 74 15
a 48 16 15
a 73 74 7
a 73 75 7
a 73 76 4
a 73 77 11
a 73 78 15
a 73 79 11
a 73 80 8
a 73 40 5
a 73 37 15
a 73 55 2
a 73 49 15
a 44 45 17
a 44 46 3
a 44 47 3
a 44 48 3
a 44 49 18
a 44 50 3
a 44 51 13
a 44 40 18
a 44 13 17
a 44 68 3
a 68 69 16
a 68 70 8
a 68 71 15
a 68 72 14
a 68 73 13
a 68 74 4
a 68 75 19
a 68 15 11
a 68 46 8
a 68 92 12
a 68 36 6
a 81 82 1
a 81 83 4
a 81 84 2
a 81 85 6
a 81 86 2
a 81 87 13
a 81 88 6
a 81 74 17
a 81 64 5
a 81 71 3
a 81 35 10
a 81 26 11
a 81 43 15
a 53 54 13
a 53 55 13
a 53 56 17
a 53 57 4
a 53 58 7
a 53 59 19
a 53 60 4
a 53 21 7
a 53 23 13
a 53 4 14
a 53 52 2
a 52 53 3
a 52 54 11
a 52 55 18
a 52 56 14
a 52 57 19
a 52 58 5
a 52 59 12
a 52 94 13
a 52 1 2
a 52 82 18
a 67 68 11
a 67 69 7
a 67 70 19
a 67 71 4
a 67 72 3
a 67 73 18
a 67 74 15
a 67 8 19
a 67 21 19
a 67 89 12
a 67 58 8
a 67 90 17
a 94 95 3
a 94 96 7
a 94 97 15
a 94 98 18
a 94 99 4
a 94 0 11
a 94 1 2
a 94 46 1
a 94 78 13
a 94 16 19
a 71 72 5
a 71 73 14
a 71 74 16
a 71 75 11
a 71 76 10
a 71 77 3
a 71 78 3
a 71 67 10
a 71 89 5
a 71 7 19
a 64 65 16
a 64 66 2
a 64 67 17
a 64 68 1
a 64 69 13
a 64 70 9
a 64 71 18
a 64 96 9
a 64 3 17
a 85 86 16
a 85 87 13
a 85 88 19
a 85 89 2
a 85 90 18
a 85 91 9
a 85 92 19
a 85 70 16
a 85 2 13
a 85 47 4
a 87 88 14
a 87 89 4
a 87 90 7
a 87 91 19
a 87 92 18
a 87 93 9
a 87 94 19
a 87 36 6
a 87 12 1
c 96 3 42 45 169
c 85 89 3 5 131
c 81 43 2 20 133
c 17 20 40 47 95
c 90 3 54 61 199
c 54 55 83 84 178
c 86 92 78 9 48
c 49 56 16 21 138
c 22 27 7 9 85
c 89 93 98 2 118
c 76 87 80 86 74
c 51 53 29 83 108
c 98 2 63 92 162
c 54 81 33 40 50
c 95 47 13 16 151
c 75 76 26 27 108
c 50 81 48 51 74
c 37 40 35 9 113
c 66 71 78 82 90
c 66 70 49 54 89
c 46 34 95 1 134
c 13 18 26 32 77
c 89 27 28 32 112
c 87 12 56 28 27
c 42 92 28 31 103
c 87 91 58 72 164
c 0 1 49 3 84
c 22 24 95 96 143
c 42 47 69 16 162
c 32 36 58 64 194
c 28 34 17 18 86
c 97 60 84 62 109
c 66 69 59 61 175
c 62 65 15 16 72
c 64 69 9 10 124
c 76 87 53 55 190
c 22 28 21 99 44
c 7 47 42 44 60
c 54 61 80 83 91
c 16 18 5 12 49
c 73 79 28 29 113
c 28 33 8 13 74
c 23 51 5 7 92
c 95 97 52 56 164
c 33 37 76 79 111
c 49 53 21 0 172
c 83 84 99 34 195
c 8 14 67 69 138
c 49 55 53 60 115
c 25 31 12 16 124
c 36 9 56 28 28
c 31 19 43 50 47
c 28 32 70 98 130
c 98 3 83 88 179
c 66 71 76 87 121
c 43 53 91 95 64
c 79 86 80 82 80
c 49 55 78 85 87
c 64 67 19 20 118
c 79 80 26 32 129
c 22 2 98 13 178
c 58 72 95 97 172
c 8 91 65 70 71
c 92 96 63 58 189
c 26 30 50 53 105
c 73 40 5 10 182
c 56 28 37 59 112
c 52 58 22 2 115
c 30 32 34 35 156
c 68 46 40 45 174
c 63 68 57 61 182
c 9 21 52 53 68
c 60 65 35 76 129
c 70 77 20 16 133
c 95 99 85 89 100
c 61 62 27 30 102
c 93 76 55 62 63
c 55 73 34 40 47
c 9 89 43 47 147
c 2 5 17 18 153
c 31 37 80 19 64
c 87 12 13 24 125
c 33 72 34 37 184
c 35 40 10 17 161
c 67 70 54 60 149
c 92 96 82 83 168
c 50 53 26 32 111
c 94 16 43 48 174
c 66 56 4 32 197
c 98 13 69 72 89
c 92 95 59 62 170
c 67 69 5 12 48
c 85 89 55 73 125
c 82 83 81 83 185
c 12 19 60 21 26
c 56 60 5 12 126
c 59 62 69 74 189
c 88 31 80 87 75
c 91 93 36 38 183
c 39 44 32 69 90
c 97 6 15 19 26
c 3 95 62 68 118
c 23 24 56 57 83
c 41 43 21 25 121
c 89 91 35 40 164
c 30 37 73 74 66
c 96 0 11 16 97
c 14 17 58 59 28
c 46 52 76 81 125
c 53 55 52 53 177
c 16 20 71 73 183
c 95 98 80 84 50
c 50 56 16 26 198
c 18 24 37 78 171
c 20 16 25 28 175
c 97 4 80 35 49
c 64 96 21 58 63
c 66 71 22 27 167
c 94 16 61 67 81
c 4 9 35 60 157
c 53 21 30 78 172
c 24 25 74 76 90
c 32 63 33 34 167
c 39 5 12 18 146
c 90 96 70 14 180
c 36 35 51 52 195
c 86 88 91 93 192
c 40 4 63 42 195
c 58 65 56 28 76
c 89 96 47 4 49
c 81 64 73 77 77
c 77 79 99 34 177
c 92 94 37 78 77
c 38 40 64 66 181
c 30 34 34 37 58
c 96 39 13 19 93
c 90 92 50 81 120
c 14 15 4 11 88
c 48 49 97 4 118
c 55 58 40 45 31
c 78 80 12 28 84
c 53 59 45 48 176
c 72 63 49 52 29
c 7 8 23 30 52
c 92 97 35 38 48
c 40 42 81 26 181
c 62 36 47 48 55
c 45 49 7 11 193
c 19 25 38 76 195
c 61 63 86 87 71
c 40 25 41 44 37
c 10 16 99 34 53
c 94 96 53 54 152
c 37 43 38 32 58
c 55 57 97 3 123
c 92 97 55 61 80
c 64 65 16 20 179
c 52 82 70 75 196
c 59 44 94 0 73
c 42 49 23 43 184
c 59 65 65 66 198
c 6 50 33 19 84
c 70 71 43 48 54
c 25 74 72 73 176
c 70 75 65 85 51
c 69 70 40 25 93
c 87 91 23 30 101
c 44 46 2 9 26
c 95 47 80 34 144
c 89 93 21 25 64
c 85 86 64 69 33
c 2 29 61 68 114
c 9 28 84 87 105
c 24 27 0 7 52
c 26 32 71 73 136
c 48 16 43 49 157
c 69 73 93 98 86
c 40 25 4 6 150
c 57 64 97 2 199
c 29 51 11 16 31
c 5 10 91 74 132
c 81 82 24 27 29
c 20 24 26 28 69
c 25 28 79 93 74
c 64 71 14 17 121
c 39 81 20 16 37
c 87 90 73 80 36
c 80 81 67 73 33
c 87 12 53 21 144
c 51 52 88 8 161
c 0 5 15 17 131
c 82 85 52 82 33
c 38 32 59 60 43
c 45 47 81 43 148
c 62 64 37 44 87
c 51 55 53 52 56
c 55 60 83 84 70
c 68 92 18 24 70
c 91 19 74 80 172
c 24 25 35 60 126
c 90 94 25 26 96
c 29 35 9 15 79
c 4 7 80 40 122
c 89 92 50 46 48
c 97 91 21 25 58
c 20 7 2 9 156
c 89 56 42 49 192
c 85 87 82 15 151
c 17 19 33 43 168
c 74 79 54 58 44
c 12 17 85 70 30
c 72 78 79 99 199
c 62 63 63 69 169
c 54 57 7 14 160
c 17 24 55 60 194
c 32 93 79 82 102
c 14 20 78 79 90
c 15 19 51 54 76
c 45 47 70 77 109
c 40 25 32 35 52
c 66 56 0 1 41
c 60 27 13 18 91
c 49 56 13 14 110
c 50 36 48 51 173
c 35 36 2 6 73
c 21 26 55 62 59
c 33 36 81 87 180
c 6 50 83 87 101
c 88 67 20 23 70
c 25 26 44 51 54
c 54 92 77 83 148
c 27 29 78 81 139
c 73 77 70 77 189
c 59 60 46 48 115
c 6 12 4 7 191
c 58 72 47 53 81
c 60 62 50 55 172
c 34 5 63 92 186
c 84 91 82 99 68
c 46 47 19 21 189
c 66 71 91 74 69
c 85 70 83 88 159
c 65 70 86 63 124
c 87 12 83 15 85
c 78 5 39 40 157
c 93 99 81 43 117
c 71 67 19 24 70
c 68 74 26 8 163
c 75 80 17 19 47
c 70 75 8 14 111
c 23 28 99 54 45
c 22 29 11 16 46
c 18 96 65 46 192
c 78 82 94 78 125
c 4 86 40 25 113
c 67 89 62 66 63
c 47 51 95 66 178
c 98 3 1 47 116
c 35 98 12 18 157
c 72 74 48 16 185
c 8 9 61 95 58
c 58 60 30 34 184
c 49 50 98 1 87
c 44 68 54 61 48
c 33 35 62 66 56
c 60 27 88 36 38
c 8 15 28 31 90
c 8 10 42 43 77
c 65 67 52 55 74
c 79 82 5 12 166
c 76 87 78 9 147
c 97 99 41 43 96
c 55 59 90 3 141
c 26 28 44 48 70
c 96 0 88 91 118
c 60 63 81 86 41
c 50 56 87 88 80
c 43 50 39 41 83
c 71 67 11 15 125
c 90 97 29 41 71
c 3 4 43 44 110
c 29 36 20 27 66
c 98 54 48 53 133
c 9 28 33 34 168
c 69 73 75 81 171
c 81 43 51 52 124
c 65 70 82 48 127
c 97 4 70 76 199
c 48 52 83 90 119
c 36 42 54 24 127
c 6 84 40 45 83
c 78 85 57 39 114
c 13 58 94 96 50
c 54 60 25 98 149
c 32 69 87 89 38
c 51 54 88 92 52
c 10 12 74 78 113
c 6 8 81 74 57
c 35 60 82 89 28
c 94 98 59 63 176
c 89 90 45 51 94
c 38 45 38 42 75
c 69 75 23 92 119
c 74 46 50 52 31
c 44 51 76 83 189
c 94 78 46 56 129
c 79 83 25 82 126
c 65 67 36 43 74
c 64 3 88 8 127
c 83 84 7 13 48
c 74 76 64 71 136
c 67 68 21 24 66
c 31 19 89 96 103
c 88 8 35 40 140
c 27 20 57 60 68
c 37 55 76 78 76
c 75 76 86 63 162
c 27 82 82 11 54
c 7 13 91 94 166
c 52 57 31 32 124
c 46 51 6 8 162
c 52 94 20 25 110
c 6 9 35 38 82
c 36 39 11 14 188
c 41 47 49 55 192
c 92 7 49 51 49
c 17 20 63 70 121
c 62 66 15 21 38
c 34 37 12 17 116
c 50 57 36 37 84
c 3 58 59 44 127
c 62 69 18 62 40
c 33 35 81 85 86
c 50 63 33 38 144
c 16 17 78 84 112
c 99 54 54 0 121
c 73 49 2 8 50
c 56 57 16 97 145
c 27 82 80 82 119
c 31 38 94 98 99
c 48 51 44 46 101
c 8 38 71 67 164
c 35 38 17 18 192
c 17 22 24 45 192
c 27 34 38 41 77
c 87 88 89 27 126
c 76 79 61 66 82
c 79 83 82 88 139
c 46 47 96 1 194
c 7 55 91 98 162
c 2 29 46 65 173
c 53 52 53 60 97
c 63 92 98 4 178
c 41 44 3 95 26
c 48 51 24 27 74
c 98 5 44 40 46
c 31 19 51 52 108
c 84 87 95 1 134
c 90 92 32 39 58
c 65 42 76 36 129
c 65 85 93 96 131
c 54 58 23 27 29
c 5 12 27 57 89
c 9 13 62 36 126
c 0 3 0 4 63
c 29 41 91 94 115
c 55 81 85 2 185
c 4 10 19 70 123
c 24 25 63 42 175
c 63 51 97 99 187
c 78 85 8 14 27
c 33 40 63 69 75
c 79 93 83 87 115
c 70 14 25 27 143
c 73 79 80 35 74
c 57 64 26 30 147
c 59 60 95 47 90
c 83 86 6 12 187
c 59 63 69 71 103
c 47 54 26 29 31
c 70 73 96 98 91
c 99 54 63 70 86
c 64 71 6 9 105
c 93 96 45 47 73
c 92 98 65 69 69
c 7 9 84 85 123
c 12 19 6 78 127
c 81 43 3 95 182
c 48 53 75 78 56
c 71 72 80 46 174
c 68 15 59 66 131
c 26 30 53 52 150
c 88 93 85 87 108
c 44 68 91 19 39
c 26 31 7 13 113
c 81 26 92 47 130
c 16 21 22 49 118
c 0 4 81 84 168
c 66 73 78 85 157
c 55 57 32 36 115
c 59 66 4 8 108
c 37 41 6 9 57
c 83 88 61 68 171
c 71 7 21 27 136
c 58 65 17 16 26
c 12 18 63 17 101
c 43 46 62 66 162
c 69 96 65 85 129
c 79 80 55 73 81
c 70 76 94 96 32
c 40 47 2 7 52
c 73 55 73 74 182
c 78 84 98 67 37
c 41 43 31 34 181
c 88 67 54 24 197
c 60 62 13 18 85
c 16 17 71 78 149
c 7 13 86 21 170
c 99 4 73 76 47
c 92 99 0 4 44
c 22 29 47 50 84
c 86 21 9 28 194
c 92 85 91 96 75
c 92 59 85 92 163
c 88 89 40 41 178
c 81 88 79 82 139
c 46 52 64 66 31
c 96 98 40 45 146
c 52 54 13 16 194
c 46 52 80 19 154
c 52 1 75 79 195
c 72 77 9 92 36
c 94 99 20 40 161
c 76 83 99 1 41
c 18 23 51 35 32
c 89 33 60 95 93
c 63 67 43 48 150
c 80 46 36 35 33
c 11 13 28 34 53
c 94 78 0 1 83
c 31 37 4 86 77
c 72 77 31 35 198
c 80 87 67 74 153
c 97 2 75 78 111
c 49 53 33 37 40
c 0 80 79 86 113
c 33 37 54 81 179
c 56 63 7 14 166
c 52 59 88 49 180
c 54 56 49 50 106
c 15 18 50 54 68
c 86 88 15 21 153
c 16 19 65 69 39
c 12 19 70 73 25
c 51 57 40 43 187
c 48 51 79 85 32
c 97 1 1 4 157
c 2 29 49 53 107
c 92 95 46 43 35
c 69 73 41 40 181
c 44 68 63 69 28
c 13 24 71 72 107
c 11 12 16 97 63
c 68 15 13 19 149
c 54 92 24 25 181
c 22 62 86 93 33
c 79 81 99 54 188
c 39 5 63 65 111
c 17 23 9 28 61
c 79 86 53 52 45
c 35 98 40 4 25
c 37 59 19 21 118
c 70 79 4 86 104
c 7 11 67 73 61
c 70 72 54 58 91
c 50 55 73 49 179
c 60 62 46 65 194
c 82 89 57 3 73
c 60 80 96 39 146
c 7 18 70 14 103
c 59 60 77 84 151
c 15 22 96 0 74
c 46 51 34 38 95
c 83 87 8 10 166
c 2 29 41 48 38
c 78 84 91 92 31
c 82 48 47 48 180
c 83 90 85 2 26
c 44 13 74 50 45
c 49 3 96 3 91
c 40 41 69 74 93
c 16 17 74 56 118
c 25 82 25 74 70
c 42 92 30 31 130
c 51 35 50 51 68
c 21 23 1 61 124
c 84 86 60 66 134
c 23 30 10 17 56
c 96 1 43 44 146
c 49 56 36 38 33
c 30 33 34 43 165
c 69 72 96 97 146
c 80 21 95 97 78
c 82 41 86 90 80
c 78 84 74 46 71
c 88 94 77 78 35
c 4 10 95 0 175
c 3 61 54 55 70
c 80 86 29 31 193
c 12 60 9 13 160
c 45 49 24 25 136
c 86 90 30 34 98
c 69 76 69 70 177
c 19 10 88 93 197
c 75 79 39 46 97
c 60 95 3 7 56
c 6 11 79 83 130
c 22 25 6 24 109
c 1 7 56 60 135
c 24 25 14 16 158
c 83 84 25 31 56
c 18 23 7 55 133
c 75 28 8 38 34
c 82 84 83 48 40
c 26 28 39 65 180
c 71 77 63 42 74
c 12 18 15 18 31
c 13 17 45 50 138
c 54 10 22 26 142
c 57 62 2 5 115
c 71 78 44 51 127
c 87 90 22 29 63
c 79 84 1 63 126
c 7 11 97 3 40
c 8 14 30 74 147
c 4 10 23 29 45
c 35 38 82 86 92
c 71 89 62 69 132
c 82 89 48 74 161
c 24 29 2 9 54
c 88 49 44 45 196
c 31 35 68 15 51
c 75 28 22 26 166
c 88 92 82 88 107
c 88 90 37 40 104
c 30 46 83 87 190
c 82 85 31 32 56
c 38 43 20 26 154
c 92 98 86 92 165
c 35 9 45 50 56
c 83 84 56 59 87
c 69 73 25 82 153
c 68 72 7 18 143
c 80 21 34 22 180
c 16 97 80 83 138
c 79 93 23 43 85
c 60 21 16 18 147
c 56 28 9 11 141
c 41 48 79 86 75
c 1 4 15 26 59
c 53 52 71 76 180
c 8 91 70 72 124
c 34 77 53 57 68
c 41 48 67 58 31
c 6 50 67 72 132
c 94 1 18 25 82
c 48 54 18 19 85
c 96 2 36 8 129
c 82 15 78 84 89
c 84 85 11 13 198
c 72 63 40 41 68
c 85 90 38 40 150
c 0 59 82 85 137
c 69 71 27 34 135
c 81 64 69 74 100
c 76 36 14 17 145
c 35 48 40 44 89
c 20 40 81 82 190
c 80 84 72 98 72
c 11 56 91 19 120
c 58 65 67 71 39
c 84 91 48 74 57
c 66 70 25 27 74
c 56 62 97 6 194
c 85 89 40 4 109
c 82 75 62 65 78
c 85 47 79 84 107
c 29 32 0 80 149
c 82 41 8 38 96
c 24 31 36 42 116
c 49 56 38 42 126
c 98 0 59 96 95
c 28 33 20 23 71
c 46 59 92 93 160
c 31 37 73 80 146
c 78 84 52 82 104
c 76 82 94 98 174
c 58 65 72 78 27
c 50 51 72 98 51
c 93 50 21 99 77
c 0 6 73 79 37
c 64 68 99 3 166
c 46 48 82 41 154
c 60 65 44 68 163
c 55 62 96 2 158
c 77 78 96 1 72
c 25 27 98 67 162
c 63 58 95 18 81
c 82 99 80 82 29
c 3 10 29 33 161
c 43 48 9 11 164
c 58 59 49 55 76
c 81 86 16 26 115
c 80 21 74 50 69
c 24 76 53 58 139
c 6 13 40 4 172
c 18 19 98 13 109
c 35 36 1 7 124
c 32 35 54 59 195
c 84 85 36 42 152
c 53 57 69 73 193
c 81 71 83 90 35
c 41 47 45 49 122
c 16 26 77 56 162
c 89 91 5 61 73
c 63 66 88 94 169
c 22 24 7 12 197
c 23 30 54 81 83
c 2 20 12 14 128
c 36 8 11 16 55
c 2 4 40 7 134
c 77 82 32 33 74
c 35 42 68 75 133
c 91 74 40 41 73
c 78 82 38 42 105
c 56 60 97 91 97
c 11 18 54 59 146
c 77 84 65 38 61
c 34 22 16 12 174
c 96 98 94 16 195
c 11 18 95 99 71
c 60 61 87 89 184
c 34 40 45 48 151
c 18 62 11 12 108
c 77 44 66 92 77
c 60 62 85 2 44
c 21 28 89 91 104
c 73 76 28 33 101
c 44 46 30 37 132
c 90 92 44 40 160
c 23 51 58 9 146
c 92 98 96 2 150
c 78 30 23 24 121
c 36 43 65 68 154
c 32 63 29 36 50
c 98 2 10 14 187
c 93 95 47 52 59
c 70 98 18 21 43
c 73 79 37 44 168
c 6 12 33 39 102
c 81 43 33 35 125
c 1 63 31 35 95
c 17 16 27 34 165
c 3 7 53 21 199
c 80 84 0 2 77
c 85 70 55 81 51
c 17 76 6 13 121
c 27 31 81 35 149
c 68 46 14 18 55
c 49 3 81 88 66
c 4 56 75 80 41
c 20 21 74 76 137
c 91 97 40 44 123
c 81 85 83 59 65
c 19 22 37 68 116
c 67 73 92 99 97
c 40 4 13 14 109
c 23 25 4 5 87
c 15 22 81 84 103
c 27 28 39 49 120
c 76 83 83 86 80
c 87 92 76 83 49
c 66 69 33 79 64
c 14 15 66 70 124
c 82 41 51 53 92
c 54 61 80 34 164
c 28 33 0 7 106
c 97 3 2 4 57
c 66 73 1 47 27
c 13 17 99 6 81
c 99 6 38 40 81
c 47 4 66 42 37
c 69 76 57 62 101
c 60 95 54 24 137
c 95 66 58 60 46
c 41 43 86 2 103
c 18 22 40 25 164
c 37 41 88 67 96
c 49 51 3 7 148
c 81 83 40 41 109
c 90 3 87 92 59
c 69 96 27 34 182
c 48 51 36 37 165
c 75 95 23 90 165
c 13 14 35 9 155
c 33 38 37 44 145
c 66 42 74 46 194
c 17 65 20 7 83
c 33 22 83 79 53
c 4 9 72 73 48
c 8 38 25 29 164
c 65 72 95 47 75
c 70 73 92 98 181
c 36 37 27 20 70
c 23 24 63 68 157
c 42 48 9 78 93
c 75 78 36 9 40
c 11 13 82 50 107
c 44 13 92 47 127
c 26 27 80 85 125
c 98 13 49 54 101
c 93 94 59 62 45
c 2 7 73 55 62
c 11 16 39 5 91
c 34 35 79 93 62
c 11 13 83 87 93
c 89 93 9 21 72
c 54 81 93 71 97
c 52 54 55 56 168
c 68 74 59 64 176
c 2 20 36 43 187
c 33 35 91 97 86
c 39 49 8 9 49
c 52 1 25 29 67
c 77 84 22 18 170
c 73 49 55 81 69
c 55 62 5 10 44
c 72 75 80 35 82
c 32 33 51 53 44
c 34 36 84 12 143
c 52 1 69 76 162
c 33 72 88 90 86
c 2 20 36 38 32
c 35 60 35 9 195
c 24 45 19 70 112
c 42 92 19 21 94
c 61 65 59 99 88
c 36 42 56 28 57
c 83 48 95 66 179
c 21 24 29 32 163
c 50 63 11 56 127
c 17 54 57 60 109
c 22 27 37 55 105
c 63 42 4 5 168
c 58 63 82 84 100
c 68 36 31 19 144
c 85 89 47 40 108
c 49 54 58 59 27
c 79 62 51 53 136
c 85 92 13 55 146
c 37 55 77 69 163
c 52 1 20 22 74
c 62 67 51 54 75
c 91 74 19 22 101
c 91 96 17 16 107
c 89 74 50 53 109
c 23 90 77 47 179
c 15 21 15 26 112
c 62 66 54 61 92
c 39 5 79 82 143
c 37 38 25 29 85
c 21 23 23 29 124
c 76 78 65 68 140
c 75 81 74 76 124
c 82 88 71 76 95
c 74 46 74 75 90
c 83 59 45 52 134
c 93 0 31 32 100
c 62 63 27 34 160
c 66 56 53 59 180
c 29 83 26 34 187
c 83 85 17 22 191
c 95 98 9 12 62
c 30 31 22 28 41
c 80 85 88 36 62
c 44 51 56 57 137
c 7 14 76 77 135
c 58 61 64 69 192
c 26 32 5 6 126
c 23 92 60 65 123
c 9 14 29 32 113
c 28 29 39 65 41
c 40 44 64 3 65
c 50 56 53 56 98
c 33 36 76 36 142
c 97 1 78 9 186
c 38 45 79 85 117
c 82 50 15 20 180
c 56 61 36 41 160
c 93 94 84 90 160
c 94 1 99 0 123
c 91 93 41 42 56
c 74 79 95 0 144
c 95 99 75 77 127
c 90 92 59 61 126
c 20 7 69 74 135
c 16 97 61 95 119
c 7 13 27 29 70
c 26 28 81 64 163
c 2 4 58 59 79
c 89 74 61 66 27
c 38 43 5 61 179
c 68 75 15 19 160
c 55 81 72 77 80
c 88 89 92 7 92
c 31 33 84 91 70
c 83 84 79 82 75
c 45 78 84 87 197
c 68 36 96 2 164
c 50 51 53 52 179
c 54 56 32 39 160
c 3 10 13 19 156
c 34 43 61 95 70
c 71 78 28 13 124
c 1 61 11 12 121
c 32 38 81 83 145
c 51 58 66 60 172
c 88 89 44 68 133
c 29 33 81 87 193
c 91 74 35 38 68
c 21 0 33 22 46
c 96 2 41 47 75
c 45 78 87 89 92
c 84 91 62 69 164
c 12 60 88 91 174
c 47 48 46 47 187
c 51 54 29 51 123
c 98 99 7 12 166
c 88 90 87 94 90
c 51 56 59 44 104
c 81 83 77 78 35
c 96 25 99 5 165
c 76 79 29 34 160
c 86 87 74 78 100
c 87 89 80 87 70
c 24 29 64 96 173
c 2 9 23 60 117
c 67 90 90 92 180
c 65 70 53 21 75
c 52 54 45 50 60
c 31 33 21 23 28
c 98 99 83 15 31
c 16 20 22 2 69
c 99 4 74 48 91
c 67 68 69 70 120
c 17 21 79 82 45
c 89 33 41 46 188
c 92 93 57 58 127
c 56 62 92 47 192
c 59 44 52 57 93
c 90 92 63 92 98
c 57 58 66 72 184
c 94 99 12 13 91
c 16 23 26 34 145
c 26 30 32 63 44
c 41 40 37 51 103
c 59 44 80 46 181
c 82 15 12 15 150
c 83 84 28 30 33
c 52 57 47 52 106
c 56 61 54 61 185
c 27 82 4 5 42
c 23 51 37 51 77
c 9 10 3 9 86
c 27 20 17 76 194
c 44 51 94 95 55
c 78 81 93 71 199
c 76 83 86 92 121
c 66 69 94 1 75
c 98 0 66 68 166
c 70 50 95 18 78
c 17 24 2 20 59
c 96 0 45 48 25
c 52 55 9 89 84
c 68 46 54 61 39
c 47 49 62 65 102
c 20 25 44 48 163
c 83 48 83 86 141
c 78 30 62 67 31
c 56 33 90 97 56
c 59 64 60 64 123
c 68 73 14 16 190
c 37 38 79 93 169
c 54 81 66 73 193
c 4 9 50 57 88
c 37 51 72 74 116
c 42 92 35 38 99
c 27 31 89 27 167
c 55 60 63 65 141
c 80 21 68 75 172
c 12 15 60 80 196
c 60 27 27 82 123
c 68 70 20 23 122
c 12 28 71 72 195
c 90 94 7 12 130
c 16 97 83 15 44
c 80 21 43 46 163
c 27 82 16 18 187
c 98 5 43 49 99
c 41 42 43 53 151
c 38 44 97 6 123
c 54 10 36 43 169
c 20 23 48 16 146
c 87 12 2 8 70
c 20 21 0 78 167
c 92 7 96 1 120
c 12 19 29 34 57
c 64 3 68 75 122
c 6 24 75 78 174
c 6 78 42 48 133
c 9 89 90 96 128
c 16 21 51 58 75
c 29 33 87 88 85
c 99 0 67 90 115
c 11 13 30 31 194
c 3 7 52 94 140
c 55 60 16 17 162
c 9 78 22 29 28
c 4 9 34 35 151
c 83 59 81 84 113
c 72 77 56 71 57
c 28 33 40 45 88
c 61 68 71 89 59
c 20 25 53 60 180
c 88 36 41 46 113
c 29 34 54 24 103
c 93 76 78 85 191
c 9 12 87 92 67
c 0 1 23 26 82
c 1 47 73 79 136
c 19 25 80 35 70
c 16 17 37 44 124
c 97 6 16 12 165
c 3 9 44 47 185
c 49 53 16 23 101
c 19 70 58 59 135
c 88 92 27 34 177
c 71 7 49 54 64
c 72 73 69 70 172
c 72 63 32 33 112
c 34 43 94 78 41
c 83 87 90 95 163
c 26 33 85 88 84
c 22 27 12 17 182
c 38 76 37 40 46
c 42 48 32 38 49
c 37 41 37 51 135
c 29 63 97 98 56
c 91 98 14 21 99
c 3 95 37 44 136
c 59 22 53 23 116
c 94 96 40 46 179
c 40 41 35 41 57
c 37 39 24 29 192
c 68 15 84 91 128
c 33 22 81 74 57
c 37 59 54 57 124
c 54 0 32 37 199
c 30 74 13 20 121
c 90 95 19 70 103
c 93 50 91 92 68
c 74 56 98 1 98
c 32 34 11 15 198
c 25 98 4 66 52
c 43 50 51 54 65
c 36 42 53 4 40
c 83 87 1 2 178
c 9 13 63 70 191
c 69 74 99 54 66
c 72 98 66 72 60
c 45 46 65 85 26
c 64 70 80 34 101
c 41 44 31 34 170
c 82 88 49 45 170
c 69 96 3 61 97
c 42 43 92 98 141
c 98 2 57 3 87
c 78 30 37 68 158
c 85 70 74 46 172
c 42 48 97 0 51
c 47 49 79 81 50
c 41 16 81 64 145
c 43 50 46 53 179
c 50 63 59 62 34
c 20 40 27 20 44
c 44 13 70 77 136
c 55 60 53 60 105
c 20 24 64 65 196
c 5 10 33 40 36
c 6 50 59 99 154
c 3 58 14 15 59
c 69 71 42 47 72
c 93 98 83 84 111
c 19 50 27 32 80
c 39 49 30 78 107
c 9 15 16 20 178
c 35 37 51 55 198
c 59 96 67 73 143
c 71 77 30 34 98
c 41 47 17 24 135
c 34 77 83 15 182
c 97 40 37 78 162
c 67 69 92 47 187
c 99 4 76 81 187
c 25 30 65 67 87
c 71 74 3 95 161
c 79 93 52 82 53
c 80 82 27 32 160
c 5 10 40 47 105
c 29 33 27 29 168
c 29 51 59 63 178
c 41 40 57 62 147
c 51 56 54 56 105
c 6 7 70 98 75
c 31 37 24 76 176
c 87 90 69 71 125
c 83 85 75 81 122
c 16 22 61 62 133
c 45 51 97 4 58
c 4 11 28 32 39
c 53 4 52 55 121
c 40 7 87 91 157
c 12 14 35 39 182
c 57 62 77 69 38
c 77 69 11 14 85
c 39 42 67 21 100
c 60 66 50 53 61
c 63 92 25 29 117
c 80 86 65 72 66
c 60 21 88 90 93
c 44 47 46 48 151
c 61 63 76 81 198
c 31 12 40 41 153
c 85 91 53 23 103
c 74 46 74 76 83
c 47 52 84 12 122
c 64 65 5 61 157
c 31 12 73 55 45
c 16 17 48 51 29
c 18 20 13 55 156
c 19 25 93 99 55
c 68 36 6 24 164
c 77 44 20 26 77
c 77 80 61 67 191
c 87 89 23 25 191
c 34 5 21 28 160
c 72 76 58 62 51
c 66 71 25 32 143
c 59 63 74 56 26
c 35 76 7 9 112
c 74 56 46 52 136
c 27 31 93 59 112
c 91 96 78 81 95
c 33 79 24 46 195
c 12 14 23 92 190
c 66 5 70 76 141
c 34 40 81 74 40
c 18 23 87 12 173
c 20 23 77 44 173
c 65 67 94 46 47
c 13 14 14 17 64
c 61 62 84 89 88
c 3 7 56 33 99
c 52 1 40 41 117
c 57 59 89 92 103
c 68 69 92 94 158
c 47 40 92 59 199
c 13 16 93 0 127
c 25 27 37 59 94
c 74 79 66 67 170
c 82 15 78 81 185
c 7 83 11 16 141
c 72 78 20 40 166
c 0 1 86 92 61
c 54 24 90 96 106
c 45 47 61 65 126
c 25 28 24 25 178
c 81 35 42 92 43
c 62 69 98 99 115
c 25 82 50 55 148
c 86 89 86 92 51
c 5 15 67 8 156
c 5 6 79 81 123
