notes: n=200, m=4527, elb=1, eub=20, conf_density=0.0002, clb=25, cub= 200, seed= 8855
p spec 200 4527 2048
s 129
t 64
a 0 1 8
a 0 2 1
a 0 3 1
a 0 4 17
a 0 5 13
a 0 6 5
a 0 7 14
a 0 8 3
a 0 9 1
a 0 10 19
a 0 11 3
a 0 12 6
a 0 13 4
a 0 14 16
a 0 15 5
a 0 191 16
a 0 72 5
a 0 98 8
a 0 147 5
a 0 28 7
a 0 17 5
a 0 63 10
a 1 2 12
a 1 3 8
a 1 4 19
a 1 5 13
a 1 6 3
a 1 7 10
a 1 8 14
a 1 9 2
a 1 10 13
a 1 11 16
a 1 12 18
a 1 13 17
a 1 14 11
a 1 15 8
a 1 16 4
a 1 121 9
a 1 151 14
a 1 102 10
a 1 168 18
a 1 134 6
a 1 106 11
a 2 3 15
a 2 4 13
a 2 5 17
a 2 6 14
a 2 7 19
a 2 8 7
a 2 9 15
a 2 10 4
a 2 11 6
a 2 12 12
a 2 13 16
a 2 14 13
a 2 15 7
a 2 16 15
a 2 17 12
a 2 73 12
a 2 0 18
a 2 59 14
a 2 145 12
a 2 193 13
a 2 41 1
a 2 61 14
a 3 4 4
a 3 5 1
a 3 6 1
a 3 7 15
a 3 8 5
a 3 9 19
a 3 10 2
a 3 11 12
a 3 12 15
a 3 13 14
a 3 14 12
a 3 15 14
a 3 16 12
a 3 17 13
a 3 18 10
a 3 169 18
a 3 27 2
a 3 192 14
a 3 24 12
a 3 83 14
a 3 185 9
a 3 146 7
a 3 170 10
a 4 5 3
a 4 6 5
a 4 7 4
a 4 8 14
a 4 9 1
a 4 10 4
a 4 11 12
a 4 12 18
a 4 13 14
a 4 14 8
a 4 15 12
a 4 16 17
a 4 17 5
a 4 18 17
a 4 19 12
a 4 145 12
a 4 151 13
a 4 71 4
a 4 110 8
a 4 134 1
a 5 6 2
a 5 7 18
a 5 8 13
a 5 9 8
a 5 10 10
a 5 11 14
a 5 12 7
a 5 13 1
a 5 14 16
a 5 15 15
a 5 16 7
a 5 17 14
a 5 18 5
a 5 19 5
a 5 20 11
a 5 106 4
a 5 92 18
a 5 58 8
a 5 123 9
a 5 96 15
a 5 60 8
a 5 170 13
a 5 34 17
a 6 7 10
a 6 8 2
a 6 9 6
a 6 10 7
a 6 11 12
a 6 12 4
a 6 13 12
a 6 14 2
a 6 15 9
a 6 16 2
a 6 17 12
a 6 18 4
a 6 19 13
a 6 20 13
a 6 21 5
a 6 178 8
a 6 48 7
a 6 29 8
a 6 161 9
a 6 58 7
a 6 185 15
a 6 72 17
a 7 8 12
a 7 9 11
a 7 10 9
a 7 11 2
a 7 12 17
a 7 13 9
a 7 14 16
a 7 15 1
a 7 16 17
a 7 17 17
a 7 18 19
a 7 19 4
a 7 20 16
a 7 21 17
a 7 22 19
a 7 71 9
a 7 188 18
a 7 31 1
a 7 137 8
a 7 81 1
a 7 76 7
a 7 50 12
a 7 147 4
a 7 152 5
a 8 9 7
a 8 10 8
a 8 11 9
a 8 12 19
a 8 13 6
a 8 14 16
a 8 15 11
a 8 16 6
a 8 17 10
a 8 18 2
a 8 19 5
a 8 20 2
a 8 21 2
a 8 22 14
a 8 23 6
a 8 40 4
a 8 189 3
a 8 132 12
a 8 116 14
a 8 191 19
a 8 174 13
a 8 171 1
a 8 54 14
a 8 105 1
a 8 153 2
a 9 10 15
a 9 11 16
a 9 12 15
a 9 13 4
a 9 14 9
a 9 15 7
a 9 16 1
a 9 17 9
a 9 18 4
a 9 19 4
a 9 20 15
a 9 21 15
a 9 22 19
a 9 23 7
a 9 24 19
a 9 66 11
a 9 149 9
a 9 45 10
a 9 189 10
a 9 122 17
a 9 71 6
a 10 11 1
a 10 12 11
a 10 13 8
a 10 14 10
a 10 15 3
a 10 16 8
a 10 17 18
a 10 18 6
a 10 19 8
a 10 20 17
a 10 21 6
a 10 22 12
a 10 23 4
a 10 24 9
a 10 25 18
a 10 113 8
a 10 44 16
a 10 27 14
a 10 8 2
a 10 6 18
a 10 73 2
a 10 112 13
a 10 121 1
a 10 3 16
a 10 189 5
a 11 12 19
a 11 13 10
a 11 14 3
a 11 15 3
a 11 16 18
a 11 17 2
a 11 18 11
a 11 19 16
a 11 20 9
a 11 21 19
a 11 22 9
a 11 23 8
a 11 24 9
a 11 25 12
a 11 26 14
a 11 121 16
a 11 7 10
a 11 154 4
a 11 142 15
a 11 171 17
a 11 168 8
a 12 13 9
a 12 14 4
a 12 15 2
a 12 16 9
a 12 17 12
a 12 18 16
a 12 19 5
a 12 20 1
a 12 21 4
a 12 22 18
a 12 23 19
a 12 24 19
a 12 25 8
a 12 26 2
a 12 27 19
a 12 131 7
a 12 166 7
a 12 165 16
a 12 153 7
a 12 135 9
a 13 14 14
a 13 15 8
a 13 16 4
a 13 17 10
a 13 18 1
a 13 19 11
a 13 20 13
a 13 21 14
a 13 22 8
a 13 23 2
a 13 24 16
a 13 25 2
a 13 26 11
a 13 27 2
a 13 28 15
a 13 161 1
a 13 143 1
a 13 156 3
a 13 160 10
a 13 142 12
a 13 42 3
a 13 106 1
a 13 193 15
a 14 15 17
a 14 16 1
a 14 17 2
a 14 18 11
a 14 19 17
a 14 20 1
a 14 21 10
a 14 22 12
a 14 23 15
a 14 24 13
a 14 25 12
a 14 26 9
a 14 27 14
a 14 28 13
a 14 29 12
a 14 83 8
a 14 137 17
a 14 198 18
a 14 84 3
a 14 191 2
a 14 119 9
a 14 116 4
a 14 140 2
a 14 139 17
a 14 9 5
a 15 16 3
a 15 17 2
a 15 18 18
a 15 19 10
a 15 20 19
a 15 21 12
a 15 22 14
a 15 23 11
a 15 24 16
a 15 25 7
a 15 26 11
a 15 27 18
a 15 28 6
a 15 29 3
a 15 30 15
a 15 195 7
a 15 176 15
a 15 171 1
a 15 1 8
a 15 129 1
a 15 8 7
a 15 6 18
a 15 79 11
a 15 14 9
a 191 192 3
a 191 193 13
a 191 194 16
a 191 195 15
a 191 196 14
a 191 197 15
a 191 198 11
a 191 199 12
a 191 0 17
a 191 1 2
a 191 2 13
a 191 3 15
a 191 4 8
a 191 5 17
a 191 6 12
a 191 157 19
a 191 110 16
a 191 67 10
a 191 97 5
a 191 174 1
a 191 130 7
a 191 115 16
a 191 158 1
a 72 73 19
a 72 74 16
a 72 75 12
a 72 76 8
a 72 77 11
a 72 78 8
a 72 79 3
a 72 80 9
a 72 81 1
a 72 82 3
a 72 83 3
a 72 84 6
a 72 85 2
a 72 86 13
a 72 87 15
a 72 104 6
a 72 101 4
a 72 190 1
a 72 26 10
a 72 67 13
a 72 185 17
a 72 19 9
a 72 186 7
a 98 99 15
a 98 100 11
a 98 101 9
a 98 102 6
a 98 103 15
a 98 104 3
a 98 105 14
a 98 106 18
a 98 107 13
a 98 108 18
a 98 109 2
a 98 110 9
a 98 111 18
a 98 112 8
a 98 113 9
a 98 90 12
a 98 172 10
a 98 126 3
a 98 76 8
a 98 28 13
a 147 148 6
a 147 149 4
a 147 150 15
a 147 151 10
a 147 152 8
a 147 153 19
a 147 154 2
a 147 155 9
a 147 156 12
a 147 157 17
a 147 158 14
a 147 159 16
a 147 160 19
a 147 161 6
a 147 162 7
a 147 113 14
a 147 120 18
a 147 175 16
a 147 191 19
a 147 69 19
a 147 73 9
a 147 76 11
a 147 49 13
a 28 29 10
a 28 30 15
a 28 31 13
a 28 32 9
a 28 33 2
a 28 34 3
a 28 35 6
a 28 36 12
a 28 37 14
a 28 38 10
a 28 39 15
a 28 40 16
a 28 41 13
a 28 42 2
a 28 43 13
a 28 106 17
a 28 141 14
a 28 110 18
a 28 138 16
a 28 2 18
a 28 88 8
a 28 166 10
a 17 18 3
a 17 19 9
a 17 20 13
a 17 21 11
a 17 22 15
a 17 23 13
a 17 24 19
a 17 25 1
a 17 26 19
a 17 27 15
a 17 28 8
a 17 29 12
a 17 30 16
a 17 31 3
a 17 32 12
a 17 179 12
a 17 116 11
a 17 149 10
a 17 192 1
a 17 89 15
a 17 7 7
a 63 64 6
a 63 65 7
a 63 66 3
a 63 67 15
a 63 68 17
a 63 69 6
a 63 70 17
a 63 71 13
a 63 72 16
a 63 73 6
a 63 74 1
a 63 75 15
a 63 76 15
a 63 77 1
a 63 78 14
a 63 89 6
a 63 18 6
a 63 182 16
a 63 0 13
a 63 177 13
a 63 29 15
a 63 188 5
a 63 154 3
a 16 17 12
a 16 18 7
a 16 19 3
a 16 20 15
a 16 21 11
a 16 22 9
a 16 23 14
a 16 24 18
a 16 25 12
a 16 26 12
a 16 27 16
a 16 28 3
a 16 29 17
a 16 30 16
a 16 31 4
a 16 99 12
a 16 198 9
a 16 3 4
a 16 140 14
a 16 167 4
a 121 122 4
a 121 123 6
a 121 124 13
a 121 125 3
a 121 126 6
a 121 127 14
a 121 128 10
a 121 129 3
a 121 130 10
a 121 131 15
a 121 132 14
a 121 133 14
a 121 134 9
a 121 135 13
a 121 136 9
a 121 142 10
a 121 22 4
a 121 76 19
a 121 138 5
a 121 30 3
a 121 197 2
a 121 104 3
a 121 52 17
a 121 173 2
a 151 152 4
a 151 153 1
a 151 154 11
a 151 155 13
a 151 156 5
a 151 157 18
a 151 158 4
a 151 159 7
a 151 160 12
a 151 161 3
a 151 162 16
a 151 163 8
a 151 164 9
a 151 165 14
a 151 166 13
a 151 32 7
a 151 40 18
a 151 174 18
a 151 76 5
a 151 48 9
a 151 146 4
a 151 116 4
a 151 62 13
a 151 195 11
a 102 103 13
a 102 104 17
a 102 105 14
a 102 106 19
a 102 107 14
a 102 108 6
a 102 109 1
a 102 110 7
a 102 111 9
a 102 112 3
a 102 113 17
a 102 114 9
a 102 115 13
a 102 116 15
a 102 117 12
a 102 24 7
a 102 191 6
a 102 25 14
a 102 177 3
a 102 33 17
a 102 182 8
a 102 98 19
a 102 199 17
a 168 169 10
a 168 170 5
a 168 171 6
a 168 172 3
a 168 173 13
a 168 174 13
a 168 175 5
a 168 176 13
a 168 177 5
a 168 178 15
a 168 179 11
a 168 180 8
a 168 181 17
a 168 182 19
a 168 183 2
a 168 156 6
a 168 68 18
a 168 13 14
a 168 117 3
a 168 119 16
a 168 111 1
a 168 142 12
a 168 70 15
a 134 135 5
a 134 136 5
a 134 137 17
a 134 138 8
a 134 139 5
a 134 140 13
a 134 141 2
a 134 142 8
a 134 143 3
a 134 144 16
a 134 145 19
a 134 146 4
a 134 147 17
a 134 148 19
a 134 149 10
a 134 109 8
a 134 196 4
a 134 97 7
a 134 0 5
a 134 181 2
a 134 172 11
a 134 38 15
a 134 95 15
a 134 61 8
a 134 128 8
a 106 107 14
a 106 108 18
a 106 109 4
a 106 110 15
a 106 111 16
a 106 112 11
a 106 113 9
a 106 114 19
a 106 115 18
a 106 116 16
a 106 117 8
a 106 118 16
a 106 119 1
a 106 120 5
a 106 121 1
a 106 16 14
a 106 52 11
a 106 198 14
a 106 160 1
a 106 199 9
a 106 182 6
a 106 59 14
a 106 85 13
a 106 22 1
a 73 74 15
a 73 75 11
a 73 76 1
a 73 77 7
a 73 78 15
a 73 79 12
a 73 80 13
a 73 81 8
a 73 82 5
a 73 83 7
a 73 84 14
a 73 85 14
a 73 86 5
a 73 87 14
a 73 88 17
a 73 144 14
a 73 143 11
a 73 140 10
a 73 65 4
a 73 13 14
a 73 62 2
a 73 169 12
a 73 2 12
a 59 60 12
a 59 61 10
a 59 62 16
a 59 63 3
a 59 64 4
a 59 65 18
a 59 66 16
a 59 67 8
a 59 68 6
a 59 69 6
a 59 70 1
a 59 71 11
a 59 72 2
a 59 73 14
a 59 74 6
a 59 99 2
a 59 134 6
a 59 86 11
a 59 138 10
a 59 29 6
a 59 156 3
a 59 154 18
a 59 25 18
a 59 4 17
a 59 16 7
a 59 19 19
a 59 23 8
a 59 21 17
a 145 146 11
a 145 147 19
a 145 148 1
a 145 149 4
a 145 150 16
a 145 151 12
a 145 152 17
a 145 153 16
a 145 154 13
a 145 155 3
a 145 156 12
a 145 157 12
a 145 158 9
a 145 159 14
a 145 160 10
a 145 50 9
a 145 178 16
a 145 85 13
a 145 51 3
a 145 131 4
a 145 110 15
a 193 194 11
a 193 195 1
a 193 196 8
a 193 197 8
a 193 198 13
a 193 199 11
a 193 0 19
a 193 1 19
a 193 2 19
a 193 3 3
a 193 4 18
a 193 5 7
a 193 6 12
a 193 7 17
a 193 8 15
a 193 29 1
a 193 75 18
a 193 105 9
a 193 50 4
a 193 187 1
a 193 140 10
a 193 76 14
a 193 30 6
a 41 42 11
a 41 43 17
a 41 44 4
a 41 45 15
a 41 46 1
a 41 47 13
a 41 48 10
a 41 49 15
a 41 50 18
a 41 51 6
a 41 52 15
a 41 53 1
a 41 54 5
a 41 55 7
a 41 56 18
a 41 169 6
a 41 178 8
a 41 31 4
a 41 85 13
a 41 196 4
a 41 191 10
a 41 83 13
a 61 62 3
a 61 63 14
a 61 64 16
a 61 65 13
a 61 66 12
a 61 67 3
a 61 68 4
a 61 69 8
a 61 70 17
a 61 71 7
a 61 72 7
a 61 73 6
a 61 74 5
a 61 75 6
a 61 76 15
a 61 197 2
a 61 174 6
a 61 154 10
a 61 114 8
a 61 167 6
a 61 139 15
a 18 19 14
a 18 20 16
a 18 21 4
a 18 22 4
a 18 23 12
a 18 24 11
a 18 25 1
a 18 26 6
a 18 27 18
a 18 28 1
a 18 29 9
a 18 30 3
a 18 31 3
a 18 32 9
a 18 33 12
a 18 34 12
a 18 127 17
a 18 132 10
a 18 144 12
a 18 49 12
a 18 70 7
a 18 110 10
a 18 2 19
a 18 173 15
a 18 81 15
a 18 138 3
a 169 170 8
a 169 171 7
a 169 172 15
a 169 173 11
a 169 174 16
a 169 175 3
a 169 176 7
a 169 177 11
a 169 178 13
a 169 179 18
a 169 180 15
a 169 181 11
a 169 182 4
a 169 183 7
a 169 184 11
a 169 160 3
a 169 195 19
a 169 68 19
a 169 5 9
a 169 39 13
a 169 6 10
a 169 49 16
a 169 142 5
a 169 13 12
a 27 28 4
a 27 29 1
a 27 30 5
a 27 31 2
a 27 32 3
a 27 33 13
a 27 34 15
a 27 35 13
a 27 36 5
a 27 37 1
a 27 38 6
a 27 39 8
a 27 40 1
a 27 41 2
a 27 42 17
a 27 11 11
a 27 116 6
a 27 107 15
a 27 87 11
a 27 108 12
a 27 146 4
a 27 185 10
a 192 193 5
a 192 194 5
a 192 195 15
a 192 196 4
a 192 197 11
a 192 198 6
a 192 199 12
a 192 0 7
a 192 1 2
a 192 2 11
a 192 3 14
a 192 4 17
a 192 5 12
a 192 6 7
a 192 7 10
a 192 92 2
a 192 30 9
a 192 135 4
a 192 110 9
a 192 142 12
a 192 74 16
a 192 10 2
a 192 139 17
a 24 25 4
a 24 26 11
a 24 27 13
a 24 28 12
a 24 29 12
a 24 30 2
a 24 31 19
a 24 32 1
a 24 33 8
a 24 34 16
a 24 35 3
a 24 36 19
a 24 37 3
a 24 38 12
a 24 39 8
a 24 178 13
a 24 4 14
a 24 0 15
a 24 192 2
a 24 52 13
a 24 67 7
a 24 57 2
a 83 84 14
a 83 85 19
a 83 86 6
a 83 87 8
a 83 88 14
a 83 89 13
a 83 90 14
a 83 91 11
a 83 92 8
a 83 93 6
a 83 94 7
a 83 95 10
a 83 96 12
a 83 97 6
a 83 98 18
a 83 191 12
a 83 118 1
a 83 187 11
a 83 155 18
a 83 28 4
a 83 12 4
a 83 60 3
a 83 41 2
a 83 43 15
a 185 186 8
a 185 187 11
a 185 188 17
a 185 189 10
a 185 190 14
a 185 191 8
a 185 192 9
a 185 193 19
a 185 194 11
a 185 195 15
a 185 196 6
a 185 197 6
a 185 198 1
a 185 199 3
a 185 0 18
a 185 33 13
a 185 170 18
a 185 82 1
a 185 67 8
a 185 69 13
a 185 41 9
a 185 18 17
a 185 133 8
a 185 30 17
a 185 167 6
a 146 147 17
a 146 148 10
a 146 149 17
a 146 150 13
a 146 151 8
a 146 152 19
a 146 153 14
a 146 154 14
a 146 155 19
a 146 156 9
a 146 157 13
a 146 158 9
a 146 159 8
a 146 160 6
a 146 161 8
a 146 29 5
a 146 127 19
a 146 13 10
a 146 180 17
a 146 132 15
a 146 192 17
a 146 83 7
a 170 171 1
a 170 172 6
a 170 173 11
a 170 174 16
a 170 175 1
a 170 176 12
a 170 177 9
a 170 178 9
a 170 179 15
a 170 180 16
a 170 181 10
a 170 182 14
a 170 183 14
a 170 184 5
a 170 185 9
a 170 134 5
a 170 90 2
a 170 16 9
a 170 197 11
a 170 54 10
a 170 191 2
a 170 1 13
a 170 69 12
a 170 66 15
a 19 20 14
a 19 21 18
a 19 22 13
a 19 23 4
a 19 24 13
a 19 25 12
a 19 26 16
a 19 27 4
a 19 28 15
a 19 29 13
a 19 30 18
a 19 31 16
a 19 32 4
a 19 33 11
a 19 34 3
a 19 99 10
a 19 157 10
a 19 108 16
a 19 111 17
a 71 72 2
a 71 73 13
a 71 74 9
a 71 75 12
a 71 76 7
a 71 77 14
a 71 78 7
a 71 79 4
a 71 80 18
a 71 81 19
a 71 82 14
a 71 83 3
a 71 84 14
a 71 85 13
a 71 86 1
a 71 17 4
a 71 41 11
a 71 23 12
a 71 161 12
a 71 96 8
a 71 30 17
a 71 170 12
a 71 160 13
a 71 129 11
a 71 146 16
a 110 111 19
a 110 112 10
a 110 113 9
a 110 114 9
a 110 115 18
a 110 116 8
a 110 117 10
a 110 118 4
a 110 119 13
a 110 120 19
a 110 121 1
a 110 122 17
a 110 123 18
a 110 124 8
a 110 125 5
a 110 178 12
a 110 42 2
a 110 105 2
a 110 77 14
a 110 9 11
a 110 59 2
a 110 71 1
a 20 21 13
a 20 22 17
a 20 23 4
a 20 24 14
a 20 25 17
a 20 26 11
a 20 27 9
a 20 28 14
a 20 29 4
a 20 30 4
a 20 31 10
a 20 32 7
a 20 33 4
a 20 34 11
a 20 35 6
a 20 105 12
a 20 100 6
a 20 151 5
a 20 183 5
a 20 4 1
a 20 199 16
a 20 186 19
a 92 93 12
a 92 94 1
a 92 95 13
a 92 96 17
a 92 97 7
a 92 98 3
a 92 99 9
a 92 100 11
a 92 101 5
a 92 102 10
a 92 103 15
a 92 104 2
a 92 105 17
a 92 106 10
a 92 107 4
a 92 39 16
a 92 122 8
a 92 29 14
a 92 120 16
a 92 13 4
a 92 79 14
a 92 178 3
a 92 40 13
a 92 149 16
a 58 59 4
a 58 60 3
a 58 61 11
a 58 62 15
a 58 63 5
a 58 64 4
a 58 65 12
a 58 66 15
a 58 67 2
a 58 68 19
a 58 69 13
a 58 70 10
a 58 71 16
a 58 72 11
a 58 73 16
a 58 173 7
a 58 75 3
a 58 103 9
a 58 126 4
a 58 13 12
a 58 10 13
a 58 95 14
a 58 138 14
a 123 124 12
a 123 125 18
a 123 126 19
a 123 127 3
a 123 128 12
a 123 129 9
a 123 130 19
a 123 131 13
a 123 132 10
a 123 133 2
a 123 134 8
a 123 135 16
a 123 136 2
a 123 137 18
a 123 138 1
a 123 84 5
a 123 57 3
a 123 49 3
a 123 122 13
a 123 162 2
a 123 32 8
a 123 54 12
a 123 156 18
a 123 33 13
a 123 59 19
a 123 172 17
a 96 97 1
a 96 98 5
a 96 99 9
a 96 100 2
a 96 101 13
a 96 102 15
a 96 103 4
a 96 104 5
a 96 105 14
a 96 106 1
a 96 107 18
a 96 108 19
a 96 109 11
a 96 110 10
a 96 111 11
a 96 128 15
a 96 151 1
a 96 165 18
a 96 69 10
a 96 133 18
a 96 79 12
a 96 117 11
a 60 61 6
a 60 62 15
a 60 63 2
a 60 64 8
a 60 65 9
a 60 66 13
a 60 67 8
a 60 68 13
a 60 69 14
a 60 70 4
a 60 71 9
a 60 72 15
a 60 73 8
a 60 74 3
a 60 75 2
a 60 89 18
a 60 57 5
a 60 100 10
a 60 144 19
a 60 127 8
a 60 24 11
a 60 136 11
a 60 28 12
a 60 93 18
a 34 35 11
a 34 36 13
a 34 37 18
a 34 38 11
a 34 39 19
a 34 40 2
a 34 41 1
a 34 42 7
a 34 43 12
a 34 44 18
a 34 45 8
a 34 46 19
a 34 47 7
a 34 48 18
a 34 49 6
a 34 63 2
a 34 109 15
a 34 143 7
a 34 80 17
a 34 180 10
a 34 153 3
a 34 118 4
a 34 177 6
a 34 110 3
a 21 22 4
a 21 23 16
a 21 24 19
a 21 25 1
a 21 26 2
a 21 27 7
a 21 28 17
a 21 29 12
a 21 30 7
a 21 31 10
a 21 32 10
a 21 33 17
a 21 34 19
a 21 35 18
a 21 36 2
a 21 18 2
a 21 163 4
a 21 63 4
a 21 51 5
a 21 106 3
a 21 138 13
a 21 120 13
a 21 147 11
a 21 1 9
a 178 179 8
a 178 180 2
a 178 181 19
a 178 182 14
a 178 183 11
a 178 184 3
a 178 185 12
a 178 186 19
a 178 187 10
a 178 188 12
a 178 189 3
a 178 190 16
a 178 191 7
a 178 192 1
a 178 193 7
a 178 168 18
a 178 176 8
a 178 27 3
a 178 47 17
a 178 20 9
a 178 60 5
a 178 87 17
a 178 120 10
a 48 49 14
a 48 50 5
a 48 51 6
a 48 52 4
a 48 53 17
a 48 54 6
a 48 55 19
a 48 56 7
a 48 57 12
a 48 58 16
a 48 59 14
a 48 60 10
a 48 61 8
a 48 62 9
a 48 63 16
a 48 163 1
a 48 127 2
a 48 188 5
a 48 128 4
a 48 120 18
a 48 182 13
a 48 132 13
a 48 38 2
a 29 30 7
a 29 31 12
a 29 32 16
a 29 33 16
a 29 34 19
a 29 35 6
a 29 36 8
a 29 37 18
a 29 38 5
a 29 39 6
a 29 40 14
a 29 41 12
a 29 42 12
a 29 43 14
a 29 44 3
a 29 102 9
a 29 134 8
a 29 193 8
a 29 141 19
a 29 88 11
a 29 23 1
a 29 162 15
a 29 173 9
a 29 4 8
a 161 162 6
a 161 163 1
a 161 164 15
a 161 165 7
a 161 166 7
a 161 167 4
a 161 168 13
a 161 169 2
a 161 170 17
a 161 171 10
a 161 172 14
a 161 173 1
a 161 174 4
a 161 175 4
a 161 176 2
a 161 25 4
a 161 52 6
a 161 37 6
a 161 99 16
a 161 151 5
a 161 86 19
a 161 87 7
a 161 152 13
a 22 23 11
a 22 24 15
a 22 25 12
a 22 26 17
a 22 27 19
a 22 28 16
a 22 29 5
a 22 30 15
a 22 31 13
a 22 32 2
a 22 33 2
a 22 34 4
a 22 35 2
a 22 36 2
a 22 37 16
a 22 94 9
a 22 67 3
a 22 197 2
a 22 3 14
a 22 45 17
a 22 199 2
a 188 189 6
a 188 190 2
a 188 191 18
a 188 192 15
a 188 193 17
a 188 194 8
a 188 195 1
a 188 196 3
a 188 197 18
a 188 198 19
a 188 199 17
a 188 0 2
a 188 1 16
a 188 2 9
a 188 3 9
a 188 66 17
a 188 159 14
a 188 148 14
a 188 43 15
a 31 32 17
a 31 33 13
a 31 34 18
a 31 35 3
a 31 36 6
a 31 37 3
a 31 38 17
a 31 39 9
a 31 40 2
a 31 41 14
a 31 42 1
a 31 43 1
a 31 44 13
a 31 45 19
a 31 46 12
a 31 15 1
a 31 72 8
a 31 111 18
a 31 52 1
a 31 83 15
a 31 194 14
a 31 185 8
a 31 0 1
a 31 75 14
a 137 138 8
a 137 139 7
a 137 140 13
a 137 141 9
a 137 142 14
a 137 143 9
a 137 144 2
a 137 145 5
a 137 146 1
a 137 147 4
a 137 148 2
a 137 149 3
a 137 150 12
a 137 151 17
a 137 152 5
a 137 44 15
a 137 182 17
a 137 103 1
a 137 1 2
a 137 27 7
a 137 84 13
a 137 32 2
a 137 157 9
a 81 82 6
a 81 83 19
a 81 84 1
a 81 85 14
a 81 86 18
a 81 87 18
a 81 88 9
a 81 89 14
a 81 90 7
a 81 91 11
a 81 92 10
a 81 93 14
a 81 94 10
a 81 95 15
a 81 96 5
a 81 135 4
a 81 142 11
a 81 12 10
a 81 158 9
a 81 115 18
a 81 1 18
a 81 119 8
a 81 159 2
a 76 77 9
a 76 78 10
a 76 79 6
a 76 80 13
a 76 81 7
a 76 82 11
a 76 83 7
a 76 84 11
a 76 85 7
a 76 86 16
a 76 87 1
a 76 88 13
a 76 89 19
a 76 90 4
a 76 91 7
a 76 119 11
a 76 12 4
a 76 52 16
a 76 64 6
a 76 181 1
a 76 182 3
a 76 96 15
a 76 57 12
a 76 145 9
a 50 51 2
a 50 52 4
a 50 53 8
a 50 54 19
a 50 55 16
a 50 56 15
a 50 57 10
a 50 58 9
a 50 59 5
a 50 60 16
a 50 61 1
a 50 62 19
a 50 63 10
a 50 64 16
a 50 65 7
a 50 66 7
a 50 109 10
a 50 22 15
a 50 132 12
a 50 3 14
a 50 142 9
a 50 149 5
a 50 143 1
a 50 112 11
a 152 153 12
a 152 154 5
a 152 155 3
a 152 156 7
a 152 157 4
a 152 158 12
a 152 159 16
a 152 160 14
a 152 161 2
a 152 162 2
a 152 163 17
a 152 164 15
a 152 165 16
a 152 166 7
a 152 167 13
a 152 199 5
a 152 86 10
a 152 98 17
a 152 137 7
a 152 113 19
a 152 9 1
a 152 70 10
a 152 104 19
a 23 24 19
a 23 25 15
a 23 26 5
a 23 27 11
a 23 28 2
a 23 29 10
a 23 30 11
a 23 31 8
a 23 32 10
a 23 33 4
a 23 34 12
a 23 35 5
a 23 36 16
a 23 37 2
a 23 38 19
a 23 43 6
a 23 143 3
a 23 122 1
a 23 195 17
a 23 90 19
a 23 62 7
a 40 41 5
a 40 42 14
a 40 43 18
a 40 44 5
a 40 45 15
a 40 46 3
a 40 47 19
a 40 48 11
a 40 49 9
a 40 50 1
a 40 51 8
a 40 52 7
a 40 53 4
a 40 54 13
a 40 55 9
a 40 163 17
a 40 94 14
a 40 150 16
a 40 58 9
a 189 190 4
a 189 191 12
a 189 192 13
a 189 193 8
a 189 194 13
a 189 195 12
a 189 196 8
a 189 197 14
a 189 198 2
a 189 199 15
a 189 0 7
a 189 1 17
a 189 2 16
a 189 3 6
a 189 4 3
a 189 46 12
a 189 96 19
a 189 54 18
a 189 123 12
a 189 178 4
a 189 135 15
a 132 133 19
a 132 134 2
a 132 135 3
a 132 136 3
a 132 137 5
a 132 138 11
a 132 139 12
a 132 140 1
a 132 141 2
a 132 142 18
a 132 143 1
a 132 144 9
a 132 145 7
a 132 146 13
a 132 147 11
a 132 105 19
a 132 71 14
a 132 13 1
a 132 116 17
a 132 181 16
a 132 103 3
a 132 78 5
a 132 190 17
a 116 117 11
a 116 118 1
a 116 119 14
a 116 120 15
a 116 121 14
a 116 122 19
a 116 123 6
a 116 124 19
a 116 125 15
a 116 126 12
a 116 127 19
a 116 128 5
a 116 129 17
a 116 130 10
a 116 131 2
a 116 146 14
a 116 169 3
a 116 103 3
a 116 137 1
a 116 170 13
a 116 110 2
a 116 173 16
a 116 199 8
a 116 107 16
a 174 175 10
a 174 176 17
a 174 177 9
a 174 178 8
a 174 179 17
a 174 180 9
a 174 181 16
a 174 182 18
a 174 183 18
a 174 184 11
a 174 185 2
a 174 186 10
a 174 187 6
a 174 188 5
a 174 189 13
a 174 24 12
a 174 63 3
a 174 0 16
a 174 57 6
a 174 33 13
a 174 169 15
a 174 144 6
a 174 31 14
a 174 21 1
a 171 172 1
a 171 173 7
a 171 174 9
a 171 175 6
a 171 176 14
a 171 177 5
a 171 178 2
a 171 179 15
a 171 180 15
a 171 181 14
a 171 182 4
a 171 183 14
a 171 184 14
a 171 185 11
a 171 186 10
a 171 85 15
a 171 23 1
a 171 45 8
a 171 5 2
a 54 55 12
a 54 56 18
a 54 57 16
a 54 58 8
a 54 59 9
a 54 60 5
a 54 61 7
a 54 62 2
a 54 63 9
a 54 64 18
a 54 65 6
a 54 66 12
a 54 67 17
a 54 68 19
a 54 69 18
a 54 6 8
a 54 84 10
a 54 82 6
a 54 24 4
a 54 105 8
a 54 1 9
a 54 12 13
a 54 186 19
a 105 106 2
a 105 107 15
a 105 108 2
a 105 109 16
a 105 110 5
a 105 111 7
a 105 112 10
a 105 113 4
a 105 114 3
a 105 115 5
a 105 116 1
a 105 117 14
a 105 118 3
a 105 119 19
a 105 120 19
a 105 61 18
a 105 147 19
a 105 23 6
a 105 51 17
a 105 20 8
a 153 154 9
a 153 155 12
a 153 156 11
a 153 157 3
a 153 158 18
a 153 159 18
a 153 160 17
a 153 161 4
a 153 162 3
a 153 163 4
a 153 164 16
a 153 165 8
a 153 166 5
a 153 167 12
a 153 168 10
a 153 31 5
a 153 142 13
a 153 113 7
a 153 152 2
a 153 181 17
a 153 39 12
a 153 81 8
a 153 68 7
a 66 67 5
a 66 68 2
a 66 69 10
a 66 70 12
a 66 71 11
a 66 72 14
a 66 73 2
a 66 74 10
a 66 75 18
a 66 76 13
a 66 77 3
a 66 78 14
a 66 79 12
a 66 80 9
a 66 81 11
a 66 150 4
a 66 91 2
a 66 20 16
a 66 14 18
a 66 116 17
a 66 127 16
a 66 95 13
a 149 150 16
a 149 151 6
a 149 152 6
a 149 153 17
a 149 154 10
a 149 155 1
a 149 156 16
a 149 157 11
a 149 158 18
a 149 159 11
a 149 160 14
a 149 161 17
a 149 162 18
a 149 163 16
a 149 164 11
a 149 119 1
a 149 66 11
a 149 194 18
a 149 147 10
a 149 184 15
a 149 60 12
a 149 118 1
a 149 24 19
a 149 30 13
a 45 46 9
a 45 47 18
a 45 48 8
a 45 49 13
a 45 50 17
a 45 51 4
a 45 52 9
a 45 53 19
a 45 54 5
a 45 55 14
a 45 56 3
a 45 57 2
a 45 58 1
a 45 59 18
a 45 60 7
a 45 68 11
a 45 153 6
a 45 76 12
a 45 65 11
a 45 85 7
a 45 71 15
a 45 155 17
a 122 123 16
a 122 124 13
a 122 125 18
a 122 126 1
a 122 127 13
a 122 128 6
a 122 129 8
a 122 130 1
a 122 131 10
a 122 132 2
a 122 133 14
a 122 134 2
a 122 135 5
a 122 136 16
a 122 137 9
a 122 156 16
a 122 14 19
a 122 154 9
a 122 59 1
a 122 159 11
a 122 13 11
a 122 98 16
a 25 26 7
a 25 27 18
a 25 28 19
a 25 29 18
a 25 30 2
a 25 31 3
a 25 32 16
a 25 33 15
a 25 34 8
a 25 35 17
a 25 36 9
a 25 37 14
a 25 38 5
a 25 39 19
a 25 40 13
a 25 153 19
a 25 145 14
a 25 51 12
a 25 2 16
a 25 65 4
a 25 171 2
a 25 169 4
a 25 172 15
a 113 114 6
a 113 115 6
a 113 116 6
a 113 117 2
a 113 118 13
a 113 119 12
a 113 120 11
a 113 121 10
a 113 122 11
a 113 123 15
a 113 124 6
a 113 125 19
a 113 126 1
a 113 127 18
a 113 128 3
a 113 175 7
a 113 169 14
a 113 99 11
a 113 103 2
a 113 138 3
a 113 34 13
a 44 45 6
a 44 46 18
a 44 47 12
a 44 48 3
a 44 49 1
a 44 50 7
a 44 51 18
a 44 52 13
a 44 53 9
a 44 54 2
a 44 55 7
a 44 56 19
a 44 57 6
a 44 58 14
a 44 59 7
a 44 33 14
a 44 169 1
a 44 124 16
a 44 111 18
a 44 14 7
a 44 133 4
a 44 1 4
a 44 145 12
a 44 38 13
a 44 135 16
a 112 113 2
a 112 114 17
a 112 115 16
a 112 116 11
a 112 117 17
a 112 118 1
a 112 119 17
a 112 120 13
a 112 121 4
a 112 122 6
a 112 123 8
a 112 124 9
a 112 125 6
a 112 126 9
a 112 127 5
a 112 100 1
a 112 172 10
a 112 76 18
a 112 144 13
a 112 11 1
a 112 160 6
a 112 199 4
a 26 27 12
a 26 28 3
a 26 29 2
a 26 30 10
a 26 31 12
a 26 32 9
a 26 33 19
a 26 34 7
a 26 35 6
a 26 36 9
a 26 37 19
a 26 38 14
a 26 39 15
a 26 40 1
a 26 41 14
a 26 136 9
a 26 51 13
a 26 8 2
a 26 138 2
a 26 78 18
a 26 171 12
a 26 16 7
a 154 155 12
a 154 156 16
a 154 157 6
a 154 158 7
a 154 159 1
a 154 160 6
a 154 161 13
a 154 162 17
a 154 163 15
a 154 164 15
a 154 165 15
a 154 166 3
a 154 167 8
a 154 168 10
a 154 169 5
a 154 38 15
a 154 60 6
a 154 65 1
a 154 82 9
a 154 72 10
a 154 120 7
a 154 40 6
a 154 131 9
a 154 149 4
a 142 143 3
a 142 144 3
a 142 145 16
a 142 146 7
a 142 147 10
a 142 148 9
a 142 149 19
a 142 150 16
a 142 151 15
a 142 152 6
a 142 153 13
a 142 154 15
a 142 155 12
a 142 156 19
a 142 157 1
a 142 15 8
a 142 22 1
a 142 134 8
a 142 42 15
a 142 159 12
a 131 132 17
a 131 133 16
a 131 134 4
a 131 135 13
a 131 136 9
a 131 137 14
a 131 138 4
a 131 139 1
a 131 140 7
a 131 141 9
a 131 142 2
a 131 143 11
a 131 144 19
a 131 145 1
a 131 146 6
a 131 42 7
a 131 92 2
a 131 106 2
a 131 128 2
a 131 38 9
a 131 163 2
a 131 31 14
a 131 103 7
a 131 1 9
a 166 167 19
a 166 168 2
a 166 169 18
a 166 170 14
a 166 171 3
a 166 172 10
a 166 173 9
a 166 174 18
a 166 175 10
a 166 176 9
a 166 177 5
a 166 178 18
a 166 179 4
a 166 180 6
a 166 181 6
a 166 58 17
a 166 107 16
a 166 164 11
a 166 148 19
a 166 80 5
a 166 68 1
a 166 152 4
a 166 52 16
a 166 30 9
a 165 166 3
a 165 167 12
a 165 168 15
a 165 169 4
a 165 170 13
a 165 171 12
a 165 172 1
a 165 173 18
a 165 174 9
a 165 175 9
a 165 176 15
a 165 177 18
a 165 178 13
a 165 179 12
a 165 180 9
a 165 138 14
a 165 134 10
a 165 125 14
a 165 139 19
a 165 57 8
a 165 46 2
a 165 27 11
a 165 124 15
a 135 136 17
a 135 137 6
a 135 138 16
a 135 139 7
a 135 140 10
a 135 141 5
a 135 142 16
a 135 143 14
a 135 144 2
a 135 145 7
a 135 146 7
a 135 147 17
a 135 148 17
a 135 149 18
a 135 150 10
a 135 0 11
a 135 132 5
a 135 171 2
a 135 191 13
a 135 65 1
a 135 9 2
a 135 27 15
a 143 144 3
a 143 145 18
a 143 146 7
a 143 147 8
a 143 148 12
a 143 149 15
a 143 150 8
a 143 151 13
a 143 152 18
a 143 153 17
a 143 154 19
a 143 155 15
a 143 156 14
a 143 157 3
a 143 158 18
a 143 120 19
a 143 47 5
a 143 32 16
a 143 170 3
a 143 93 14
a 143 165 5
a 143 96 9
a 143 188 12
a 143 46 9
a 143 189 2
a 156 157 7
a 156 158 13
a 156 159 3
a 156 160 12
a 156 161 19
a 156 162 19
a 156 163 10
a 156 164 13
a 156 165 13
a 156 166 13
a 156 167 4
a 156 168 17
a 156 169 6
a 156 170 18
a 156 171 2
a 156 74 16
a 156 196 7
a 156 131 19
a 156 40 16
a 156 173 1
a 160 161 14
a 160 162 9
a 160 163 9
a 160 164 18
a 160 165 13
a 160 166 2
a 160 167 2
a 160 168 17
a 160 169 10
a 160 170 16
a 160 171 17
a 160 172 7
a 160 173 19
a 160 174 17
a 160 175 4
a 160 95 19
a 160 116 11
a 160 199 12
a 160 121 8
a 160 139 7
a 160 60 11
a 160 189 7
a 160 113 2
a 160 77 12
a 160 132 15
a 160 33 5
a 42 43 8
a 42 44 11
a 42 45 3
a 42 46 17
a 42 47 14
a 42 48 19
a 42 49 13
a 42 50 9
a 42 51 10
a 42 52 17
a 42 53 15
a 42 54 17
a 42 55 5
a 42 56 12
a 42 57 15
a 42 123 1
a 42 187 15
a 42 94 9
a 42 90 3
a 42 100 10
a 42 139 9
a 42 78 14
a 42 170 16
a 42 130 9
a 42 65 7
a 198 199 2
a 198 0 7
a 198 1 13
a 198 2 4
a 198 3 9
a 198 4 2
a 198 5 5
a 198 6 5
a 198 7 3
a 198 8 11
a 198 9 10
a 198 10 9
a 198 11 18
a 198 12 13
a 198 13 13
a 198 31 12
a 198 173 3
a 198 74 1
a 198 152 4
a 198 118 18
a 198 186 7
a 198 80 1
a 198 47 2
a 198 133 1
a 84 85 19
a 84 86 4
a 84 87 3
a 84 88 17
a 84 89 10
a 84 90 10
a 84 91 1
a 84 92 16
a 84 93 10
a 84 94 13
a 84 95 1
a 84 96 10
a 84 97 13
a 84 98 3
a 84 99 16
a 84 108 16
a 84 195 9
a 84 177 16
a 84 31 18
a 84 5 14
a 84 169 4
a 119 120 7
a 119 121 6
a 119 122 9
a 119 123 19
a 119 124 18
a 119 125 7
a 119 126 4
a 119 127 17
a 119 128 10
a 119 129 1
a 119 130 17
a 119 131 18
a 119 132 12
a 119 133 2
a 119 134 14
a 119 32 7
a 119 39 5
a 119 2 2
a 119 116 10
a 119 23 19
a 119 81 10
a 119 9 8
a 119 142 6
a 119 174 9
a 140 141 7
a 140 142 16
a 140 143 9
a 140 144 17
a 140 145 8
a 140 146 9
a 140 147 1
a 140 148 18
a 140 149 18
a 140 150 1
a 140 151 16
a 140 152 6
a 140 153 17
a 140 154 4
a 140 155 14
a 140 112 6
a 140 16 11
a 140 55 7
a 140 115 12
a 140 105 7
a 140 15 18
a 140 77 12
a 139 140 15
a 139 141 3
a 139 142 6
a 139 143 5
a 139 144 11
a 139 145 16
a 139 146 9
a 139 147 2
a 139 148 5
a 139 149 10
a 139 150 10
a 139 151 19
a 139 152 2
a 139 153 16
a 139 154 6
a 139 3 1
a 139 182 6
a 139 127 19
a 139 108 17
a 139 22 3
a 139 136 1
a 139 113 1
a 30 31 14
a 30 32 4
a 30 33 1
a 30 34 14
a 30 35 3
a 30 36 4
a 30 37 15
a 30 38 18
a 30 39 15
a 30 40 16
a 30 41 6
a 30 42 16
a 30 43 19
a 30 44 2
a 30 45 9
a 30 121 16
a 30 29 4
a 30 180 19
a 30 197 14
a 30 20 5
a 30 168 5
a 30 106 19
a 30 80 4
a 30 90 1
a 195 196 14
a 195 197 14
a 195 198 3
a 195 199 14
a 195 0 9
a 195 1 5
a 195 2 6
a 195 3 15
a 195 4 2
a 195 5 4
a 195 6 10
a 195 7 5
a 195 8 2
a 195 9 18
a 195 10 3
a 195 72 17
a 195 45 2
a 195 54 18
a 195 114 11
a 195 56 15
a 195 187 14
a 195 50 2
a 176 177 1
a 176 178 11
a 176 179 7
a 176 180 6
a 176 181 1
a 176 182 5
a 176 183 17
a 176 184 18
a 176 185 11
a 176 186 10
a 176 187 7
a 176 188 13
a 176 189 19
a 176 190 6
a 176 191 1
a 176 36 8
a 176 102 2
a 176 138 2
a 129 130 8
a 129 131 7
a 129 132 11
a 129 133 11
a 129 134 14
a 129 135 14
a 129 136 18
a 129 137 13
a 129 138 3
a 129 139 9
a 129 140 9
a 129 141 13
a 129 142 2
a 129 143 15
a 129 144 12
a 129 165 3
a 129 107 14
a 129 44 1
a 129 97 11
a 129 93 7
a 129 118 4
a 129 104 3
a 129 152 2
a 79 80 15
a 79 81 15
a 79 82 4
a 79 83 9
a 79 84 18
a 79 85 13
a 79 86 17
a 79 87 15
a 79 88 1
a 79 89 1
a 79 90 4
a 79 91 16
a 79 92 5
a 79 93 15
a 79 94 14
a 79 36 4
a 79 39 14
a 79 194 12
a 79 2 3
a 99 100 12
a 99 101 14
a 99 102 7
a 99 103 14
a 99 104 10
a 99 105 5
a 99 106 14
a 99 107 9
a 99 108 11
a 99 109 8
a 99 110 10
a 99 111 14
a 99 112 6
a 99 113 15
a 99 114 2
a 99 168 1
a 99 55 14
a 99 171 14
a 99 83 19
a 99 23 15
a 99 7 14
a 99 6 5
a 99 86 17
a 99 59 16
a 99 116 4
a 99 141 15
a 167 168 8
a 167 169 15
a 167 170 13
a 167 171 15
a 167 172 13
a 167 173 9
a 167 174 18
a 167 175 12
a 167 176 6
a 167 177 2
a 167 178 11
a 167 179 11
a 167 180 9
a 167 181 6
a 167 182 11
a 167 43 15
a 167 110 9
a 167 154 5
a 167 42 13
a 167 5 10
a 167 96 3
a 32 33 6
a 32 34 15
a 32 35 5
a 32 36 7
a 32 37 12
a 32 38 15
a 32 39 19
a 32 40 6
a 32 41 15
a 32 42 4
a 32 43 5
a 32 44 1
a 32 45 19
a 32 46 11
a 32 47 6
a 32 87 3
a 32 148 3
a 32 155 18
a 32 136 12
a 32 158 8
a 32 124 11
a 32 23 10
a 32 190 18
a 32 19 4
a 32 137 10
a 32 81 8
a 179 180 13
a 179 181 2
a 179 182 18
a 179 183 7
a 179 184 15
a 179 185 5
a 179 186 18
a 179 187 10
a 179 188 11
a 179 189 10
a 179 190 14
a 179 191 19
a 179 192 15
a 179 193 6
a 179 194 13
a 179 96 14
a 179 122 4
a 179 152 2
a 179 119 17
a 179 169 9
a 179 5 15
a 179 93 2
a 179 139 14
a 179 126 3
a 179 144 18
a 89 90 14
a 89 91 7
a 89 92 8
a 89 93 2
a 89 94 3
a 89 95 3
a 89 96 11
a 89 97 12
a 89 98 5
a 89 99 5
a 89 100 10
a 89 101 19
a 89 102 10
a 89 103 13
a 89 104 14
a 89 51 11
a 89 175 19
a 89 113 13
a 89 13 9
a 89 88 18
a 89 21 11
a 89 15 9
a 89 30 6
a 89 58 7
a 89 17 13
a 89 10 10
a 33 34 19
a 33 35 7
a 33 36 4
a 33 37 7
a 33 38 15
a 33 39 7
a 33 40 17
a 33 41 12
a 33 42 19
a 33 43 9
a 33 44 9
a 33 45 6
a 33 46 12
a 33 47 16
a 33 48 15
a 33 31 8
a 33 129 3
a 33 69 13
a 33 153 17
a 33 75 2
a 33 87 18
a 33 27 1
a 33 0 6
a 127 128 6
a 127 129 1
a 127 130 2
a 127 131 1
a 127 132 18
a 127 133 10
a 127 134 18
a 127 135 3
a 127 136 4
a 127 137 15
a 127 138 18
a 127 139 18
a 127 140 13
a 127 141 8
a 127 142 3
a 127 99 6
a 127 197 5
a 127 63 12
a 127 16 2
a 127 98 15
a 127 144 14
a 127 81 7
a 127 87 15
a 127 3 9
a 144 145 11
a 144 146 13
a 144 147 5
a 144 148 4
a 144 149 12
a 144 150 4
a 144 151 6
a 144 152 1
a 144 153 19
a 144 154 10
a 144 155 7
a 144 156 1
a 144 157 15
a 144 158 11
a 144 159 7
a 144 125 8
a 144 110 9
a 144 80 5
a 144 190 10
a 144 36 17
a 144 76 17
a 144 93 13
a 49 50 1
a 49 51 9
a 49 52 19
a 49 53 8
a 49 54 2
a 49 55 2
a 49 56 9
a 49 57 12
a 49 58 3
a 49 59 9
a 49 60 14
a 49 61 14
a 49 62 13
a 49 63 10
a 49 64 15
a 49 16 19
a 49 9 19
a 49 194 15
a 49 92 19
a 49 36 2
a 49 198 1
a 49 193 17
a 70 71 7
a 70 72 8
a 70 73 13
a 70 74 13
a 70 75 7
a 70 76 5
a 70 77 14
a 70 78 10
a 70 79 19
a 70 80 10
a 70 81 6
a 70 82 12
a 70 83 13
a 70 84 13
a 70 85 17
a 70 15 2
a 70 109 7
a 70 180 4
a 70 150 11
a 70 56 18
a 70 33 3
a 70 154 12
a 70 59 9
a 70 25 4
a 173 174 7
a 173 175 10
a 173 176 14
a 173 177 17
a 173 178 17
a 173 179 17
a 173 180 19
a 173 181 19
a 173 182 15
a 173 183 13
a 173 184 10
a 173 185 11
a 173 186 16
a 173 187 4
a 173 188 11
a 173 56 17
a 173 28 17
a 173 37 4
a 173 78 18
a 173 150 9
a 173 130 2
a 173 129 19
a 173 112 19
a 138 139 19
a 138 140 16
a 138 141 4
a 138 142 5
a 138 143 3
a 138 144 11
a 138 145 16
a 138 146 15
a 138 147 4
a 138 148 5
a 138 149 10
a 138 150 8
a 138 151 12
a 138 152 13
a 138 153 15
a 138 58 19
a 138 14 10
a 138 182 2
a 138 179 5
a 138 86 13
a 138 38 19
a 157 158 6
a 157 159 7
a 157 160 13
a 157 161 9
a 157 162 1
a 157 163 18
a 157 164 6
a 157 165 1
a 157 166 7
a 157 167 18
a 157 168 17
a 157 169 17
a 157 170 13
a 157 171 17
a 157 172 11
a 157 15 15
a 157 30 5
a 157 99 13
a 157 67 7
a 157 116 14
a 157 72 10
a 157 90 4
a 157 39 9
a 157 126 10
a 157 12 18
a 108 109 14
a 108 110 9
a 108 111 2
a 108 112 17
a 108 113 7
a 108 114 9
a 108 115 12
a 108 116 13
a 108 117 17
a 108 118 6
a 108 119 15
a 108 120 7
a 108 121 11
a 108 122 10
a 108 123 10
a 108 37 16
a 108 42 13
a 108 22 18
a 108 28 2
a 108 50 4
a 108 81 16
a 108 71 3
a 111 112 12
a 111 113 16
a 111 114 2
a 111 115 6
a 111 116 15
a 111 117 13
a 111 118 1
a 111 119 5
a 111 120 3
a 111 121 6
a 111 122 19
a 111 123 3
a 111 124 15
a 111 125 14
a 111 126 17
a 111 6 19
a 111 70 11
a 111 30 8
a 111 78 11
a 111 12 1
a 35 36 4
a 35 37 5
a 35 38 9
a 35 39 13
a 35 40 16
a 35 41 1
a 35 42 18
a 35 43 17
a 35 44 4
a 35 45 4
a 35 46 5
a 35 47 18
a 35 48 5
a 35 49 17
a 35 50 3
a 35 71 2
a 35 32 9
a 35 159 12
a 35 114 15
a 35 56 6
a 35 147 15
a 100 101 10
a 100 102 19
a 100 103 17
a 100 104 6
a 100 105 15
a 100 106 14
a 100 107 13
a 100 108 6
a 100 109 18
a 100 110 4
a 100 111 10
a 100 112 15
a 100 113 3
a 100 114 9
a 100 115 14
a 100 181 19
a 100 146 11
a 100 44 4
a 100 17 1
a 100 2 3
a 100 156 5
a 100 183 7
a 100 138 6
a 183 184 6
a 183 185 16
a 183 186 5
a 183 187 11
a 183 188 12
a 183 189 4
a 183 190 17
a 183 191 16
a 183 192 17
a 183 193 7
a 183 194 9
a 183 195 19
a 183 196 16
a 183 197 8
a 183 198 4
a 183 86 12
a 183 62 18
a 183 30 19
a 183 176 17
a 183 82 13
a 183 172 2
a 183 174 14
a 199 0 16
a 199 1 18
a 199 2 7
a 199 3 16
a 199 4 4
a 199 5 7
a 199 6 19
a 199 7 2
a 199 8 12
a 199 9 2
a 199 10 6
a 199 11 6
a 199 12 7
a 199 13 1
a 199 14 13
a 199 98 19
a 199 172 11
a 199 134 13
a 199 113 3
a 199 28 5
a 199 161 13
a 199 177 3
a 199 90 14
a 199 186 12
a 186 187 2
a 186 188 13
a 186 189 12
a 186 190 11
a 186 191 3
a 186 192 14
a 186 193 7
a 186 194 9
a 186 195 3
a 186 196 1
a 186 197 10
a 186 198 5
a 186 199 12
a 186 0 19
a 186 1 17
a 186 46 10
a 186 127 10
a 186 67 12
a 186 76 12
a 36 37 14
a 36 38 1
a 36 39 1
a 36 40 2
a 36 41 4
a 36 42 2
a 36 43 11
a 36 44 7
a 36 45 4
a 36 46 3
a 36 47 15
a 36 48 16
a 36 49 5
a 36 50 14
a 36 51 11
a 36 115 9
a 36 108 1
a 36 189 5
a 36 188 4
a 36 85 18
a 36 172 17
a 163 164 19
a 163 165 16
a 163 166 8
a 163 167 1
a 163 168 11
a 163 169 16
a 163 170 1
a 163 171 10
a 163 172 5
a 163 173 12
a 163 174 11
a 163 175 2
a 163 176 19
a 163 177 10
a 163 178 5
a 163 186 8
a 163 135 18
a 163 74 16
a 163 8 1
a 163 141 4
a 163 148 17
a 51 52 14
a 51 53 5
a 51 54 18
a 51 55 16
a 51 56 1
a 51 57 6
a 51 58 8
a 51 59 11
a 51 60 13
a 51 61 9
a 51 62 16
a 51 63 17
a 51 64 6
a 51 65 17
a 51 66 8
a 51 141 1
a 51 164 13
a 51 103 15
a 51 155 2
a 51 116 10
a 51 21 12
a 51 67 18
a 120 121 18
a 120 122 13
a 120 123 19
a 120 124 5
a 120 125 13
a 120 126 1
a 120 127 19
a 120 128 16
a 120 129 15
a 120 130 3
a 120 131 9
a 120 132 9
a 120 133 1
a 120 134 11
a 120 135 19
a 120 115 3
a 120 38 6
a 120 145 9
a 120 77 16
a 120 113 12
a 120 196 4
a 120 85 12
a 37 38 17
a 37 39 17
a 37 40 12
a 37 41 14
a 37 42 3
a 37 43 1
a 37 44 4
a 37 45 8
a 37 46 19
a 37 47 11
a 37 48 12
a 37 49 3
a 37 50 13
a 37 51 18
a 37 52 8
a 37 75 17
a 37 55 12
a 37 57 13
a 37 23 9
a 37 61 5
a 37 67 10
a 37 194 15
a 37 53 9
a 94 95 6
a 94 96 4
a 94 97 5
a 94 98 19
a 94 99 4
a 94 100 6
a 94 101 9
a 94 102 4
a 94 103 5
a 94 104 1
a 94 105 15
a 94 106 5
a 94 107 4
a 94 108 16
a 94 109 11
a 94 165 10
a 94 69 4
a 94 28 3
a 94 148 3
a 94 14 7
a 94 137 5
a 67 68 14
a 67 69 11
a 67 70 11
a 67 71 8
a 67 72 12
a 67 73 17
a 67 74 15
a 67 75 12
a 67 76 18
a 67 77 1
a 67 78 15
a 67 79 15
a 67 80 9
a 67 81 12
a 67 82 14
a 67 5 5
a 67 19 13
a 67 50 11
a 67 101 17
a 67 22 6
a 67 21 4
a 67 190 7
a 67 18 15
a 67 130 12
a 197 198 13
a 197 199 5
a 197 0 8
a 197 1 19
a 197 2 14
a 197 3 9
a 197 4 9
a 197 5 19
a 197 6 12
a 197 7 14
a 197 8 3
a 197 9 9
a 197 10 3
a 197 11 7
a 197 12 15
a 197 140 7
a 197 144 19
a 197 174 15
a 197 61 14
a 197 23 14
a 197 67 15
a 197 28 19
a 197 72 8
a 197 187 15
a 38 39 1
a 38 40 3
a 38 41 18
a 38 42 18
a 38 43 19
a 38 44 5
a 38 45 17
a 38 46 16
a 38 47 14
a 38 48 2
a 38 49 17
a 38 50 3
a 38 51 3
a 38 52 19
a 38 53 7
a 38 167 5
a 38 117 17
a 38 22 15
a 38 67 18
a 38 163 12
a 38 126 8
a 38 32 17
a 38 17 10
a 38 171 17
a 43 44 10
a 43 45 17
a 43 46 5
a 43 47 14
a 43 48 11
a 43 49 19
a 43 50 12
a 43 51 9
a 43 52 6
a 43 53 8
a 43 54 4
a 43 55 12
a 43 56 9
a 43 57 17
a 43 58 14
a 43 196 12
a 43 140 15
a 43 3 13
a 43 170 12
a 43 6 16
a 43 2 12
a 43 195 1
a 90 91 16
a 90 92 7
a 90 93 1
a 90 94 18
a 90 95 10
a 90 96 7
a 90 97 14
a 90 98 12
a 90 99 4
a 90 100 13
a 90 101 13
a 90 102 9
a 90 103 17
a 90 104 16
a 90 105 13
a 90 87 4
a 90 185 19
a 90 176 10
a 90 110 7
a 90 83 18
a 62 63 6
a 62 64 11
a 62 65 19
a 62 66 17
a 62 67 13
a 62 68 8
a 62 69 14
a 62 70 10
a 62 71 8
a 62 72 11
a 62 73 14
a 62 74 8
a 62 75 4
a 62 76 15
a 62 77 15
a 62 123 11
a 62 192 18
a 62 106 11
a 62 131 2
a 62 117 19
a 39 40 11
a 39 41 12
a 39 42 3
a 39 43 16
a 39 44 15
a 39 45 13
a 39 46 4
a 39 47 10
a 39 48 7
a 39 49 9
a 39 50 17
a 39 51 1
a 39 52 9
a 39 53 18
a 39 54 6
a 39 23 7
a 39 194 7
a 39 198 14
a 39 34 16
a 39 133 19
a 39 172 6
a 52 53 4
a 52 54 5
a 52 55 8
a 52 56 14
a 52 57 10
a 52 58 7
a 52 59 4
a 52 60 19
a 52 61 6
a 52 62 7
a 52 63 5
a 52 64 10
a 52 65 9
a 52 66 17
a 52 67 19
a 52 171 18
a 52 116 10
a 52 9 11
a 52 117 9
a 52 196 12
a 57 58 7
a 57 59 9
a 57 60 6
a 57 61 15
a 57 62 1
a 57 63 12
a 57 64 2
a 57 65 4
a 57 66 19
a 57 67 1
a 57 68 7
a 57 69 11
a 57 70 1
a 57 71 7
a 57 72 13
a 57 19 18
a 57 199 9
a 57 156 11
a 57 148 7
a 57 108 16
a 65 66 14
a 65 67 5
a 65 68 7
a 65 69 9
a 65 70 19
a 65 71 16
a 65 72 15
a 65 73 9
a 65 74 5
a 65 75 9
a 65 76 5
a 65 77 16
a 65 78 18
a 65 79 4
a 65 80 3
a 65 188 18
a 65 106 8
a 65 138 7
a 65 91 12
a 65 145 16
a 172 173 16
a 172 174 6
a 172 175 1
a 172 176 9
a 172 177 13
a 172 178 10
a 172 179 14
a 172 180 8
a 172 181 2
a 172 182 5
a 172 183 8
a 172 184 5
a 172 185 5
a 172 186 14
a 172 187 3
a 172 2 15
a 172 79 18
a 172 73 19
a 172 135 4
a 172 101 12
a 172 56 13
a 172 120 17
a 136 137 18
a 136 138 15
a 136 139 16
a 136 140 11
a 136 141 13
a 136 142 1
a 136 143 14
a 136 144 16
a 136 145 15
a 136 146 7
a 136 147 10
a 136 148 7
a 136 149 13
a 136 150 15
a 136 151 1
a 136 193 6
a 136 127 1
a 136 94 18
a 136 36 5
a 136 19 3
a 136 67 8
a 136 3 13
a 136 51 16
a 136 186 10
a 136 170 8
a 136 125 1
a 78 79 16
a 78 80 5
a 78 81 7
a 78 82 6
a 78 83 16
a 78 84 3
a 78 85 8
a 78 86 14
a 78 87 11
a 78 88 15
a 78 89 18
a 78 90 4
a 78 91 3
a 78 92 13
a 78 93 19
a 78 39 2
a 78 110 10
a 78 195 13
a 78 40 3
a 78 167 17
a 107 108 3
a 107 109 15
a 107 110 17
a 107 111 18
a 107 112 5
a 107 113 12
a 107 114 1
a 107 115 6
a 107 116 2
a 107 117 17
a 107 118 15
a 107 119 17
a 107 120 13
a 107 121 19
a 107 122 19
a 107 48 5
a 107 41 4
a 107 44 2
a 107 73 19
a 107 135 16
a 107 2 18
a 107 106 15
a 107 46 6
a 87 88 13
a 87 89 9
a 87 90 5
a 87 91 19
a 87 92 19
a 87 93 7
a 87 94 7
a 87 95 2
a 87 96 3
a 87 97 8
a 87 98 11
a 87 99 18
a 87 100 16
a 87 101 10
a 87 102 12
a 87 108 3
a 87 84 16
a 87 134 8
a 87 66 9
a 87 70 10
a 87 4 7
a 87 180 6
a 87 79 11
a 87 181 17
a 141 142 7
a 141 143 9
a 141 144 5
a 141 145 3
a 141 146 9
a 141 147 3
a 141 148 1
a 141 149 15
a 141 150 12
a 141 151 16
a 141 152 7
a 141 153 5
a 141 154 13
a 141 155 12
a 141 156 2
a 141 65 16
a 141 8 13
a 141 199 2
a 141 14 10
a 88 89 18
a 88 90 14
a 88 91 13
a 88 92 5
a 88 93 8
a 88 94 19
a 88 95 13
a 88 96 12
a 88 97 19
a 88 98 17
a 88 99 6
a 88 100 13
a 88 101 6
a 88 102 14
a 88 103 15
a 88 0 6
a 88 132 5
a 88 2 14
a 88 23 11
a 88 106 7
a 88 162 13
a 88 6 11
a 88 137 10
a 88 46 8
a 88 7 7
a 162 163 8
a 162 164 4
a 162 165 8
a 162 166 11
a 162 167 10
a 162 168 14
a 162 169 13
a 162 170 18
a 162 171 13
a 162 172 8
a 162 173 13
a 162 174 12
a 162 175 16
a 162 176 17
a 162 177 5
a 162 60 7
a 162 127 11
a 162 187 14
a 162 18 8
a 162 192 14
a 162 149 13
a 162 4 8
a 180 181 2
a 180 182 19
a 180 183 15
a 180 184 16
a 180 185 17
a 180 186 19
a 180 187 3
a 180 188 17
a 180 189 13
a 180 190 15
a 180 191 4
a 180 192 1
a 180 193 5
a 180 194 18
a 180 195 19
a 180 91 1
a 180 104 15
a 180 129 6
a 180 61 6
a 180 136 8
a 180 146 1
a 180 155 17
a 80 81 12
a 80 82 6
a 80 83 17
a 80 84 14
a 80 85 13
a 80 86 8
a 80 87 5
a 80 88 8
a 80 89 11
a 80 90 10
a 80 91 6
a 80 92 13
a 80 93 2
a 80 94 15
a 80 95 17
a 80 7 8
a 80 10 3
a 80 51 17
a 80 105 12
a 80 59 15
a 80 97 9
a 46 47 19
a 46 48 5
a 46 49 4
a 46 50 17
a 46 51 9
a 46 52 2
a 46 53 12
a 46 54 5
a 46 55 3
a 46 56 14
a 46 57 19
a 46 58 19
a 46 59 6
a 46 60 8
a 46 61 12
a 46 198 7
a 46 36 2
a 46 101 6
a 46 30 14
a 46 86 4
a 46 159 10
a 46 70 2
a 46 165 13
a 46 85 12
a 194 195 18
a 194 196 7
a 194 197 2
a 194 198 12
a 194 199 9
a 194 0 8
a 194 1 4
a 194 2 18
a 194 3 1
a 194 4 10
a 194 5 5
a 194 6 10
a 194 7 18
a 194 8 5
a 194 9 13
a 194 102 9
a 194 160 11
a 194 39 11
a 194 182 3
a 194 56 19
a 194 48 7
a 194 177 13
a 194 90 18
a 75 76 2
a 75 77 5
a 75 78 19
a 75 79 2
a 75 80 10
a 75 81 19
a 75 82 1
a 75 83 1
a 75 84 15
a 75 85 5
a 75 86 2
a 75 87 18
a 75 88 12
a 75 89 10
a 75 90 11
a 75 186 2
a 75 110 19
a 75 18 5
a 75 58 9
a 75 32 15
a 75 97 18
a 75 161 17
a 47 48 12
a 47 49 16
a 47 50 18
a 47 51 2
a 47 52 4
a 47 53 17
a 47 54 4
a 47 55 12
a 47 56 5
a 47 57 2
a 47 58 5
a 47 59 15
a 47 60 19
a 47 61 6
a 47 62 11
a 47 7 16
a 47 29 9
a 47 159 15
a 47 147 8
a 47 89 9
a 47 120 19
a 47 153 14
a 47 149 2
a 47 20 14
a 148 149 14
a 148 150 12
a 148 151 3
a 148 152 13
a 148 153 10
a 148 154 5
a 148 155 18
a 148 156 17
a 148 157 19
a 148 158 2
a 148 159 14
a 148 160 2
a 148 161 18
a 148 162 15
a 148 163 10
a 148 188 1
a 148 41 4
a 148 105 4
a 148 76 17
a 148 69 8
a 148 141 17
a 155 156 13
a 155 157 2
a 155 158 12
a 155 159 6
a 155 160 2
a 155 161 18
a 155 162 1
a 155 163 10
a 155 164 4
a 155 165 4
a 155 166 3
a 155 167 12
a 155 168 1
a 155 169 2
a 155 170 12
a 155 122 18
a 155 11 16
a 155 187 19
a 155 141 4
a 155 39 9
a 155 30 15
a 155 41 2
a 155 114 9
a 155 185 14
a 158 159 15
a 158 160 15
a 158 161 2
a 158 162 12
a 158 163 18
a 158 164 9
a 158 165 7
a 158 166 1
a 158 167 2
a 158 168 1
a 158 169 10
a 158 170 9
a 158 171 1
a 158 172 16
a 158 173 8
a 158 55 14
a 158 2 18
a 158 179 6
a 158 186 14
a 158 123 5
a 158 156 17
a 158 5 4
a 158 25 5
a 158 114 5
a 124 125 12
a 124 126 17
a 124 127 8
a 124 128 11
a 124 129 10
a 124 130 7
a 124 131 19
a 124 132 11
a 124 133 14
a 124 134 8
a 124 135 16
a 124 136 13
a 124 137 16
a 124 138 3
a 124 139 17
a 124 17 14
a 124 48 18
a 124 95 11
a 124 27 11
a 190 191 2
a 190 192 16
a 190 193 11
a 190 194 14
a 190 195 12
a 190 196 13
a 190 197 6
a 190 198 15
a 190 199 1
a 190 0 1
a 190 1 10
a 190 2 2
a 190 3 7
a 190 4 8
a 190 5 16
a 190 43 15
a 190 16 7
a 190 123 7
a 190 10 7
a 190 144 1
a 190 29 11
a 190 127 14
a 190 146 2
a 190 184 17
a 190 118 10
a 190 91 1
a 190 121 19
a 69 70 7
a 69 71 9
a 69 72 10
a 69 73 3
a 69 74 16
a 69 75 2
a 69 76 7
a 69 77 2
a 69 78 12
a 69 79 13
a 69 80 4
a 69 81 10
a 69 82 19
a 69 83 4
a 69 84 4
a 69 132 11
a 69 11 9
a 69 88 8
a 69 12 16
a 69 101 19
a 109 110 18
a 109 111 18
a 109 112 18
a 109 113 6
a 109 114 12
a 109 115 2
a 109 116 12
a 109 117 12
a 109 118 11
a 109 119 1
a 109 120 9
a 109 121 18
a 109 122 19
a 109 123 16
a 109 124 9
a 109 52 14
a 109 137 10
a 109 77 17
a 109 174 8
a 109 12 19
a 109 167 16
a 109 70 9
a 118 119 2
a 118 120 5
a 118 121 16
a 118 122 18
a 118 123 9
a 118 124 12
a 118 125 12
a 118 126 11
a 118 127 14
a 118 128 16
a 118 129 12
a 118 130 14
a 118 131 9
a 118 132 12
a 118 133 15
a 118 95 15
a 118 77 11
a 118 90 7
a 118 51 19
a 118 61 13
a 118 155 5
a 177 178 13
a 177 179 6
a 177 180 4
a 177 181 3
a 177 182 4
a 177 183 2
a 177 184 8
a 177 185 14
a 177 186 10
a 177 187 4
a 177 188 3
a 177 189 4
a 177 190 4
a 177 191 16
a 177 192 7
a 177 77 4
a 177 45 7
a 177 139 6
a 177 84 4
a 177 44 9
a 177 157 12
a 159 160 11
a 159 161 9
a 159 162 1
a 159 163 11
a 159 164 19
a 159 165 6
a 159 166 6
a 159 167 10
a 159 168 19
a 159 169 15
a 159 170 19
a 159 171 12
a 159 172 8
a 159 173 18
a 159 174 17
a 159 19 2
a 159 122 13
a 159 195 19
a 159 135 5
a 159 133 16
a 159 29 17
a 159 91 1
a 159 25 11
a 159 60 17
a 114 115 2
a 114 116 3
a 114 117 17
a 114 118 12
a 114 119 1
a 114 120 12
a 114 121 17
a 114 122 18
a 114 123 17
a 114 124 2
a 114 125 10
a 114 126 14
a 114 127 4
a 114 128 4
a 114 129 17
a 114 95 17
a 114 132 19
a 114 148 15
a 114 43 1
a 114 176 1
a 114 178 15
a 114 46 15
a 56 57 12
a 56 58 15
a 56 59 17
a 56 60 3
a 56 61 16
a 56 62 12
a 56 63 13
a 56 64 13
a 56 65 10
a 56 66 14
a 56 67 19
a 56 68 12
a 56 69 17
a 56 70 5
a 56 71 5
a 56 4 9
a 56 8 5
a 56 171 7
a 56 53 12
a 56 31 15
a 56 136 1
a 56 97 3
a 115 116 2
a 115 117 14
a 115 118 3
a 115 119 14
a 115 120 15
a 115 121 19
a 115 122 16
a 115 123 15
a 115 124 13
a 115 125 13
a 115 126 15
a 115 127 5
a 115 128 7
a 115 129 18
a 115 130 18
a 115 109 14
a 115 49 17
a 115 75 18
a 115 43 9
a 115 29 4
a 115 169 14
a 115 78 1
a 115 184 13
a 115 97 6
a 85 86 15
a 85 87 18
a 85 88 11
a 85 89 1
a 85 90 18
a 85 91 12
a 85 92 16
a 85 93 18
a 85 94 16
a 85 95 9
a 85 96 6
a 85 97 12
a 85 98 18
a 85 99 13
a 85 100 12
a 85 9 7
a 85 3 10
a 85 142 8
a 85 156 3
a 85 68 17
a 85 109 9
a 55 56 3
a 55 57 17
a 55 58 7
a 55 59 19
a 55 60 6
a 55 61 12
a 55 62 1
a 55 63 1
a 55 64 7
a 55 65 9
a 55 66 7
a 55 67 7
a 55 68 1
a 55 69 9
a 55 70 10
a 55 184 12
a 55 35 8
a 55 146 15
a 55 27 3
a 55 189 18
a 55 75 14
a 55 85 16
a 55 139 19
a 55 11 10
a 53 54 14
a 53 55 17
a 53 56 5
a 53 57 8
a 53 58 2
a 53 59 8
a 53 60 4
a 53 61 7
a 53 62 4
a 53 63 16
a 53 64 6
a 53 65 6
a 53 66 2
a 53 67 11
a 53 68 9
a 53 110 9
a 53 124 14
a 53 40 11
a 53 139 19
a 53 156 1
a 53 193 11
a 53 80 11
a 53 97 6
a 53 93 15
a 53 85 12
a 53 52 15
a 117 118 2
a 117 119 4
a 117 120 4
a 117 121 19
a 117 122 3
a 117 123 13
a 117 124 19
a 117 125 1
a 117 126 7
a 117 127 19
a 117 128 1
a 117 129 4
a 117 130 11
a 117 131 10
a 117 132 3
a 117 96 10
a 117 89 15
a 117 90 10
a 117 173 4
a 117 72 18
a 117 19 12
a 117 38 11
a 117 153 5
a 117 34 4
a 117 32 1
a 117 158 4
a 117 195 17
a 126 127 6
a 126 128 1
a 126 129 19
a 126 130 6
a 126 131 17
a 126 132 14
a 126 133 10
a 126 134 7
a 126 135 16
a 126 136 4
a 126 137 14
a 126 138 8
a 126 139 8
a 126 140 15
a 126 141 13
a 126 102 17
a 126 87 7
a 126 89 8
a 126 152 13
a 126 33 7
a 126 155 9
a 126 2 18
a 126 52 9
a 133 134 11
a 133 135 9
a 133 136 6
a 133 137 15
a 133 138 14
a 133 139 3
a 133 140 5
a 133 141 12
a 133 142 2
a 133 143 7
a 133 144 8
a 133 145 17
a 133 146 12
a 133 147 2
a 133 148 16
a 133 152 10
a 133 81 16
a 133 99 6
a 133 14 15
a 133 161 9
a 133 160 11
a 150 151 12
a 150 152 9
a 150 153 5
a 150 154 17
a 150 155 8
a 150 156 3
a 150 157 3
a 150 158 5
a 150 159 13
a 150 160 2
a 150 161 6
a 150 162 5
a 150 163 13
a 150 164 15
a 150 165 4
a 150 187 8
a 150 129 4
a 150 119 17
a 150 81 1
a 150 67 13
a 150 8 18
a 150 25 15
a 150 173 10
a 196 197 8
a 196 198 3
a 196 199 2
a 196 0 4
a 196 1 4
a 196 2 16
a 196 3 18
a 196 4 15
a 196 5 12
a 196 6 15
a 196 7 1
a 196 8 7
a 196 9 7
a 196 10 10
a 196 11 2
a 196 137 13
a 196 152 2
a 196 56 3
a 196 188 7
a 196 32 17
a 196 47 3
a 196 26 5
a 187 188 6
a 187 189 4
a 187 190 17
a 187 191 11
a 187 192 15
a 187 193 15
a 187 194 2
a 187 195 3
a 187 196 12
a 187 197 17
a 187 198 6
a 187 199 10
a 187 0 7
a 187 1 4
a 187 2 14
a 187 110 10
a 187 42 3
a 187 123 12
a 187 85 3
a 187 96 15
a 187 157 16
a 187 108 2
a 187 84 6
a 187 99 16
a 187 121 13
a 187 19 16
a 130 131 10
a 130 132 10
a 130 133 16
a 130 134 2
a 130 135 13
a 130 136 8
a 130 137 4
a 130 138 2
a 130 139 3
a 130 140 13
a 130 141 4
a 130 142 8
a 130 143 4
a 130 144 7
a 130 145 1
a 130 69 11
a 130 51 11
a 130 47 3
a 130 76 14
a 130 46 12
a 130 105 6
a 130 82 4
a 130 161 3
a 130 186 8
a 130 181 9
a 130 88 6
a 130 175 10
a 130 87 2
a 68 69 11
a 68 70 14
a 68 71 15
a 68 72 13
a 68 73 7
a 68 74 1
a 68 75 2
a 68 76 2
a 68 77 12
a 68 78 15
a 68 79 14
a 68 80 16
a 68 81 10
a 68 82 16
a 68 83 15
a 68 155 18
a 68 169 7
a 68 61 7
a 68 10 12
a 68 6 1
a 68 108 16
a 68 127 19
a 68 119 2
a 101 102 19
a 101 103 10
a 101 104 17
a 101 105 1
a 101 106 14
a 101 107 4
a 101 108 14
a 101 109 19
a 101 110 17
a 101 111 7
a 101 112 10
a 101 113 11
a 101 114 6
a 101 115 19
a 101 116 16
a 101 137 9
a 101 118 17
a 101 93 14
a 101 71 19
a 101 189 14
a 101 31 17
a 101 68 18
a 101 52 5
a 86 87 14
a 86 88 10
a 86 89 13
a 86 90 2
a 86 91 18
a 86 92 13
a 86 93 18
a 86 94 4
a 86 95 4
a 86 96 8
a 86 97 8
a 86 98 19
a 86 99 1
a 86 100 3
a 86 101 17
a 86 199 13
a 86 15 4
a 86 137 12
a 86 33 17
a 86 38 3
a 86 142 16
a 86 173 13
a 128 129 11
a 128 130 1
a 128 131 17
a 128 132 17
a 128 133 12
a 128 134 1
a 128 135 14
a 128 136 13
a 128 137 9
a 128 138 12
a 128 139 12
a 128 140 10
a 128 141 11
a 128 142 17
a 128 143 1
a 128 145 12
a 128 179 11
a 128 125 18
a 128 61 12
a 128 120 2
a 128 98 9
a 128 148 3
a 182 183 8
a 182 184 19
a 182 185 2
a 182 186 13
a 182 187 5
a 182 188 12
a 182 189 17
a 182 190 13
a 182 191 17
a 182 192 6
a 182 193 6
a 182 194 16
a 182 195 8
a 182 196 4
a 182 197 2
a 182 176 1
a 182 27 1
a 182 5 19
a 182 149 11
a 64 65 11
a 64 66 19
a 64 67 10
a 64 68 7
a 64 69 11
a 64 70 18
a 64 71 9
a 64 72 9
a 64 73 18
a 64 74 9
a 64 75 11
a 64 76 18
a 64 77 3
a 64 78 4
a 64 79 1
a 64 108 3
a 64 172 4
a 64 122 10
a 64 187 4
a 64 84 12
a 64 168 16
a 64 184 3
a 64 157 5
a 64 101 12
a 64 151 4
a 164 165 16
a 164 166 14
a 164 167 7
a 164 168 6
a 164 169 19
a 164 170 1
a 164 171 7
a 164 172 14
a 164 173 10
a 164 174 9
a 164 175 12
a 164 176 6
a 164 177 6
a 164 178 11
a 164 179 10
a 164 96 15
a 164 116 12
a 164 11 13
a 164 137 7
a 164 156 12
a 164 37 11
a 164 79 11
a 164 50 5
a 164 181 17
a 164 121 16
a 103 104 13
a 103 105 6
a 103 106 4
a 103 107 3
a 103 108 15
a 103 109 16
a 103 110 16
a 103 111 7
a 103 112 11
a 103 113 12
a 103 114 14
a 103 115 6
a 103 116 8
a 103 117 4
a 103 118 17
a 103 12 18
a 103 65 3
a 103 162 9
a 103 184 14
a 103 59 6
a 103 161 8
a 103 28 13
a 103 81 5
a 103 0 14
a 103 31 3
a 103 135 19
a 97 98 16
a 97 99 4
a 97 100 18
a 97 101 1
a 97 102 1
a 97 103 10
a 97 104 17
a 97 105 3
a 97 106 16
a 97 107 19
a 97 108 1
a 97 109 13
a 97 110 13
a 97 111 13
a 97 112 16
a 97 37 8
a 97 66 13
a 97 125 13
a 97 198 3
a 97 175 18
a 97 43 7
a 97 23 11
a 97 20 12
a 97 24 8
a 97 164 5
a 93 94 12
a 93 95 18
a 93 96 13
a 93 97 3
a 93 98 3
a 93 99 10
a 93 100 12
a 93 101 13
a 93 102 9
a 93 103 17
a 93 104 11
a 93 105 12
a 93 106 7
a 93 107 13
a 93 108 14
a 93 164 16
a 93 110 9
a 93 135 5
a 93 35 6
a 93 151 1
a 93 147 8
a 93 31 11
a 82 83 10
a 82 84 2
a 82 85 1
a 82 86 6
a 82 87 6
a 82 88 7
a 82 89 3
a 82 90 15
a 82 91 18
a 82 92 9
a 82 93 7
a 82 94 18
a 82 95 1
a 82 96 19
a 82 97 18
a 82 190 12
a 82 186 19
a 82 126 17
a 82 197 8
a 184 185 17
a 184 186 7
a 184 187 15
a 184 188 5
a 184 189 3
a 184 190 9
a 184 191 14
a 184 192 16
a 184 193 17
a 184 194 2
a 184 195 7
a 184 196 18
a 184 197 5
a 184 198 4
a 184 199 8
a 184 0 14
a 184 133 12
a 184 123 2
a 184 80 13
a 184 31 18
a 184 78 15
a 184 47 16
a 95 96 8
a 95 97 17
a 95 98 14
a 95 99 7
a 95 100 17
a 95 101 13
a 95 102 10
a 95 103 11
a 95 104 1
a 95 105 10
a 95 106 17
a 95 107 1
a 95 108 4
a 95 109 19
a 95 110 15
a 95 180 16
a 95 195 3
a 95 187 17
a 95 174 11
a 95 155 14
a 95 156 7
a 95 69 4
a 74 75 2
a 74 76 19
a 74 77 4
a 74 78 8
a 74 79 11
a 74 80 16
a 74 81 2
a 74 82 10
a 74 83 15
a 74 84 5
a 74 85 18
a 74 86 18
a 74 87 17
a 74 88 11
a 74 89 15
a 74 98 14
a 74 56 17
a 74 116 18
a 74 109 12
a 74 135 17
a 74 31 19
a 74 95 8
a 74 133 4
a 77 78 18
a 77 79 17
a 77 80 1
a 77 81 5
a 77 82 5
a 77 83 3
a 77 84 5
a 77 85 9
a 77 86 12
a 77 87 12
a 77 88 9
a 77 89 7
a 77 90 9
a 77 91 6
a 77 92 5
a 77 176 3
a 77 60 9
a 77 59 7
a 77 0 1
a 77 73 14
a 77 39 12
a 77 27 3
a 77 67 5
a 77 69 5
a 91 92 3
a 91 93 12
a 91 94 7
a 91 95 13
a 91 96 8
a 91 97 14
a 91 98 7
a 91 99 11
a 91 100 12
a 91 101 2
a 91 102 18
a 91 103 4
a 91 104 10
a 91 105 2
a 91 106 13
a 91 60 7
a 91 136 8
a 91 12 5
a 91 162 4
a 104 105 2
a 104 106 17
a 104 107 11
a 104 108 2
a 104 109 6
a 104 110 13
a 104 111 17
a 104 112 9
a 104 113 19
a 104 114 6
a 104 115 1
a 104 116 16
a 104 117 19
a 104 118 8
a 104 119 1
a 104 54 15
a 104 129 4
a 104 180 1
a 104 59 18
a 181 182 19
a 181 183 9
a 181 184 17
a 181 185 3
a 181 186 4
a 181 187 10
a 181 188 18
a 181 189 17
a 181 190 1
a 181 191 19
a 181 192 15
a 181 193 10
a 181 194 3
a 181 195 7
a 181 196 4
a 181 60 15
a 181 93 6
a 181 122 7
a 181 7 11
a 181 57 19
a 181 116 12
a 181 16 15
a 181 147 7
a 175 176 8
a 175 177 3
a 175 178 11
a 175 179 14
a 175 180 12
a 175 181 13
a 175 182 19
a 175 183 5
a 175 184 11
a 175 185 17
a 175 186 4
a 175 187 7
a 175 188 4
a 175 189 4
a 175 190 17
a 175 61 8
a 175 51 9
a 175 67 9
a 175 103 10
a 175 84 12
a 175 198 4
a 175 7 14
a 125 126 15
a 125 127 13
a 125 128 7
a 125 129 3
a 125 130 10
a 125 131 17
a 125 132 3
a 125 133 16
a 125 134 16
a 125 135 12
a 125 136 18
a 125 137 5
a 125 138 14
a 125 139 7
a 125 140 16
a 125 181 5
a 125 41 10
a 125 6 6
a 125 193 16
c 30 42 125 41 181
c 189 193 103 106 40
c 141 8 179 187 147
c 69 101 174 31 189
c 126 52 21 18 158
c 42 90 74 80 28
c 168 179 72 101 147
c 168 175 83 85 40
c 3 17 28 40 133
c 116 130 197 144 133
c 178 60 172 180 173
c 95 180 65 75 180
c 85 93 91 12 161
c 190 118 119 131 199
c 108 120 104 111 104
c 18 144 118 95 143
c 53 67 165 174 155
c 36 44 150 162 94
c 10 18 92 106 56
c 38 46 132 138 133
c 135 171 143 151 26
c 19 30 152 86 161
c 52 117 61 174 173
c 111 115 179 185 91
c 57 199 145 149 156
c 41 46 52 61 165
c 111 119 102 33 26
c 170 185 178 47 54
c 176 180 17 18 47
c 128 179 33 48 109
c 103 104 65 72 60
c 98 108 73 86 133
c 149 60 192 92 137
c 117 124 137 139 165
c 132 140 30 35 52
c 122 136 16 167 116
c 173 188 103 106 45
c 69 101 180 129 113
c 50 56 149 152 143
c 126 136 197 7 117
c 86 101 60 89 133
c 176 185 136 144 152
c 187 198 199 90 84
c 66 77 163 175 129
c 135 0 38 47 32
c 61 70 186 1 97
c 64 108 195 8 33
c 187 110 41 42 89
c 10 25 12 135 183
c 125 133 33 35 74
c 110 178 8 132 94
c 3 13 173 180 86
c 34 47 60 64 170
c 111 124 68 78 116
c 48 61 121 131 67
c 102 108 81 87 191
c 17 32 55 70 147
c 109 167 50 60 178
c 95 102 163 172 111
c 22 67 150 159 34
c 24 4 175 51 87
c 153 113 86 33 92
c 181 188 83 85 147
c 152 165 66 77 58
c 92 103 59 70 121
c 74 87 86 93 150
c 98 101 71 81 53
c 154 163 66 79 31
c 23 31 185 188 191
c 78 84 96 109 101
c 68 119 1 6 33
c 118 155 103 118 113
c 78 88 130 69 65
c 71 129 178 184 186
c 0 1 45 60 41
c 22 199 153 158 118
c 37 42 19 99 125
c 52 196 61 63 135
c 197 7 110 115 167
c 121 133 89 100 99
c 82 95 116 170 41
c 44 111 9 23 112
c 190 195 2 12 165
c 1 106 71 74 157
c 37 45 116 119 151
c 82 126 59 156 50
c 41 196 142 159 119
c 53 93 191 4 129
c 74 135 111 121 113
c 154 168 0 12 140
c 167 169 139 145 198
c 94 98 31 46 86
c 114 128 21 27 120
c 75 90 73 78 182
c 76 83 191 194 139
c 121 136 167 43 55
c 115 129 139 145 134
c 60 61 173 182 95
c 160 132 177 178 31
c 124 136 94 101 40
c 12 20 90 97 37
c 12 27 41 56 161
c 91 105 167 154 54
c 24 29 37 194 92
c 152 167 196 26 48
c 63 154 183 187 64
c 61 70 70 79 170
c 77 0 115 118 107
c 86 94 75 76 89
c 168 111 99 59 163
c 173 78 183 190 43
c 28 40 57 70 177
c 146 29 125 137 145
c 92 178 66 76 111
c 35 46 24 0 81
c 195 2 56 58 67
c 161 176 112 122 92
c 105 108 16 198 27
c 161 86 162 149 114
c 1 12 59 19 58
c 173 180 43 55 148
c 169 178 165 46 181
c 34 177 129 93 90
c 199 10 66 80 72
c 150 159 65 66 170
c 41 50 129 131 61
c 148 41 12 16 139
c 110 117 102 110 101
c 153 142 182 192 151
c 117 153 102 107 88
c 130 46 150 165 34
c 112 119 184 192 151
c 119 130 135 142 33
c 95 156 198 31 109
c 59 25 112 160 58
c 163 186 148 156 132
c 44 135 167 177 51
c 111 119 18 81 101
c 107 121 30 45 88
c 80 7 162 175 51
c 115 126 4 19 38
c 73 169 185 82 36
c 39 23 43 57 165
c 133 147 130 142 169
c 60 89 158 2 44
c 73 140 132 181 30
c 8 22 29 40 87
c 120 131 20 34 96
c 66 116 93 110 109
c 165 172 57 68 113
c 115 184 58 13 54
c 13 21 186 188 138
c 145 154 136 140 161
c 154 159 147 148 131
c 14 84 45 59 123
c 113 121 179 193 147
c 167 177 23 62 185
c 11 17 5 20 110
c 76 87 143 120 179
c 30 90 188 0 93
c 73 169 0 63 161
c 29 40 147 175 90
c 42 50 130 181 117
c 181 194 48 54 128
c 169 171 98 76 115
c 83 84 162 168 157
c 72 190 56 65 80
c 37 75 171 179 171
c 90 87 181 193 199
c 17 116 120 130 197
c 42 44 66 95 128
c 6 7 90 110 59
c 54 84 88 90 77
c 57 61 15 18 154
c 30 80 182 176 26
c 32 33 133 81 150
c 95 104 14 198 127
c 49 36 99 23 181
c 125 136 64 69 79
c 131 141 108 22 28
c 61 72 23 38 181
c 47 120 119 123 169
c 115 122 126 135 98
c 25 39 75 80 194
c 106 120 157 161 35
c 68 108 77 69 25
c 64 172 103 105 118
c 191 5 62 63 38
c 195 5 126 133 153
c 34 45 82 126 81
c 130 139 126 52 194
c 20 30 52 196 173
c 70 180 167 180 47
c 172 56 72 77 33
c 29 141 143 152 136
c 41 196 89 102 111
c 92 29 63 69 158
c 151 116 163 177 93
c 122 127 142 155 127
c 78 88 160 175 151
c 74 133 132 133 136
c 178 179 45 52 29
c 179 192 96 79 49
c 12 166 127 138 182
c 100 44 82 95 67
c 119 128 46 52 116
c 146 29 177 179 121
c 11 24 109 118 60
c 155 187 92 98 182
c 169 179 39 172 99
c 17 30 13 193 88
c 112 124 92 99 99
c 34 63 59 71 164
c 133 148 127 63 62
c 189 191 87 4 46
c 103 112 165 170 28
c 61 75 174 187 146
c 26 138 29 44 132
c 52 63 138 14 193
c 67 18 21 63 58
c 61 67 136 193 58
c 146 156 175 179 89
c 39 42 197 0 119
c 184 188 131 128 56
c 196 47 137 151 165
c 48 60 98 76 166
c 139 127 66 79 72
c 28 166 9 12 62
c 130 87 5 58 68
c 92 29 9 71 123
c 42 65 162 127 44
c 10 27 50 66 64
c 25 40 3 27 94
c 87 92 155 114 149
c 190 5 179 183 138
c 184 187 59 65 75
c 77 84 3 14 92
c 124 136 19 26 185
c 42 50 110 118 73
c 159 172 65 77 76
c 5 123 87 91 187
c 151 163 171 182 164
c 114 122 106 182 108
c 74 86 36 115 148
c 41 54 155 170 173
c 196 0 68 72 147
c 162 149 135 144 167
c 135 143 47 61 146
c 128 98 27 28 109
c 162 173 0 12 140
c 15 176 97 175 27
c 147 153 29 37 187
c 171 180 30 197 154
c 118 119 87 99 199
c 105 147 162 166 85
c 144 146 171 184 70
c 47 55 88 101 119
c 142 150 197 0 70
c 53 68 162 164 72
c 173 112 155 114 157
c 128 130 46 70 170
c 162 192 48 54 194
c 124 135 115 116 37
c 94 109 186 76 166
c 69 81 153 152 86
c 93 107 143 47 170
c 150 163 156 196 47
c 118 123 17 18 71
c 42 44 148 158 181
c 131 139 175 184 36
c 125 41 141 149 41
c 117 126 182 27 173
c 21 24 81 158 81
c 123 84 190 29 194
c 58 67 39 194 112
c 17 22 182 27 107
c 193 50 106 115 184
c 134 137 60 136 131
c 92 106 117 153 42
c 45 57 32 81 121
c 9 17 186 188 128
c 187 84 62 66 53
c 43 53 79 91 191
c 155 169 99 141 176
c 176 177 34 46 127
c 91 94 119 120 85
c 171 176 142 148 195
c 67 21 83 191 91
c 122 126 60 70 69
c 9 20 78 110 62
c 80 87 19 33 56
c 126 140 0 10 159
c 96 98 179 191 98
c 48 49 134 95 26
c 83 85 22 67 89
c 70 79 197 11 37
c 38 47 102 117 151
c 97 125 93 110 191
c 123 127 35 40 149
c 37 50 176 178 152
c 38 40 109 114 198
c 195 45 123 49 69
c 66 91 142 159 170
c 2 3 189 3 119
c 111 126 80 105 138
c 132 13 198 199 72
c 99 103 193 140 46
c 2 3 131 31 105
c 71 160 88 101 72
c 144 158 99 113 33
c 87 84 45 58 173
c 152 164 89 98 101
c 50 53 105 119 153
c 79 88 48 55 59
c 20 23 48 120 170
c 16 19 112 113 88
c 173 187 107 48 46
c 50 51 114 118 178
c 186 196 103 59 167
c 193 8 93 104 75
c 116 122 95 187 94
c 76 78 145 152 181
c 186 199 26 16 101
c 119 120 193 76 139
c 199 11 67 78 144
c 55 184 32 36 82
c 111 114 88 91 31
c 181 7 135 27 164
c 69 101 75 79 117
c 178 186 88 97 92
c 198 3 113 126 82
c 189 0 138 146 39
c 21 1 18 127 175
c 153 113 162 166 146
c 58 65 153 152 44
c 2 10 21 18 85
c 29 134 137 84 93
c 145 154 1 121 147
c 161 169 59 64 128
c 150 153 107 113 126
c 43 53 102 103 163
c 105 23 68 169 46
c 10 189 123 122 166
c 178 27 39 194 191
c 137 1 69 11 154
c 72 74 124 128 76
c 112 11 191 110 188
c 41 53 11 24 143
c 2 3 183 190 69
c 192 3 164 11 44
c 114 115 85 89 50
c 187 190 40 46 134
c 15 1 168 142 95
c 13 18 157 15 61
c 101 114 106 107 71
c 197 12 188 2 88
c 144 150 173 187 115
c 128 135 99 59 63
c 121 127 53 97 168
c 73 80 135 138 182
c 176 179 154 166 147
c 0 28 154 160 120
c 140 141 97 43 186
c 118 123 159 25 137
c 172 2 73 169 72
c 121 22 10 20 76
c 57 72 98 76 46
c 67 78 105 20 160
c 163 172 6 10 90
c 87 91 186 189 54
c 114 46 146 154 159
c 170 178 97 110 112
c 170 184 112 114 137
c 26 37 149 150 163
c 72 67 98 105 75
c 136 144 184 133 127
c 118 131 8 23 190
c 117 124 148 76 33
c 167 110 145 131 160
c 20 26 102 109 97
c 172 174 2 13 91
c 15 27 180 187 112
c 147 191 193 187 162
c 69 72 161 37 130
c 123 133 103 109 199
c 41 46 173 176 139
c 198 31 63 75 75
c 170 172 185 197 143
c 87 95 152 86 33
c 113 121 70 74 26
c 154 167 128 140 107
c 97 109 7 8 159
c 134 196 110 105 123
c 38 171 98 101 143
c 103 118 142 159 75
c 54 56 22 27 67
c 35 147 191 199 151
c 117 126 91 100 162
c 39 52 190 4 163
c 82 95 47 51 116
c 156 170 103 107 157
c 66 75 117 119 147
c 76 12 133 14 98
c 180 187 179 169 128
c 109 122 62 77 99
c 187 157 137 84 42
c 179 139 113 138 110
c 145 160 116 126 89
c 161 173 107 109 176
c 75 80 61 71 75
c 128 61 73 62 52
c 96 104 194 160 89
c 32 37 113 116 196
c 25 38 56 70 46
c 31 39 43 52 122
c 55 68 2 11 87
c 183 197 148 150 80
c 108 116 109 137 193
c 58 70 32 136 95
c 74 78 90 110 175
c 39 34 133 141 138
c 9 18 167 42 189
c 163 168 153 167 53
c 113 121 27 36 116
c 161 173 34 47 96
c 88 97 129 137 33
c 60 136 71 78 132
c 172 2 13 18 53
c 119 32 2 7 131
c 63 177 179 191 87
c 133 142 115 97 175
c 176 191 81 159 153
c 67 77 138 38 196
c 16 198 33 153 199
c 88 2 197 6 161
c 124 126 2 4 176
c 124 131 5 60 34
c 23 62 32 43 108
c 187 188 89 30 130
c 40 53 197 5 135
c 191 192 168 176 119
c 153 158 164 168 145
c 6 16 152 104 51
c 130 139 30 32 133
c 115 49 192 10 192
c 181 192 38 171 41
c 78 93 146 29 45
c 89 113 71 85 66
c 183 176 60 136 32
c 51 103 115 122 193
c 44 45 136 144 89
c 16 22 22 31 76
c 185 197 187 191 187
c 178 168 28 138 101
c 104 119 75 161 146
c 121 30 122 130 57
c 144 150 40 163 133
c 141 142 123 128 183
c 121 133 148 163 112
c 115 29 55 69 118
c 167 43 44 47 98
c 135 65 133 144 26
c 8 9 68 61 164
c 97 43 91 60 161
c 179 139 189 54 163
c 127 142 50 112 113
c 37 42 13 161 129
c 34 118 147 160 144
c 94 102 24 34 35
c 189 196 190 1 196
c 28 41 168 156 35
c 152 163 96 107 79
c 32 38 166 176 186
c 0 98 186 46 79
c 17 116 88 90 51
c 151 62 96 98 92
c 47 56 46 86 128
c 121 22 8 174 155
c 184 198 110 9 187
c 123 84 90 176 145
c 193 4 144 152 132
c 31 34 151 116 155
c 196 3 60 62 64
c 39 40 68 155 193
c 178 182 173 56 160
c 104 129 24 36 123
c 69 82 60 136 81
c 108 42 135 139 164
c 123 32 20 199 114
c 170 66 50 55 44
c 193 7 143 152 141
c 2 10 55 184 29
c 169 160 158 169 82
c 126 33 179 169 53
c 115 116 90 92 77
c 119 9 78 85 27
c 108 42 198 118 165
c 56 69 55 58 175
c 153 160 75 77 84
c 20 31 194 2 131
c 73 78 117 119 60
c 68 82 34 42 127
c 114 118 37 75 138
c 4 17 134 196 180
c 165 138 177 84 143
c 17 7 18 2 184
c 195 8 59 69 127
c 70 150 61 70 196
c 128 129 63 64 32
c 15 14 85 91 105
c 81 92 42 123 182
c 35 38 51 53 87
c 192 142 123 129 199
c 72 101 184 191 93
c 158 55 136 143 180
c 97 23 93 99 164
c 11 18 111 119 88
c 106 85 35 71 88
c 48 50 145 156 94
c 157 162 113 120 160
c 89 13 75 79 26
c 59 29 50 51 29
c 167 176 42 48 137
c 164 79 77 91 50
c 96 102 48 163 110
c 53 52 72 83 160
c 146 180 111 124 175
c 106 109 130 136 179
c 145 159 31 42 175
c 35 48 11 23 135
c 161 175 158 160 59
c 181 187 68 6 81
c 99 6 180 193 160
c 27 41 183 187 154
c 155 187 74 133 89
c 99 100 53 93 80
c 9 149 95 174 133
c 23 25 3 24 80
c 139 147 70 78 65
c 137 145 91 106 41
c 145 155 20 29 183
c 117 96 113 123 181
c 10 8 21 28 198
c 20 4 142 147 164
c 197 7 32 19 93
c 129 141 199 113 94
c 77 39 67 73 73
c 4 11 15 195 88
c 93 151 15 27 112
c 97 104 60 66 174
c 11 14 8 171 142
c 17 7 14 26 54
c 82 86 27 185 35
c 21 25 154 157 114
c 5 34 156 131 66
c 15 25 91 98 37
c 168 181 7 14 121
c 20 35 187 188 114
c 169 174 90 102 182
c 5 11 1 2 59
c 162 166 185 0 152
c 68 108 90 93 42
c 189 195 2 41 48
c 188 195 107 106 164
c 105 114 154 161 128
c 46 50 131 31 125
c 25 37 136 193 167
c 17 32 89 95 118
c 32 148 166 175 188
c 65 138 59 4 66
c 22 3 59 65 150
c 21 36 30 35 170
c 174 184 198 80 114
c 107 118 109 110 148
c 137 141 190 184 92
c 163 8 117 129 51
c 38 48 142 147 111
c 40 94 29 34 119
c 168 172 167 178 35
c 100 101 199 2 126
c 85 100 64 74 84
c 160 116 149 159 35
c 193 29 173 129 75
c 75 77 74 89 120
c 187 193 90 96 121
c 25 29 128 140 55
c 45 50 24 52 144
c 5 123 178 120 52
c 27 108 12 166 87
c 16 99 188 0 195
c 15 16 103 107 170
c 81 92 137 150 194
c 74 135 12 14 71
c 59 29 96 69 169
c 120 127 127 136 130
c 89 103 21 24 32
c 68 72 183 186 56
c 83 89 70 180 110
c 70 79 24 192 85
c 85 91 90 102 106
c 180 187 118 155 78
c 63 89 86 95 157
c 10 11 64 67 164
c 179 184 16 140 48
c 56 171 1 4 76
c 78 90 177 182 141
c 132 137 143 151 137
c 17 23 21 31 199
c 129 133 46 165 94
c 22 3 122 133 94
c 24 0 112 127 123
c 95 103 15 27 32
c 172 56 49 52 44
c 43 170 94 96 61
c 63 29 108 109 95
c 44 133 123 126 92
c 19 21 181 147 188
c 185 41 32 33 171
c 36 45 34 40 33
c 135 136 128 130 94
c 136 127 56 60 167
c 188 196 107 115 107
c 31 75 149 147 132
c 38 117 100 113 141
c 92 40 76 82 93
c 191 110 183 82 66
c 38 17 96 79 34
c 58 13 138 147 134
c 183 62 136 137 81
c 39 46 26 32 79
c 22 3 175 189 122
c 46 48 58 103 115
c 116 169 74 83 32
c 14 25 152 158 195
c 8 12 69 88 148
c 60 127 199 2 93
c 7 16 150 156 57
c 80 94 175 176 131
c 138 145 86 96 115
c 178 182 142 144 105
c 79 84 49 50 88
c 70 85 102 106 110
c 148 151 88 7 180
c 175 184 196 10 105
c 144 145 55 27 174
c 135 150 195 9 91
c 104 112 164 50 85
c 86 33 142 149 195
c 181 182 85 156 175
c 55 67 13 22 170
c 110 120 28 43 117
c 193 3 189 194 167
c 73 143 84 86 25
c 154 168 79 81 58
c 12 25 48 62 50
c 51 164 142 152 178
c 26 39 187 108 60
c 62 76 168 176 171
c 58 138 150 81 101
c 170 1 59 70 124
c 58 103 121 127 104
c 155 11 161 169 107
c 2 13 86 173 67
c 155 168 61 76 194
c 57 62 6 29 104
c 16 23 124 139 132
c 12 23 57 66 102
c 53 60 130 133 41
c 66 150 51 116 88
c 182 183 3 170 175
c 67 81 162 167 57
c 39 172 68 82 112
c 109 119 135 138 44
c 28 106 61 64 141
c 146 153 60 24 158
c 143 157 156 157 49
c 67 81 107 122 176
c 123 59 21 29 75
c 194 5 55 70 46
c 14 9 186 189 41
c 27 30 103 109 110
c 68 75 114 116 138
c 172 178 63 75 57
c 196 3 194 196 68
c 108 28 166 152 106
c 45 155 90 97 63
c 32 158 163 171 168
c 176 177 15 18 72
c 175 187 191 192 158
c 189 4 137 151 86
c 21 18 20 23 181
c 149 60 70 180 71
c 21 25 60 65 182
c 0 63 191 0 29
c 80 89 33 27 87
c 136 170 171 177 134
c 147 159 75 85 91
c 4 151 83 187 75
c 29 36 0 9 179
c 111 120 137 141 188
c 100 105 89 99 89
c 36 44 65 75 156
c 151 159 10 121 151
c 127 133 104 180 177
c 151 160 59 70 75
c 107 120 114 128 45
c 91 95 172 181 141
c 83 91 118 119 107
c 23 26 160 161 59
c 51 59 178 183 82
c 155 163 86 100 88
c 2 6 141 143 148
c 126 87 180 191 159
c 71 83 25 2 171
c 131 133 36 38 52
c 20 21 102 115 111
c 103 114 29 34 157
c 21 138 139 150 151
c 13 23 9 14 45
c 101 111 183 176 195
c 115 126 193 195 70
c 149 66 145 148 38
c 96 128 92 149 196
c 68 79 47 62 188
c 193 1 22 30 124
c 24 35 33 42 87
c 7 17 87 95 88
c 38 46 44 53 62
c 111 6 15 1 137
c 132 139 174 176 60
c 42 54 195 196 193
c 155 157 119 116 84
c 74 56 7 8 142
c 70 82 12 25 158
c 51 155 124 135 59
c 160 113 90 100 102
c 126 134 180 185 32
c 48 58 157 161 136
c 129 152 105 116 167
c 103 135 88 7 141
c 97 43 161 176 99
c 89 13 118 131 83
c 176 180 78 84 180
c 119 132 164 50 148
c 46 86 76 119 175
c 104 59 17 19 101
c 84 93 103 0 106
c 186 76 187 199 180
c 42 51 22 197 196
c 22 30 118 131 47
c 37 44 172 135 141
c 168 111 59 66 111
c 6 58 137 145 80
c 99 114 194 8 123
c 87 99 131 134 74
c 184 123 191 0 194
c 72 75 30 35 63
c 183 195 126 136 152
c 188 198 149 150 89
c 159 161 190 196 175
c 25 145 54 60 57
c 72 78 170 173 87
c 3 15 122 136 127
c 92 99 154 155 65
c 46 101 115 184 175
c 187 1 60 62 154
c 102 110 128 129 101
c 63 66 60 65 28
c 123 131 168 111 193
c 54 66 117 121 38
c 164 169 0 2 115
c 130 142 28 166 40
c 16 25 174 169 66
c 65 145 38 42 58
c 135 171 163 135 125
c 115 122 5 11 46
c 133 136 28 32 89
c 196 1 87 99 68
c 105 120 68 155 69
c 48 62 61 154 46
c 84 195 66 20 125
c 69 71 34 39 154
c 165 57 110 117 83
c 97 108 9 23 175
c 24 36 86 90 77
c 48 49 33 35 117
c 147 69 0 1 154
c 85 86 143 120 183
c 20 21 151 116 71
c 199 8 149 194 81
c 83 90 129 44 181
c 78 82 141 151 128
c 75 86 149 155 192
c 196 198 116 123 120
c 61 154 199 10 89
c 110 124 111 122 170
c 133 136 177 180 177
c 195 5 3 5 90
c 3 83 101 108 156
c 83 87 82 97 87
c 103 112 6 11 77
c 121 30 198 152 135
c 53 56 49 55 129
c 78 89 77 79 194
c 109 77 63 68 129
c 31 45 161 167 106
c 153 166 87 108 65
c 81 119 77 67 41
c 28 29 42 47 28
c 187 84 64 73 136
c 44 56 3 27 70
c 120 128 171 180 43
c 136 94 102 177 94
c 193 198 25 51 44
c 145 147 113 99 189
c 152 165 178 60 60
c 68 155 97 43 182
c 110 125 141 154 158
c 43 57 194 39 160
c 104 107 166 172 164
c 82 91 72 82 77
c 76 86 104 115 98
c 121 30 97 66 179
c 160 173 48 54 30
c 63 72 170 1 165
c 159 122 81 12 148
c 169 183 192 110 108
c 155 122 145 156 181
c 143 154 75 81 121
c 48 182 178 182 160
c 121 132 2 11 189
c 57 65 32 39 148
c 141 142 133 137 45
c 60 61 71 96 193
c 180 91 92 39 94
c 186 67 90 96 53
c 156 40 176 181 79
c 176 180 185 197 41
c 162 60 53 93 72
c 47 153 89 21 178
c 48 51 139 182 187
c 106 111 178 192 154
c 75 87 69 88 79
c 122 132 122 129 139
c 194 198 83 89 48
c 142 42 140 16 167
c 59 154 46 52 169
c 80 105 25 33 56
c 28 166 21 35 81
c 104 105 83 12 198
c 100 2 38 50 195
c 58 69 90 176 139
c 94 101 36 85 69
c 48 163 160 77 149
c 96 107 103 0 138
c 45 153 190 2 190
c 196 0 114 121 51
c 60 68 29 40 78
c 114 124 71 73 112
c 121 22 71 85 80
c 126 138 110 116 104
c 184 189 157 162 25
c 25 51 47 7 51
c 146 192 194 177 116
c 195 10 75 161 184
c 59 29 127 3 29
c 92 105 198 199 98
c 179 119 97 198 130
c 43 52 37 61 146
c 117 121 39 133 69
c 144 149 2 193 46
c 165 139 120 121 62
c 29 30 199 9 172
c 90 94 123 125 88
c 125 134 199 9 67
c 30 80 88 98 69
c 149 152 68 73 37
c 153 157 18 24 90
c 137 143 127 141 125
c 141 151 3 192 125
c 59 154 105 115 34
c 151 164 118 125 64
c 6 48 80 92 93
c 97 23 10 8 108
c 94 99 90 98 188
c 67 190 63 89 163
c 174 57 70 76 73
c 18 29 171 175 91
c 42 49 46 50 35
c 73 74 160 165 93
c 169 13 82 95 53
c 8 16 191 0 121
c 184 189 107 121 73
c 130 82 55 35 50
c 129 133 157 162 109
c 9 21 88 7 176
c 53 85 137 145 130
c 167 177 1 5 147
c 133 148 164 156 189
c 114 118 43 47 79
c 175 176 106 113 41
c 164 172 101 137 104
c 134 145 109 112 171
c 110 113 107 119 167
c 7 8 49 59 187
c 166 174 99 55 118
c 83 118 171 186 87
c 125 126 148 155 149
c 134 109 80 89 37
c 190 192 89 100 167
c 82 190 74 81 114
c 37 67 121 125 135
c 70 71 67 69 84
c 10 14 0 4 146
c 100 44 33 34 51
c 29 141 163 172 158
c 175 198 62 117 93
c 94 101 99 171 99
c 83 87 119 32 26
c 107 111 52 64 130
c 79 84 90 104 117
c 135 9 83 88 88
c 44 111 159 135 58
c 165 172 35 71 129
c 56 58 147 73 57
c 168 68 143 156 96
c 64 66 120 85 181
c 20 33 176 180 106
c 117 89 88 90 121
c 49 16 23 33 35
c 162 173 159 166 163
c 115 130 169 184 38
c 175 190 0 147 36
c 40 41 13 19 113
c 124 138 175 67 59
c 18 138 154 159 199
c 185 0 151 40 90
c 64 122 51 141 145
c 87 101 159 166 173
c 73 76 181 183 154
c 9 23 50 64 99
c 189 2 43 50 122
c 185 195 177 157 136
c 51 54 6 18 146
c 93 107 89 94 88
c 186 196 25 39 35
c 23 35 184 197 172
c 5 18 3 185 196
c 15 30 173 78 100
c 174 178 131 139 183
c 20 24 115 129 197
c 179 186 26 29 88
c 32 158 1 14 163
c 37 46 186 1 102
c 121 52 77 86 50
c 178 20 155 166 198
c 84 88 75 87 57
c 59 73 135 137 100
c 121 142 173 180 190
c 158 167 162 174 35
c 54 58 173 188 40
c 174 21 45 51 157
c 102 104 184 196 149
c 63 188 18 70 109
c 136 141 30 45 105
c 183 188 164 177 77
c 51 21 49 9 139
c 48 52 21 30 88
c 70 154 136 51 87
c 106 111 83 86 35
c 92 29 85 86 196
c 80 82 59 67 40
c 37 47 174 144 187
c 38 48 129 152 63
c 24 25 178 187 101
c 165 57 21 138 142
c 65 77 7 8 135
c 82 126 157 90 39
c 25 36 163 141 107
c 181 16 48 182 164
c 45 58 13 24 158
c 96 111 64 67 90
c 52 53 153 157 184
c 105 119 153 159 187
c 55 59 8 21 99
c 193 30 106 120 117
c 45 153 88 102 39
c 109 110 120 131 100
c 131 163 164 167 143
c 115 49 61 71 105
c 145 148 135 0 72
c 101 111 21 32 75
c 84 86 50 51 143
c 61 114 61 197 113
c 126 137 74 76 193
c 5 15 48 63 169
c 143 32 9 13 135
c 129 104 158 162 99
c 145 155 56 62 181
c 112 127 119 133 28
c 59 64 75 87 73
c 7 147 93 147 55
c 181 57 94 165 33
c 172 181 33 39 142
c 133 81 6 72 74
c 155 122 75 85 81
c 180 192 141 156 43
c 118 129 8 12 168
c 64 74 122 98 31
c 159 122 131 103 29
c 151 40 3 4 95
c 26 51 185 191 181
c 114 124 110 71 193
c 118 127 128 137 81
c 87 84 142 157 53
c 187 84 197 2 46
c 158 166 61 75 179
c 137 146 48 53 88
c 7 188 54 105 156
c 23 37 8 14 111
c 50 3 159 29 68
c 198 6 138 179 160
c 29 41 163 177 102
c 8 11 98 103 90
c 32 19 154 156 170
c 167 177 195 45 58
c 102 182 150 129 147
c 63 77 170 191 128
c 184 190 23 25 140
c 114 128 190 118 166
c 165 175 95 109 146
c 165 134 183 187 172
c 77 89 149 66 26
c 61 197 19 23 126
c 164 168 125 138 164
c 198 3 122 128 140
c 161 152 160 173 83
c 76 88 16 28 122
c 57 69 94 101 29
c 175 178 72 101 82
c 92 95 9 19 106
c 118 129 193 197 149
c 0 12 164 96 132
c 117 123 130 136 128
c 10 14 44 1 95
c 57 62 138 149 87
c 117 173 94 105 169
c 2 14 161 172 93
c 67 82 98 111 47
c 18 2 44 55 44
c 147 161 150 165 76
c 147 69 42 43 95
c 121 104 50 61 26
c 103 31 123 132 55
c 123 122 187 190 87
c 83 98 31 39 90
c 48 54 59 63 83
c 150 162 110 42 122
c 115 169 110 123 79
c 144 93 7 152 56
c 32 34 118 122 183
c 80 94 24 36 98
c 194 3 47 29 151
c 187 1 134 140 190
c 29 41 144 157 138
c 131 134 60 100 193
c 130 137 159 173 93
c 141 143 184 47 153
c 34 109 172 182 35
c 102 103 130 87 117
c 165 180 42 44 72
c 137 141 12 14 88
c 71 74 55 146 55
c 134 138 146 156 194
c 105 111 52 9 54
c 14 83 83 87 117
c 167 176 141 149 191
c 193 196 73 78 132
c 103 106 32 39 115
c 181 192 123 122 61
c 144 154 61 72 89
c 68 169 105 111 173
c 0 8 180 146 61
c 68 61 9 22 74
c 115 125 169 173 26
c 108 122 77 79 104
c 162 177 18 2 35
c 128 61 130 138 146
c 79 87 22 31 101
c 98 28 90 100 135
c 50 54 132 146 43
c 5 11 44 57 37
c 139 149 178 186 156
c 195 2 175 103 46
c 14 119 16 3 32
c 21 32 84 177 34
c 70 74 122 126 106
c 78 87 141 150 88
c 73 62 29 23 197
c 181 60 55 67 47
c 148 157 117 122 31
c 28 110 15 17 107
c 195 56 34 110 32
c 58 66 181 188 172
c 38 126 167 173 162
c 76 87 141 154 119
c 51 61 199 186 180
c 193 187 186 197 101
c 5 60 31 42 41
c 126 102 73 2 48
c 84 91 18 34 85
c 134 136 25 35 38
c 186 199 21 24 100
c 101 189 47 50 141
c 58 68 176 179 178
c 123 138 131 38 87
c 92 96 84 91 44
c 53 64 148 161 35
c 147 162 157 158 107
c 167 174 18 26 72
c 184 199 123 131 112
c 112 172 32 23 92
c 68 10 89 97 53
c 104 113 174 57 171
c 58 173 33 69 81
c 132 135 10 20 160
c 48 60 125 138 133
c 39 46 162 127 137
c 144 154 82 97 144
c 162 4 183 194 181
c 150 154 165 178 187
c 113 116 55 57 158
c 26 38 41 43 136
c 54 66 93 96 110
c 95 106 78 80 41
c 176 186 170 185 171
c 67 79 108 111 89
c 193 197 92 29 75
c 114 117 77 84 105
c 21 63 94 109 62
c 157 167 64 172 148
c 136 148 168 68 33
c 157 163 12 16 172
c 102 199 64 79 77
c 81 93 164 167 29
c 63 89 13 15 157
c 106 112 156 173 100
c 126 129 179 126 130
c 103 162 194 56 165
c 157 12 34 46 152
c 167 96 32 136 188
c 19 33 103 109 89
c 114 123 31 42 94
c 62 192 42 53 153
c 115 122 110 117 54
c 163 148 101 108 113
c 182 196 15 21 178
c 92 39 66 67 188
c 136 141 86 88 101
c 99 102 109 70 158
c 109 137 110 111 137
c 54 68 150 154 93
c 44 49 103 115 167
c 163 8 143 157 31
c 131 143 185 133 125
c 37 23 144 36 38
c 142 157 10 8 120
c 47 55 50 142 179
c 25 153 124 27 52
c 60 73 126 89 135
c 177 181 18 31 161
c 152 164 146 127 94
c 152 70 32 137 38
c 61 154 50 63 100
c 28 34 156 170 168
c 124 17 127 137 120
c 103 28 148 76 140
c 151 174 121 122 145
c 30 37 102 110 106
c 198 13 197 2 31
c 44 49 69 88 187
c 167 176 173 187 108
c 47 57 37 53 131
c 44 52 14 116 166
c 182 184 88 98 77
c 81 83 68 74 160
c 140 155 41 178 98
c 93 151 47 60 151
c 81 115 4 7 34
c 174 178 191 0 94
c 137 103 10 8 79
c 155 161 51 53 58
c 29 36 164 169 194
c 193 197 159 60 139
c 112 115 198 118 35
c 69 78 110 59 117
c 164 181 42 130 98
c 53 68 96 106 54
c 165 125 88 100 102
c 72 74 125 130 82
c 160 169 30 36 143
c 169 160 100 138 100
c 37 50 69 79 104
c 41 31 140 153 37
c 50 58 124 129 112
c 89 103 149 162 190
c 26 36 100 138 57
c 5 11 142 157 37
c 4 13 5 92 118
c 10 73 78 86 95
c 179 184 140 105 95
c 177 182 92 98 104
c 14 23 81 94 114
c 185 0 14 27 82
c 31 194 116 169 51
c 152 153 98 110 132
c 27 39 68 82 114
c 125 6 18 33 150
c 33 87 14 84 113
c 189 46 142 149 56
c 129 141 131 142 199
c 133 144 137 146 81
c 6 10 72 73 41
c 107 44 78 40 76
c 147 151 99 86 129
c 197 7 101 52 138
c 135 140 155 167 107
c 69 77 96 79 113
c 143 145 182 194 93
c 93 104 170 178 84
c 122 135 25 31 172
c 30 180 174 184 50
c 114 123 125 131 61
c 164 167 147 148 91
c 1 8 83 95 138
c 165 176 16 3 86
c 137 32 121 131 199
c 169 170 46 56 191
c 29 35 106 112 141
c 99 171 13 28 44
c 11 21 7 14 173
c 32 23 165 179 133
c 195 8 197 5 176
c 50 57 92 122 58
c 23 43 29 173 45
c 133 136 187 19 81
c 90 99 137 103 83
c 167 181 194 196 62
c 157 39 78 80 48
c 123 172 63 154 67
c 56 71 0 14 146
c 90 93 109 120 146
c 3 9 39 52 97
c 139 152 36 50 146
c 175 177 161 87 176
c 2 41 71 161 128
c 136 127 134 196 107
c 5 96 86 15 87
c 4 12 90 91 194
c 84 31 90 97 92
c 191 3 168 183 29
c 101 106 145 51 183
c 143 96 87 66 74
c 195 197 88 90 84
c 56 58 10 23 177
c 39 52 199 12 191
c 108 111 197 72 71
c 98 126 131 142 37
c 26 34 161 174 87
c 108 115 18 138 155
c 151 62 32 190 101
c 124 130 59 60 47
c 170 176 169 195 34
c 163 170 164 50 37
c 12 19 21 34 68
c 196 32 166 107 62
c 68 71 82 90 160
c 184 123 177 191 41
c 67 81 61 68 46
c 136 139 16 167 97
c 156 166 62 106 134
c 139 143 34 48 168
c 94 109 135 149 136
c 153 163 18 2 174
c 156 162 158 170 143
c 12 165 64 172 64
c 68 76 193 76 111
c 108 110 93 106 109
c 192 10 98 102 75
c 122 13 43 51 89
c 160 167 103 104 147
c 59 138 192 3 165
c 95 96 28 106 195
c 31 111 103 110 85
c 173 178 99 104 67
c 114 178 126 33 62
c 122 127 185 18 162
c 12 17 146 83 57
c 144 153 178 192 164
c 156 169 35 56 127
c 45 76 16 167 150
c 171 5 198 3 54
c 106 85 85 96 61
c 36 44 91 98 68
c 53 40 30 31 105
c 73 169 170 185 137
c 105 109 77 87 184
c 13 143 126 141 97
c 187 194 26 27 30
c 183 192 29 36 121
c 107 48 170 191 167
c 5 19 65 72 26
c 96 104 164 175 52
c 94 137 86 199 188
c 137 157 140 112 27
c 104 119 175 182 62
c 68 108 133 139 169
c 10 22 146 132 179
c 180 155 88 96 163
c 17 29 86 89 162
c 92 122 118 131 27
c 121 197 178 176 86
c 102 105 34 42 134
c 83 89 186 190 116
c 81 88 174 181 70
c 95 103 34 42 76
c 91 103 42 44 190
c 144 190 52 116 57
c 33 27 23 43 143
c 4 12 14 191 55
c 89 30 28 110 135
c 162 149 114 132 94
c 12 18 83 191 183
c 146 156 23 26 88
c 41 42 31 34 125
c 34 40 82 87 70
c 142 145 75 97 199
c 185 189 182 196 108
c 136 186 41 51 63
c 69 77 91 162 126
c 24 38 131 136 46
c 158 167 164 179 68
c 136 186 50 109 104
c 47 59 56 31 133
c 171 175 94 96 27
c 111 30 2 15 81
c 136 143 192 194 56
c 137 142 180 184 195
c 122 156 100 2 40
c 129 131 48 61 55
c 152 156 195 5 178
c 98 107 29 44 170
c 178 189 29 36 160
c 176 186 137 157 88
c 189 4 199 98 180
c 106 118 64 68 79
c 32 38 141 14 186
c 167 179 146 152 127
c 196 137 4 10 79
c 91 102 88 103 101
c 44 124 15 14 106
c 63 67 170 197 62
c 72 73 152 156 192
c 45 153 96 117 45
c 73 83 137 146 29
c 30 197 160 169 150
c 90 105 78 86 150
c 143 170 41 178 35
c 168 173 128 125 66
c 146 148 66 77 163
c 46 58 68 61 142
c 59 71 47 29 99
c 10 11 175 177 104
c 89 94 135 149 85
c 98 106 191 195 64
c 99 116 60 72 149
c 103 115 14 119 161
c 112 114 10 19 173
c 19 20 6 19 154
c 173 178 119 142 199
c 8 15 181 93 62
c 49 54 109 113 117
c 98 102 117 126 29
c 46 49 59 61 80
c 150 165 22 3 72
c 187 2 47 29 62
c 148 156 188 193 67
c 44 133 8 14 102
c 28 88 45 71 50
c 181 195 78 86 113
c 72 84 186 191 100
c 113 119 53 57 89
c 44 1 194 7 177
c 162 163 83 87 55
c 150 153 32 124 113
c 147 155 35 39 90
c 113 120 160 166 182
c 173 177 76 90 161
c 88 2 138 144 126
c 108 119 132 105 177
c 33 75 7 137 184
c 44 52 149 153 196
c 136 51 38 45 118
c 190 191 170 54 126
c 101 113 24 39 82
c 37 57 156 163 68
c 172 184 14 83 103
c 169 174 188 43 155
c 25 31 192 10 117
c 69 132 145 147 127
c 84 169 170 180 172
c 134 147 38 163 153
c 6 9 179 144 28
c 150 151 49 50 102
c 153 161 61 174 105
c 177 189 184 190 124
c 1 2 5 10 115
c 199 11 122 133 88
c 58 64 14 27 75
c 59 74 140 149 67
c 88 96 7 152 178
c 9 23 90 96 136
c 85 92 45 57 170
c 94 99 87 96 112
c 191 110 86 92 138
c 177 183 153 159 27
c 147 120 176 188 171
c 15 24 154 60 55
c 106 110 56 70 115
c 16 22 143 170 83
c 141 146 85 89 134
c 125 133 58 13 98
c 134 0 120 77 161
c 52 64 55 75 128
c 65 69 8 12 149
c 2 11 161 52 122
c 106 116 156 171 146
c 92 104 136 19 197
c 147 73 5 6 100
c 110 71 142 144 37
c 7 50 172 175 71
c 144 147 130 140 80
c 55 184 162 170 70
c 172 183 7 8 91
c 54 1 101 108 121
c 102 110 60 73 133
c 34 153 47 59 89
c 90 176 79 93 107
c 115 29 186 199 166
c 62 117 122 136 188
c 123 54 60 71 78
c 0 17 66 74 169
c 2 11 166 167 186
c 41 50 34 63 48
c 107 113 112 123 45
c 127 141 54 60 105
c 78 82 49 198 172
c 23 143 34 40 100
c 198 11 44 46 33
c 182 192 196 7 72
c 26 51 29 44 156
c 149 157 131 92 90
c 34 36 151 146 63
c 182 190 175 177 82
c 167 110 100 101 64
c 65 77 171 173 130
c 187 194 80 92 28
c 54 62 35 42 55
c 41 56 130 139 97
c 21 33 183 196 76
c 142 145 59 65 73
c 60 65 181 60 158
c 93 35 18 32 162
c 3 4 142 150 195
c 110 71 129 93 193
c 29 34 185 67 29
c 105 51 48 50 179
c 146 127 141 14 96
c 131 92 47 58 160
c 127 133 70 25 86
c 174 176 60 70 54
c 136 150 85 88 197
c 163 141 103 118 189
c 198 11 59 23 142
c 130 133 112 144 54
c 35 37 119 23 199
c 187 195 69 80 47
c 182 184 48 188 195
c 9 18 197 10 160
c 54 63 182 190 199
c 5 18 30 45 134
c 61 76 83 96 81
c 190 123 167 182 32
c 36 42 14 119 64
c 179 96 115 109 185
c 72 19 164 165 33
c 180 91 37 49 115
c 182 186 125 139 184
c 86 173 93 97 158
c 37 23 179 5 79
c 99 103 22 35 100
c 17 26 162 167 38
c 27 40 122 134 179
c 6 13 66 74 28
c 181 193 30 29 194
c 68 73 70 81 111
c 61 69 69 84 127
c 181 182 166 168 78
c 39 172 118 132 65
c 83 118 67 72 52
c 133 138 77 88 168
c 147 154 174 188 164
c 73 2 168 174 182
c 51 67 185 197 160
c 108 109 130 138 62
c 6 18 192 195 52
c 143 155 112 122 107
c 133 137 17 21 67
c 26 36 143 149 149
c 91 106 117 130 83
c 54 69 42 78 53
c 121 134 135 9 199
c 180 136 41 196 34
c 130 161 110 115 153
c 11 15 168 142 81
c 58 75 2 9 84
c 40 41 53 63 132
c 14 20 162 168 146
c 48 163 3 185 156
c 145 149 22 23 167
c 148 141 10 16 114
c 121 134 30 168 54
c 130 140 16 17 160
c 14 28 18 26 95
c 119 32 164 166 174
c 21 35 49 52 28
c 171 172 13 193 32
c 105 111 119 133 70
c 31 43 36 188 172
c 11 15 21 35 172
c 61 70 4 9 69
c 150 157 47 147 54
c 57 61 33 0 188
c 147 113 3 170 42
c 89 98 71 17 68
c 68 169 150 173 79
c 142 22 90 96 122
c 42 55 172 173 158
c 10 15 9 149 74
c 29 42 193 30 169
c 170 177 106 16 71
c 149 151 68 119 39
c 130 143 61 72 36
c 129 144 2 41 176
c 176 186 56 60 55
c 6 72 184 188 131
c 194 56 5 15 36
c 186 0 86 88 133
c 110 178 120 124 85
c 196 7 145 110 171
c 18 25 180 155 96
c 119 134 48 49 92
c 128 140 4 9 188
c 174 31 73 84 197
c 130 175 189 96 87
c 100 110 130 137 112
c 93 96 59 60 81
c 110 120 2 59 66
c 14 28 8 132 169
c 142 156 195 6 186
c 27 32 147 151 146
c 149 60 156 173 35
c 147 162 178 187 187
c 161 87 70 80 122
c 149 119 186 197 119
c 140 145 48 38 43
c 81 85 180 181 59
c 19 108 142 144 124
c 41 46 36 42 161
c 60 24 17 18 176
c 94 14 2 145 177
c 171 177 176 183 61
c 149 150 189 196 117
c 16 140 167 154 109
c 30 38 106 113 85
c 95 195 5 6 29
c 147 49 135 146 65
c 199 90 96 97 124
c 145 155 164 177 179
c 85 87 161 173 150
c 82 89 16 25 43
c 132 146 166 80 170
c 143 157 194 182 76
c 162 168 167 177 123
c 121 130 98 28 160
c 176 180 105 106 147
c 122 132 189 2 150
c 122 14 77 87 140
c 158 167 55 59 103
c 112 76 188 189 130
c 181 188 68 6 111
c 187 1 184 196 178
c 14 137 138 145 91
c 197 3 42 123 111
c 175 103 51 164 69
c 50 59 187 189 192
c 44 48 51 155 156
c 73 75 36 49 67
c 48 127 15 22 184
c 72 77 26 39 81
c 155 39 44 49 141
c 12 19 119 129 120
c 5 58 71 74 109
c 138 149 23 62 145
c 166 152 4 14 158
c 37 45 57 65 96
c 122 59 189 123 33
c 151 32 117 96 70
c 66 150 10 16 82
c 197 0 105 111 29
c 9 16 76 145 111
c 5 123 190 123 57
c 15 29 167 180 147
c 114 118 67 101 74
c 46 52 97 23 134
c 159 160 107 41 186
c 16 20 182 193 53
c 173 78 152 164 100
c 91 105 129 93 195
c 87 70 176 184 94
c 158 163 52 62 53
c 171 85 102 106 136
c 154 157 32 40 56
c 172 174 58 138 188
c 48 52 41 43 136
c 141 65 173 175 92
c 103 28 172 181 190
c 153 167 77 86 128
c 172 186 48 51 54
c 85 95 141 144 183
c 59 73 131 163 89
c 76 84 152 164 84
c 12 20 103 114 101
c 194 102 73 13 102
c 75 186 46 48 104
c 151 155 45 54 111
c 170 1 168 182 160
c 97 101 42 56 187
c 34 47 132 144 37
c 23 143 191 2 105
c 35 41 117 38 100
c 122 132 121 126 29
c 53 67 77 80 26
c 24 37 156 162 123
c 152 155 39 50 165
c 58 10 42 56 26
c 177 84 84 87 103
c 76 81 133 144 76
c 89 96 143 32 114
c 148 149 9 24 50
c 72 83 129 134 132
c 73 84 194 8 158
c 131 139 103 0 165
c 61 197 152 157 32
c 181 194 79 92 65
c 104 114 146 151 99
c 134 95 160 77 172
c 96 105 66 71 171
c 100 106 199 13 135
c 109 123 137 142 152
c 97 175 2 193 160
c 165 180 31 41 65
c 24 37 142 153 45
c 193 199 14 20 46
c 52 63 77 67 116
c 130 142 12 25 98
c 32 33 160 171 176
c 173 184 141 145 97
c 45 52 86 173 180
c 151 153 25 40 43
c 199 13 136 141 62
c 119 174 165 171 146
c 84 98 156 171 71
c 189 190 86 38 183
c 96 107 150 157 70
c 68 81 0 15 25
c 115 127 196 6 57
c 90 87 140 115 118
c 83 89 54 59 90
c 112 113 22 25 37
c 91 136 150 159 31
c 42 44 126 152 71
c 131 141 150 119 176
c 178 183 161 165 139
c 155 185 43 46 114
c 169 176 48 57 154
c 191 1 78 82 56
c 175 184 78 84 48
c 53 57 54 82 169
c 135 149 31 34 40
c 39 42 140 153 31
c 45 55 98 102 51
c 156 161 145 147 195
c 24 67 67 81 190
c 145 158 31 36 127
c 3 10 183 176 56
c 75 58 166 148 186
c 123 124 67 18 184
c 93 96 105 116 141
c 173 129 8 54 175
c 121 104 29 34 103
c 185 167 113 120 197
c 103 28 72 79 88
c 104 111 50 65 76
c 155 162 171 184 112
c 28 41 147 162 111
c 71 80 75 84 177
c 32 33 105 109 90
c 148 160 177 181 110
c 176 189 57 71 125
c 46 48 128 148 89
c 35 45 12 23 113
c 96 151 94 28 140
c 168 70 81 90 48
c 67 130 176 182 108
c 33 45 39 52 194
c 146 159 133 140 55
c 8 21 101 189 199
c 107 114 12 25 166
c 83 41 107 41 132
c 110 122 22 32 165
c 139 150 147 120 93
c 62 73 71 96 99
c 69 76 165 172 115
c 153 159 32 47 177
c 116 199 7 17 76
c 114 121 24 26 158
c 75 76 100 138 90
c 192 2 55 189 109
c 84 96 100 112 121
c 35 47 162 172 160
c 97 112 155 165 133
c 15 6 159 170 81
c 99 86 33 31 190
c 14 24 149 155 31
c 151 161 59 21 156
c 26 51 26 37 54
c 10 121 105 106 180
c 105 109 53 124 101
c 147 161 150 154 103
c 147 156 175 178 121
c 104 106 7 15 38
c 168 175 149 154 59
c 151 76 197 144 157
c 83 86 112 160 116
c 118 130 155 158 67
c 120 134 186 190 140
c 140 112 7 22 31
c 1 13 69 83 94
c 14 191 94 108 164
c 153 31 181 57 122
c 87 181 171 45 104
c 4 17 60 89 86
c 80 97 28 30 166
c 126 139 81 142 197
c 28 35 8 189 80
c 38 171 174 175 88
c 10 112 7 22 140
c 184 0 137 142 184
c 98 106 170 66 68
c 33 45 81 93 173
c 92 178 123 138 156
c 76 81 47 59 168
c 126 134 97 101 177
c 176 179 37 75 54
c 198 199 67 21 135
c 172 187 87 96 192
c 84 31 105 114 127
c 198 133 58 66 119
c 35 147 47 120 69
c 181 192 173 176 187
c 166 170 89 96 108
c 142 153 64 67 176
c 7 21 41 178 159
c 18 20 120 38 92
c 65 80 45 48 42
c 137 150 50 54 125
c 177 183 152 70 114
c 81 1 14 139 94
c 41 43 112 160 139
c 42 57 179 189 151
c 76 64 160 33 145
c 95 110 165 124 122
c 199 11 155 122 68
c 191 67 179 180 106
c 107 110 80 7 110
c 105 115 115 97 168
c 92 95 162 176 94
c 12 26 74 87 74
c 199 3 135 191 146
c 173 187 192 139 177
c 104 119 77 91 150
c 169 39 194 195 138
c 195 45 178 176 36
c 144 157 39 48 166
c 60 70 22 3 32
c 199 4 25 34 88
c 77 82 50 109 26
c 3 17 127 140 25
c 35 114 163 174 63
c 142 134 92 39 59
c 77 90 34 38 121
c 132 71 93 99 181
c 15 25 24 35 67
c 188 0 34 48 152
c 6 16 115 123 54
c 30 40 142 149 72
c 197 72 185 187 47
c 82 95 55 68 130
c 63 154 166 179 134
c 155 161 38 39 91
c 147 162 15 14 53
c 51 64 43 44 46
c 161 169 37 43 158
c 111 30 142 151 160
c 126 133 174 176 173
c 43 6 2 4 85
c 169 184 47 62 112
c 21 36 156 74 84
c 195 8 48 49 103
c 20 28 160 171 185
c 162 187 197 28 47
c 134 0 156 162 155
c 165 175 93 105 175
c 9 12 14 9 129
c 141 154 38 171 115
c 181 16 34 39 149
c 8 20 184 133 61
c 89 103 44 54 137
c 17 27 39 45 38
c 114 115 194 0 177
c 124 17 197 0 58
c 137 149 55 85 65
c 10 15 118 124 142
c 174 175 119 123 98
c 180 190 31 40 44
c 112 118 43 45 145
c 161 166 59 62 142
c 21 36 116 124 165
c 137 149 112 119 173
c 194 0 176 183 127
c 52 117 127 141 158
c 162 18 172 175 72
c 103 111 92 29 148
c 14 137 65 188 80
c 184 192 34 39 116
c 24 30 160 95 189
c 83 92 142 134 138
c 98 111 46 70 32
c 34 40 36 48 109
c 64 184 8 23 189
c 123 32 37 48 187
c 79 39 58 70 146
c 186 127 17 149 127
c 117 122 26 171 70
c 40 53 172 175 106
c 17 24 86 97 100
c 106 113 167 42 177
c 174 189 64 77 195
c 40 46 19 23 145
c 173 178 135 171 180
c 49 55 28 166 171
c 189 135 15 6 187
c 25 31 28 33 80
c 110 119 11 121 187
c 118 127 114 116 104
c 184 80 155 39 80
c 33 27 20 23 113
c 54 57 194 8 101
c 69 88 58 70 25
c 134 148 40 43 39
c 189 192 80 90 127
c 44 33 64 122 36
c 60 144 25 39 44
c 171 183 97 66 58
c 6 161 11 21 187
c 18 138 113 175 192
c 188 189 133 14 81
c 176 102 13 106 180
c 167 178 74 87 123
c 169 6 123 129 174
c 6 29 29 43 102
c 47 48 157 72 189
c 59 16 152 155 184
c 128 135 88 92 65
c 88 94 45 55 149
c 184 186 27 11 189
c 60 136 43 50 173
c 142 22 110 125 121
c 44 169 34 118 142
c 180 191 196 199 165
c 163 174 70 74 171
c 165 125 166 171 174
c 178 182 75 82 112
c 186 188 97 99 48
c 48 52 184 187 42
c 97 175 91 136 33
c 80 82 64 68 167
c 30 29 123 54 137
c 142 152 173 180 128
c 12 17 199 11 125
c 0 1 84 92 170
c 51 164 133 99 193
c 1 5 66 74 98
c 171 181 6 13 61
c 22 24 74 95 143
c 95 106 155 30 134
c 92 96 120 196 41
c 119 133 134 172 150
c 137 145 28 40 115
c 76 145 135 142 30
c 132 116 159 167 134
c 198 5 158 165 75
c 109 123 24 31 128
c 140 150 72 83 176
c 42 52 199 12 172
c 3 15 6 58 192
c 7 10 40 150 94
c 130 140 165 175 154
c 126 140 31 34 124
c 76 78 26 33 134
c 4 110 136 127 167
c 26 37 194 196 199
c 83 88 5 17 146
c 91 60 137 148 144
c 146 180 64 73 172
c 8 54 13 14 114
c 163 175 97 24 82
c 22 23 155 166 193
c 81 159 81 142 25
c 120 127 6 19 99
c 17 29 19 24 156
c 101 107 71 81 100
c 188 193 186 193 88
c 46 58 125 139 155
c 132 140 68 77 180
c 35 46 30 168 180
c 4 19 51 64 96
c 148 154 131 103 103
c 165 168 113 138 155
c 108 71 79 39 71
c 198 7 33 45 178
c 187 157 65 71 178
c 173 174 146 152 124
c 2 0 131 137 79
c 13 156 161 169 198
c 89 175 84 89 43
c 97 105 119 2 70
c 88 94 56 171 137
c 93 35 134 137 151
c 88 96 132 133 85
c 40 46 141 153 85
c 184 189 44 46 107
c 150 165 3 169 125
c 162 169 197 174 79
c 134 142 111 118 70
c 5 19 16 28 141
c 124 137 7 188 125
c 190 43 108 121 122
c 129 137 196 32 105
c 68 83 46 51 178
c 93 97 197 187 100
c 121 30 154 157 152
c 126 152 61 69 160
c 97 103 27 35 65
c 125 138 148 154 38
c 158 5 52 67 155
c 97 99 7 21 147
c 7 8 112 160 129
c 140 105 75 32 27
c 34 37 164 137 133
c 120 134 173 175 38
c 167 173 47 89 64
c 153 152 85 95 87
c 109 123 104 111 184
c 62 69 13 18 94
c 67 71 68 169 44
c 50 56 148 153 192
c 8 22 90 185 161
c 18 144 10 18 166
c 70 59 30 33 86
c 168 171 195 10 170
c 151 155 158 163 112
c 145 152 57 62 116
c 103 59 147 155 149
c 168 172 104 114 154
c 51 57 135 9 122
c 73 76 120 128 72
c 137 84 56 64 92
c 135 9 46 85 100
c 92 120 58 68 161
c 177 182 44 38 46
c 146 157 134 172 104
c 70 84 133 99 153
c 93 35 40 163 104
c 149 163 131 92 131
c 192 197 144 153 36
c 174 31 148 162 25
c 76 81 9 11 70
c 54 69 59 134 107
c 92 104 118 131 99
c 91 98 10 189 198
c 164 156 30 45 104
c 110 178 78 82 156
c 116 137 75 84 128
c 8 12 79 93 142
c 181 183 98 107 182
c 9 13 115 123 85
c 87 101 81 12 199
c 135 137 144 153 78
c 149 158 79 39 97
c 169 142 49 50 112
c 59 23 44 14 149
c 28 110 35 56 42
c 7 12 115 75 191
c 192 6 64 76 111
c 57 72 119 127 55
c 157 172 186 199 72
c 145 152 107 73 133
c 147 191 172 186 42
c 36 43 151 166 92
c 196 56 89 51 92
c 1 168 56 59 149
c 160 77 108 37 86
c 195 72 5 6 194
c 125 134 86 89 107
c 81 92 54 67 79
c 7 21 28 37 185
c 71 80 163 170 152
c 113 115 89 98 138
c 81 142 26 35 130
c 76 181 105 111 121
c 155 187 131 145 39
c 190 4 98 113 85
c 51 55 190 2 137
c 63 67 4 110 144
c 112 100 131 134 180
c 139 146 44 48 172
