notes: n=200, m=4517, elb=1, eub=20, conf_density=0.0001, clb=25, cub= 200, seed= 9828
p spec 200 4517 1019
s 79
t 21
a 0 1 12
a 0 2 18
a 0 3 15
a 0 4 8
a 0 5 11
a 0 6 9
a 0 7 6
a 0 8 5
a 0 9 18
a 0 10 13
a 0 11 14
a 0 12 19
a 0 13 5
a 0 14 1
a 0 15 8
a 0 130 3
a 0 141 19
a 0 120 12
a 0 84 1
a 0 53 2
a 0 103 10
a 1 2 6
a 1 3 1
a 1 4 5
a 1 5 15
a 1 6 19
a 1 7 1
a 1 8 10
a 1 9 6
a 1 10 6
a 1 11 5
a 1 12 10
a 1 13 18
a 1 14 3
a 1 15 9
a 1 16 10
a 1 156 6
a 1 68 4
a 1 138 12
a 1 25 18
a 1 41 9
a 1 75 3
a 1 165 19
a 1 107 8
a 1 108 16
a 2 3 1
a 2 4 11
a 2 5 7
a 2 6 16
a 2 7 1
a 2 8 17
a 2 9 4
a 2 10 1
a 2 11 14
a 2 12 2
a 2 13 13
a 2 14 17
a 2 15 3
a 2 16 13
a 2 17 16
a 2 140 11
a 2 123 11
a 2 53 4
a 2 48 19
a 2 141 6
a 2 107 8
a 3 4 14
a 3 5 5
a 3 6 6
a 3 7 11
a 3 8 14
a 3 9 6
a 3 10 18
a 3 11 4
a 3 12 10
a 3 13 12
a 3 14 13
a 3 15 11
a 3 16 17
a 3 17 15
a 3 18 16
a 3 179 11
a 3 96 11
a 3 164 17
a 3 56 12
a 3 189 8
a 3 140 7
a 3 38 12
a 3 135 8
a 4 5 5
a 4 6 3
a 4 7 16
a 4 8 12
a 4 9 10
a 4 10 6
a 4 11 1
a 4 12 15
a 4 13 2
a 4 14 12
a 4 15 15
a 4 16 9
a 4 17 6
a 4 18 16
a 4 19 15
a 4 0 6
a 4 72 10
a 4 143 6
a 4 199 12
a 4 3 12
a 4 178 3
a 4 87 10
a 4 195 16
a 4 21 9
a 4 173 6
a 5 6 3
a 5 7 11
a 5 8 18
a 5 9 12
a 5 10 12
a 5 11 12
a 5 12 15
a 5 13 8
a 5 14 7
a 5 15 8
a 5 16 14
a 5 17 12
a 5 18 6
a 5 19 17
a 5 20 18
a 5 192 7
a 5 81 18
a 5 178 6
a 5 71 3
a 5 44 19
a 5 171 16
a 5 38 16
a 5 140 5
a 6 7 13
a 6 8 5
a 6 9 5
a 6 10 11
a 6 11 19
a 6 12 17
a 6 13 15
a 6 14 16
a 6 15 14
a 6 16 3
a 6 17 11
a 6 18 16
a 6 19 9
a 6 20 6
a 6 21 6
a 6 193 10
a 6 131 2
a 6 56 18
a 6 150 6
a 6 199 8
a 6 142 18
a 6 57 9
a 6 189 15
a 6 102 15
a 7 8 3
a 7 9 10
a 7 10 11
a 7 11 1
a 7 12 18
a 7 13 13
a 7 14 6
a 7 15 18
a 7 16 12
a 7 17 12
a 7 18 12
a 7 19 13
a 7 20 15
a 7 21 6
a 7 22 4
a 7 163 6
a 7 160 13
a 7 99 18
a 7 159 18
a 7 65 17
a 8 9 3
a 8 10 13
a 8 11 9
a 8 12 15
a 8 13 18
a 8 14 14
a 8 15 16
a 8 16 4
a 8 17 13
a 8 18 12
a 8 19 1
a 8 20 6
a 8 21 17
a 8 22 18
a 8 23 15
a 8 31 8
a 8 133 8
a 8 74 12
a 8 67 8
a 8 35 16
a 8 166 4
a 8 197 10
a 8 41 19
a 9 10 15
a 9 11 6
a 9 12 8
a 9 13 11
a 9 14 2
a 9 15 4
a 9 16 6
a 9 17 3
a 9 18 8
a 9 19 12
a 9 20 7
a 9 21 16
a 9 22 10
a 9 23 14
a 9 24 19
a 9 58 13
a 9 147 8
a 9 91 7
a 9 66 6
a 9 97 7
a 9 131 6
a 9 38 8
a 9 152 3
a 9 194 7
a 9 94 14
a 10 11 12
a 10 12 17
a 10 13 2
a 10 14 12
a 10 15 13
a 10 16 16
a 10 17 10
a 10 18 14
a 10 19 3
a 10 20 11
a 10 21 17
a 10 22 11
a 10 23 10
a 10 24 17
a 10 25 3
a 10 67 8
a 10 140 8
a 10 110 16
a 10 161 5
a 10 81 10
a 10 74 3
a 10 118 14
a 10 189 1
a 10 148 3
a 11 12 8
a 11 13 5
a 11 14 3
a 11 15 14
a 11 16 18
a 11 17 17
a 11 18 13
a 11 19 12
a 11 20 19
a 11 21 15
a 11 22 6
a 11 23 11
a 11 24 18
a 11 25 6
a 11 26 15
a 11 115 15
a 11 118 3
a 11 158 12
a 11 59 7
a 11 62 4
a 11 143 5
a 11 126 9
a 11 31 4
a 11 185 8
a 11 61 15
a 12 13 16
a 12 14 3
a 12 15 2
a 12 16 15
a 12 17 13
a 12 18 9
a 12 19 8
a 12 20 10
a 12 21 15
a 12 22 9
a 12 23 12
a 12 24 3
a 12 25 10
a 12 26 16
a 12 27 16
a 12 81 14
a 12 118 18
a 12 133 9
a 12 73 18
a 12 116 18
a 12 95 5
a 12 72 15
a 12 92 19
a 13 14 7
a 13 15 11
a 13 16 11
a 13 17 13
a 13 18 14
a 13 19 11
a 13 20 19
a 13 21 14
a 13 22 11
a 13 23 11
a 13 24 8
a 13 25 12
a 13 26 13
a 13 27 9
a 13 28 8
a 13 199 19
a 13 45 5
a 13 75 6
a 13 62 2
a 13 196 2
a 13 87 15
a 13 56 19
a 13 86 11
a 14 15 19
a 14 16 12
a 14 17 3
a 14 18 15
a 14 19 19
a 14 20 15
a 14 21 9
a 14 22 7
a 14 23 13
a 14 24 4
a 14 25 16
a 14 26 3
a 14 27 13
a 14 28 18
a 14 29 6
a 14 168 8
a 14 107 12
a 14 193 3
a 14 93 10
a 14 140 15
a 14 52 9
a 14 109 6
a 14 161 13
a 14 80 12
a 15 16 9
a 15 17 3
a 15 18 12
a 15 19 15
a 15 20 4
a 15 21 13
a 15 22 3
a 15 23 14
a 15 24 9
a 15 25 14
a 15 26 4
a 15 27 11
a 15 28 5
a 15 29 13
a 15 30 12
a 15 140 16
a 15 155 13
a 15 179 17
a 15 92 5
a 15 110 11
a 15 193 17
a 15 2 10
a 130 131 17
a 130 132 7
a 130 133 8
a 130 134 2
a 130 135 3
a 130 136 2
a 130 137 2
a 130 138 15
a 130 139 10
a 130 140 3
a 130 141 4
a 130 142 5
a 130 143 16
a 130 144 2
a 130 145 7
a 130 62 5
a 130 21 17
a 130 17 8
a 130 124 8
a 130 193 17
a 130 109 9
a 130 37 13
a 130 55 15
a 130 59 16
a 141 142 14
a 141 143 14
a 141 144 12
a 141 145 14
a 141 146 7
a 141 147 8
a 141 148 7
a 141 149 15
a 141 150 6
a 141 151 18
a 141 152 8
a 141 153 16
a 141 154 14
a 141 155 12
a 141 156 19
a 141 109 17
a 141 118 16
a 141 102 6
a 141 93 10
a 141 22 8
a 141 88 1
a 141 78 10
a 120 121 6
a 120 122 1
a 120 123 2
a 120 124 6
a 120 125 9
a 120 126 19
a 120 127 5
a 120 128 8
a 120 129 3
a 120 130 8
a 120 131 2
a 120 132 12
a 120 133 18
a 120 134 7
a 120 135 11
a 120 65 14
a 120 184 19
a 120 0 13
a 120 177 13
a 120 62 13
a 120 165 17
a 120 145 4
a 120 12 18
a 84 85 13
a 84 86 3
a 84 87 12
a 84 88 16
a 84 89 13
a 84 90 9
a 84 91 3
a 84 92 7
a 84 93 16
a 84 94 19
a 84 95 16
a 84 96 3
a 84 97 18
a 84 98 2
a 84 99 9
a 84 45 7
a 84 161 7
a 84 127 13
a 84 138 18
a 84 39 10
a 84 118 7
a 84 151 2
a 84 150 12
a 84 34 13
a 53 54 2
a 53 55 18
a 53 56 19
a 53 57 19
a 53 58 7
a 53 59 5
a 53 60 11
a 53 61 8
a 53 62 18
a 53 63 17
a 53 64 1
a 53 65 10
a 53 66 9
a 53 67 7
a 53 68 15
a 53 106 16
a 53 139 8
a 53 102 4
a 53 166 18
a 53 109 6
a 53 134 9
a 103 104 10
a 103 105 16
a 103 106 16
a 103 107 15
a 103 108 5
a 103 109 2
a 103 110 5
a 103 111 6
a 103 112 16
a 103 113 16
a 103 114 3
a 103 115 6
a 103 116 1
a 103 117 10
a 103 118 5
a 103 158 13
a 103 24 11
a 103 71 9
a 103 101 7
a 103 139 18
a 103 47 5
a 103 1 16
a 103 142 14
a 103 182 2
a 16 17 16
a 16 18 15
a 16 19 1
a 16 20 9
a 16 21 6
a 16 22 17
a 16 23 11
a 16 24 7
a 16 25 11
a 16 26 17
a 16 27 6
a 16 28 10
a 16 29 18
a 16 30 5
a 16 31 11
a 16 123 2
a 16 136 13
a 16 179 19
a 16 107 6
a 16 122 7
a 16 129 12
a 16 35 14
a 156 157 2
a 156 158 7
a 156 159 10
a 156 160 4
a 156 161 18
a 156 162 14
a 156 163 16
a 156 164 1
a 156 165 15
a 156 166 6
a 156 167 18
a 156 168 19
a 156 169 1
a 156 170 8
a 156 171 15
a 156 111 16
a 156 13 3
a 156 184 1
a 156 8 11
a 156 154 16
a 156 124 2
a 156 125 17
a 156 45 15
a 156 191 12
a 156 87 14
a 68 69 16
a 68 70 4
a 68 71 13
a 68 72 11
a 68 73 13
a 68 74 7
a 68 75 8
a 68 76 12
a 68 77 11
a 68 78 8
a 68 79 11
a 68 80 4
a 68 81 10
a 68 82 15
a 68 83 10
a 68 17 17
a 68 2 5
a 68 172 9
a 68 84 14
a 68 42 9
a 68 195 7
a 68 48 10
a 68 91 10
a 138 139 2
a 138 140 15
a 138 141 16
a 138 142 13
a 138 143 7
a 138 144 4
a 138 145 6
a 138 146 6
a 138 147 18
a 138 148 19
a 138 149 10
a 138 150 1
a 138 151 15
a 138 152 18
a 138 153 2
a 138 119 12
a 138 96 10
a 138 45 4
a 138 52 3
a 138 185 8
a 138 83 7
a 138 11 11
a 138 13 11
a 138 85 15
a 138 125 5
a 138 192 7
a 138 181 1
a 138 163 16
a 25 26 4
a 25 27 6
a 25 28 17
a 25 29 19
a 25 30 13
a 25 31 8
a 25 32 13
a 25 33 10
a 25 34 14
a 25 35 8
a 25 36 11
a 25 37 7
a 25 38 7
a 25 39 3
a 25 40 12
a 25 4 3
a 25 138 7
a 25 0 4
a 25 149 9
a 25 77 4
a 25 164 8
a 41 42 4
a 41 43 11
a 41 44 10
a 41 45 1
a 41 46 15
a 41 47 16
a 41 48 8
a 41 49 9
a 41 50 3
a 41 51 12
a 41 52 18
a 41 53 6
a 41 54 16
a 41 55 7
a 41 56 2
a 41 2 10
a 41 22 9
a 41 120 6
a 41 188 18
a 41 6 17
a 41 173 1
a 75 76 18
a 75 77 18
a 75 78 1
a 75 79 11
a 75 80 12
a 75 81 4
a 75 82 19
a 75 83 8
a 75 84 12
a 75 85 17
a 75 86 1
a 75 87 17
a 75 88 18
a 75 89 12
a 75 90 16
a 75 154 9
a 75 16 18
a 75 1 15
a 75 191 3
a 75 13 1
a 75 149 4
a 75 38 4
a 165 166 6
a 165 167 6
a 165 168 7
a 165 169 3
a 165 170 19
a 165 171 6
a 165 172 19
a 165 173 15
a 165 174 4
a 165 175 1
a 165 176 6
a 165 177 10
a 165 178 10
a 165 179 15
a 165 180 1
a 165 133 11
a 165 196 19
a 165 44 14
a 165 60 10
a 165 188 16
a 165 0 8
a 165 103 4
a 165 116 6
a 107 108 6
a 107 109 14
a 107 110 17
a 107 111 18
a 107 112 8
a 107 113 6
a 107 114 6
a 107 115 16
a 107 116 1
a 107 117 11
a 107 118 4
a 107 119 9
a 107 120 13
a 107 121 4
a 107 122 4
a 107 155 1
a 107 55 5
a 107 67 10
a 107 22 13
a 107 141 7
a 107 79 2
a 107 59 15
a 108 109 8
a 108 110 11
a 108 111 14
a 108 112 14
a 108 113 2
a 108 114 7
a 108 115 6
a 108 116 6
a 108 117 11
a 108 118 2
a 108 119 19
a 108 120 19
a 108 121 9
a 108 122 13
a 108 123 1
a 108 61 11
a 108 29 3
a 108 177 2
a 108 31 9
a 108 165 6
a 108 183 12
a 108 20 7
a 108 56 6
a 108 17 12
a 108 9 7
a 108 190 1
a 17 18 8
a 17 19 9
a 17 20 16
a 17 21 1
a 17 22 16
a 17 23 11
a 17 24 12
a 17 25 17
a 17 26 14
a 17 27 17
a 17 28 17
a 17 29 17
a 17 30 15
a 17 31 18
a 17 32 3
a 17 5 15
a 17 67 11
a 17 159 15
a 17 166 16
a 17 130 8
a 17 149 19
a 17 195 2
a 17 176 12
a 17 15 7
a 17 146 5
a 140 141 9
a 140 142 17
a 140 143 6
a 140 144 19
a 140 145 14
a 140 146 18
a 140 147 17
a 140 148 1
a 140 149 7
a 140 150 19
a 140 151 7
a 140 152 8
a 140 153 3
a 140 154 2
a 140 155 11
a 140 168 1
a 140 190 3
a 140 10 8
a 140 45 2
a 140 107 4
a 140 160 8
a 140 156 14
a 123 124 13
a 123 125 14
a 123 126 11
a 123 127 10
a 123 128 13
a 123 129 3
a 123 130 17
a 123 131 7
a 123 132 9
a 123 133 1
a 123 134 12
a 123 135 15
a 123 136 7
a 123 137 15
a 123 138 4
a 123 164 9
a 123 18 4
a 123 153 2
a 123 192 6
a 123 171 12
a 123 7 18
a 123 158 17
a 123 45 7
a 123 15 7
a 48 49 18
a 48 50 11
a 48 51 2
a 48 52 9
a 48 53 18
a 48 54 2
a 48 55 8
a 48 56 14
a 48 57 14
a 48 58 14
a 48 59 16
a 48 60 11
a 48 61 17
a 48 62 5
a 48 63 13
a 48 149 2
a 48 128 12
a 48 90 8
a 18 19 18
a 18 20 17
a 18 21 8
a 18 22 16
a 18 23 8
a 18 24 1
a 18 25 15
a 18 26 3
a 18 27 7
a 18 28 14
a 18 29 16
a 18 30 7
a 18 31 7
a 18 32 4
a 18 33 1
a 18 3 2
a 18 80 19
a 18 70 9
a 18 96 15
a 18 103 3
a 18 138 14
a 179 180 12
a 179 181 13
a 179 182 17
a 179 183 2
a 179 184 5
a 179 185 8
a 179 186 12
a 179 187 4
a 179 188 2
a 179 189 1
a 179 190 8
a 179 191 1
a 179 192 9
a 179 193 1
a 179 194 12
a 179 141 1
a 179 131 7
a 179 135 1
a 179 140 12
a 179 144 12
a 179 178 3
a 179 119 18
a 179 56 12
a 96 97 1
a 96 98 17
a 96 99 9
a 96 100 13
a 96 101 13
a 96 102 9
a 96 103 18
a 96 104 6
a 96 105 1
a 96 106 16
a 96 107 17
a 96 108 7
a 96 109 4
a 96 110 19
a 96 111 16
a 96 175 14
a 96 63 13
a 96 64 18
a 96 37 15
a 96 159 17
a 96 27 6
a 96 196 5
a 96 52 16
a 164 165 2
a 164 166 3
a 164 167 18
a 164 168 12
a 164 169 16
a 164 170 9
a 164 171 12
a 164 172 11
a 164 173 2
a 164 174 2
a 164 175 14
a 164 176 1
a 164 177 12
a 164 178 19
a 164 179 14
a 164 181 2
a 164 137 4
a 164 59 6
a 164 28 5
a 164 198 15
a 164 193 7
a 164 126 17
a 164 14 15
a 164 0 2
a 164 21 4
a 56 57 1
a 56 58 12
a 56 59 9
a 56 60 12
a 56 61 5
a 56 62 2
a 56 63 7
a 56 64 6
a 56 65 5
a 56 66 15
a 56 67 2
a 56 68 5
a 56 69 15
a 56 70 6
a 56 71 12
a 56 94 5
a 56 165 4
a 56 110 3
a 56 22 13
a 56 95 13
a 56 113 1
a 56 15 19
a 56 125 18
a 56 8 2
a 189 190 1
a 189 191 1
a 189 192 1
a 189 193 4
a 189 194 4
a 189 195 15
a 189 196 3
a 189 197 10
a 189 198 12
a 189 199 13
a 189 0 2
a 189 1 15
a 189 2 13
a 189 3 10
a 189 4 8
a 189 130 10
a 189 13 19
a 189 53 13
a 189 110 2
a 189 121 1
a 189 147 4
a 189 18 11
a 38 39 1
a 38 40 16
a 38 41 14
a 38 42 10
a 38 43 5
a 38 44 9
a 38 45 11
a 38 46 9
a 38 47 12
a 38 48 4
a 38 49 12
a 38 50 12
a 38 51 9
a 38 52 13
a 38 53 11
a 38 125 10
a 38 171 14
a 38 10 7
a 38 87 15
a 38 55 1
a 38 181 3
a 38 93 7
a 38 140 11
a 135 136 8
a 135 137 9
a 135 138 3
a 135 139 19
a 135 140 13
a 135 141 4
a 135 142 13
a 135 143 16
a 135 144 14
a 135 145 9
a 135 146 10
a 135 147 14
a 135 148 9
a 135 149 10
a 135 150 9
a 135 178 14
a 135 188 14
a 135 67 13
a 135 107 8
a 135 18 3
a 135 40 18
a 135 59 2
a 135 167 7
a 19 20 4
a 19 21 8
a 19 22 15
a 19 23 16
a 19 24 19
a 19 25 6
a 19 26 6
a 19 27 1
a 19 28 13
a 19 29 5
a 19 30 18
a 19 31 15
a 19 32 6
a 19 33 3
a 19 34 6
a 19 144 11
a 19 82 7
a 19 49 11
a 19 128 12
a 19 186 6
a 19 143 6
a 72 73 8
a 72 74 13
a 72 75 7
a 72 76 16
a 72 77 19
a 72 78 18
a 72 79 10
a 72 80 3
a 72 81 15
a 72 82 15
a 72 83 15
a 72 84 1
a 72 85 8
a 72 86 19
a 72 87 19
a 72 144 9
a 72 176 14
a 72 108 9
a 72 168 7
a 72 143 3
a 72 197 9
a 72 30 8
a 143 144 10
a 143 145 19
a 143 146 8
a 143 147 8
a 143 148 12
a 143 149 2
a 143 150 18
a 143 151 18
a 143 152 7
a 143 153 3
a 143 154 16
a 143 155 10
a 143 156 13
a 143 157 7
a 143 158 6
a 143 116 2
a 143 5 12
a 143 115 19
a 143 92 10
a 143 164 19
a 143 40 1
a 143 159 6
a 143 33 18
a 199 0 2
a 199 1 8
a 199 2 17
a 199 3 6
a 199 4 6
a 199 5 6
a 199 6 16
a 199 7 3
a 199 8 10
a 199 9 10
a 199 10 17
a 199 11 19
a 199 12 11
a 199 13 16
a 199 14 10
a 199 144 3
a 199 158 17
a 199 180 9
a 199 105 12
a 199 173 15
a 199 40 4
a 199 141 5
a 199 117 1
a 199 21 12
a 199 36 5
a 178 179 5
a 178 180 10
a 178 181 5
a 178 182 13
a 178 183 14
a 178 184 1
a 178 185 11
a 178 186 15
a 178 187 5
a 178 188 14
a 178 189 12
a 178 190 13
a 178 191 5
a 178 192 9
a 178 193 5
a 178 102 8
a 178 29 14
a 178 176 17
a 178 41 10
a 178 87 1
a 178 7 18
a 178 56 10
a 87 88 16
a 87 89 2
a 87 90 11
a 87 91 16
a 87 92 19
a 87 93 9
a 87 94 16
a 87 95 1
a 87 96 8
a 87 97 13
a 87 98 17
a 87 99 10
a 87 100 6
a 87 101 3
a 87 102 16
a 87 51 13
a 87 150 16
a 87 75 18
a 87 114 1
a 87 126 17
a 87 128 2
a 87 24 13
a 87 151 10
a 87 2 3
a 87 169 17
a 87 18 18
a 195 196 17
a 195 197 5
a 195 198 7
a 195 199 7
a 195 0 11
a 195 1 5
a 195 2 13
a 195 3 14
a 195 4 18
a 195 5 4
a 195 6 15
a 195 7 6
a 195 8 7
a 195 9 14
a 195 10 2
a 195 54 1
a 195 163 18
a 195 110 13
a 195 80 15
a 195 39 18
a 195 169 16
a 195 92 6
a 195 149 6
a 195 19 19
a 21 22 3
a 21 23 19
a 21 24 5
a 21 25 12
a 21 26 19
a 21 27 19
a 21 28 6
a 21 29 4
a 21 30 6
a 21 31 12
a 21 32 8
a 21 33 13
a 21 34 8
a 21 35 3
a 21 36 9
a 21 40 6
a 21 95 16
a 21 119 4
a 21 80 4
a 21 66 9
a 21 133 5
a 21 162 9
a 21 67 3
a 21 52 8
a 173 174 1
a 173 175 17
a 173 176 15
a 173 177 3
a 173 178 3
a 173 179 17
a 173 180 17
a 173 181 5
a 173 182 7
a 173 183 10
a 173 184 10
a 173 185 18
a 173 186 4
a 173 187 19
a 173 188 19
a 173 26 6
a 173 140 13
a 173 122 12
a 173 18 14
a 173 40 10
a 173 66 7
a 173 80 8
a 173 163 8
a 173 58 4
a 20 21 14
a 20 22 17
a 20 23 17
a 20 24 14
a 20 25 11
a 20 26 8
a 20 27 8
a 20 28 17
a 20 29 12
a 20 30 17
a 20 31 16
a 20 32 13
a 20 33 6
a 20 34 2
a 20 35 14
a 20 167 13
a 20 75 4
a 20 144 16
a 20 117 2
a 20 169 17
a 20 176 11
a 20 164 17
a 20 161 12
a 192 193 14
a 192 194 6
a 192 195 3
a 192 196 16
a 192 197 16
a 192 198 9
a 192 199 7
a 192 0 4
a 192 1 2
a 192 2 18
a 192 3 3
a 192 4 12
a 192 5 10
a 192 6 15
a 192 7 12
a 192 160 6
a 192 49 15
a 192 48 13
a 192 174 12
a 192 15 14
a 81 82 11
a 81 83 12
a 81 84 5
a 81 85 10
a 81 86 5
a 81 87 17
a 81 88 16
a 81 89 9
a 81 90 3
a 81 91 7
a 81 92 16
a 81 93 4
a 81 94 12
a 81 95 16
a 81 96 15
a 81 5 8
a 81 186 17
a 81 7 11
a 81 44 9
a 81 129 19
a 81 71 19
a 71 72 7
a 71 73 9
a 71 74 19
a 71 75 4
a 71 76 17
a 71 77 15
a 71 78 14
a 71 79 14
a 71 80 8
a 71 81 7
a 71 82 15
a 71 83 9
a 71 84 15
a 71 85 14
a 71 86 18
a 71 142 1
a 71 148 12
a 71 119 1
a 71 193 16
a 71 69 6
a 71 90 1
a 71 102 14
a 71 17 18
a 44 45 11
a 44 46 16
a 44 47 3
a 44 48 3
a 44 49 3
a 44 50 2
a 44 51 9
a 44 52 19
a 44 53 15
a 44 54 10
a 44 55 4
a 44 56 3
a 44 57 19
a 44 58 15
a 44 59 5
a 44 37 19
a 44 95 10
a 44 32 15
a 44 153 17
a 44 102 10
a 44 31 19
a 171 172 5
a 171 173 12
a 171 174 11
a 171 175 1
a 171 176 8
a 171 177 8
a 171 178 16
a 171 179 7
a 171 180 5
a 171 181 10
a 171 182 11
a 171 183 12
a 171 184 6
a 171 185 9
a 171 186 3
a 171 119 9
a 171 146 16
a 171 37 16
a 171 63 12
a 171 1 16
a 171 155 12
a 171 4 17
a 171 85 7
a 193 194 15
a 193 195 4
a 193 196 5
a 193 197 12
a 193 198 15
a 193 199 19
a 193 0 9
a 193 1 13
a 193 2 16
a 193 3 3
a 193 4 3
a 193 5 9
a 193 6 6
a 193 7 10
a 193 8 17
a 193 156 11
a 193 95 19
a 193 77 18
a 193 127 16
a 193 76 2
a 193 182 11
a 131 132 16
a 131 133 1
a 131 134 11
a 131 135 8
a 131 136 14
a 131 137 5
a 131 138 10
a 131 139 7
a 131 140 5
a 131 141 1
a 131 142 18
a 131 143 4
a 131 144 18
a 131 145 1
a 131 146 8
a 131 59 14
a 131 83 19
a 131 32 15
a 131 55 7
a 131 93 1
a 150 151 10
a 150 152 1
a 150 153 3
a 150 154 15
a 150 155 19
a 150 156 1
a 150 157 11
a 150 158 2
a 150 159 5
a 150 160 4
a 150 161 6
a 150 162 7
a 150 163 10
a 150 164 17
a 150 165 6
a 150 8 6
a 150 139 6
a 150 57 4
a 150 131 5
a 150 188 6
a 150 185 15
a 150 88 10
a 142 143 17
a 142 144 12
a 142 145 8
a 142 146 12
a 142 147 15
a 142 148 2
a 142 149 9
a 142 150 18
a 142 151 7
a 142 152 10
a 142 153 12
a 142 154 1
a 142 155 15
a 142 156 10
a 142 157 11
a 142 0 13
a 142 3 19
a 142 120 2
a 142 81 18
a 142 38 6
a 142 140 5
a 57 58 19
a 57 59 3
a 57 60 10
a 57 61 2
a 57 62 1
a 57 63 18
a 57 64 17
a 57 65 6
a 57 66 19
a 57 67 7
a 57 68 5
a 57 69 19
a 57 70 8
a 57 71 18
a 57 72 18
a 57 102 11
a 57 12 7
a 57 29 7
a 57 91 11
a 57 56 9
a 57 174 16
a 57 116 18
a 102 103 8
a 102 104 1
a 102 105 7
a 102 106 4
a 102 107 8
a 102 108 9
a 102 109 15
a 102 110 10
a 102 111 16
a 102 112 5
a 102 113 9
a 102 114 9
a 102 115 2
a 102 116 10
a 102 117 5
a 102 71 4
a 102 85 6
a 102 193 16
a 102 9 13
a 102 97 17
a 102 164 13
a 102 10 4
a 22 23 2
a 22 24 9
a 22 25 12
a 22 26 13
a 22 27 7
a 22 28 5
a 22 29 1
a 22 30 17
a 22 31 12
a 22 32 13
a 22 33 13
a 22 34 13
a 22 35 9
a 22 36 10
a 22 37 8
a 22 88 12
a 22 194 18
a 22 134 7
a 22 196 17
a 163 164 10
a 163 165 5
a 163 166 2
a 163 167 17
a 163 168 13
a 163 169 7
a 163 170 2
a 163 171 11
a 163 172 1
a 163 173 19
a 163 174 4
a 163 175 13
a 163 176 5
a 163 177 19
a 163 178 6
a 163 124 13
a 163 56 6
a 163 41 12
a 163 15 16
a 163 148 5
a 163 97 10
a 163 31 18
a 163 58 3
a 160 161 12
a 160 162 1
a 160 163 14
a 160 164 2
a 160 165 1
a 160 166 11
a 160 167 11
a 160 168 17
a 160 169 9
a 160 170 16
a 160 171 3
a 160 172 17
a 160 173 2
a 160 174 15
a 160 175 13
a 160 51 2
a 160 194 16
a 160 199 2
a 160 96 7
a 160 93 2
a 160 139 18
a 99 100 16
a 99 101 8
a 99 102 8
a 99 103 19
a 99 104 4
a 99 105 4
a 99 106 1
a 99 107 8
a 99 108 1
a 99 109 14
a 99 110 19
a 99 111 16
a 99 112 2
a 99 113 16
a 99 114 9
a 99 187 5
a 99 129 10
a 99 34 18
a 99 1 15
a 99 10 3
a 159 160 5
a 159 161 3
a 159 162 10
a 159 163 19
a 159 164 1
a 159 165 4
a 159 166 4
a 159 167 13
a 159 168 12
a 159 169 12
a 159 170 9
a 159 171 7
a 159 172 19
a 159 173 19
a 159 174 3
a 159 6 16
a 159 23 6
a 159 149 5
a 159 195 3
a 159 141 10
a 159 179 9
a 159 13 15
a 159 39 8
a 159 82 12
a 159 144 16
a 65 66 10
a 65 67 13
a 65 68 2
a 65 69 18
a 65 70 19
a 65 71 12
a 65 72 3
a 65 73 7
a 65 74 6
a 65 75 16
a 65 76 3
a 65 77 3
a 65 78 9
a 65 79 9
a 65 80 8
a 65 41 15
a 65 138 17
a 65 182 9
a 65 4 5
a 65 45 13
a 65 148 12
a 65 91 9
a 65 174 9
a 23 24 15
a 23 25 3
a 23 26 7
a 23 27 19
a 23 28 17
a 23 29 18
a 23 30 13
a 23 31 6
a 23 32 14
a 23 33 18
a 23 34 10
a 23 35 1
a 23 36 5
a 23 37 11
a 23 38 1
a 23 47 8
a 23 100 1
a 23 11 10
a 23 184 1
a 23 158 2
a 23 191 18
a 23 6 7
a 23 83 10
a 23 138 17
a 31 32 17
a 31 33 2
a 31 34 19
a 31 35 15
a 31 36 16
a 31 37 2
a 31 38 6
a 31 39 15
a 31 40 18
a 31 41 8
a 31 42 16
a 31 43 13
a 31 44 19
a 31 45 2
a 31 46 3
a 31 8 2
a 31 149 10
a 31 100 12
a 31 97 10
a 31 69 8
a 31 184 8
a 31 81 5
a 31 60 19
a 133 134 8
a 133 135 10
a 133 136 7
a 133 137 17
a 133 138 12
a 133 139 3
a 133 140 19
a 133 141 19
a 133 142 4
a 133 143 14
a 133 144 14
a 133 145 1
a 133 146 2
a 133 147 14
a 133 148 18
a 133 182 16
a 133 102 6
a 133 71 6
a 133 174 2
a 133 101 14
a 74 75 17
a 74 76 8
a 74 77 8
a 74 78 15
a 74 79 5
a 74 80 13
a 74 81 10
a 74 82 8
a 74 83 14
a 74 84 18
a 74 85 17
a 74 86 1
a 74 87 7
a 74 88 4
a 74 89 10
a 74 57 12
a 74 91 9
a 74 121 4
a 74 180 5
a 74 185 9
a 74 156 5
a 67 68 17
a 67 69 17
a 67 70 1
a 67 71 10
a 67 72 9
a 67 73 2
a 67 74 19
a 67 75 13
a 67 76 4
a 67 77 14
a 67 78 8
a 67 79 15
a 67 80 19
a 67 81 19
a 67 82 19
a 67 90 13
a 67 144 3
a 67 118 13
a 67 98 7
a 67 132 15
a 67 198 8
a 67 101 16
a 67 196 16
a 67 24 5
a 35 36 5
a 35 37 6
a 35 38 16
a 35 39 11
a 35 40 10
a 35 41 16
a 35 42 16
a 35 43 17
a 35 44 4
a 35 45 8
a 35 46 11
a 35 47 11
a 35 48 5
a 35 49 3
a 35 50 4
a 35 185 7
a 35 191 19
a 35 102 5
a 35 137 16
a 35 126 8
a 35 188 14
a 35 105 7
a 35 199 19
a 35 151 9
a 166 167 2
a 166 168 8
a 166 169 3
a 166 170 6
a 166 171 15
a 166 172 11
a 166 173 7
a 166 174 10
a 166 175 18
a 166 176 4
a 166 177 9
a 166 178 1
a 166 179 11
a 166 180 15
a 166 181 7
a 166 142 5
a 166 157 19
a 166 30 18
a 166 82 4
a 166 63 6
a 166 110 12
a 166 89 5
a 166 14 1
a 197 198 17
a 197 199 9
a 197 0 18
a 197 1 9
a 197 2 2
a 197 3 5
a 197 4 11
a 197 5 11
a 197 6 18
a 197 7 12
a 197 8 15
a 197 9 9
a 197 10 18
a 197 11 16
a 197 12 9
a 197 192 11
a 197 159 4
a 197 139 4
a 197 57 12
a 197 184 19
a 197 144 9
a 24 25 12
a 24 26 4
a 24 27 11
a 24 28 14
a 24 29 6
a 24 30 16
a 24 31 6
a 24 32 5
a 24 33 12
a 24 34 15
a 24 35 12
a 24 36 12
a 24 37 3
a 24 38 7
a 24 39 1
a 24 101 3
a 24 11 4
a 24 50 18
a 24 55 9
a 24 91 3
a 24 123 16
a 24 114 11
a 24 161 15
a 58 59 8
a 58 60 3
a 58 61 11
a 58 62 7
a 58 63 1
a 58 64 4
a 58 65 1
a 58 66 15
a 58 67 7
a 58 68 17
a 58 69 9
a 58 70 5
a 58 71 10
a 58 72 11
a 58 73 2
a 58 182 8
a 58 15 17
a 58 25 13
a 58 166 3
a 58 170 12
a 58 5 8
a 147 148 17
a 147 149 6
a 147 150 2
a 147 151 19
a 147 152 19
a 147 153 18
a 147 154 15
a 147 155 3
a 147 156 11
a 147 157 3
a 147 158 8
a 147 159 4
a 147 160 13
a 147 161 18
a 147 162 5
a 147 57 10
a 147 39 8
a 147 47 5
a 147 19 16
a 147 127 8
a 147 20 10
a 91 92 11
a 91 93 2
a 91 94 3
a 91 95 14
a 91 96 8
a 91 97 18
a 91 98 15
a 91 99 15
a 91 100 5
a 91 101 10
a 91 102 12
a 91 103 4
a 91 104 11
a 91 105 17
a 91 106 5
a 91 3 6
a 91 108 1
a 91 71 11
a 91 80 4
a 91 179 19
a 91 115 16
a 91 41 10
a 91 154 10
a 66 67 13
a 66 68 6
a 66 69 9
a 66 70 11
a 66 71 10
a 66 72 1
a 66 73 17
a 66 74 19
a 66 75 11
a 66 76 15
a 66 77 2
a 66 78 15
a 66 79 19
a 66 80 1
a 66 81 12
a 66 64 8
a 66 126 5
a 66 87 15
a 66 139 7
a 66 190 4
a 66 160 4
a 66 104 6
a 66 176 12
a 97 98 2
a 97 99 16
a 97 100 9
a 97 101 13
a 97 102 18
a 97 103 12
a 97 104 7
a 97 105 9
a 97 106 6
a 97 107 13
a 97 108 5
a 97 109 2
a 97 110 12
a 97 111 5
a 97 112 17
a 97 47 17
a 97 72 15
a 97 144 16
a 97 142 11
a 97 81 11
a 97 57 4
a 97 178 8
a 97 34 10
a 152 153 15
a 152 154 13
a 152 155 7
a 152 156 1
a 152 157 8
a 152 158 15
a 152 159 13
a 152 160 2
a 152 161 18
a 152 162 8
a 152 163 14
a 152 164 15
a 152 165 14
a 152 166 16
a 152 167 2
a 152 124 17
a 152 24 14
a 152 59 5
a 152 16 14
a 152 14 18
a 152 135 9
a 152 148 8
a 152 72 14
a 152 187 7
a 152 189 10
a 152 123 15
a 152 54 12
a 194 195 3
a 194 196 5
a 194 197 6
a 194 198 18
a 194 199 15
a 194 0 1
a 194 1 1
a 194 2 12
a 194 3 14
a 194 4 4
a 194 5 8
a 194 6 7
a 194 7 10
a 194 8 13
a 194 9 13
a 194 58 5
a 194 66 14
a 194 100 5
a 194 116 13
a 194 109 1
a 194 177 19
a 194 183 5
a 194 71 11
a 194 191 15
a 194 98 13
a 94 95 15
a 94 96 4
a 94 97 4
a 94 98 5
a 94 99 7
a 94 100 4
a 94 101 12
a 94 102 19
a 94 103 2
a 94 104 14
a 94 105 11
a 94 106 9
a 94 107 6
a 94 108 16
a 94 109 2
a 94 52 15
a 94 20 11
a 94 55 7
a 94 62 9
a 94 149 19
a 94 186 15
a 94 86 3
a 110 111 18
a 110 112 18
a 110 113 13
a 110 114 15
a 110 115 15
a 110 116 11
a 110 117 12
a 110 118 4
a 110 119 18
a 110 120 9
a 110 121 12
a 110 122 11
a 110 123 5
a 110 124 4
a 110 125 3
a 110 102 6
a 110 175 1
a 110 156 12
a 161 162 15
a 161 163 12
a 161 164 19
a 161 165 15
a 161 166 6
a 161 167 7
a 161 168 14
a 161 169 6
a 161 170 1
a 161 171 14
a 161 172 15
a 161 173 4
a 161 174 3
a 161 175 3
a 161 176 17
a 161 123 9
a 161 52 6
a 161 112 12
a 161 132 19
a 161 148 6
a 161 110 15
a 161 50 3
a 118 119 11
a 118 120 17
a 118 121 4
a 118 122 10
a 118 123 1
a 118 124 2
a 118 125 10
a 118 126 16
a 118 127 7
a 118 128 5
a 118 129 3
a 118 130 5
a 118 131 18
a 118 132 4
a 118 133 3
a 118 171 2
a 118 49 9
a 118 90 4
a 118 34 4
a 148 149 3
a 148 150 17
a 148 151 12
a 148 152 11
a 148 153 17
a 148 154 15
a 148 155 1
a 148 156 3
a 148 157 4
a 148 158 12
a 148 159 10
a 148 160 12
a 148 161 16
a 148 162 8
a 148 163 4
a 148 175 13
a 148 3 15
a 148 133 1
a 148 180 18
a 148 97 9
a 148 139 14
a 148 198 10
a 148 37 9
a 148 67 16
a 26 27 1
a 26 28 8
a 26 29 12
a 26 30 5
a 26 31 12
a 26 32 12
a 26 33 15
a 26 34 10
a 26 35 16
a 26 36 11
a 26 37 2
a 26 38 18
a 26 39 4
a 26 40 5
a 26 41 16
a 26 45 12
a 26 198 2
a 26 17 19
a 26 143 9
a 26 149 15
a 26 94 17
a 26 123 10
a 26 197 11
a 26 5 13
a 115 116 9
a 115 117 19
a 115 118 11
a 115 119 17
a 115 120 14
a 115 121 14
a 115 122 14
a 115 123 17
a 115 124 8
a 115 125 13
a 115 126 5
a 115 127 2
a 115 128 14
a 115 129 1
a 115 130 13
a 115 91 14
a 115 59 16
a 115 44 4
a 115 132 13
a 115 157 9
a 115 57 16
a 115 177 1
a 115 66 17
a 115 111 5
a 115 53 19
a 158 159 9
a 158 160 5
a 158 161 4
a 158 162 6
a 158 163 14
a 158 164 13
a 158 165 3
a 158 166 12
a 158 167 12
a 158 168 7
a 158 169 14
a 158 170 17
a 158 171 18
a 158 172 15
a 158 173 17
a 158 181 15
a 158 101 6
a 158 123 6
a 158 191 6
a 158 53 3
a 158 176 13
a 158 184 16
a 158 59 11
a 158 153 1
a 59 60 8
a 59 61 17
a 59 62 3
a 59 63 1
a 59 64 9
a 59 65 1
a 59 66 14
a 59 67 16
a 59 68 19
a 59 69 18
a 59 70 18
a 59 71 17
a 59 72 7
a 59 73 11
a 59 74 16
a 59 92 12
a 59 87 9
a 59 177 18
a 59 96 5
a 59 34 2
a 59 84 13
a 59 154 6
a 59 28 6
a 59 17 9
a 62 63 4
a 62 64 5
a 62 65 1
a 62 66 19
a 62 67 9
a 62 68 8
a 62 69 16
a 62 70 2
a 62 71 15
a 62 72 14
a 62 73 19
a 62 74 6
a 62 75 13
a 62 76 8
a 62 77 15
a 62 111 15
a 62 107 10
a 62 159 5
a 62 117 15
a 62 192 10
a 126 127 13
a 126 128 1
a 126 129 7
a 126 130 16
a 126 131 1
a 126 132 14
a 126 133 14
a 126 134 15
a 126 135 15
a 126 136 3
a 126 137 8
a 126 138 8
a 126 139 8
a 126 140 17
a 126 141 5
a 126 164 10
a 126 112 2
a 126 120 15
a 126 192 3
a 126 180 17
a 126 32 10
a 126 152 7
a 185 186 19
a 185 187 9
a 185 188 12
a 185 189 18
a 185 190 19
a 185 191 12
a 185 192 13
a 185 193 12
a 185 194 15
a 185 195 12
a 185 196 13
a 185 197 17
a 185 198 12
a 185 199 1
a 185 0 15
a 185 129 8
a 185 135 10
a 185 155 3
a 185 148 15
a 185 124 17
a 185 183 10
a 61 62 5
a 61 63 3
a 61 64 18
a 61 65 10
a 61 66 14
a 61 67 16
a 61 68 5
a 61 69 18
a 61 70 18
a 61 71 3
a 61 72 1
a 61 73 7
a 61 74 6
a 61 75 11
a 61 76 15
a 61 168 4
a 61 25 18
a 61 175 6
a 61 58 13
a 61 132 14
a 61 158 14
a 61 185 9
a 27 28 4
a 27 29 15
a 27 30 3
a 27 31 18
a 27 32 15
a 27 33 8
a 27 34 9
a 27 35 15
a 27 36 11
a 27 37 19
a 27 38 15
a 27 39 18
a 27 40 12
a 27 41 2
a 27 42 18
a 27 127 11
a 27 12 14
a 27 70 4
a 27 190 10
a 27 125 9
a 73 74 11
a 73 75 10
a 73 76 17
a 73 77 12
a 73 78 9
a 73 79 11
a 73 80 8
a 73 81 13
a 73 82 11
a 73 83 12
a 73 84 3
a 73 85 18
a 73 86 13
a 73 87 4
a 73 88 8
a 73 89 6
a 73 98 13
a 73 146 16
a 73 59 3
a 73 111 14
a 73 139 13
a 73 40 10
a 73 51 8
a 116 117 8
a 116 118 18
a 116 119 11
a 116 120 1
a 116 121 19
a 116 122 13
a 116 123 11
a 116 124 12
a 116 125 1
a 116 126 17
a 116 127 16
a 116 128 19
a 116 129 1
a 116 130 12
a 116 131 1
a 116 37 17
a 116 88 6
a 116 35 16
a 116 164 7
a 116 69 4
a 116 34 18
a 116 80 5
a 116 73 11
a 116 115 17
a 116 13 16
a 95 96 10
a 95 97 19
a 95 98 6
a 95 99 3
a 95 100 3
a 95 101 8
a 95 102 13
a 95 103 16
a 95 104 4
a 95 105 5
a 95 106 12
a 95 107 1
a 95 108 12
a 95 109 4
a 95 110 7
a 95 10 10
a 95 5 7
a 95 125 17
a 95 126 7
a 95 116 12
a 95 111 1
a 92 93 9
a 92 94 7
a 92 95 14
a 92 96 14
a 92 97 17
a 92 98 4
a 92 99 15
a 92 100 4
a 92 101 10
a 92 102 8
a 92 103 3
a 92 104 14
a 92 105 8
a 92 106 11
a 92 107 15
a 92 69 10
a 92 128 13
a 92 31 19
a 92 156 9
a 92 148 17
a 92 85 14
a 92 129 16
a 92 34 10
a 92 151 5
a 92 135 3
a 92 182 10
a 28 29 19
a 28 30 17
a 28 31 8
a 28 32 8
a 28 33 14
a 28 34 9
a 28 35 18
a 28 36 2
a 28 37 4
a 28 38 16
a 28 39 3
a 28 40 18
a 28 41 19
a 28 42 12
a 28 43 11
a 28 113 15
a 28 189 4
a 28 195 13
a 28 178 10
a 28 27 5
a 28 66 13
a 28 17 13
a 28 162 2
a 28 159 12
a 28 177 15
a 45 46 18
a 45 47 16
a 45 48 14
a 45 49 6
a 45 50 2
a 45 51 10
a 45 52 1
a 45 53 5
a 45 54 8
a 45 55 14
a 45 56 7
a 45 57 14
a 45 58 14
a 45 59 16
a 45 60 18
a 45 158 1
a 45 35 14
a 45 39 10
a 45 65 15
a 45 132 16
a 45 82 15
a 45 159 8
a 45 4 7
a 45 100 13
a 45 66 11
a 45 21 2
a 196 197 9
a 196 198 6
a 196 199 8
a 196 0 15
a 196 1 1
a 196 2 2
a 196 3 10
a 196 4 4
a 196 5 17
a 196 6 17
a 196 7 12
a 196 8 7
a 196 9 14
a 196 10 6
a 196 11 3
a 196 24 13
a 196 124 9
a 196 60 9
a 196 183 7
a 196 159 16
a 86 87 3
a 86 88 2
a 86 89 11
a 86 90 17
a 86 91 9
a 86 92 19
a 86 93 4
a 86 94 3
a 86 95 14
a 86 96 8
a 86 97 10
a 86 98 10
a 86 99 9
a 86 100 7
a 86 101 16
a 86 9 18
a 86 161 14
a 86 125 8
a 86 121 6
a 86 187 2
a 29 30 18
a 29 31 9
a 29 32 8
a 29 33 16
a 29 34 16
a 29 35 10
a 29 36 5
a 29 37 1
a 29 38 15
a 29 39 17
a 29 40 10
a 29 41 6
a 29 42 7
a 29 43 9
a 29 44 9
a 29 3 19
a 29 184 9
a 29 68 17
a 29 102 10
a 29 147 16
a 29 129 14
a 29 181 5
a 29 15 2
a 29 7 18
a 29 0 3
a 29 167 12
a 168 169 19
a 168 170 14
a 168 171 12
a 168 172 13
a 168 173 10
a 168 174 16
a 168 175 19
a 168 176 1
a 168 177 16
a 168 178 4
a 168 179 19
a 168 180 18
a 168 181 13
a 168 182 2
a 168 183 4
a 168 152 12
a 168 140 10
a 168 192 12
a 168 132 2
a 168 101 6
a 168 125 15
a 168 120 1
a 93 94 10
a 93 95 3
a 93 96 2
a 93 97 6
a 93 98 7
a 93 99 3
a 93 100 2
a 93 101 16
a 93 102 15
a 93 103 3
a 93 104 14
a 93 105 16
a 93 106 9
a 93 107 15
a 93 108 9
a 93 78 4
a 93 199 10
a 93 8 4
a 93 34 13
a 93 150 15
a 93 71 9
a 52 53 11
a 52 54 12
a 52 55 4
a 52 56 8
a 52 57 14
a 52 58 15
a 52 59 7
a 52 60 14
a 52 61 7
a 52 62 7
a 52 63 15
a 52 64 2
a 52 65 15
a 52 66 4
a 52 67 9
a 52 129 3
a 52 178 14
a 52 17 1
a 52 2 5
a 52 149 14
a 52 38 18
a 109 110 14
a 109 111 14
a 109 112 12
a 109 113 2
a 109 114 13
a 109 115 8
a 109 116 18
a 109 117 11
a 109 118 11
a 109 119 15
a 109 120 14
a 109 121 4
a 109 122 2
a 109 123 1
a 109 124 2
a 109 104 1
a 109 152 17
a 109 49 16
a 109 67 13
a 109 184 1
a 109 180 14
a 80 81 4
a 80 82 2
a 80 83 13
a 80 84 15
a 80 85 6
a 80 86 13
a 80 87 5
a 80 88 3
a 80 89 13
a 80 90 9
a 80 91 4
a 80 92 8
a 80 93 12
a 80 94 7
a 80 95 10
a 80 76 17
a 80 185 9
a 80 20 16
a 80 117 15
a 80 145 13
a 80 0 12
a 80 19 12
a 80 97 12
a 30 31 19
a 30 32 11
a 30 33 14
a 30 34 4
a 30 35 1
a 30 36 6
a 30 37 15
a 30 38 14
a 30 39 6
a 30 40 4
a 30 41 13
a 30 42 7
a 30 43 17
a 30 44 6
a 30 45 1
a 30 88 19
a 30 48 11
a 30 170 5
a 30 166 1
a 30 14 13
a 30 132 13
a 30 16 14
a 30 104 9
a 155 156 19
a 155 157 15
a 155 158 8
a 155 159 2
a 155 160 12
a 155 161 11
a 155 162 6
a 155 163 1
a 155 164 2
a 155 165 19
a 155 166 6
a 155 167 3
a 155 168 6
a 155 169 1
a 155 170 2
a 155 28 19
a 155 187 13
a 155 151 14
a 155 1 8
a 155 132 9
a 155 192 18
a 155 11 17
a 155 76 6
a 155 193 8
a 155 196 19
a 155 34 17
a 136 137 16
a 136 138 19
a 136 139 4
a 136 140 9
a 136 141 19
a 136 142 7
a 136 143 15
a 136 144 14
a 136 145 16
a 136 146 15
a 136 147 1
a 136 148 7
a 136 149 8
a 136 150 6
a 136 151 1
a 136 24 15
a 136 133 18
a 136 112 10
a 136 177 4
a 136 42 17
a 136 160 1
a 136 69 19
a 122 123 13
a 122 124 18
a 122 125 7
a 122 126 2
a 122 127 17
a 122 128 4
a 122 129 9
a 122 130 12
a 122 131 13
a 122 132 3
a 122 133 9
a 122 134 14
a 122 135 17
a 122 136 8
a 122 137 13
a 122 114 4
a 122 109 6
a 122 140 4
a 122 23 10
a 122 185 10
a 122 145 4
a 122 52 5
a 122 5 15
a 122 172 11
a 129 130 4
a 129 131 11
a 129 132 18
a 129 133 17
a 129 134 6
a 129 135 3
a 129 136 9
a 129 137 4
a 129 138 4
a 129 139 17
a 129 140 2
a 129 141 2
a 129 142 4
a 129 143 16
a 129 144 9
a 129 160 13
a 129 94 15
a 129 166 19
a 129 76 6
a 129 108 14
a 129 190 15
a 129 173 6
a 32 33 1
a 32 34 10
a 32 35 15
a 32 36 2
a 32 37 7
a 32 38 17
a 32 39 10
a 32 40 2
a 32 41 7
a 32 42 7
a 32 43 4
a 32 44 5
a 32 45 15
a 32 46 4
a 32 47 13
a 32 96 12
a 32 12 7
a 32 145 13
a 32 31 12
a 32 91 6
a 32 144 16
a 32 174 18
a 149 150 16
a 149 151 19
a 149 152 12
a 149 153 13
a 149 154 3
a 149 155 15
a 149 156 5
a 149 157 14
a 149 158 6
a 149 159 6
a 149 160 11
a 149 161 10
a 149 162 4
a 149 163 19
a 149 164 2
a 149 126 7
a 149 168 6
a 149 53 10
a 149 172 12
a 149 189 11
a 149 80 1
a 149 100 1
a 149 26 14
a 149 38 10
a 176 177 10
a 176 178 10
a 176 179 18
a 176 180 19
a 176 181 4
a 176 182 18
a 176 183 11
a 176 184 6
a 176 185 15
a 176 186 11
a 176 187 17
a 176 188 18
a 176 189 17
a 176 190 3
a 176 191 8
a 176 40 15
a 176 56 7
a 176 122 4
a 176 98 6
a 176 35 17
a 176 99 17
a 176 73 13
a 176 102 2
a 146 147 4
a 146 148 10
a 146 149 6
a 146 150 9
a 146 151 9
a 146 152 14
a 146 153 7
a 146 154 5
a 146 155 4
a 146 156 10
a 146 157 6
a 146 158 10
a 146 159 13
a 146 160 18
a 146 161 7
a 146 116 9
a 146 135 15
a 146 179 7
a 146 79 1
a 146 102 13
a 33 34 8
a 33 35 17
a 33 36 19
a 33 37 16
a 33 38 2
a 33 39 17
a 33 40 9
a 33 41 15
a 33 42 15
a 33 43 11
a 33 44 3
a 33 45 10
a 33 46 3
a 33 47 9
a 33 48 9
a 33 60 14
a 33 115 10
a 33 109 12
a 33 185 13
a 33 55 9
a 33 180 2
a 33 154 18
a 33 128 18
a 70 71 9
a 70 72 13
a 70 73 17
a 70 74 12
a 70 75 10
a 70 76 14
a 70 77 19
a 70 78 15
a 70 79 6
a 70 80 17
a 70 81 3
a 70 82 11
a 70 83 8
a 70 84 9
a 70 85 19
a 70 137 11
a 70 185 6
a 70 186 14
a 70 8 10
a 70 96 1
a 70 148 11
a 70 176 9
a 34 35 15
a 34 36 19
a 34 37 4
a 34 38 4
a 34 39 11
a 34 40 1
a 34 41 10
a 34 42 3
a 34 43 13
a 34 44 2
a 34 45 17
a 34 46 3
a 34 47 10
a 34 48 2
a 34 49 1
a 34 187 1
a 34 10 19
a 34 119 4
a 34 52 12
a 34 93 12
a 34 189 11
a 34 181 16
a 34 161 12
a 144 145 7
a 144 146 7
a 144 147 7
a 144 148 2
a 144 149 13
a 144 150 10
a 144 151 18
a 144 152 4
a 144 153 6
a 144 154 15
a 144 155 16
a 144 156 4
a 144 157 3
a 144 158 4
a 144 159 9
a 144 2 2
a 144 27 4
a 144 51 10
a 144 53 1
a 144 137 16
a 144 114 7
a 144 141 5
a 82 83 4
a 82 84 19
a 82 85 12
a 82 86 1
a 82 87 15
a 82 88 16
a 82 89 4
a 82 90 7
a 82 91 17
a 82 92 9
a 82 93 17
a 82 94 19
a 82 95 6
a 82 96 18
a 82 97 3
a 82 13 19
a 82 76 3
a 82 106 12
a 82 102 15
a 82 12 12
a 82 98 13
a 82 99 17
a 82 156 4
a 82 154 7
a 49 50 10
a 49 51 14
a 49 52 9
a 49 53 2
a 49 54 7
a 49 55 5
a 49 56 15
a 49 57 12
a 49 58 9
a 49 59 6
a 49 60 18
a 49 61 10
a 49 62 11
a 49 63 16
a 49 64 1
a 49 132 17
a 49 172 13
a 49 134 15
a 49 141 16
a 49 167 6
a 49 181 6
a 49 185 15
a 128 129 9
a 128 130 11
a 128 131 1
a 128 132 11
a 128 133 19
a 128 134 5
a 128 135 19
a 128 136 14
a 128 137 8
a 128 138 10
a 128 139 18
a 128 140 4
a 128 141 2
a 128 142 15
a 128 143 9
a 128 109 18
a 128 124 4
a 128 81 12
a 128 120 16
a 128 19 11
a 128 127 14
a 186 187 18
a 186 188 13
a 186 189 16
a 186 190 9
a 186 191 12
a 186 192 4
a 186 193 10
a 186 194 19
a 186 195 4
a 186 196 14
a 186 197 17
a 186 198 16
a 186 199 16
a 186 0 4
a 186 1 3
a 186 34 5
a 186 121 14
a 186 169 17
a 186 111 9
a 186 181 10
a 186 96 6
a 186 172 8
a 186 59 15
a 186 2 8
a 186 61 15
a 167 168 15
a 167 169 2
a 167 170 18
a 167 171 17
a 167 172 13
a 167 173 4
a 167 174 7
a 167 175 10
a 167 176 8
a 167 177 2
a 167 178 8
a 167 179 12
a 167 180 8
a 167 181 17
a 167 182 8
a 167 45 12
a 167 7 18
a 167 96 5
a 167 26 5
a 167 1 13
a 167 134 2
a 167 183 12
a 167 38 5
a 167 141 2
a 167 166 19
a 117 118 16
a 117 119 17
a 117 120 11
a 117 121 12
a 117 122 7
a 117 123 19
a 117 124 10
a 117 125 9
a 117 126 19
a 117 127 11
a 117 128 12
a 117 129 18
a 117 130 14
a 117 131 18
a 117 132 19
a 117 161 10
a 117 18 6
a 117 59 7
a 117 85 3
a 117 66 11
a 117 54 1
a 117 112 16
a 117 16 19
a 169 170 10
a 169 171 1
a 169 172 14
a 169 173 15
a 169 174 5
a 169 175 7
a 169 176 7
a 169 177 2
a 169 178 17
a 169 179 16
a 169 180 9
a 169 181 5
a 169 182 2
a 169 183 10
a 169 184 18
a 169 144 18
a 169 147 2
a 169 126 11
a 169 143 6
a 169 109 1
a 169 154 19
a 36 37 1
a 36 38 19
a 36 39 17
a 36 40 8
a 36 41 8
a 36 42 19
a 36 43 4
a 36 44 7
a 36 45 13
a 36 46 17
a 36 47 2
a 36 48 9
a 36 49 18
a 36 50 7
a 36 51 1
a 36 24 4
a 36 11 10
a 36 55 3
a 36 80 18
a 36 159 14
a 36 140 5
a 40 41 8
a 40 42 4
a 40 43 16
a 40 44 5
a 40 45 11
a 40 46 5
a 40 47 1
a 40 48 19
a 40 49 2
a 40 50 1
a 40 51 2
a 40 52 4
a 40 53 16
a 40 54 6
a 40 55 16
a 40 168 3
a 40 165 2
a 40 169 19
a 40 177 5
a 40 80 5
a 40 10 10
a 119 120 12
a 119 121 12
a 119 122 13
a 119 123 7
a 119 124 7
a 119 125 3
a 119 126 18
a 119 127 5
a 119 128 7
a 119 129 1
a 119 130 9
a 119 131 17
a 119 132 4
a 119 133 10
a 119 134 10
a 119 2 18
a 119 197 11
a 119 36 9
a 119 51 19
a 119 72 16
a 119 91 7
a 162 163 12
a 162 164 3
a 162 165 13
a 162 166 15
a 162 167 5
a 162 168 11
a 162 169 4
a 162 170 1
a 162 171 17
a 162 172 5
a 162 173 13
a 162 174 3
a 162 175 19
a 162 176 15
a 162 177 1
a 162 64 15
a 162 78 2
a 162 198 4
a 162 16 17
a 162 85 10
a 162 107 10
a 162 73 7
a 162 28 12
a 162 9 6
a 37 38 7
a 37 39 9
a 37 40 6
a 37 41 6
a 37 42 12
a 37 43 14
a 37 44 9
a 37 45 6
a 37 46 12
a 37 47 1
a 37 48 4
a 37 49 5
a 37 50 8
a 37 51 8
a 37 52 10
a 37 198 13
a 37 17 11
a 37 175 3
a 37 111 5
a 37 131 9
a 88 89 15
a 88 90 4
a 88 91 14
a 88 92 13
a 88 93 3
a 88 94 10
a 88 95 2
a 88 96 13
a 88 97 4
a 88 98 18
a 88 99 1
a 88 100 2
a 88 101 3
a 88 102 18
a 88 103 19
a 88 75 11
a 88 151 4
a 88 38 2
a 88 139 15
a 134 135 17
a 134 136 6
a 134 137 10
a 134 138 7
a 134 139 4
a 134 140 17
a 134 141 8
a 134 142 5
a 134 143 4
a 134 144 18
a 134 145 15
a 134 146 18
a 134 147 1
a 134 148 6
a 134 149 7
a 134 26 1
a 134 87 10
a 134 129 16
a 134 198 3
a 134 110 2
a 134 103 15
a 134 1 17
a 134 55 10
a 134 91 2
a 134 118 11
a 47 48 8
a 47 49 7
a 47 50 12
a 47 51 10
a 47 52 18
a 47 53 12
a 47 54 14
a 47 55 18
a 47 56 5
a 47 57 10
a 47 58 3
a 47 59 16
a 47 60 2
a 47 61 13
a 47 62 17
a 47 69 19
a 47 89 7
a 47 130 3
a 47 39 15
a 47 122 16
a 100 101 1
a 100 102 12
a 100 103 14
a 100 104 10
a 100 105 14
a 100 106 6
a 100 107 19
a 100 108 16
a 100 109 2
a 100 110 11
a 100 111 13
a 100 112 15
a 100 113 9
a 100 114 18
a 100 115 10
a 100 153 4
a 100 59 19
a 100 142 3
a 100 182 7
a 100 151 7
a 100 62 12
a 184 185 6
a 184 186 15
a 184 187 10
a 184 188 16
a 184 189 17
a 184 190 1
a 184 191 7
a 184 192 7
a 184 193 19
a 184 194 8
a 184 195 7
a 184 196 4
a 184 197 3
a 184 198 6
a 184 199 19
a 184 181 14
a 184 156 6
a 184 81 16
a 184 171 9
a 184 150 8
a 184 168 19
a 184 35 19
a 184 5 13
a 184 0 6
a 184 169 5
a 191 192 8
a 191 193 1
a 191 194 19
a 191 195 5
a 191 196 2
a 191 197 11
a 191 198 8
a 191 199 14
a 191 0 19
a 191 1 15
a 191 2 3
a 191 3 16
a 191 4 3
a 191 5 17
a 191 6 16
a 191 145 15
a 191 42 10
a 191 106 9
a 191 63 5
a 191 117 5
a 83 84 1
a 83 85 10
a 83 86 1
a 83 87 9
a 83 88 8
a 83 89 3
a 83 90 8
a 83 91 18
a 83 92 2
a 83 93 18
a 83 94 7
a 83 95 9
a 83 96 19
a 83 97 4
a 83 98 8
a 83 151 6
a 83 158 19
a 83 73 10
a 83 18 15
a 83 108 19
a 39 40 10
a 39 41 6
a 39 42 18
a 39 43 14
a 39 44 14
a 39 45 15
a 39 46 17
a 39 47 5
a 39 48 11
a 39 49 15
a 39 50 18
a 39 51 2
a 39 52 17
a 39 53 9
a 39 54 9
a 39 122 19
a 39 123 19
a 39 147 1
a 39 109 8
a 39 91 5
a 39 75 5
a 101 102 14
a 101 103 9
a 101 104 9
a 101 105 12
a 101 106 14
a 101 107 7
a 101 108 6
a 101 109 9
a 101 110 3
a 101 111 11
a 101 112 5
a 101 113 1
a 101 114 5
a 101 115 19
a 101 116 3
a 101 192 7
a 101 62 1
a 101 59 14
a 101 161 15
a 101 155 15
a 101 186 6
a 101 54 9
a 101 72 9
a 101 67 10
a 50 51 19
a 50 52 16
a 50 53 14
a 50 54 18
a 50 55 15
a 50 56 6
a 50 57 11
a 50 58 5
a 50 59 17
a 50 60 4
a 50 61 19
a 50 62 3
a 50 63 12
a 50 64 6
a 50 65 9
a 50 25 14
a 50 34 13
a 50 29 9
a 50 131 3
a 50 30 16
a 50 40 2
a 50 126 7
a 50 189 14
a 50 146 1
a 55 56 15
a 55 57 7
a 55 58 18
a 55 59 7
a 55 60 1
a 55 61 19
a 55 62 11
a 55 63 5
a 55 64 15
a 55 65 15
a 55 66 6
a 55 67 14
a 55 68 16
a 55 69 3
a 55 70 14
a 55 100 18
a 55 91 1
a 55 15 10
a 55 119 18
a 55 4 5
a 55 14 16
a 55 194 11
a 55 154 9
a 55 97 8
a 55 90 12
a 114 115 6
a 114 116 18
a 114 117 10
a 114 118 1
a 114 119 8
a 114 120 2
a 114 121 1
a 114 122 12
a 114 123 17
a 114 124 11
a 114 125 4
a 114 126 12
a 114 127 16
a 114 128 2
a 114 129 17
a 114 180 17
a 114 61 1
a 114 48 7
a 114 155 16
a 114 171 5
a 114 35 9
a 114 85 4
a 114 46 6
a 77 78 5
a 77 79 18
a 77 80 12
a 77 81 10
a 77 82 19
a 77 83 10
a 77 84 2
a 77 85 7
a 77 86 12
a 77 87 19
a 77 88 1
a 77 89 15
a 77 90 8
a 77 91 13
a 77 92 1
a 77 30 10
a 77 116 15
a 77 108 5
a 77 177 15
a 77 148 9
a 77 153 6
a 77 182 8
a 198 199 8
a 198 0 14
a 198 1 10
a 198 2 17
a 198 3 3
a 198 4 4
a 198 5 13
a 198 6 11
a 198 7 19
a 198 8 9
a 198 9 9
a 198 10 16
a 198 11 3
a 198 12 6
a 198 13 9
a 198 150 12
a 198 53 7
a 198 131 11
a 198 109 8
a 198 81 19
a 198 170 8
a 42 43 2
a 42 44 4
a 42 45 1
a 42 46 19
a 42 47 14
a 42 48 11
a 42 49 10
a 42 50 3
a 42 51 5
a 42 52 14
a 42 53 9
a 42 54 14
a 42 55 14
a 42 56 18
a 42 57 8
a 42 121 18
a 42 60 11
a 42 182 13
a 42 30 6
a 42 105 6
a 42 64 9
a 42 194 12
a 42 95 15
a 127 128 9
a 127 129 11
a 127 130 7
a 127 131 15
a 127 132 2
a 127 133 6
a 127 134 10
a 127 135 6
a 127 136 11
a 127 137 6
a 127 138 6
a 127 139 4
a 127 140 13
a 127 141 16
a 127 142 13
a 127 126 13
a 127 13 7
a 127 110 7
a 127 94 13
a 127 35 4
a 127 177 12
a 127 22 10
a 127 9 6
a 190 191 15
a 190 192 2
a 190 193 10
a 190 194 18
a 190 195 15
a 190 196 19
a 190 197 12
a 190 198 19
a 190 199 15
a 190 0 2
a 190 1 13
a 190 2 6
a 190 3 4
a 190 4 6
a 190 5 4
a 190 13 19
a 190 119 4
a 190 17 2
a 190 28 8
a 190 43 15
a 190 170 12
a 125 126 18
a 125 127 2
a 125 128 6
a 125 129 1
a 125 130 6
a 125 131 10
a 125 132 10
a 125 133 3
a 125 134 19
a 125 135 2
a 125 136 17
a 125 137 17
a 125 138 7
a 125 139 18
a 125 140 9
a 125 79 6
a 125 12 4
a 125 152 2
a 125 49 4
a 125 196 16
a 125 117 4
a 125 107 17
a 125 18 2
a 125 63 16
a 43 44 9
a 43 45 12
a 43 46 10
a 43 47 13
a 43 48 5
a 43 49 1
a 43 50 14
a 43 51 3
a 43 52 18
a 43 53 18
a 43 54 11
a 43 55 1
a 43 56 18
a 43 57 3
a 43 58 8
a 43 181 1
a 43 68 13
a 43 199 14
a 43 62 17
a 113 114 1
a 113 115 1
a 113 116 3
a 113 117 9
a 113 118 11
a 113 119 1
a 113 120 12
a 113 121 13
a 113 122 15
a 113 123 6
a 113 124 9
a 113 125 18
a 113 126 18
a 113 127 13
a 113 128 14
a 113 102 5
a 113 134 2
a 113 172 3
a 113 22 4
a 113 164 9
a 113 30 14
a 113 192 18
a 113 36 10
a 113 193 5
a 177 178 9
a 177 179 6
a 177 180 9
a 177 181 16
a 177 182 14
a 177 183 3
a 177 184 11
a 177 185 16
a 177 186 2
a 177 187 3
a 177 188 4
a 177 189 12
a 177 190 11
a 177 191 5
a 177 192 19
a 177 147 18
a 177 151 10
a 177 107 12
a 177 74 17
a 177 8 3
a 177 163 3
a 177 141 3
a 181 182 4
a 181 183 11
a 181 184 10
a 181 185 12
a 181 186 16
a 181 187 8
a 181 188 10
a 181 189 3
a 181 190 1
a 181 191 3
a 181 192 12
a 181 193 15
a 181 194 9
a 181 195 5
a 181 196 15
a 181 92 17
a 181 100 5
a 181 59 14
a 181 44 15
a 181 38 2
a 170 171 9
a 170 172 15
a 170 173 10
a 170 174 2
a 170 175 4
a 170 176 13
a 170 177 16
a 170 178 19
a 170 179 6
a 170 180 19
a 170 181 6
a 170 182 11
a 170 183 5
a 170 184 7
a 170 185 14
a 170 141 3
a 170 155 17
a 170 131 13
a 170 137 4
a 170 36 11
a 170 89 3
a 132 133 3
a 132 134 3
a 132 135 5
a 132 136 10
a 132 137 4
a 132 138 18
a 132 139 15
a 132 140 12
a 132 141 12
a 132 142 12
a 132 143 12
a 132 144 11
a 132 145 10
a 132 146 17
a 132 147 16
a 132 129 5
a 132 159 10
a 132 26 5
a 132 165 19
a 132 110 8
a 132 2 16
a 132 123 13
a 104 105 4
a 104 106 10
a 104 107 15
a 104 108 15
a 104 109 6
a 104 110 9
a 104 111 17
a 104 112 4
a 104 113 18
a 104 114 4
a 104 115 14
a 104 116 17
a 104 117 13
a 104 118 3
a 104 119 12
a 104 59 15
a 104 32 17
a 104 184 8
a 104 60 15
a 104 2 16
a 104 55 13
a 104 62 5
a 104 37 12
a 46 47 17
a 46 48 11
a 46 49 18
a 46 50 12
a 46 51 8
a 46 52 19
a 46 53 8
a 46 54 11
a 46 55 19
a 46 56 19
a 46 57 1
a 46 58 11
a 46 59 14
a 46 60 2
a 46 61 8
a 46 175 19
a 46 34 6
a 46 137 17
a 46 168 10
a 46 144 12
a 69 70 12
a 69 71 15
a 69 72 14
a 69 73 13
a 69 74 4
a 69 75 19
a 69 76 3
a 69 77 19
a 69 78 17
a 69 79 11
a 69 80 10
a 69 81 2
a 69 82 4
a 69 83 2
a 69 84 11
a 69 128 17
a 69 10 10
a 69 98 17
a 69 152 6
a 69 150 6
a 69 43 3
a 69 2 4
a 69 147 14
a 69 178 8
a 69 11 15
a 60 61 5
a 60 62 12
a 60 63 7
a 60 64 2
a 60 65 11
a 60 66 12
a 60 67 7
a 60 68 11
a 60 69 4
a 60 70 8
a 60 71 13
a 60 72 4
a 60 73 9
a 60 74 12
a 60 75 1
a 60 123 1
a 60 144 15
a 60 89 17
a 60 194 11
a 60 197 12
a 60 34 2
a 60 93 12
a 145 146 19
a 145 147 3
a 145 148 3
a 145 149 9
a 145 150 11
a 145 151 17
a 145 152 12
a 145 153 13
a 145 154 10
a 145 155 13
a 145 156 4
a 145 157 19
a 145 158 16
a 145 159 10
a 145 160 10
a 145 126 8
a 145 0 4
a 145 169 6
a 145 47 11
a 145 24 19
a 174 175 1
a 174 176 10
a 174 177 16
a 174 178 8
a 174 179 12
a 174 180 1
a 174 181 16
a 174 182 9
a 174 183 2
a 174 184 9
a 174 185 15
a 174 186 13
a 174 187 15
a 174 188 14
a 174 189 15
a 174 196 11
a 174 59 19
a 174 124 9
a 174 9 14
a 174 194 7
a 174 153 16
a 180 181 4
a 180 182 1
a 180 183 16
a 180 184 5
a 180 185 17
a 180 186 5
a 180 187 7
a 180 188 3
a 180 189 2
a 180 190 5
a 180 191 2
a 180 192 17
a 180 193 16
a 180 194 8
a 180 195 10
a 180 64 3
a 180 34 5
a 180 138 16
a 180 29 17
a 180 91 14
a 180 165 17
a 180 54 11
a 180 89 11
a 180 52 6
a 180 70 16
a 180 71 1
a 154 155 5
a 154 156 1
a 154 157 14
a 154 158 8
a 154 159 13
a 154 160 7
a 154 161 15
a 154 162 6
a 154 163 17
a 154 164 2
a 154 165 15
a 154 166 8
a 154 167 19
a 154 168 4
a 154 169 10
a 154 199 3
a 154 118 14
a 154 124 5
a 154 105 10
a 154 0 6
a 187 188 2
a 187 189 9
a 187 190 12
a 187 191 8
a 187 192 17
a 187 193 5
a 187 194 9
a 187 195 16
a 187 196 17
a 187 197 3
a 187 198 16
a 187 199 2
a 187 0 15
a 187 1 18
a 187 2 10
a 187 131 10
a 187 175 2
a 187 47 8
a 187 105 1
a 187 168 5
a 187 128 9
a 187 15 5
a 187 114 17
a 187 29 19
a 137 138 18
a 137 139 5
a 137 140 18
a 137 141 19
a 137 142 10
a 137 143 2
a 137 144 4
a 137 145 17
a 137 146 2
a 137 147 4
a 137 148 12
a 137 149 14
a 137 150 2
a 137 151 11
a 137 152 11
a 137 61 15
a 137 123 19
a 137 97 2
a 137 71 5
a 137 180 2
a 137 31 10
a 137 184 14
a 137 92 6
a 188 189 13
a 188 190 16
a 188 191 16
a 188 192 11
a 188 193 14
a 188 194 2
a 188 195 17
a 188 196 15
a 188 197 4
a 188 198 13
a 188 199 3
a 188 0 16
a 188 1 5
a 188 2 5
a 188 3 4
a 188 24 18
a 188 11 6
a 188 64 4
a 188 155 3
a 188 122 13
a 188 6 10
a 188 173 6
a 188 57 14
a 188 157 9
a 188 137 12
a 188 14 18
a 105 106 10
a 105 107 6
a 105 108 2
a 105 109 2
a 105 110 7
a 105 111 2
a 105 112 9
a 105 113 1
a 105 114 15
a 105 115 17
a 105 116 8
a 105 117 17
a 105 118 11
a 105 119 18
a 105 120 2
a 105 140 13
a 105 195 2
a 105 151 4
a 105 21 5
a 105 88 19
a 105 61 19
a 105 45 14
a 105 131 14
a 151 152 18
a 151 153 13
a 151 154 16
a 151 155 16
a 151 156 3
a 151 157 17
a 151 158 11
a 151 159 19
a 151 160 5
a 151 161 7
a 151 162 1
a 151 163 14
a 151 164 7
a 151 165 8
a 151 166 7
a 151 168 14
a 151 96 12
a 151 48 16
a 151 32 7
a 151 41 9
a 151 107 5
a 51 52 17
a 51 53 11
a 51 54 1
a 51 55 8
a 51 56 12
a 51 57 12
a 51 58 18
a 51 59 2
a 51 60 15
a 51 61 16
a 51 62 1
a 51 63 16
a 51 64 1
a 51 65 5
a 51 66 17
a 51 80 9
a 51 129 14
a 51 74 6
a 51 147 4
a 51 33 8
a 51 118 19
a 51 29 1
a 51 76 18
a 175 176 2
a 175 177 19
a 175 178 14
a 175 179 8
a 175 180 13
a 175 181 7
a 175 182 12
a 175 183 9
a 175 184 1
a 175 185 3
a 175 186 4
a 175 187 8
a 175 188 1
a 175 189 16
a 175 190 5
a 175 103 18
a 175 56 7
a 175 161 13
a 175 163 8
a 175 110 3
a 175 66 9
a 175 48 11
a 111 112 15
a 111 113 10
a 111 114 16
a 111 115 14
a 111 116 12
a 111 117 12
a 111 118 8
a 111 119 6
a 111 120 6
a 111 121 13
a 111 122 5
a 111 123 13
a 111 124 6
a 111 125 12
a 111 126 13
a 111 140 15
a 111 68 4
a 111 199 6
a 111 173 18
a 111 0 18
a 111 92 17
a 111 194 15
a 54 55 16
a 54 56 5
a 54 57 17
a 54 58 11
a 54 59 12
a 54 60 18
a 54 61 18
a 54 62 17
a 54 63 13
a 54 64 16
a 54 65 13
a 54 66 11
a 54 67 12
a 54 68 17
a 54 69 13
a 54 40 18
a 54 172 16
a 54 92 7
a 54 83 15
a 54 118 15
a 54 34 5
a 54 98 10
a 54 0 10
a 121 122 10
a 121 123 16
a 121 124 12
a 121 125 2
a 121 126 8
a 121 127 1
a 121 128 17
a 121 129 17
a 121 130 5
a 121 131 3
a 121 132 5
a 121 133 3
a 121 134 2
a 121 135 6
a 121 136 9
a 121 63 4
a 121 32 17
a 121 45 16
a 121 96 19
a 121 55 14
a 182 183 15
a 182 184 9
a 182 185 8
a 182 186 1
a 182 187 17
a 182 188 9
a 182 189 10
a 182 190 17
a 182 191 6
a 182 192 16
a 182 193 8
a 182 194 1
a 182 195 6
a 182 196 2
a 182 197 18
a 182 12 7
a 182 104 5
a 182 15 12
a 182 135 2
a 182 76 16
a 182 120 2
a 182 156 6
a 182 24 12
a 64 65 15
a 64 66 11
a 64 67 8
a 64 68 3
a 64 69 4
a 64 70 15
a 64 71 8
a 64 72 5
a 64 73 11
a 64 74 14
a 64 75 11
a 64 76 4
a 64 77 5
a 64 78 7
a 64 79 7
a 64 102 15
a 64 175 11
a 64 25 17
a 64 60 17
a 64 155 11
a 64 150 2
a 64 107 1
a 153 154 4
a 153 155 2
a 153 156 19
a 153 157 10
a 153 158 11
a 153 159 19
a 153 160 12
a 153 161 6
a 153 162 6
a 153 163 6
a 153 164 4
a 153 165 12
a 153 166 9
a 153 167 15
a 153 168 13
a 153 127 3
a 153 171 11
a 153 24 9
a 153 177 17
a 153 179 6
a 153 79 19
a 153 73 8
a 89 90 7
a 89 91 11
a 89 92 5
a 89 93 7
a 89 94 15
a 89 95 17
a 89 96 16
a 89 97 10
a 89 98 13
a 89 99 11
a 89 100 8
a 89 101 16
a 89 102 5
a 89 103 7
a 89 104 1
a 89 130 12
a 89 13 6
a 89 144 9
a 89 128 15
a 89 23 19
a 89 172 8
a 63 64 18
a 63 65 7
a 63 66 5
a 63 67 3
a 63 68 18
a 63 69 4
a 63 70 11
a 63 71 5
a 63 72 17
a 63 73 14
a 63 74 1
a 63 75 13
a 63 76 10
a 63 77 10
a 63 78 3
a 63 90 17
a 63 84 13
a 63 163 4
a 63 110 1
a 90 91 12
a 90 92 3
a 90 93 13
a 90 94 17
a 90 95 14
a 90 96 16
a 90 97 16
a 90 98 16
a 90 99 13
a 90 100 3
a 90 101 15
a 90 102 9
a 90 103 1
a 90 104 16
a 90 105 18
a 90 14 5
a 90 106 7
a 90 17 13
a 90 149 2
a 90 183 18
a 90 33 13
a 90 0 17
a 90 68 15
a 90 121 19
a 90 137 13
a 90 7 8
a 172 173 17
a 172 174 4
a 172 175 15
a 172 176 8
a 172 177 3
a 172 178 4
a 172 179 11
a 172 180 7
a 172 181 6
a 172 182 1
a 172 183 18
a 172 184 8
a 172 185 15
a 172 186 5
a 172 187 16
a 172 167 13
a 172 109 8
a 172 56 12
a 172 48 14
a 172 4 8
a 172 95 17
a 172 134 5
a 172 47 18
a 172 82 18
a 172 8 7
a 76 77 14
a 76 78 2
a 76 79 9
a 76 80 5
a 76 81 8
a 76 82 5
a 76 83 11
a 76 84 16
a 76 85 13
a 76 86 13
a 76 87 7
a 76 88 3
a 76 89 6
a 76 90 19
a 76 91 17
a 76 47 18
a 76 140 6
a 76 189 13
a 76 31 13
a 76 101 16
a 106 107 15
a 106 108 7
a 106 109 13
a 106 110 2
a 106 111 3
a 106 112 9
a 106 113 5
a 106 114 19
a 106 115 5
a 106 116 18
a 106 117 10
a 106 118 12
a 106 119 11
a 106 120 3
a 106 121 12
a 106 55 8
a 106 185 16
a 106 154 3
a 106 124 12
a 106 196 11
a 106 160 3
a 106 26 17
a 139 140 15
a 139 141 15
a 139 142 13
a 139 143 18
a 139 144 5
a 139 145 13
a 139 146 13
a 139 147 17
a 139 148 16
a 139 149 2
a 139 150 6
a 139 151 5
a 139 152 11
a 139 153 3
a 139 154 9
a 139 16 16
a 139 198 6
a 139 79 2
a 139 175 4
a 139 81 3
a 139 103 12
a 139 106 19
a 139 166 1
a 139 34 3
a 98 99 15
a 98 100 12
a 98 101 14
a 98 102 18
a 98 103 7
a 98 104 18
a 98 105 9
a 98 106 9
a 98 107 15
a 98 108 16
a 98 109 7
a 98 110 15
a 98 111 11
a 98 112 6
a 98 113 8
a 98 178 16
a 98 61 18
a 98 192 2
a 98 92 13
a 98 42 7
a 98 187 3
a 98 93 17
a 98 64 10
a 98 164 1
a 98 13 15
a 78 79 4
a 78 80 8
a 78 81 15
a 78 82 3
a 78 83 2
a 78 84 7
a 78 85 14
a 78 86 17
a 78 87 5
a 78 88 4
a 78 89 13
a 78 90 17
a 78 91 16
a 78 92 6
a 78 93 16
a 78 122 19
a 78 37 18
a 78 182 15
a 78 119 2
a 78 172 13
a 78 155 10
a 79 80 14
a 79 81 4
a 79 82 17
a 79 83 7
a 79 84 19
a 79 85 6
a 79 86 1
a 79 87 5
a 79 88 2
a 79 89 7
a 79 90 10
a 79 91 18
a 79 92 13
a 79 93 14
a 79 94 19
a 79 49 1
a 79 178 14
a 79 98 1
a 79 97 12
a 79 59 3
a 79 197 6
a 79 196 3
a 79 154 3
a 85 86 3
a 85 87 2
a 85 88 18
a 85 89 12
a 85 90 17
a 85 91 9
a 85 92 7
a 85 93 14
a 85 94 6
a 85 95 11
a 85 96 7
a 85 97 12
a 85 98 5
a 85 99 14
a 85 100 10
a 85 181 11
a 85 117 8
a 85 185 12
a 85 15 10
a 85 133 14
a 85 191 7
a 85 83 9
a 85 145 7
a 85 103 3
a 183 184 18
a 183 185 1
a 183 186 3
a 183 187 4
a 183 188 17
a 183 189 9
a 183 190 2
a 183 191 6
a 183 192 11
a 183 193 12
a 183 194 18
a 183 195 15
a 183 196 18
a 183 197 17
a 183 198 12
a 183 35 13
a 183 64 11
a 183 106 1
a 183 82 7
a 183 107 18
a 183 135 8
a 183 137 7
a 183 13 13
a 183 138 13
a 112 113 16
a 112 114 2
a 112 115 11
a 112 116 12
a 112 117 10
a 112 118 12
a 112 119 16
a 112 120 16
a 112 121 2
a 112 122 11
a 112 123 2
a 112 124 9
a 112 125 11
a 112 126 13
a 112 127 6
a 112 98 3
a 112 78 4
a 112 46 13
a 112 181 8
a 112 62 13
a 112 189 16
a 112 142 9
a 112 105 13
a 112 37 5
a 112 56 7
a 124 125 13
a 124 126 12
a 124 127 16
a 124 128 1
a 124 129 4
a 124 130 5
a 124 131 7
a 124 132 10
a 124 133 7
a 124 134 19
a 124 135 13
a 124 136 14
a 124 137 18
a 124 138 8
a 124 139 17
a 124 9 4
a 124 167 3
a 124 163 14
a 124 88 16
a 124 194 9
a 124 46 8
a 124 118 15
a 157 158 8
a 157 159 18
a 157 160 17
a 157 161 5
a 157 162 8
a 157 163 1
a 157 164 9
a 157 165 12
a 157 166 4
a 157 167 8
a 157 168 5
a 157 169 14
a 157 170 19
a 157 171 18
a 157 172 8
a 157 194 9
a 157 181 11
a 157 175 14
a 157 48 13
a 157 7 8
a 157 44 16
a 157 92 10
a 157 147 7
a 157 152 6
c 4 6 75 16 136
c 181 184 167 177 133
c 158 162 169 175 58
c 91 80 31 149 176
c 11 126 122 135 83
c 16 35 122 145 122
c 165 178 186 199 176
c 67 132 166 168 158
c 188 173 105 118 38
c 168 173 95 107 154
c 64 78 141 147 45
c 169 109 90 98 82
c 138 45 196 124 191
c 151 158 158 165 126
c 105 106 196 197 129
c 48 56 67 74 169
c 70 83 57 63 145
c 145 47 133 146 176
c 11 14 188 173 178
c 130 143 63 76 121
c 137 71 142 150 100
c 103 114 126 139 195
c 21 32 73 98 76
c 97 144 17 32 103
c 50 29 145 159 81
c 127 9 79 94 174
c 43 55 127 138 100
c 108 122 63 163 80
c 27 29 178 29 119
c 37 47 59 70 57
c 14 168 159 171 48
c 95 97 2 123 134
c 58 166 185 129 180
c 156 166 14 27 94
c 29 30 85 117 141
c 146 153 12 81 34
c 107 122 176 98 60
c 111 121 56 58 106
c 157 181 32 37 28
c 132 139 192 0 93
c 53 106 125 129 193
c 198 0 107 119 83
c 60 67 174 175 188
c 129 141 153 165 131
c 75 149 8 23 117
c 160 199 86 93 173
c 71 76 23 36 58
c 177 192 57 60 79
c 142 38 152 187 184
c 180 54 85 92 54
c 167 182 196 199 115
c 172 48 29 43 53
c 129 94 35 191 61
c 161 165 104 32 110
c 20 23 80 84 103
c 171 185 148 151 147
c 104 118 2 48 183
c 21 23 176 182 141
c 180 190 141 147 42
c 30 42 162 177 90
c 121 135 18 80 174
c 38 50 161 162 172
c 150 159 123 130 199
c 72 81 136 144 157
c 138 125 91 96 100
c 82 91 24 161 133
c 45 82 194 109 46
c 79 97 198 150 42
c 177 8 89 101 51
c 106 55 13 23 136
c 3 4 40 46 50
c 137 148 35 45 104
c 189 194 34 93 105
c 12 116 186 34 172
c 181 186 134 118 198
c 35 188 25 39 177
c 86 88 81 88 77
c 4 5 47 55 145
c 199 141 18 70 69
c 115 91 14 22 25
c 73 139 162 177 104
c 161 173 187 131 166
c 107 112 26 32 165
c 9 23 100 111 77
c 71 86 181 44 193
c 10 21 100 110 70
c 193 199 133 182 32
c 81 96 10 19 183
c 188 193 168 177 73
c 143 149 124 137 39
c 61 158 136 133 165
c 33 45 114 116 197
c 182 191 8 197 112
c 192 199 134 149 25
c 78 93 187 168 66
c 21 29 178 181 61
c 173 174 105 195 137
c 100 62 48 52 55
c 69 43 109 121 55
c 144 27 136 137 173
c 120 127 37 42 85
c 141 93 182 185 40
c 188 64 83 108 55
c 177 141 27 125 135
c 133 136 0 130 163
c 2 16 99 111 51
c 17 20 90 149 196
c 59 68 196 2 53
c 15 27 152 123 41
c 54 172 106 113 192
c 23 27 34 38 106
c 3 4 109 111 146
c 71 74 108 113 27
c 26 143 79 97 146
c 40 47 185 187 116
c 126 135 104 32 87
c 33 48 191 1 130
c 73 146 96 27 114
c 69 76 147 39 61
c 171 172 9 16 107
c 105 118 70 71 176
c 54 98 132 110 126
c 16 107 160 166 168
c 65 45 109 121 59
c 143 40 87 150 98
c 38 40 57 63 126
c 70 84 75 86 58
c 157 44 54 34 137
c 162 64 72 78 26
c 161 169 117 161 152
c 98 61 6 150 134
c 193 198 199 173 199
c 198 131 150 8 162
c 62 73 25 0 171
c 176 187 108 116 167
c 90 183 163 166 158
c 43 56 71 77 175
c 139 150 57 71 41
c 189 2 160 175 127
c 102 112 36 49 38
c 40 165 115 91 172
c 152 124 136 177 64
c 40 177 81 71 51
c 196 1 61 66 62
c 60 71 119 91 134
c 99 108 10 118 130
c 9 10 152 165 160
c 105 61 86 87 64
c 66 67 64 67 173
c 3 5 92 101 87
c 187 131 180 138 50
c 163 177 146 148 105
c 78 37 73 76 51
c 50 61 131 143 113
c 72 82 90 94 50
c 158 160 65 45 66
c 145 148 129 94 147
c 199 2 9 66 84
c 174 9 126 138 30
c 192 195 31 42 99
c 84 86 59 17 193
c 57 64 100 115 91
c 5 16 193 196 139
c 118 119 156 154 96
c 179 188 99 114 58
c 125 12 0 10 61
c 121 123 127 132 65
c 70 71 95 107 79
c 122 140 104 60 196
c 191 192 155 28 181
c 21 133 150 155 173
c 50 131 55 67 31
c 177 192 69 178 143
c 168 132 195 198 153
c 49 54 167 173 194
c 87 151 99 114 109
c 107 121 175 184 84
c 164 166 38 51 69
c 23 35 180 192 91
c 54 56 176 56 100
c 138 151 97 110 159
c 116 34 163 165 93
c 23 184 4 5 130
c 189 193 84 34 120
c 80 20 97 144 53
c 189 53 91 102 175
c 33 128 61 25 54
c 100 111 89 13 58
c 156 184 30 40 86
c 156 159 55 15 198
c 166 167 75 76 68
c 105 111 172 47 182
c 77 182 131 143 87
c 81 87 114 115 198
c 3 164 57 12 99
c 14 109 144 154 86
c 25 34 20 23 148
c 19 82 160 93 186
c 175 66 147 39 87
c 181 188 50 51 84
c 125 79 113 192 120
c 194 8 16 27 145
c 158 165 167 177 146
c 109 118 79 197 137
c 151 165 109 120 98
c 9 21 186 172 154
c 86 125 138 152 173
c 180 193 6 20 62
c 41 55 138 150 143
c 16 21 178 184 194
c 150 161 197 5 72
c 147 39 131 146 138
c 11 16 145 160 95
c 114 129 41 2 54
c 135 137 148 155 190
c 11 17 95 110 62
c 7 99 120 65 67
c 164 28 37 38 164
c 61 185 168 171 95
c 13 24 146 79 101
c 3 5 106 116 109
c 92 104 109 104 194
c 50 57 69 98 144
c 133 144 33 44 92
c 127 129 170 180 112
c 80 94 60 123 194
c 144 148 161 162 181
c 177 187 187 128 61
c 167 182 74 80 97
c 68 79 24 37 109
c 28 31 145 150 148
c 68 73 100 103 124
c 167 182 143 155 111
c 195 19 70 76 102
c 163 165 142 156 122
c 157 7 127 136 38
c 166 142 169 171 158
c 137 149 184 5 195
c 17 146 195 1 170
c 192 49 193 8 115
c 96 106 163 15 157
c 166 177 121 126 43
c 59 17 134 146 45
c 49 60 144 145 182
c 91 71 153 79 132
c 110 175 195 9 25
c 46 57 23 26 56
c 59 72 138 147 127
c 128 127 126 120 48
c 142 149 8 133 32
c 38 46 100 105 132
c 192 174 93 71 39
c 126 192 20 164 156
c 184 189 49 57 179
c 176 102 71 80 139
c 103 104 129 144 33
c 164 176 168 177 66
c 141 145 73 98 139
c 143 149 112 123 48
c 192 6 132 110 59
c 97 108 68 72 59
c 55 97 178 102 47
c 84 92 135 40 193
c 115 127 184 0 187
c 42 54 190 192 101
c 112 62 188 197 176
c 100 108 161 170 93
c 167 177 146 154 137
c 61 67 20 144 140
c 81 85 146 150 199
c 59 65 8 21 83
c 126 127 120 165 81
c 30 36 101 54 172
c 59 67 179 185 88
c 54 62 58 69 98
c 50 34 130 144 40
c 16 27 6 17 138
c 62 65 13 86 159
c 115 128 129 137 119
c 163 170 173 58 44
c 149 152 165 169 143
c 102 115 188 3 78
c 143 164 114 116 28
c 123 164 89 130 63
c 78 155 56 165 141
c 160 162 84 95 126
c 57 69 84 118 188
c 95 98 0 6 86
c 21 95 103 104 106
c 73 80 84 86 79
c 118 128 11 115 129
c 123 171 131 146 170
c 141 145 8 31 164
c 35 46 130 144 33
c 174 124 129 139 119
c 139 142 152 165 85
c 165 171 67 74 50
c 144 151 6 131 72
c 122 131 199 180 173
c 47 58 172 181 67
c 84 150 111 140 57
c 135 178 174 59 147
c 20 29 109 114 161
c 32 34 126 137 91
c 11 18 8 19 64
c 165 60 87 169 174
c 2 141 160 199 102
c 59 66 69 71 159
c 188 197 134 145 126
c 170 184 167 178 43
c 120 65 31 97 167
c 38 52 66 139 135
c 156 124 196 0 96
c 16 107 100 114 42
c 79 80 90 149 93
c 157 165 87 91 186
c 155 162 155 168 90
c 151 163 105 131 175
c 68 73 19 32 100
c 196 8 23 28 167
c 39 147 18 31 134
c 94 109 16 25 100
c 99 187 186 199 150
c 103 24 136 177 190
c 131 133 82 102 184
c 174 186 170 141 63
c 140 145 3 135 162
c 164 175 161 163 164
c 54 0 142 151 26
c 178 7 60 72 116
c 125 129 136 144 180
c 56 57 188 196 71
c 0 10 113 172 48
c 178 188 146 159 149
c 54 83 53 64 169
c 63 70 199 9 88
c 187 105 122 125 149
c 45 53 21 25 46
c 149 161 61 175 186
c 108 120 96 37 140
c 177 188 171 186 170
c 180 184 80 76 36
c 131 139 138 45 192
c 12 17 84 85 150
c 93 108 100 62 36
c 37 131 62 192 41
c 44 95 40 43 111
c 133 71 161 168 163
c 77 78 127 139 185
c 199 117 84 86 165
c 86 101 197 3 36
c 185 195 34 44 163
c 56 110 135 146 138
c 21 30 160 170 65
c 63 64 63 66 123
c 152 159 6 189 25
c 140 149 186 189 107
c 167 172 14 18 106
c 6 142 14 93 181
c 163 165 138 148 62
c 74 85 135 147 195
c 140 153 128 141 66
c 174 182 0 7 59
c 174 179 115 130 157
c 98 100 52 17 92
c 140 152 141 153 79
c 147 148 147 158 180
c 78 86 119 125 37
c 62 71 76 80 64
c 21 22 26 41 179
c 119 120 56 110 61
c 55 59 102 107 165
c 39 51 82 156 193
c 50 57 135 167 121
c 123 130 18 19 128
c 82 97 80 0 168
c 167 141 139 149 55
c 51 66 167 45 77
c 152 153 122 140 73
c 79 91 182 135 77
c 132 2 177 179 60
c 94 102 172 177 191
c 150 164 15 25 161
c 125 126 67 196 140
c 128 142 3 16 112
c 44 56 6 7 30
c 85 87 98 99 71
c 55 57 30 44 129
c 157 92 84 86 149
c 40 48 71 85 89
c 20 75 10 140 166
c 31 69 137 180 110
c 195 199 88 102 189
c 105 45 93 96 31
c 61 71 65 79 119
c 93 94 17 29 57
c 67 79 63 76 95
c 17 30 21 28 152
c 128 134 108 110 184
c 29 36 165 133 110
c 85 94 129 143 192
c 185 196 63 74 102
c 162 164 137 97 95
c 132 159 154 168 199
c 97 98 118 119 96
c 133 145 143 155 113
c 3 38 142 38 74
c 122 52 165 0 151
c 74 75 168 169 108
c 120 177 50 25 161
c 127 133 40 48 179
c 16 123 139 145 46
c 151 155 191 194 100
c 125 131 24 101 170
c 186 1 123 18 26
c 51 74 172 175 168
c 159 170 184 171 174
c 170 174 103 104 114
c 141 118 60 68 133
c 54 56 124 137 155
c 55 60 26 29 60
c 74 86 62 69 82
c 146 149 194 4 30
c 109 184 116 129 38
c 134 146 153 160 156
c 21 162 156 171 47
c 60 72 101 112 26
c 151 48 45 35 190
c 86 100 195 163 152
c 26 39 26 123 181
c 87 91 32 36 132
c 24 101 31 184 196
c 181 188 85 97 149
c 178 181 56 64 171
c 63 66 157 171 81
c 121 129 18 30 163
c 83 89 93 150 28
c 184 185 11 115 172
c 105 88 79 80 116
c 147 159 139 144 197
c 76 77 89 100 116
c 137 147 185 188 58
c 149 154 108 20 94
c 66 176 12 92 135
c 51 55 27 125 150
c 191 193 135 139 36
c 75 154 59 70 122
c 52 60 14 26 63
c 61 70 124 134 146
c 57 91 99 107 84
c 22 32 188 24 79
c 3 6 156 164 188
c 35 40 73 98 87
c 118 123 106 160 136
c 75 13 0 13 164
c 132 142 46 144 118
c 61 58 169 173 142
c 14 140 196 2 152
c 103 116 33 43 60
c 26 149 172 183 93
c 29 40 187 197 104
c 5 9 84 92 190
c 132 142 99 102 128
c 133 137 100 151 179
c 186 199 50 40 187
c 159 161 107 79 165
c 191 3 175 178 66
c 98 93 191 5 186
c 187 192 108 20 39
c 133 102 128 124 147
c 82 88 178 7 160
c 154 105 178 185 27
c 51 74 114 171 90
c 136 141 21 67 107
c 113 118 138 192 121
c 126 164 126 129 193
c 53 54 21 31 153
c 11 26 12 27 126
c 54 69 25 40 154
c 15 110 101 110 166
c 170 185 11 17 71
c 114 118 73 75 79
c 134 147 141 156 161
c 7 22 65 80 160
c 163 58 173 183 35
c 135 18 156 170 186
c 45 56 31 45 51
c 97 109 26 31 115
c 104 106 101 116 112
c 47 122 111 124 100
c 153 168 9 17 106
c 92 151 90 104 64
c 49 185 177 182 132
c 79 83 84 161 114
c 51 65 189 197 92
c 98 13 108 123 190
c 12 14 125 152 63
c 105 195 48 128 96
c 26 45 180 181 54
c 30 31 96 107 117
c 61 168 38 125 192
c 103 117 150 188 149
c 100 109 62 117 71
c 58 62 143 116 159
c 196 159 34 46 168
c 24 25 59 28 101
c 168 181 160 162 184
c 26 17 75 90 133
c 110 113 58 70 45
c 92 151 130 137 31
c 174 9 192 6 126
c 15 24 47 53 56
c 28 43 133 148 160
c 9 91 19 27 91
c 72 81 169 171 98
c 162 175 164 181 49
c 150 155 27 37 127
c 168 178 76 31 48
c 166 171 155 165 179
c 24 31 174 153 95
c 134 142 105 113 150
c 172 178 109 115 30
c 80 92 109 121 67
c 192 193 156 8 144
c 87 97 128 141 53
c 112 124 33 39 104
c 138 141 156 162 59
c 88 102 76 101 105
c 88 102 110 119 31
c 120 12 147 156 124
c 161 171 72 143 96
c 120 122 87 51 87
c 165 177 195 92 91
c 107 155 42 56 136
c 154 164 64 175 142
c 19 31 123 138 52
c 98 99 90 101 111
c 41 49 142 150 132
c 199 1 45 46 90
c 197 8 158 59 59
c 177 151 108 165 164
c 184 191 68 172 79
c 30 170 20 35 116
c 12 133 95 125 196
c 166 157 57 102 144
c 45 47 31 60 174
c 47 69 31 35 191
c 45 48 59 70 58
c 105 151 149 159 44
c 42 45 124 9 89
c 139 166 23 83 48
c 161 162 4 72 110
c 102 105 62 65 181
c 141 152 58 70 185
c 61 158 129 140 126
c 134 129 185 183 59
c 1 8 98 178 38
c 140 148 10 161 179
c 42 54 7 15 176
c 14 109 143 145 186
c 81 93 93 108 149
c 46 50 105 119 106
c 171 184 184 187 114
c 31 38 183 138 124
c 163 174 39 49 77
c 99 107 139 79 110
c 81 88 98 106 90
c 107 111 181 185 95
c 120 184 78 86 102
c 36 44 18 32 66
c 134 138 197 6 178
c 186 192 23 34 165
c 28 31 2 14 48
c 179 191 134 137 158
c 29 43 60 70 191
c 92 99 40 47 32
c 57 59 189 192 148
c 58 166 65 76 107
c 180 29 161 175 196
c 182 120 28 36 172
c 161 168 93 104 93
c 31 60 182 156 134
c 22 37 117 54 38
c 113 102 103 24 143
c 182 193 198 10 177
c 182 184 171 175 87
c 76 91 111 114 193
c 189 130 53 60 41
c 129 166 11 158 179
c 30 43 52 65 109
c 137 148 28 40 124
c 1 9 120 127 162
c 89 23 120 122 153
c 195 0 94 109 81
c 92 107 13 20 156
c 95 97 185 135 128
c 65 78 195 80 104
c 7 21 136 149 96
c 138 152 77 90 56
c 49 63 184 150 29
c 94 105 84 99 158
c 24 33 82 98 67
c 6 102 109 112 70
c 186 59 93 71 162
c 178 7 186 0 44
c 47 54 137 92 50
c 155 187 141 156 198
c 57 56 124 46 85
c 17 5 92 107 154
c 79 84 151 152 127
c 197 10 93 199 80
c 20 27 193 95 107
c 67 198 28 30 71
c 45 21 189 192 31
c 24 28 99 187 168
c 75 13 27 34 97
c 184 169 158 169 149
c 5 12 39 49 60
c 43 55 23 158 72
c 150 161 87 169 192
c 186 193 182 189 160
c 189 191 108 29 147
c 83 84 168 170 64
c 26 197 165 116 52
c 59 66 194 98 156
c 199 40 195 8 88
c 21 40 85 89 176
c 11 22 137 139 125
c 18 19 184 188 28
c 90 149 32 12 191
c 134 141 73 86 112
c 86 101 83 94 134
c 153 154 168 175 120
c 71 81 78 87 183
c 112 126 43 62 123
c 3 9 45 46 150
c 46 57 57 116 32
c 143 148 56 95 156
c 117 127 66 67 169
c 4 10 182 185 54
c 58 69 67 118 139
c 27 12 43 49 51
c 101 67 55 14 34
c 163 164 49 54 41
c 86 88 153 177 25
c 162 16 188 57 171
c 67 68 15 155 112
c 199 144 168 140 106
c 72 144 150 157 194
c 29 3 17 31 128
c 194 7 13 28 183
c 105 114 102 71 99
c 160 169 183 135 98
c 47 61 39 46 41
c 85 181 54 57 54
c 177 74 189 190 193
c 122 134 165 166 59
c 79 90 143 33 63
c 66 67 156 125 136
c 7 163 62 117 164
c 109 49 85 96 118
c 98 99 123 131 87
c 58 70 195 0 151
c 68 42 140 168 107
c 88 103 188 199 28
c 12 18 49 64 109
c 21 30 31 41 35
c 189 0 115 118 106
c 102 107 46 61 105
c 17 18 129 131 153
c 36 51 97 104 65
c 148 139 170 181 66
c 183 184 1 14 183
c 92 99 58 25 44
c 180 29 89 23 43
c 0 13 14 193 157
c 132 2 164 177 70
c 162 85 129 160 102
c 163 178 179 190 46
c 51 58 165 170 59
c 139 16 99 102 49
c 84 92 35 36 164
c 122 134 193 156 172
c 146 159 80 85 109
c 103 114 5 15 58
c 42 121 47 39 190
c 73 87 178 41 187
c 99 111 129 190 44
c 89 98 0 14 175
c 99 114 27 30 149
c 25 29 21 26 193
c 173 163 58 25 100
c 107 55 91 3 80
c 160 93 8 166 74
c 106 109 40 51 55
c 100 62 162 78 161
c 14 107 110 125 39
c 89 13 96 108 89
c 14 17 10 140 191
c 4 5 50 52 71
c 182 193 107 115 28
c 104 2 118 123 140
c 43 57 40 169 35
c 5 81 191 3 81
c 186 1 68 48 103
c 122 130 177 107 108
c 26 197 64 68 68
c 166 179 69 11 85
c 45 82 112 124 104
c 155 157 120 123 150
c 1 165 131 138 79
c 162 166 32 40 102
c 143 151 149 151 29
c 154 157 51 63 95
c 103 118 122 129 103
c 13 26 8 133 164
c 84 150 173 188 108
c 89 95 182 197 195
c 70 96 103 106 194
c 9 17 160 172 148
c 177 188 1 6 144
c 39 75 102 110 112
c 194 98 21 33 141
c 6 189 65 182 93
c 32 44 43 56 132
c 9 147 0 12 37
c 102 109 67 69 71
c 86 125 185 155 26
c 123 137 33 115 189
c 153 24 72 82 153
c 122 127 118 121 126
c 158 172 158 171 153
c 108 109 164 21 156
c 57 91 135 40 80
c 148 150 157 170 197
c 179 190 149 157 177
c 175 187 160 51 188
c 176 102 37 40 181
c 166 180 65 75 50
c 67 77 26 94 175
c 84 45 107 116 154
c 96 175 158 184 65
c 87 169 39 42 61
c 92 94 72 197 189
c 188 193 113 114 99
c 20 32 107 110 39
c 134 143 121 63 103
c 14 107 176 122 55
c 184 199 44 32 138
c 124 131 182 183 80
c 94 62 126 128 158
c 85 95 136 147 191
c 137 97 191 6 129
c 156 184 128 129 39
c 11 59 85 145 75
c 86 125 92 129 145
c 44 32 95 98 75
c 186 1 166 179 192
c 172 82 30 14 147
c 45 47 165 44 90
c 146 152 33 35 117
c 51 129 194 2 152
c 194 3 133 134 193
c 161 176 73 75 94
c 88 92 168 192 60
c 94 106 153 156 82
c 123 131 58 67 69
c 69 43 138 185 106
c 1 7 98 61 169
c 181 38 168 183 189
c 68 195 111 0 119
c 57 64 78 92 48
c 118 122 69 72 78
c 114 61 108 120 90
c 199 36 9 38 132
c 72 77 173 182 156
c 106 109 43 49 32
c 174 187 199 141 42
c 56 60 7 12 116
c 81 85 4 10 175
c 8 9 169 184 90
c 100 114 147 152 118
c 0 5 114 46 171
c 68 91 138 185 148
c 157 168 186 188 134
c 112 121 98 93 121
c 173 66 159 161 27
c 41 52 10 110 103
c 9 18 100 109 88
c 38 40 104 107 175
c 77 116 1 165 68
c 197 1 108 115 174
c 32 47 172 182 86
c 109 110 91 97 85
c 93 103 14 20 199
c 147 159 168 178 76
c 186 169 131 93 37
c 77 91 144 141 81
c 99 109 25 0 150
c 179 141 12 72 102
c 22 196 46 175 29
c 140 152 10 16 43
c 78 84 113 30 25
c 61 69 5 15 177
c 6 7 60 66 119
c 3 135 68 81 96
c 79 92 125 137 88
c 108 9 76 91 104
c 120 125 24 37 43
c 173 181 70 73 108
c 192 1 40 41 139
c 96 37 115 111 156
c 129 144 191 199 135
c 175 190 164 181 184
c 106 55 29 43 41
c 8 11 32 46 101
c 168 176 166 14 183
c 140 150 180 194 95
c 8 35 126 141 137
c 169 144 117 16 31
c 68 42 100 151 186
c 94 20 65 80 152
c 162 175 12 15 108
c 53 65 138 45 141
c 182 192 76 86 165
c 58 166 105 110 191
c 182 192 159 172 187
c 164 178 33 42 109
c 157 152 158 169 114
c 101 192 61 25 91
c 193 0 134 87 161
c 40 50 9 14 41
c 113 36 136 138 105
c 116 88 59 87 134
c 56 113 180 181 197
c 121 124 150 163 152
c 154 161 150 160 113
c 63 84 183 187 188
c 74 83 73 75 189
c 110 122 28 37 105
c 175 180 9 38 178
c 158 162 85 133 63
c 84 118 89 92 127
c 19 82 38 52 97
c 29 37 52 53 49
c 39 49 165 44 35
c 119 131 134 149 118
c 126 132 64 78 42
c 34 10 7 18 41
c 183 192 107 115 95
c 32 47 78 82 88
c 155 193 184 187 67
c 189 197 45 50 34
c 154 0 38 10 187
c 102 10 151 166 51
c 132 147 195 8 144
c 15 28 1 14 81
c 165 177 72 83 74
c 55 97 131 142 170
c 167 26 102 111 56
c 61 58 89 101 107
c 71 17 66 87 121
c 70 72 126 136 66
c 109 123 133 148 60
c 146 152 16 27 85
c 25 29 16 20 161
c 125 135 72 77 48
c 65 80 134 144 135
c 72 84 173 188 154
c 158 161 35 151 98
c 25 30 12 21 137
c 125 129 57 70 176
c 121 124 9 12 130
c 195 196 114 180 190
c 9 194 122 127 104
c 66 76 83 94 164
c 26 45 2 9 32
c 148 155 182 192 122
c 36 46 88 102 38
c 24 31 186 197 114
c 55 70 80 83 35
c 18 27 32 44 191
c 98 111 175 182 111
c 141 152 156 13 183
c 93 34 156 111 106
c 37 49 192 198 67
c 128 135 168 170 66
c 177 74 27 12 153
c 11 20 86 88 144
c 82 97 80 84 188
c 156 169 19 143 87
c 26 5 24 25 26
c 148 157 147 57 139
c 36 11 155 1 96
c 6 11 140 10 94
c 29 184 181 188 29
c 151 152 73 84 154
c 28 162 187 128 54
c 99 110 14 80 168
c 182 76 99 111 120
c 176 182 10 16 78
c 180 52 148 152 189
c 184 181 53 55 94
c 87 99 152 163 39
c 140 145 120 177 141
c 48 53 18 31 89
c 102 117 61 25 80
c 54 56 22 32 167
c 106 113 90 149 152
c 196 0 24 33 68
c 55 14 123 130 31
c 70 79 196 199 182
c 196 4 47 53 193
c 125 134 13 21 59
c 87 24 11 143 173
c 95 107 190 191 108
c 105 140 96 52 138
c 137 140 95 103 105
c 124 46 8 166 129
c 29 39 89 101 64
c 96 103 192 174 168
c 27 37 188 192 165
c 25 39 39 46 126
c 49 60 174 177 34
c 101 116 173 186 84
c 156 168 182 15 95
c 17 21 106 55 178
c 140 168 42 50 50
c 41 55 142 140 25
c 9 19 67 196 170
c 132 137 123 138 37
c 133 137 123 138 50
c 42 55 144 147 90
c 127 35 107 111 95
c 66 126 41 120 120
c 196 11 198 7 82
c 162 166 82 12 123
c 198 13 123 192 29
c 97 142 178 186 164
c 178 193 164 173 64
c 28 40 79 97 131
c 74 86 137 147 71
c 19 144 67 78 93
c 87 24 131 144 160
c 56 69 3 38 45
c 55 69 1 14 81
c 123 133 90 183 118
c 148 37 81 88 135
c 119 120 23 100 84
c 97 109 5 11 84
c 178 188 129 131 166
c 67 81 36 51 188
c 158 53 19 33 95
c 112 113 126 137 52
c 18 103 35 39 88
c 145 126 4 7 115
c 66 75 143 116 52
c 63 67 194 0 67
c 63 71 108 113 180
c 118 121 167 175 83
c 176 122 195 9 36
c 47 89 55 57 28
c 32 144 66 104 117
c 89 99 118 129 46
c 191 5 29 39 95
c 168 173 47 57 139
c 85 100 35 40 36
c 52 38 175 186 191
c 152 189 131 144 141
c 18 30 46 144 153
c 2 48 165 173 127
c 100 111 14 18 133
c 152 54 47 130 94
c 116 13 79 86 114
c 169 173 112 125 35
c 188 198 0 11 130
c 139 147 87 150 55
c 34 38 112 117 151
c 156 170 29 40 101
c 74 79 131 93 164
c 135 18 153 155 84
c 12 21 126 120 135
c 3 11 72 143 189
c 182 186 11 115 63
c 86 88 81 186 26
c 136 24 70 80 180
c 10 23 172 8 134
c 185 188 18 30 148
c 195 9 20 24 69
c 32 91 103 105 153
c 22 37 149 158 140
c 68 2 178 29 146
c 47 59 9 15 185
c 52 58 32 44 153
c 51 118 52 60 186
c 153 156 161 163 85
c 196 8 102 116 67
c 177 182 14 107 175
c 80 85 75 38 160
c 160 169 159 164 88
c 144 53 122 133 198
c 46 137 164 137 172
c 166 181 139 147 50
c 185 188 138 143 60
c 169 175 188 137 128
c 115 123 63 77 111
c 121 134 145 24 191
c 97 102 167 180 138
c 66 71 180 89 34
c 32 96 196 197 130
c 2 107 170 141 41
c 83 98 160 175 164
c 115 44 51 53 130
c 164 14 19 143 117
c 133 140 150 139 26
c 146 158 50 57 105
c 175 181 136 160 113
c 52 57 151 107 40
c 198 1 179 56 26
