notes: n=100, m=1055, elb=1, eub=20, conf_density=0.001, clb=25, cub= 200, seed= 5476
p spec 100 1055 555
s 87
t 79
a 0 1 10
a 0 2 5
a 0 3 12
a 0 4 3
a 0 5 17
a 0 6 17
a 0 7 1
a 0 90 14
a 0 65 14
a 1 2 3
a 1 3 9
a 1 4 2
a 1 5 9
a 1 6 10
a 1 7 3
a 1 8 3
a 1 45 2
a 1 67 9
a 1 29 13
a 2 3 13
a 2 4 9
a 2 5 18
a 2 6 7
a 2 7 9
a 2 8 10
a 2 9 12
a 2 28 18
a 2 70 6
a 2 89 19
a 2 54 9
a 3 4 3
a 3 5 11
a 3 6 9
a 3 7 8
a 3 8 8
a 3 9 3
a 3 10 1
a 3 45 3
a 3 96 1
a 3 55 15
a 4 5 8
a 4 6 9
a 4 7 12
a 4 8 4
a 4 9 15
a 4 10 15
a 4 11 14
a 4 77 19
a 4 65 1
a 4 69 10
a 4 28 15
a 4 68 10
a 4 87 14
a 5 6 6
a 5 7 15
a 5 8 16
a 5 9 12
a 5 10 10
a 5 11 6
a 5 12 1
a 5 80 16
a 5 69 13
a 6 7 7
a 6 8 2
a 6 9 17
a 6 10 18
a 6 11 18
a 6 12 14
a 6 13 14
a 6 14 15
a 6 25 10
a 7 8 4
a 7 9 14
a 7 10 4
a 7 11 13
a 7 12 15
a 7 13 3
a 7 14 9
a 7 81 18
a 7 41 1
a 7 5 18
a 7 28 9
a 7 17 12
a 90 91 15
a 90 92 4
a 90 93 19
a 90 94 13
a 90 95 14
a 90 96 9
a 90 97 15
a 90 12 1
a 90 5 2
a 90 30 18
a 90 64 5
a 90 60 17
a 65 66 13
a 65 67 6
a 65 68 19
a 65 69 5
a 65 70 18
a 65 71 3
a 65 72 10
a 65 23 10
a 65 42 6
a 65 90 19
a 8 9 6
a 8 10 13
a 8 11 1
a 8 12 17
a 8 13 18
a 8 14 13
a 8 15 5
a 8 48 4
a 8 76 16
a 8 68 8
a 8 86 10
a 45 46 5
a 45 47 4
a 45 48 17
a 45 49 11
a 45 50 17
a 45 51 18
a 45 52 5
a 45 64 3
a 45 22 10
a 67 68 3
a 67 69 3
a 67 70 12
a 67 71 10
a 67 72 4
a 67 73 5
a 67 74 16
a 67 41 10
a 67 10 8
a 67 97 15
a 67 58 12
a 29 30 15
a 29 31 18
a 29 32 6
a 29 33 12
a 29 34 8
a 29 35 9
a 29 36 5
a 29 12 18
a 29 11 14
a 29 55 8
a 9 10 16
a 9 11 19
a 9 12 6
a 9 13 17
a 9 14 2
a 9 15 17
a 9 16 3
a 9 66 18
a 9 74 10
a 9 82 15
a 9 17 16
a 28 29 10
a 28 30 11
a 28 31 18
a 28 32 7
a 28 33 6
a 28 34 11
a 28 35 1
a 28 50 11
a 28 42 4
a 28 62 15
a 28 85 16
a 70 71 5
a 70 72 3
a 70 73 2
a 70 74 17
a 70 75 9
a 70 76 16
a 70 77 4
a 70 60 3
a 70 57 17
a 70 11 17
a 89 90 4
a 89 91 10
a 89 92 19
a 89 93 9
a 89 94 4
a 89 95 16
a 89 96 12
a 89 11 8
a 89 25 6
a 89 5 17
a 89 68 14
a 89 88 12
a 54 55 2
a 54 56 13
a 54 57 16
a 54 58 15
a 54 59 5
a 54 60 13
a 54 61 8
a 54 50 3
a 54 30 1
a 54 92 11
a 54 34 3
a 54 46 19
a 10 11 14
a 10 12 16
a 10 13 3
a 10 14 15
a 10 15 3
a 10 16 16
a 10 17 1
a 10 95 11
a 10 62 14
a 10 35 9
a 10 87 16
a 10 90 18
a 96 97 8
a 96 98 3
a 96 99 12
a 96 0 13
a 96 1 14
a 96 2 9
a 96 3 11
a 96 64 9
a 96 22 8
a 55 56 6
a 55 57 16
a 55 58 5
a 55 59 14
a 55 60 8
a 55 61 13
a 55 62 5
a 55 66 9
a 55 65 1
a 55 52 9
a 55 99 14
a 55 68 3
a 11 12 5
a 11 13 16
a 11 14 17
a 11 15 19
a 11 16 8
a 11 17 2
a 11 18 2
a 11 62 3
a 11 72 9
a 11 22 8
a 11 48 10
a 77 78 3
a 77 79 17
a 77 80 9
a 77 81 6
a 77 82 9
a 77 83 16
a 77 84 4
a 77 48 16
a 77 56 1
a 77 70 19
a 77 47 2
a 77 96 9
a 69 70 3
a 69 71 12
a 69 72 18
a 69 73 13
a 69 74 4
a 69 75 13
a 69 76 3
a 69 87 16
a 69 9 11
a 69 97 8
a 69 61 13
a 69 95 8
a 68 69 3
a 68 70 17
a 68 71 16
a 68 72 5
a 68 73 5
a 68 74 12
a 68 75 4
a 68 77 11
a 68 33 4
a 87 88 3
a 87 89 15
a 87 90 8
a 87 91 7
a 87 92 11
a 87 93 5
a 87 94 18
a 87 42 17
a 87 16 17
a 87 30 15
a 87 83 10
a 87 34 11
a 12 13 5
a 12 14 17
a 12 15 3
a 12 16 8
a 12 17 4
a 12 18 1
a 12 19 9
a 12 24 5
a 80 81 9
a 80 82 2
a 80 83 3
a 80 84 7
a 80 85 2
a 80 86 10
a 80 87 10
a 80 2 17
a 13 14 2
a 13 15 15
a 13 16 15
a 13 17 6
a 13 18 11
a 13 19 4
a 13 20 19
a 13 91 17
a 13 23 16
a 13 94 7
a 13 98 15
a 13 7 10
a 14 15 12
a 14 16 18
a 14 17 16
a 14 18 10
a 14 19 15
a 14 20 3
a 14 21 15
a 14 41 15
a 14 60 19
a 14 7 9
a 25 26 18
a 25 27 15
a 25 28 2
a 25 29 11
a 25 30 14
a 25 31 3
a 25 32 16
a 25 72 12
a 25 67 12
a 25 69 17
a 81 82 11
a 81 83 10
a 81 84 2
a 81 85 15
a 81 86 13
a 81 87 1
a 81 88 8
a 81 57 9
a 81 5 8
a 81 41 10
a 81 92 17
a 41 42 18
a 41 43 18
a 41 44 6
a 41 45 11
a 41 46 11
a 41 47 3
a 41 48 18
a 41 27 12
a 41 70 15
a 17 18 11
a 17 19 9
a 17 20 1
a 17 21 14
a 17 22 8
a 17 23 5
a 17 24 8
a 17 44 3
a 17 55 15
a 17 39 7
a 17 54 17
a 17 7 13
a 17 91 13
a 15 16 15
a 15 17 7
a 15 18 17
a 15 19 19
a 15 20 13
a 15 21 19
a 15 22 18
a 15 54 17
a 15 45 1
a 48 49 10
a 48 50 7
a 48 51 15
a 48 52 5
a 48 53 4
a 48 54 10
a 48 55 14
a 48 37 2
a 48 75 13
a 48 84 9
a 76 77 10
a 76 78 5
a 76 79 8
a 76 80 1
a 76 81 10
a 76 82 5
a 76 83 15
a 76 71 12
a 76 62 5
a 76 91 2
a 76 47 8
a 86 87 13
a 86 88 12
a 86 89 14
a 86 90 3
a 86 91 5
a 86 92 3
a 86 93 3
a 86 51 7
a 86 10 15
a 86 64 19
a 86 84 2
a 16 17 13
a 16 18 5
a 16 19 15
a 16 20 19
a 16 21 8
a 16 22 14
a 16 23 14
a 16 29 8
a 16 67 18
a 16 45 6
a 16 85 17
a 66 67 1
a 66 68 16
a 66 69 2
a 66 70 15
a 66 71 14
a 66 72 7
a 66 73 1
a 66 0 10
a 66 45 10
a 74 75 12
a 74 76 10
a 74 77 16
a 74 78 11
a 74 79 5
a 74 80 5
a 74 81 11
a 74 70 8
a 74 20 13
a 74 40 8
a 74 97 16
a 74 31 9
a 82 83 12
a 82 84 10
a 82 85 13
a 82 86 18
a 82 87 2
a 82 88 3
a 82 89 16
a 82 30 15
a 82 10 7
a 95 96 3
a 95 97 9
a 95 98 3
a 95 99 8
a 95 0 18
a 95 1 6
a 95 2 10
a 95 64 19
a 95 19 9
a 95 76 18
a 95 34 17
a 95 43 4
a 62 63 19
a 62 64 10
a 62 65 15
a 62 66 1
a 62 67 8
a 62 68 4
a 62 69 12
a 62 61 5
a 62 30 6
a 62 10 19
a 62 14 8
a 35 36 13
a 35 37 12
a 35 38 6
a 35 39 15
a 35 40 10
a 35 41 2
a 35 42 16
a 35 59 8
a 35 12 9
a 35 34 10
a 35 30 5
a 18 19 6
a 18 20 4
a 18 21 13
a 18 22 6
a 18 23 3
a 18 24 6
a 18 25 11
a 72 73 16
a 72 74 10
a 72 75 4
a 72 76 14
a 72 77 15
a 72 78 10
a 72 79 2
a 72 0 9
a 72 48 5
a 72 34 7
a 72 32 11
a 72 54 9
a 22 23 4
a 22 24 6
a 22 25 3
a 22 26 14
a 22 27 7
a 22 28 8
a 22 29 9
a 22 55 2
a 22 71 4
a 22 53 7
a 22 2 18
a 19 20 12
a 19 21 18
a 19 22 5
a 19 23 17
a 19 24 2
a 19 25 13
a 19 26 10
a 19 43 18
a 19 49 7
a 19 57 13
a 19 81 5
a 24 25 5
a 24 26 9
a 24 27 17
a 24 28 13
a 24 29 16
a 24 30 3
a 24 31 13
a 24 13 10
a 24 60 9
a 24 12 6
a 24 81 5
a 20 21 12
a 20 22 8
a 20 23 5
a 20 24 13
a 20 25 9
a 20 26 3
a 20 27 3
a 20 19 8
a 20 69 5
a 20 7 1
a 20 17 15
a 91 92 9
a 91 93 13
a 91 94 7
a 91 95 7
a 91 96 10
a 91 97 2
a 91 98 4
a 91 64 5
a 91 56 19
a 23 24 15
a 23 25 8
a 23 26 9
a 23 27 10
a 23 28 12
a 23 29 19
a 23 30 3
a 23 95 17
a 23 65 3
a 23 70 17
a 94 95 2
a 94 96 15
a 94 97 7
a 94 98 18
a 94 99 4
a 94 0 3
a 94 1 16
a 94 48 16
a 94 11 7
a 94 91 6
a 98 99 7
a 98 0 14
a 98 1 3
a 98 2 4
a 98 3 9
a 98 4 10
a 98 5 3
a 98 69 18
a 98 22 6
a 98 90 12
a 98 17 1
a 21 22 16
a 21 23 16
a 21 24 13
a 21 25 10
a 21 26 19
a 21 27 1
a 21 28 5
a 21 82 8
a 21 34 14
a 21 90 15
a 21 36 15
a 21 50 18
a 60 61 5
a 60 62 6
a 60 63 16
a 60 64 16
a 60 65 3
a 60 66 13
a 60 67 16
a 60 80 4
a 60 14 10
a 60 97 3
a 85 86 9
a 85 87 1
a 85 88 13
a 85 89 11
a 85 90 3
a 85 91 16
a 85 92 4
a 85 31 16
a 85 45 4
a 85 28 10
a 44 45 9
a 44 46 4
a 44 47 16
a 44 48 11
a 44 49 17
a 44 50 14
a 44 51 13
a 44 1 15
a 44 89 5
a 44 72 11
a 39 40 3
a 39 41 17
a 39 42 9
a 39 43 8
a 39 44 12
a 39 45 8
a 39 46 17
a 39 3 1
a 39 69 18
a 39 37 14
a 26 27 17
a 26 28 8
a 26 29 2
a 26 30 12
a 26 31 2
a 26 32 19
a 26 33 1
a 26 72 17
a 26 20 14
a 26 77 19
a 26 62 8
a 43 44 16
a 43 45 12
a 43 46 1
a 43 47 11
a 43 48 12
a 43 49 9
a 43 50 2
a 43 16 17
a 43 62 18
a 43 59 18
a 43 52 12
a 43 70 18
a 43 9 15
a 49 50 16
a 49 51 13
a 49 52 3
a 49 53 13
a 49 54 1
a 49 55 7
a 49 56 5
a 49 35 6
a 49 93 1
a 49 62 19
a 49 57 16
a 49 92 5
a 57 58 10
a 57 59 14
a 57 60 12
a 57 61 17
a 57 62 8
a 57 63 15
a 57 64 5
a 57 41 12
a 27 28 13
a 27 29 18
a 27 30 15
a 27 31 2
a 27 32 5
a 27 33 8
a 27 34 8
a 27 55 10
a 27 7 7
a 27 22 11
a 34 35 14
a 34 36 5
a 34 37 10
a 34 38 1
a 34 39 17
a 34 40 5
a 34 41 5
a 34 27 7
a 34 87 1
a 34 99 16
a 34 63 19
a 36 37 17
a 36 38 16
a 36 39 4
a 36 40 17
a 36 41 10
a 36 42 18
a 36 43 19
a 36 60 14
a 36 95 11
a 36 8 3
a 36 25 17
a 36 33 17
a 50 51 18
a 50 52 17
a 50 53 16
a 50 54 18
a 50 55 11
a 50 56 10
a 50 57 19
a 50 73 2
a 50 87 14
a 50 75 19
a 50 27 18
a 50 64 12
a 71 72 11
a 71 73 2
a 71 74 9
a 71 75 1
a 71 76 17
a 71 77 2
a 71 78 11
a 71 79 17
a 71 52 10
a 71 51 16
a 71 25 2
a 71 68 3
a 53 54 4
a 53 55 2
a 53 56 6
a 53 57 19
a 53 58 3
a 53 59 8
a 53 60 17
a 53 23 3
a 53 63 14
a 53 0 4
a 53 96 8
a 30 31 1
a 30 32 15
a 30 33 1
a 30 34 11
a 30 35 6
a 30 36 18
a 30 37 13
a 30 80 8
a 30 77 2
a 31 32 18
a 31 33 15
a 31 34 18
a 31 35 9
a 31 36 17
a 31 37 10
a 31 38 16
a 31 8 4
a 31 4 15
a 31 71 13
a 31 91 11
a 31 60 13
a 32 33 6
a 32 34 4
a 32 35 2
a 32 36 3
a 32 37 3
a 32 38 3
a 32 39 9
a 32 98 14
a 32 2 4
a 32 74 18
a 32 61 8
a 32 13 3
a 33 34 14
a 33 35 14
a 33 36 13
a 33 37 4
a 33 38 9
a 33 39 5
a 33 40 11
a 33 76 18
a 33 30 10
a 33 7 1
a 42 43 6
a 42 44 18
a 42 45 2
a 42 46 6
a 42 47 16
a 42 48 13
a 42 49 5
a 42 38 17
a 42 6 19
a 42 60 3
a 42 83 13
a 42 8 11
a 37 38 14
a 37 39 17
a 37 40 5
a 37 41 11
a 37 42 15
a 37 43 13
a 37 44 19
a 37 21 6
a 37 7 5
a 37 31 3
a 38 39 14
a 38 40 16
a 38 41 17
a 38 42 7
a 38 43 13
a 38 44 14
a 38 45 12
a 38 22 11
a 38 29 8
a 38 70 7
a 38 12 19
a 38 57 15
a 61 62 16
a 61 63 11
a 61 64 5
a 61 65 11
a 61 66 18
a 61 67 16
a 61 68 13
a 61 36 6
a 61 54 16
a 40 41 3
a 40 42 6
a 40 43 12
a 40 44 11
a 40 45 4
a 40 46 9
a 40 47 15
a 40 26 6
a 40 13 9
a 40 86 4
a 40 56 1
a 99 0 5
a 99 1 14
a 99 2 6
a 99 3 18
a 99 4 7
a 99 5 16
a 99 6 2
a 99 40 11
a 99 89 4
a 99 7 10
a 63 64 6
a 63 65 9
a 63 66 13
a 63 67 17
a 63 68 17
a 63 69 1
a 63 70 1
a 63 93 11
a 63 88 10
a 63 9 5
a 63 24 16
a 63 30 14
a 59 60 8
a 59 61 6
a 59 62 2
a 59 63 3
a 59 64 17
a 59 65 2
a 59 66 13
a 59 16 13
a 59 34 2
a 59 14 6
a 59 90 9
a 46 47 10
a 46 48 3
a 46 49 7
a 46 50 19
a 46 51 11
a 46 52 7
a 46 53 19
a 46 71 9
a 46 68 5
a 46 16 10
a 46 59 7
a 47 48 9
a 47 49 7
a 47 50 3
a 47 51 6
a 47 52 1
a 47 53 13
a 47 54 13
a 47 44 5
a 47 84 9
a 56 57 17
a 56 58 10
a 56 59 5
a 56 60 13
a 56 61 11
a 56 62 4
a 56 63 6
a 56 28 10
a 56 81 7
a 56 43 14
a 56 74 9
a 83 84 15
a 83 85 11
a 83 86 3
a 83 87 17
a 83 88 18
a 83 89 6
a 83 90 6
a 83 46 5
a 52 53 15
a 52 54 9
a 52 55 1
a 52 56 7
a 52 57 13
a 52 58 9
a 52 59 11
a 52 40 7
a 52 72 15
a 52 65 14
a 52 61 10
a 52 15 16
a 51 52 2
a 51 53 15
a 51 54 7
a 51 55 12
a 51 56 11
a 51 57 15
a 51 58 5
a 51 38 11
a 51 25 6
a 64 65 1
a 64 66 13
a 64 67 14
a 64 68 2
a 64 69 1
a 64 70 19
a 64 71 16
a 64 10 19
a 64 89 6
a 64 38 18
a 64 17 5
a 84 85 14
a 84 86 15
a 84 87 17
a 84 88 13
a 84 89 15
a 84 90 14
a 84 91 5
a 84 45 18
a 84 82 7
a 75 76 7
a 75 77 2
a 75 78 14
a 75 79 6
a 75 80 3
a 75 81 5
a 75 82 19
a 75 71 13
a 75 70 4
a 93 94 11
a 93 95 17
a 93 96 15
a 93 97 3
a 93 98 15
a 93 99 5
a 93 0 4
a 93 80 14
a 93 92 13
a 93 35 5
a 93 6 4
a 92 93 17
a 92 94 5
a 92 95 13
a 92 96 8
a 92 97 13
a 92 98 4
a 92 99 13
a 92 59 14
a 73 74 15
a 73 75 8
a 73 76 1
a 73 77 13
a 73 78 17
a 73 79 5
a 73 80 16
a 73 57 10
a 73 27 9
a 73 88 5
a 58 59 3
a 58 60 18
a 58 61 3
a 58 62 11
a 58 63 6
a 58 64 19
a 58 65 9
a 58 20 18
a 58 25 1
a 58 30 18
a 58 93 9
a 97 98 15
a 97 99 5
a 97 0 12
a 97 1 7
a 97 2 13
a 97 3 13
a 97 4 9
a 97 54 13
a 88 89 15
a 88 90 12
a 88 91 15
a 88 92 4
a 88 93 12
a 88 94 1
a 88 95 11
a 88 60 7
a 88 56 16
a 88 68 2
a 88 64 11
a 78 79 14
a 78 80 6
a 78 81 14
a 78 82 7
a 78 83 9
a 78 84 11
a 78 85 11
a 78 55 6
a 78 7 3
a 78 44 11
a 78 32 13
a 78 53 4
a 79 80 9
a 79 81 3
a 79 82 17
a 79 83 4
a 79 84 13
a 79 85 17
a 79 86 3
a 79 8 8
a 79 64 19
a 79 57 3
c 34 87 0 2 165
c 68 69 37 39 165
c 48 54 58 59 128
c 81 83 76 91 38
c 67 97 27 30 135
c 9 74 45 64 193
c 74 75 58 65 44
c 30 35 26 77 33
c 28 62 69 74 156
c 78 81 55 52 144
c 60 64 23 95 187
c 10 15 6 25 77
c 4 68 50 51 167
c 2 28 53 96 100
c 8 12 88 56 187
c 77 70 89 25 84
c 1 8 70 74 48
c 46 16 86 84 120
c 49 62 54 46 134
c 21 82 45 46 118
c 13 16 8 11 105
c 60 66 57 64 133
c 24 12 52 40 184
c 40 41 28 42 118
c 87 91 91 95 42
c 23 65 21 28 161
c 64 65 70 75 132
c 55 52 13 19 188
c 84 88 16 29 66
c 98 0 88 92 174
c 41 43 15 21 81
c 15 21 29 32 104
c 30 36 7 14 183
c 86 10 58 93 67
c 95 1 28 30 93
c 73 75 23 29 128
c 8 9 66 70 61
c 31 60 63 66 123
c 55 99 90 96 157
c 26 28 52 58 187
c 38 44 49 57 56
c 9 10 92 94 85
c 89 93 5 6 113
c 62 67 36 42 78
c 86 10 60 64 179
c 93 80 15 20 156
c 46 47 97 98 82
c 92 96 1 29 89
c 13 16 32 37 102
c 67 10 96 3 56
c 43 52 8 68 30
c 99 6 30 77 68
c 70 75 4 77 53
c 76 80 31 8 39
c 49 51 74 97 173
c 99 89 72 74 112
c 86 90 8 12 159
c 63 9 35 12 85
c 95 2 13 15 58
c 86 51 89 90 150
c 66 70 51 53 182
c 89 96 55 61 37
c 98 3 20 19 101
c 4 11 33 36 187
c 84 87 1 4 96
c 10 14 63 68 179
c 36 42 27 34 153
c 21 36 28 30 131
c 44 50 10 87 163
c 92 59 32 13 125
c 46 48 91 92 160
c 39 37 44 48 159
c 66 71 22 2 59
c 92 59 32 61 69
c 45 48 92 99 197
c 88 89 81 57 119
c 24 31 23 28 68
c 63 69 90 97 175
c 98 90 0 90 112
c 92 99 88 95 91
c 82 30 8 9 191
c 60 62 8 13 126
c 51 52 26 31 90
c 67 71 8 14 122
c 17 20 95 98 122
c 89 11 32 61 80
c 36 39 21 27 72
c 89 92 87 30 148
c 39 40 18 20 165
c 63 70 45 64 82
c 25 32 14 41 123
c 2 3 0 90 197
c 94 91 39 40 178
c 68 77 27 7 189
c 33 7 49 56 93
c 42 44 33 36 141
c 27 29 71 51 153
c 37 31 38 40 49
c 41 44 43 50 148
c 25 69 99 6 127
c 81 83 93 99 153
c 8 76 34 87 46
c 59 14 30 33 155
c 71 76 23 25 88
c 37 41 95 1 73
c 91 64 95 1 42
c 22 26 2 70 123
c 61 63 17 18 46
c 42 8 31 8 174
c 23 25 21 23 91
c 47 50 30 36 197
c 98 2 77 84 35
c 17 18 38 42 111
c 32 37 5 8 129
c 19 43 37 43 70
c 78 80 9 13 50
c 10 12 19 24 115
c 64 89 62 65 118
c 52 15 91 93 25
c 33 7 92 97 143
c 74 40 93 97 76
c 8 9 40 13 173
c 87 90 0 4 32
c 16 45 86 92 117
c 4 11 20 17 25
c 25 32 51 38 65
c 46 50 73 77 60
c 92 59 74 81 50
c 66 68 25 29 167
c 54 34 89 90 167
c 41 48 28 42 175
c 33 76 40 13 189
c 29 36 34 40 195
c 91 98 5 6 107
c 7 28 69 9 67
c 77 80 92 96 37
c 31 71 45 51 179
c 85 31 49 53 149
c 74 77 16 67 112
c 93 94 6 14 107
c 15 18 34 40 150
c 57 41 11 16 118
c 77 48 89 90 134
c 63 67 79 85 28
c 68 73 70 77 153
c 42 38 94 98 142
c 4 9 25 26 111
c 87 16 43 52 123
c 41 44 89 93 47
c 2 54 39 69 91
c 54 92 25 32 150
c 20 24 32 13 182
c 42 46 68 71 32
c 7 9 32 38 62
c 88 64 20 24 51
c 90 95 78 80 196
c 55 68 13 14 80
c 52 55 17 21 70
c 41 45 7 10 144
c 81 87 74 40 174
c 31 60 47 49 154
c 23 26 57 63 30
c 54 55 52 54 89
c 91 92 97 0 140
c 32 37 97 54 179
c 8 48 73 74 117
c 48 37 71 52 52
c 78 79 88 56 179
c 85 89 81 84 173
c 66 73 90 93 45
c 69 73 30 37 35
c 93 97 44 89 113
c 42 38 15 16 173
c 34 63 68 73 93
c 36 40 59 64 133
c 51 56 18 21 109
c 7 14 55 99 198
c 50 53 30 37 103
c 48 51 93 6 127
c 91 64 16 19 141
c 95 98 41 43 142
c 11 48 87 93 192
c 6 9 25 72 62
c 81 92 63 9 157
c 31 4 5 69 192
c 30 37 64 68 116
c 13 16 81 57 35
c 72 54 82 87 189
c 24 30 4 69 116
c 33 76 51 55 152
c 24 25 30 35 131
c 62 30 18 24 163
c 41 27 82 85 152
c 76 83 44 1 110
c 42 47 88 94 66
c 10 16 97 2 176
c 81 88 36 40 99
c 29 36 37 31 148
c 46 47 88 60 126
c 64 66 76 71 76
c 89 94 32 61 154
c 24 12 33 76 75
c 78 44 28 42 189
c 36 8 40 13 48
c 62 67 81 87 49
c 10 13 39 41 159
c 36 95 55 56 65
c 38 29 39 46 104
c 61 68 95 19 151
c 49 93 74 79 86
c 20 17 75 78 179
c 84 85 29 36 124
c 16 23 87 90 156
c 71 25 68 70 97
c 65 69 59 90 153
c 40 47 38 39 152
c 82 85 8 86 98
c 37 39 28 30 29
c 94 11 13 19 56
c 63 93 35 36 179
c 16 85 73 78 47
c 42 47 23 25 47
c 66 71 50 55 78
c 47 44 38 22 30
c 43 48 8 9 78
c 87 94 46 16 86
c 70 60 87 83 133
c 52 57 27 29 176
c 82 89 5 12 33
c 69 72 65 72 163
c 25 27 50 27 168
c 77 84 98 69 171
c 58 64 78 82 79
c 92 99 51 55 79
c 53 0 87 83 56
c 67 68 22 55 107
c 91 96 16 85 41
c 99 1 38 22 45
c 26 32 54 55 120
c 94 1 59 16 175
c 15 54 92 59 151
c 38 57 10 15 93
c 97 3 99 4 86
c 24 25 19 24 105
c 53 56 49 55 92
c 22 28 71 74 42
c 93 99 43 59 159
c 11 62 31 8 85
c 53 58 38 45 141
c 89 91 14 15 54
c 51 57 9 15 173
c 48 53 8 15 131
c 44 46 59 66 160
c 21 28 78 55 86
c 20 69 26 28 57
c 8 10 35 38 26
c 32 13 26 32 192
c 23 29 85 91 84
c 93 35 25 67 140
c 34 87 62 69 124
c 96 64 59 62 128
c 88 94 55 57 109
c 41 27 77 82 34
c 94 97 46 52 66
c 86 91 32 98 119
c 53 60 47 52 161
c 28 35 70 71 93
c 59 14 12 16 51
c 49 55 46 16 191
c 57 64 14 7 152
c 62 64 3 8 74
c 9 74 56 59 77
c 69 70 50 27 96
c 97 99 75 78 195
c 20 25 87 42 51
c 67 71 30 36 84
c 34 63 28 85 42
c 6 13 15 16 143
c 40 42 31 35 189
c 92 59 7 8 45
c 40 46 86 51 140
c 69 71 65 66 175
c 19 20 9 12 176
c 17 91 43 48 185
c 1 8 50 75 34
c 90 93 39 44 154
c 90 5 13 17 32
c 35 41 49 93 95
c 62 10 86 92 94
c 43 70 1 5 127
c 58 30 76 83 186
c 37 43 66 45 81
c 37 38 13 14 56
c 12 17 29 34 49
c 4 7 42 46 33
c 76 81 98 22 140
c 94 48 21 22 81
c 3 96 26 28 82
c 99 1 14 41 160
c 63 30 40 26 114
c 73 57 69 72 50
c 56 58 86 84 178
c 64 68 59 64 177
c 73 88 91 97 92
c 7 9 59 62 118
c 92 94 56 28 118
c 48 49 64 66 108
c 44 51 42 47 63
c 75 79 8 10 111
c 9 14 67 10 95
c 30 80 25 72 78
c 28 33 26 32 142
c 28 42 92 96 170
c 50 64 6 12 196
c 26 30 75 70 47
c 48 75 1 7 153
c 45 52 77 70 89
c 96 22 11 62 158
c 29 11 23 28 76
c 39 69 88 95 151
c 36 25 96 64 73
c 3 5 32 39 51
c 99 6 23 70 198
c 43 47 2 3 64
c 47 84 51 57 111
c 5 6 60 62 103
c 64 10 77 48 91
c 79 8 86 89 76
c 73 27 68 72 37
c 55 61 73 88 133
c 42 46 51 54 199
c 14 15 53 96 167
c 5 6 80 84 129
c 19 43 75 77 154
c 18 21 38 39 96
c 35 41 92 98 87
c 95 64 23 95 126
c 46 48 0 3 180
c 65 70 70 77 116
c 12 19 33 36 55
c 29 30 20 23 92
c 42 48 62 10 69
c 39 69 11 17 96
c 98 17 9 12 39
c 9 12 12 24 61
c 72 76 93 80 144
c 42 45 33 37 169
c 59 34 58 25 40
c 39 44 8 76 92
c 12 13 91 93 97
c 76 83 67 71 197
c 56 28 52 65 25
c 20 69 1 3 141
c 19 57 17 21 111
c 40 26 9 17 41
c 22 29 79 83 124
c 68 73 71 74 136
c 41 47 40 45 125
c 93 35 48 37 148
c 21 82 55 56 26
c 60 97 6 13 184
c 75 71 84 45 198
c 72 48 72 54 69
c 81 88 82 85 164
c 11 15 26 30 26
c 90 93 89 90 177
c 27 34 21 23 138
c 29 33 40 13 130
c 36 43 29 33 54
c 37 41 82 87 157
c 28 85 69 61 102
c 10 11 0 4 46
c 73 78 35 34 28
c 48 37 99 1 92
c 20 26 30 34 29
c 48 84 99 6 147
c 31 35 88 95 128
c 33 30 87 83 120
c 94 99 2 54 65
c 44 89 73 76 153
c 59 65 36 41 175
c 97 99 3 9 64
c 47 48 48 51 147
c 98 3 90 93 29
c 20 24 2 4 32
c 41 42 10 95 178
c 7 17 66 70 32
c 64 10 61 62 63
c 24 30 49 51 186
c 72 32 52 57 38
c 83 46 31 4 103
c 35 59 56 57 106
c 27 22 92 98 122
c 51 55 27 29 80
c 76 81 9 14 110
c 89 25 3 55 58
c 60 97 32 34 175
c 91 98 14 20 58
c 23 28 38 39 109
c 69 87 9 17 52
c 25 27 17 55 158
c 23 26 85 92 63
c 15 17 99 7 72
c 86 90 13 16 159
c 39 46 30 37 48
c 17 91 74 70 37
c 22 28 89 93 197
c 18 23 79 86 80
c 46 68 87 16 143
c 55 58 85 89 83
c 71 51 52 15 89
c 11 13 73 76 129
c 58 62 62 66 60
c 0 90 50 55 39
c 94 11 68 70 53
c 34 41 47 48 36
c 13 17 92 59 61
c 13 98 52 58 148
c 65 42 99 2 29
c 0 7 36 38 138
c 35 39 95 2 170
c 11 14 19 49 85
c 91 56 95 99 118
c 98 5 48 55 126
c 90 5 44 89 119
c 70 73 78 55 172
c 50 57 18 20 141
c 62 69 63 24 113
c 63 93 99 0 163
c 60 80 0 2 42
c 23 26 53 57 81
c 19 25 52 61 31
c 97 99 62 63 86
c 44 46 77 80 112
c 15 21 35 37 140
c 85 92 10 87 29
c 13 91 78 53 113
c 21 27 1 2 198
c 94 0 87 92 141
c 92 59 98 5 101
c 87 88 81 87 171
c 98 2 47 51 97
c 98 22 94 11 132
c 96 2 79 82 95
c 90 91 80 87 110
c 92 93 49 54 189
c 16 85 24 31 149
c 79 85 67 41 136
c 60 97 61 63 43
c 80 2 45 52 135
c 22 26 28 32 117
c 79 64 62 14 87
c 28 42 61 68 55
c 34 99 53 96 60
c 21 28 45 49 176
c 18 19 43 44 173
c 90 95 16 18 103
c 32 37 29 31 94
c 87 89 90 97 119
c 43 52 44 46 199
c 95 99 13 14 115
c 6 11 30 31 78
c 5 11 14 60 134
c 41 43 43 45 79
c 60 65 78 7 38
c 50 54 46 68 48
c 98 4 99 7 193
c 45 64 28 31 65
c 63 64 1 2 153
c 86 88 59 62 145
c 74 80 98 17 40
c 21 90 76 82 145
c 98 5 41 44 85
c 82 10 73 78 124
c 96 97 79 84 123
c 47 52 4 28 79
c 44 48 48 55 38
c 50 75 37 42 99
c 15 21 5 80 70
c 76 83 66 70 104
c 58 25 53 63 119
c 81 83 84 86 92
c 84 45 93 35 60
c 14 20 83 85 43
c 39 46 82 86 77
c 8 11 39 37 58
c 37 39 14 19 160
c 86 88 53 59 168
c 84 87 20 23 86
c 69 87 58 59 190
c 21 36 56 81 186
c 60 80 54 57 93
c 30 32 90 96 29
c 83 89 52 65 27
c 54 46 2 8 82
c 2 9 39 3 124
c 74 97 7 5 97
c 81 83 12 15 122
c 84 88 21 50 60
c 4 10 39 43 80
c 40 56 24 13 32
c 95 64 44 45 180
c 14 18 38 12 112
c 9 13 34 41 38
c 85 86 29 30 58
c 66 70 23 28 49
c 57 59 13 94 60
c 19 20 70 73 156
c 90 60 22 27 181
c 75 80 36 25 68
c 64 69 97 0 108
c 59 64 26 29 190
c 21 34 20 25 128
c 89 90 44 48 108
c 69 87 41 48 93
c 49 52 72 75 31
c 55 52 2 89 62
c 72 54 22 27 198
c 64 71 81 57 30
c 78 44 24 25 63
c 84 90 41 44 125
c 78 32 51 25 155
c 8 10 42 8 126
c 77 80 93 6 93
c 47 49 92 99 60
c 1 8 59 63 185
c 62 14 27 7 192
c 68 69 72 48 84
c 26 20 17 23 59
c 11 15 74 70 102
c 88 95 48 50 62
c 87 90 8 13 110
c 54 92 26 72 165
c 27 32 29 55 88
c 81 92 25 72 78
c 35 34 21 23 38
c 65 68 41 45 76
c 76 47 54 57 158
c 76 47 70 11 49
c 78 83 31 8 46
c 78 81 71 73 82
c 54 61 17 20 179
c 96 97 52 57 131
c 57 61 78 7 181
c 77 48 28 42 117
c 96 3 30 33 134
c 79 83 27 22 38
c 31 91 69 75 190
c 13 91 11 48 96
c 31 4 83 85 158
c 20 23 19 22 162
c 17 19 98 4 121
c 18 23 61 66 76
c 55 62 63 93 143
c 40 47 81 57 62
