notes: n=100, m=1046, elb=1, eub=20, conf_density=0.003, clb=25, cub= 200, seed= 6870
p spec 100 1046 1639
s 45
t 67
a 0 1 17
a 0 2 4
a 0 3 15
a 0 4 4
a 0 5 4
a 0 6 13
a 0 7 15
a 0 43 10
a 0 80 1
a 0 78 4
a 0 59 7
a 1 2 15
a 1 3 12
a 1 4 18
a 1 5 7
a 1 6 8
a 1 7 4
a 1 8 2
a 1 37 6
a 1 61 16
a 1 47 2
a 1 63 4
a 2 3 15
a 2 4 9
a 2 5 6
a 2 6 2
a 2 7 6
a 2 8 4
a 2 9 11
a 2 29 1
a 2 20 6
a 3 4 16
a 3 5 3
a 3 6 18
a 3 7 3
a 3 8 5
a 3 9 18
a 3 10 7
a 3 61 4
a 3 58 10
a 3 95 1
a 4 5 2
a 4 6 7
a 4 7 1
a 4 8 19
a 4 9 13
a 4 10 4
a 4 11 12
a 4 32 11
a 4 56 14
a 4 86 11
a 4 66 19
a 5 6 8
a 5 7 3
a 5 8 8
a 5 9 1
a 5 10 1
a 5 11 11
a 5 12 16
a 5 15 13
a 5 61 12
a 6 7 13
a 6 8 12
a 6 9 19
a 6 10 5
a 6 11 7
a 6 12 10
a 6 13 6
a 6 84 19
a 6 24 4
a 6 50 17
a 6 78 16
a 7 8 4
a 7 9 1
a 7 10 15
a 7 11 6
a 7 12 11
a 7 13 9
a 7 14 5
a 7 83 12
a 7 18 14
a 7 47 19
a 7 55 11
a 43 44 3
a 43 45 3
a 43 46 17
a 43 47 10
a 43 48 17
a 43 49 18
a 43 50 17
a 43 53 4
a 80 81 5
a 80 82 14
a 80 83 11
a 80 84 9
a 80 85 3
a 80 86 4
a 80 87 5
a 80 19 13
a 80 40 15
a 80 75 14
a 80 35 8
a 80 21 17
a 80 34 1
a 80 46 2
a 78 79 8
a 78 80 16
a 78 81 9
a 78 82 8
a 78 83 11
a 78 84 15
a 78 85 7
a 78 5 6
a 78 9 5
a 78 39 16
a 78 30 5
a 78 0 17
a 59 60 12
a 59 61 14
a 59 62 12
a 59 63 10
a 59 64 4
a 59 65 19
a 59 66 2
a 59 44 2
a 59 96 1
a 59 22 4
a 59 99 11
a 8 9 3
a 8 10 6
a 8 11 9
a 8 12 11
a 8 13 14
a 8 14 18
a 8 15 6
a 8 91 8
a 8 3 11
a 8 38 16
a 37 38 12
a 37 39 17
a 37 40 18
a 37 41 6
a 37 42 6
a 37 43 13
a 37 44 2
a 37 78 13
a 37 51 15
a 37 55 12
a 37 59 16
a 37 68 12
a 61 62 9
a 61 63 9
a 61 64 11
a 61 65 5
a 61 66 9
a 61 67 19
a 61 68 3
a 61 95 13
a 61 24 9
a 47 48 11
a 47 49 7
a 47 50 14
a 47 51 11
a 47 52 17
a 47 53 16
a 47 54 1
a 47 40 10
a 47 15 16
a 47 4 7
a 63 64 1
a 63 65 2
a 63 66 10
a 63 67 13
a 63 68 2
a 63 69 2
a 63 70 11
a 63 56 19
a 63 92 12
a 63 17 14
a 63 51 17
a 63 42 1
a 63 14 16
a 63 58 15
a 9 10 8
a 9 11 19
a 9 12 14
a 9 13 6
a 9 14 10
a 9 15 19
a 9 16 16
a 9 92 13
a 9 21 18
a 9 78 8
a 9 89 10
a 9 28 15
a 29 30 13
a 29 31 16
a 29 32 5
a 29 33 5
a 29 34 9
a 29 35 2
a 29 36 19
a 29 41 18
a 29 63 18
a 29 83 10
a 29 51 4
a 20 21 19
a 20 22 5
a 20 23 13
a 20 24 2
a 20 25 1
a 20 26 1
a 20 27 3
a 20 16 2
a 20 7 7
a 20 40 1
a 10 11 19
a 10 12 14
a 10 13 7
a 10 14 9
a 10 15 14
a 10 16 14
a 10 17 18
a 58 59 9
a 58 60 18
a 58 61 5
a 58 62 19
a 58 63 9
a 58 64 13
a 58 65 13
a 58 72 15
a 58 9 18
a 95 96 9
a 95 97 17
a 95 98 3
a 95 99 8
a 95 0 8
a 95 1 5
a 95 2 7
a 95 47 7
a 95 85 14
a 95 66 14
a 95 18 14
a 11 12 10
a 11 13 1
a 11 14 16
a 11 15 3
a 11 16 14
a 11 17 10
a 11 18 19
a 11 56 8
a 32 33 2
a 32 34 8
a 32 35 3
a 32 36 9
a 32 37 14
a 32 38 15
a 32 39 11
a 32 69 10
a 32 93 11
a 32 63 14
a 56 57 18
a 56 58 14
a 56 59 19
a 56 60 17
a 56 61 7
a 56 62 12
a 56 63 17
a 56 71 10
a 56 28 9
a 56 33 10
a 86 87 14
a 86 88 11
a 86 89 12
a 86 90 4
a 86 91 17
a 86 92 2
a 86 93 9
a 86 21 13
a 86 2 11
a 86 63 3
a 66 67 10
a 66 68 7
a 66 69 13
a 66 70 11
a 66 71 7
a 66 72 14
a 66 73 18
a 66 92 4
a 66 60 17
a 66 5 15
a 66 42 14
a 66 56 11
a 12 13 14
a 12 14 11
a 12 15 8
a 12 16 19
a 12 17 7
a 12 18 12
a 12 19 7
a 12 75 10
a 12 28 10
a 12 60 19
a 15 16 4
a 15 17 1
a 15 18 16
a 15 19 19
a 15 20 6
a 15 21 16
a 15 22 16
a 15 26 19
a 13 14 8
a 13 15 6
a 13 16 2
a 13 17 3
a 13 18 14
a 13 19 4
a 13 20 11
a 13 24 18
a 13 70 9
a 13 55 11
a 13 58 14
a 84 85 3
a 84 86 7
a 84 87 17
a 84 88 7
a 84 89 18
a 84 90 12
a 84 91 18
a 84 0 1
a 84 12 14
a 84 62 9
a 84 37 16
a 24 25 6
a 24 26 3
a 24 27 17
a 24 28 11
a 24 29 15
a 24 30 9
a 24 31 18
a 24 23 11
a 24 46 1
a 24 45 2
a 24 69 10
a 24 76 10
a 50 51 11
a 50 52 13
a 50 53 11
a 50 54 9
a 50 55 1
a 50 56 14
a 50 57 3
a 50 36 1
a 50 81 17
a 50 63 18
a 50 46 19
a 50 67 15
a 14 15 17
a 14 16 18
a 14 17 10
a 14 18 13
a 14 19 3
a 14 20 5
a 14 21 10
a 14 2 1
a 83 84 8
a 83 85 18
a 83 86 13
a 83 87 10
a 83 88 11
a 83 89 14
a 83 90 5
a 83 79 5
a 83 15 2
a 83 59 7
a 83 48 14
a 18 19 4
a 18 20 9
a 18 21 10
a 18 22 14
a 18 23 1
a 18 24 7
a 18 25 9
a 18 31 8
a 18 62 19
a 18 96 6
a 55 56 13
a 55 57 17
a 55 58 9
a 55 59 14
a 55 60 11
a 55 61 3
a 55 62 6
a 55 68 7
a 55 73 9
a 55 81 13
a 91 92 14
a 91 93 11
a 91 94 18
a 91 95 1
a 91 96 18
a 91 97 10
a 91 98 9
a 91 19 18
a 91 74 18
a 38 39 6
a 38 40 1
a 38 41 3
a 38 42 19
a 38 43 9
a 38 44 5
a 38 45 15
a 38 32 14
a 38 76 4
a 16 17 2
a 16 18 18
a 16 19 6
a 16 20 14
a 16 21 14
a 16 22 14
a 16 23 6
a 16 97 9
a 16 12 19
a 16 26 6
a 92 93 1
a 92 94 4
a 92 95 8
a 92 96 17
a 92 97 16
a 92 98 13
a 92 99 11
a 92 7 16
a 92 74 9
a 92 47 2
a 92 85 9
a 92 59 14
a 21 22 11
a 21 23 11
a 21 24 10
a 21 25 6
a 21 26 2
a 21 27 10
a 21 28 15
a 21 58 16
a 21 99 3
a 21 41 15
a 21 0 2
a 89 90 5
a 89 91 15
a 89 92 1
a 89 93 9
a 89 94 7
a 89 95 4
a 89 96 18
a 89 74 2
a 89 33 17
a 89 56 11
a 89 27 3
a 28 29 2
a 28 30 18
a 28 31 10
a 28 32 18
a 28 33 12
a 28 34 6
a 28 35 16
a 28 13 16
a 17 18 11
a 17 19 1
a 17 20 9
a 17 21 1
a 17 22 3
a 17 23 15
a 17 24 11
a 17 76 1
a 17 16 16
a 17 65 3
a 17 54 17
a 19 20 8
a 19 21 13
a 19 22 8
a 19 23 18
a 19 24 10
a 19 25 11
a 19 26 19
a 19 50 8
a 19 10 2
a 19 70 17
a 75 76 4
a 75 77 8
a 75 78 11
a 75 79 3
a 75 80 2
a 75 81 9
a 75 82 18
a 75 95 12
a 75 28 3
a 60 61 7
a 60 62 19
a 60 63 19
a 60 64 16
a 60 65 4
a 60 66 10
a 60 67 3
a 60 21 19
a 60 27 4
a 60 95 1
a 60 59 14
a 60 80 13
a 60 28 2
a 70 71 1
a 70 72 1
a 70 73 2
a 70 74 9
a 70 75 6
a 70 76 14
a 70 77 9
a 70 79 17
a 70 98 16
a 70 50 8
a 70 14 11
a 22 23 8
a 22 24 6
a 22 25 11
a 22 26 3
a 22 27 1
a 22 28 19
a 22 29 11
a 22 2 9
a 22 62 6
a 22 18 9
a 22 49 15
a 26 27 14
a 26 28 11
a 26 29 14
a 26 30 18
a 26 31 8
a 26 32 1
a 26 33 3
a 26 34 16
a 26 8 1
a 23 24 10
a 23 25 17
a 23 26 6
a 23 27 6
a 23 28 4
a 23 29 10
a 23 30 8
a 23 92 19
a 23 90 10
a 23 51 12
a 23 43 3
a 23 60 5
a 97 98 12
a 97 99 4
a 97 0 5
a 97 1 1
a 97 2 19
a 97 3 1
a 97 4 6
a 97 91 16
a 97 40 3
a 97 60 7
a 97 6 9
a 76 77 9
a 76 78 1
a 76 79 9
a 76 80 12
a 76 81 9
a 76 82 7
a 76 83 2
a 76 36 11
a 76 87 11
a 65 66 13
a 65 67 15
a 65 68 12
a 65 69 2
a 65 70 12
a 65 71 15
a 65 72 2
a 65 42 2
a 65 85 15
a 65 38 19
a 65 46 7
a 54 55 15
a 54 56 8
a 54 57 11
a 54 58 5
a 54 59 9
a 54 60 9
a 54 61 5
a 54 0 7
a 54 10 19
a 54 81 2
a 54 24 5
a 54 92 2
a 54 5 4
a 25 26 14
a 25 27 1
a 25 28 13
a 25 29 10
a 25 30 13
a 25 31 19
a 25 32 13
a 25 74 5
a 25 82 16
a 25 98 3
a 25 33 17
a 31 32 3
a 31 33 18
a 31 34 4
a 31 35 3
a 31 36 9
a 31 37 4
a 31 38 12
a 31 19 12
a 31 8 10
a 31 12 16
a 62 63 8
a 62 64 5
a 62 65 3
a 62 66 1
a 62 67 10
a 62 68 9
a 62 69 5
a 62 36 19
a 96 97 14
a 96 98 18
a 96 99 14
a 96 0 13
a 96 1 3
a 96 2 18
a 96 3 10
a 96 60 15
a 96 25 16
a 96 39 16
a 96 48 7
a 27 28 19
a 27 29 18
a 27 30 3
a 27 31 12
a 27 32 3
a 27 33 17
a 27 34 5
a 27 57 17
a 27 82 14
a 27 20 8
a 40 41 18
a 40 42 18
a 40 43 11
a 40 44 5
a 40 45 11
a 40 46 11
a 40 47 12
a 40 4 6
a 40 25 12
a 40 7 13
a 99 0 15
a 99 1 16
a 99 2 14
a 99 3 17
a 99 4 17
a 99 5 5
a 99 6 15
a 99 54 19
a 99 34 1
a 41 42 1
a 41 43 6
a 41 44 2
a 41 45 3
a 41 46 1
a 41 47 8
a 41 48 3
a 41 40 11
a 41 54 8
a 41 16 14
a 49 50 19
a 49 51 2
a 49 52 14
a 49 53 12
a 49 54 15
a 49 55 11
a 49 56 19
a 49 3 18
a 49 76 5
a 49 45 14
a 30 31 16
a 30 32 9
a 30 33 16
a 30 34 11
a 30 35 4
a 30 36 19
a 30 37 6
a 30 88 2
a 30 78 4
a 30 74 13
a 30 46 14
a 90 91 9
a 90 92 1
a 90 93 13
a 90 94 2
a 90 95 6
a 90 96 9
a 90 97 11
a 90 3 10
a 90 72 15
a 51 52 11
a 51 53 2
a 51 54 15
a 51 55 11
a 51 56 8
a 51 57 16
a 51 58 1
a 51 35 5
a 46 47 3
a 46 48 14
a 46 49 17
a 46 50 14
a 46 51 18
a 46 52 19
a 46 53 11
a 46 34 2
a 46 65 18
a 46 56 7
a 46 59 5
a 46 43 18
a 45 46 1
a 45 47 6
a 45 48 5
a 45 49 13
a 45 50 3
a 45 51 1
a 45 52 3
a 45 78 13
a 69 70 2
a 69 71 14
a 69 72 11
a 69 73 17
a 69 74 2
a 69 75 2
a 69 76 11
a 69 96 16
a 69 16 9
a 69 67 12
a 74 75 16
a 74 76 7
a 74 77 19
a 74 78 15
a 74 79 2
a 74 80 1
a 74 81 8
a 74 50 12
a 74 56 4
a 74 46 9
a 74 48 8
a 82 83 4
a 82 84 12
a 82 85 4
a 82 86 2
a 82 87 17
a 82 88 12
a 82 89 16
a 82 41 9
a 82 11 19
a 82 99 1
a 82 15 17
a 82 50 19
a 82 48 3
a 82 75 1
a 98 99 17
a 98 0 18
a 98 1 11
a 98 2 15
a 98 3 17
a 98 4 16
a 98 5 12
a 98 13 16
a 98 67 8
a 98 54 15
a 33 34 2
a 33 35 13
a 33 36 12
a 33 37 14
a 33 38 10
a 33 39 14
a 33 40 2
a 33 22 16
a 33 19 5
a 33 79 1
a 33 72 11
a 33 43 9
a 34 35 14
a 34 36 5
a 34 37 2
a 34 38 1
a 34 39 12
a 34 40 5
a 34 41 8
a 34 77 15
a 34 5 12
a 34 43 14
a 34 22 6
a 34 84 5
a 57 58 15
a 57 59 17
a 57 60 8
a 57 61 13
a 57 62 10
a 57 63 4
a 57 64 9
a 57 3 11
a 57 39 2
a 35 36 10
a 35 37 9
a 35 38 5
a 35 39 9
a 35 40 19
a 35 41 16
a 35 42 17
a 35 9 4
a 35 48 3
a 35 60 1
a 35 73 3
a 35 98 5
a 35 76 16
a 36 37 14
a 36 38 16
a 36 39 6
a 36 40 15
a 36 41 16
a 36 42 7
a 36 43 15
a 36 34 8
a 36 9 9
a 36 35 13
a 36 8 19
a 88 89 5
a 88 90 7
a 88 91 12
a 88 92 19
a 88 93 8
a 88 94 18
a 88 95 15
a 88 36 15
a 88 8 5
a 88 67 16
a 88 49 9
a 88 31 4
a 39 40 19
a 39 41 14
a 39 42 6
a 39 43 8
a 39 44 6
a 39 45 14
a 39 46 1
a 39 65 15
a 39 81 13
a 39 51 6
a 39 5 6
a 39 18 16
a 39 49 12
a 93 94 4
a 93 95 3
a 93 96 17
a 93 97 5
a 93 98 16
a 93 99 14
a 93 0 15
a 93 71 4
a 93 50 8
a 93 76 19
a 93 59 1
a 79 80 7
a 79 81 17
a 79 82 3
a 79 83 10
a 79 84 8
a 79 85 5
a 79 86 19
a 79 99 12
a 79 62 8
a 79 93 17
a 72 73 13
a 72 74 5
a 72 75 15
a 72 76 6
a 72 77 16
a 72 78 14
a 72 79 14
a 72 23 8
a 72 63 2
a 72 98 10
a 72 6 19
a 77 78 1
a 77 79 6
a 77 80 8
a 77 81 4
a 77 82 8
a 77 83 5
a 77 84 10
a 77 47 6
a 77 69 12
a 77 44 8
a 77 56 6
a 42 43 19
a 42 44 5
a 42 45 15
a 42 46 1
a 42 47 3
a 42 48 16
a 42 49 17
a 42 92 18
a 48 49 4
a 48 50 19
a 48 51 14
a 48 52 19
a 48 53 4
a 48 54 6
a 48 55 19
a 48 74 15
a 48 16 15
a 73 74 7
a 73 75 7
a 73 76 4
a 73 77 11
a 73 78 15
a 73 79 11
a 73 80 8
a 73 40 5
a 73 37 15
a 73 55 2
a 73 49 15
a 44 45 17
a 44 46 3
a 44 47 3
a 44 48 3
a 44 49 18
a 44 50 3
a 44 51 13
a 44 40 18
a 44 13 17
a 44 68 3
a 68 69 16
a 68 70 8
a 68 71 15
a 68 72 14
a 68 73 13
a 68 74 4
a 68 75 19
a 68 15 11
a 68 46 8
a 68 92 12
a 68 36 6
a 81 82 1
a 81 83 4
a 81 84 2
a 81 85 6
a 81 86 2
a 81 87 13
a 81 88 6
a 81 74 17
a 81 64 5
a 81 71 3
a 81 35 10
a 81 26 11
a 81 43 15
a 53 54 13
a 53 55 13
a 53 56 17
a 53 57 4
a 53 58 7
a 53 59 19
a 53 60 4
a 53 21 7
a 53 23 13
a 53 4 14
a 53 52 2
a 52 53 3
a 52 54 11
a 52 55 18
a 52 56 14
a 52 57 19
a 52 58 5
a 52 59 12
a 52 94 13
a 52 1 2
a 52 82 18
a 67 68 11
a 67 69 7
a 67 70 19
a 67 71 4
a 67 72 3
a 67 73 18
a 67 74 15
a 67 8 19
a 67 21 19
a 67 89 12
a 67 58 8
a 67 90 17
a 94 95 3
a 94 96 7
a 94 97 15
a 94 98 18
a 94 99 4
a 94 0 11
a 94 1 2
a 94 46 1
a 94 78 13
a 94 16 19
a 71 72 5
a 71 73 14
a 71 74 16
a 71 75 11
a 71 76 10
a 71 77 3
a 71 78 3
a 71 67 10
a 71 89 5
a 71 7 19
a 64 65 16
a 64 66 2
a 64 67 17
a 64 68 1
a 64 69 13
a 64 70 9
a 64 71 18
a 64 96 9
a 64 3 17
a 85 86 16
a 85 87 13
a 85 88 19
a 85 89 2
a 85 90 18
a 85 91 9
a 85 92 19
a 85 70 16
a 85 2 13
a 85 47 4
a 87 88 14
a 87 89 4
a 87 90 7
a 87 91 19
a 87 92 18
a 87 93 9
a 87 94 19
a 87 36 6
a 87 12 1
c 81 74 50 55 168
c 7 55 23 25 135
c 10 15 29 33 160
c 86 87 54 5 169
c 76 81 62 36 42
c 13 17 97 0 144
c 95 0 30 37 59
c 84 89 25 30 156
c 63 42 31 32 87
c 92 47 23 92 167
c 77 44 11 13 188
c 38 45 22 23 62
c 48 50 52 57 162
c 22 49 30 33 35
c 32 37 83 48 180
c 66 56 40 7 167
c 83 88 45 78 46
c 23 25 14 19 58
c 1 47 8 13 81
c 71 77 41 48 99
c 38 40 9 89 169
c 95 0 55 60 122
c 32 34 22 24 193
c 97 98 89 90 56
c 22 23 15 19 121
c 1 5 38 42 155
c 27 82 71 75 140
c 49 53 98 4 72
c 17 54 13 14 31
c 46 49 64 96 38
c 7 47 53 57 186
c 1 5 34 35 89
c 17 18 49 54 92
c 46 53 46 51 138
c 57 64 83 90 34
c 30 37 27 57 94
c 71 7 44 46 34
c 49 53 40 46 92
c 34 40 60 59 142
c 12 19 79 82 180
c 5 10 94 95 141
c 15 21 10 14 40
c 24 26 21 27 45
c 35 42 74 79 94
c 9 78 55 60 79
c 95 66 87 93 96
c 94 16 96 48 75
c 54 60 5 12 170
c 88 91 81 71 193
c 42 43 75 28 125
c 22 26 60 21 42
c 98 0 35 9 117
c 0 78 52 59 108
c 42 48 95 0 119
c 82 83 59 66 181
c 64 69 27 33 69
c 88 8 6 13 128
c 59 63 84 87 140
c 99 0 30 34 98
c 91 95 65 38 81
c 19 22 89 92 160
c 61 63 56 60 63
c 20 22 67 73 117
c 33 19 32 34 192
c 31 8 71 89 147
c 49 45 87 12 141
c 12 14 9 14 194
c 25 29 67 68 51
c 97 0 70 50 162
c 10 16 60 64 57
c 13 15 89 33 49
c 98 54 88 95 136
c 29 83 55 81 124
c 96 98 81 35 140
c 40 44 72 73 33
c 43 50 61 65 132
c 9 92 39 18 187
c 54 60 55 81 126
c 70 14 26 31 86
c 56 58 56 71 181
c 31 19 77 84 86
c 73 40 54 10 27
c 70 71 87 94 65
c 80 81 99 4 120
c 81 26 12 15 154
c 23 25 53 52 75
c 81 71 97 91 162
c 60 61 51 52 82
c 57 58 37 42 92
c 28 31 1 6 41
c 47 49 86 90 37
c 67 58 59 22 176
c 9 13 73 55 183
c 6 50 77 79 154
c 35 73 15 21 184
c 52 55 87 89 29
c 97 99 88 92 166
c 31 8 28 29 33
c 16 22 99 3 107
c 48 49 94 99 187
c 65 68 43 53 47
c 30 33 25 82 77
c 73 76 46 53 84
c 43 50 46 65 168
c 70 98 84 89 35
c 52 57 39 49 31
c 70 71 69 75 90
c 35 98 46 56 98
c 25 98 53 58 51
c 49 3 38 44 195
c 75 82 86 21 188
c 13 55 88 31 132
c 94 98 69 96 26
c 54 10 37 68 175
c 71 78 83 59 127
c 89 91 36 38 36
c 39 5 81 26 89
c 34 41 16 23 165
c 75 82 42 43 68
c 16 26 69 76 38
c 75 77 80 82 91
c 63 66 80 21 139
c 78 80 54 92 130
c 72 63 38 45 55
c 50 67 47 51 163
c 53 4 40 41 157
c 95 18 12 75 159
c 39 5 67 71 177
c 11 16 34 84 77
c 81 87 53 21 89
c 51 54 49 51 119
c 62 36 85 2 65
c 80 84 45 52 37
c 59 62 83 85 68
c 34 43 44 45 90
c 29 32 10 12 36
c 7 83 94 78 56
c 29 30 79 62 82
c 53 60 86 91 81
c 34 39 78 82 164
c 88 90 78 39 116
c 75 77 7 11 82
c 54 57 10 13 116
c 91 19 70 79 48
c 83 86 94 78 55
c 17 18 16 21 90
c 21 27 23 92 148
c 27 30 76 83 127
c 94 16 57 39 77
c 3 8 71 89 165
c 29 51 49 52 137
c 6 9 78 81 174
c 31 33 34 22 173
c 29 63 39 42 56
c 81 74 12 17 157
c 72 74 19 22 110
c 80 83 87 36 77
c 50 57 30 74 101
c 44 50 17 76 31
c 62 66 12 14 144
c 13 24 90 97 189
c 52 58 98 67 40
c 41 40 21 99 100
c 62 68 83 59 71
c 79 82 83 90 42
c 97 60 35 48 116
c 26 28 28 35 61
c 3 5 37 42 49
c 15 20 8 15 155
c 89 96 62 64 139
c 99 6 85 89 94
c 58 65 46 59 155
c 80 85 22 25 139
c 48 74 25 29 57
c 98 5 13 55 79
c 73 49 65 71 158
c 15 20 67 68 42
c 39 44 50 63 197
c 60 62 25 74 31
c 23 30 74 80 65
c 70 79 43 49 152
c 73 76 8 91 84
c 64 66 48 50 39
c 94 1 46 48 151
c 91 74 73 55 111
c 73 37 56 28 70
c 68 75 45 46 167
c 69 76 60 59 105
c 21 41 76 78 136
c 49 52 26 30 42
c 39 51 24 26 76
c 82 88 5 9 173
c 80 83 71 75 162
c 25 74 56 57 107
c 61 95 25 32 91
c 37 59 66 70 49
c 9 89 79 82 51
c 41 47 58 72 77
c 66 42 60 64 157
c 14 17 80 35 135
c 53 23 85 2 109
c 97 91 23 27 176
c 33 43 49 50 72
c 72 75 44 50 141
c 72 63 74 79 122
c 65 70 8 12 118
c 76 83 63 67 34
c 85 88 77 78 31
c 26 33 16 21 175
c 65 72 69 71 190
c 74 81 51 35 195
c 79 85 50 56 108
c 58 61 35 37 49
c 18 25 6 12 129
c 5 61 57 63 177
c 6 78 5 11 117
c 89 56 69 75 145
c 25 33 17 76 88
c 49 50 63 14 85
c 35 37 28 13 141
c 50 56 33 79 73
c 9 16 32 37 182
c 34 40 77 83 151
c 26 28 36 8 167
c 93 96 6 8 53
c 62 68 75 81 41
c 79 93 73 55 168
c 46 49 43 49 31
c 43 48 32 39 26
c 84 90 63 68 56
c 82 84 91 97 32
c 87 92 44 47 29
c 68 71 79 85 69
c 81 85 66 73 182
c 9 28 53 57 72
c 63 69 59 96 181
c 26 27 11 13 112
c 20 26 42 45 42
c 13 18 65 66 43
c 37 55 40 47 182
c 42 47 32 63 130
c 54 55 40 4 57
c 97 60 69 76 34
c 55 60 14 20 150
c 58 59 5 12 95
c 63 68 28 33 69
c 77 69 37 42 148
c 40 25 81 71 193
c 65 71 4 66 184
c 35 60 53 59 195
c 54 0 14 16 158
c 50 55 4 86 60
c 27 82 82 88 83
c 74 81 35 73 34
c 8 14 8 3 158
c 0 3 38 39 146
c 29 33 44 68 38
c 97 99 25 33 91
c 97 1 83 48 106
c 68 15 43 53 119
c 61 65 49 56 101
c 29 63 81 82 163
c 44 50 4 66 151
c 5 11 79 80 101
c 25 26 55 81 61
c 59 64 7 10 68
c 32 34 75 80 137
c 92 47 24 27 194
c 99 2 39 51 165
c 75 28 35 76 132
c 9 16 12 17 35
c 22 25 25 31 102
c 23 29 99 2 133
c 47 54 17 19 140
c 73 40 16 17 140
c 6 9 1 5 65
c 83 15 46 49 167
c 99 3 32 36 93
c 4 8 16 26 132
c 60 66 15 18 178
c 16 97 35 41 84
c 96 0 71 76 146
c 32 69 22 27 166
c 59 65 67 58 47
c 61 67 73 74 58
c 32 37 3 8 147
c 21 22 84 0 62
c 39 43 94 0 160
c 99 54 23 90 177
c 23 51 13 14 130
c 74 78 24 26 133
c 37 41 53 57 70
c 57 64 98 13 199
c 28 33 45 52 140
c 0 80 41 44 36
c 78 83 39 41 177
c 32 69 63 17 143
c 96 3 7 14 75
c 77 78 40 47 189
c 30 78 78 81 133
c 66 68 58 65 105
c 46 51 15 26 162
c 13 55 21 25 132
c 2 4 6 13 106
c 78 79 31 32 32
c 69 75 11 18 166
c 51 35 58 9 119
c 98 99 26 8 58
c 81 82 62 65 173
c 8 15 96 60 153
c 9 13 91 74 195
c 85 2 73 55 70
c 95 98 98 13 57
c 94 95 95 97 39
c 94 96 95 2 86
c 72 75 87 89 43
c 79 81 32 35 140
c 4 11 90 96 87
c 91 98 88 31 51
c 37 59 77 56 110
c 18 20 73 40 45
c 1 3 40 46 172
c 71 78 33 36 96
c 72 77 13 70 132
c 35 39 42 48 147
c 39 44 55 56 193
c 55 62 34 22 189
c 78 80 13 18 88
c 34 40 97 0 174
c 1 61 40 46 132
c 21 58 85 70 170
c 84 87 93 99 34
c 95 18 58 72 39
c 95 85 47 40 198
c 28 30 76 77 149
c 10 14 31 33 29
c 81 84 22 27 173
c 70 75 99 34 194
c 73 76 71 72 106
c 70 98 25 82 106
c 13 17 34 84 36
c 21 0 40 44 31
c 75 95 22 29 122
c 9 12 33 79 64
c 91 92 99 6 77
c 63 56 54 0 32
c 62 63 4 8 78
c 60 61 78 84 44
c 9 15 9 21 177
c 54 0 26 30 44
c 62 36 87 12 175
c 27 57 82 85 171
c 80 75 81 71 144
c 5 7 13 19 87
c 46 43 96 97 42
c 54 81 24 30 84
c 37 40 78 82 193
c 97 4 24 46 67
c 76 87 76 81 114
c 49 3 43 53 98
c 35 37 71 78 186
c 7 47 47 15 50
c 49 54 67 90 125
c 41 40 16 26 165
c 86 21 18 25 59
c 49 3 62 67 166
c 24 31 14 21 143
c 30 46 68 74 183
c 36 43 86 93 60
c 98 5 89 33 32
c 17 76 47 51 120
c 34 40 85 92 146
c 70 77 0 7 182
c 79 80 10 11 124
c 68 36 45 46 73
c 38 43 95 1 128
c 20 24 52 82 199
c 74 81 56 61 177
c 3 4 7 13 175
c 60 61 81 84 97
c 75 80 32 38 96
c 5 8 73 37 118
c 96 1 8 38 78
c 80 85 4 6 176
c 61 65 95 47 147
c 23 25 92 95 84
c 3 4 78 79 81
c 13 20 93 94 147
c 12 75 57 61 169
c 50 55 93 95 159
c 91 74 84 85 183
c 49 55 36 41 98
c 85 90 6 50 80
c 26 29 51 55 54
c 25 29 82 87 195
c 37 41 71 76 57
c 5 6 95 1 82
c 69 74 49 76 60
c 73 49 34 40 183
c 7 13 30 34 50
c 93 99 20 26 46
c 57 60 64 66 120
c 63 70 68 71 175
c 91 74 51 54 44
c 70 76 24 26 101
c 56 33 50 51 91
c 29 51 75 82 128
c 28 30 2 4 130
c 31 19 49 54 51
c 72 63 93 59 52
c 72 75 79 62 167
c 34 41 23 92 147
c 15 16 59 22 74
c 42 45 67 74 138
c 83 79 88 91 166
c 2 3 44 51 67
c 81 84 69 73 31
c 3 58 1 4 196
c 98 2 25 26 145
c 30 46 38 76 135
c 4 10 29 63 94
c 40 4 46 49 153
c 67 72 56 58 196
c 52 1 77 83 38
c 0 7 72 75 100
c 22 29 74 50 68
c 49 3 12 16 166
c 66 72 95 85 46
c 82 84 18 24 156
c 13 15 72 74 166
c 38 40 46 34 175
c 0 78 31 33 43
c 61 67 74 50 40
c 89 94 80 40 57
c 44 46 2 5 191
c 79 93 31 33 60
c 38 42 30 78 134
c 82 87 45 48 27
c 37 68 70 76 77
c 1 61 90 97 142
c 39 44 20 23 131
c 24 27 3 61 62
c 36 34 38 40 31
c 46 52 37 78 169
c 21 28 1 63 95
c 42 47 44 68 101
c 44 46 18 96 69
c 93 50 81 85 54
c 55 56 55 73 162
c 65 85 78 9 181
c 73 74 36 42 112
c 68 70 69 16 78
c 34 39 14 17 52
c 10 14 76 77 64
c 37 39 83 88 157
c 67 73 82 15 128
c 46 43 11 15 101
c 57 3 74 48 63
c 72 74 80 87 115
c 26 34 82 89 80
c 74 78 45 48 199
c 68 72 94 16 166
c 9 12 95 18 147
c 20 22 9 10 138
c 27 33 51 58 33
c 40 4 81 43 85
c 55 57 8 91 49
c 37 43 63 42 63
c 40 46 47 50 195
c 6 78 81 84 76
c 23 60 30 34 189
c 47 54 44 49 34
c 39 44 66 73 181
c 77 81 81 84 103
c 59 22 23 92 164
c 84 37 50 51 36
c 98 13 97 98 145
c 14 21 13 20 102
c 8 9 8 14 170
c 63 64 19 21 178
c 57 60 65 67 114
c 26 8 33 22 180
c 56 58 30 74 151
c 69 96 40 41 137
c 87 89 75 80 78
c 23 24 81 85 117
c 41 43 91 19 64
c 54 5 17 20 56
c 28 29 58 62 118
c 22 25 83 59 97
c 64 68 68 75 160
c 39 43 1 2 197
c 3 4 16 18 51
c 53 23 37 59 69
c 52 58 24 27 46
c 78 39 3 95 26
c 29 31 96 99 58
c 70 71 13 20 88
c 16 19 62 36 49
c 86 89 73 79 185
c 89 56 44 51 101
c 11 18 51 53 53
c 32 34 96 60 107
c 94 16 79 93 36
c 36 42 23 30 49
c 65 70 17 21 66
c 60 27 53 52 46
c 69 75 81 84 118
c 43 46 1 37 38
c 3 95 59 65 165
c 44 13 89 33 138
c 87 92 75 80 116
c 59 62 45 78 196
c 52 55 28 13 110
c 22 28 94 0 154
c 55 81 74 56 109
c 20 26 33 43 48
c 38 39 86 87 33
c 91 95 64 65 172
c 96 98 17 76 182
c 57 64 2 4 152
c 68 69 87 94 171
c 61 65 7 11 96
c 72 77 69 74 89
c 13 55 93 94 94
c 19 50 67 89 187
c 27 29 80 87 159
c 25 27 23 24 169
c 90 96 1 8 137
c 85 90 42 44 37
c 95 97 15 18 128
c 2 29 23 51 163
c 67 8 56 57 98
c 34 22 57 61 143
c 66 73 85 88 155
c 87 91 59 66 110
c 94 95 77 84 119
c 72 74 62 63 118
c 0 3 20 7 55
c 14 19 97 98 87
c 42 44 76 36 194
c 8 91 57 64 35
c 32 69 62 65 166
c 37 43 4 56 60
c 72 98 8 13 172
c 35 39 33 35 130
c 1 63 74 78 196
c 74 80 94 95 131
c 18 24 88 90 129
c 82 15 81 82 102
c 92 98 95 18 175
c 26 30 98 5 162
c 78 84 36 8 61
c 82 50 1 2 192
c 90 92 86 90 159
c 99 2 48 52 130
c 1 47 61 95 107
c 55 68 23 25 58
c 46 53 72 78 170
c 19 26 66 5 137
c 86 91 8 11 132
c 65 71 30 37 199
c 32 63 33 37 148
c 29 63 99 34 192
c 47 53 74 78 116
c 43 50 96 48 164
c 29 32 25 28 70
c 96 0 81 82 35
c 81 85 21 99 111
c 7 14 88 49 52
c 34 38 3 9 87
c 74 81 69 75 104
c 30 31 58 64 141
c 76 78 80 85 101
c 25 98 90 96 88
c 18 21 85 70 178
c 84 86 21 25 109
c 68 74 41 42 142
c 20 16 77 80 61
c 10 12 0 1 150
c 30 36 77 83 136
c 50 54 46 56 47
c 51 54 84 12 181
c 37 40 22 27 133
c 36 9 34 36 50
c 35 98 66 69 48
c 63 42 16 23 128
c 50 63 69 74 191
c 52 94 84 87 99
c 18 24 47 51 31
c 61 62 63 92 102
c 92 95 55 56 124
c 31 19 70 73 96
c 52 1 72 63 157
c 99 5 33 34 188
c 67 58 40 4 150
c 23 26 4 66 148
c 2 6 70 72 46
c 62 67 25 29 58
c 29 30 45 51 82
c 46 65 51 55 63
c 31 38 62 68 82
c 76 80 38 42 26
c 62 65 63 70 179
c 51 35 36 40 27
c 0 59 9 92 189
c 78 84 40 44 72
c 7 83 56 59 197
c 51 54 55 81 168
c 33 40 9 16 189
c 17 23 35 76 51
c 99 5 14 16 64
c 82 85 36 37 104
c 66 5 9 28 144
c 88 93 62 68 51
c 41 45 46 56 71
c 4 32 95 96 31
c 40 4 69 73 177
c 5 7 55 56 164
c 43 50 53 57 149
c 51 55 17 19 100
c 46 47 63 70 50
c 76 83 17 18 134
c 44 47 32 93 148
c 9 14 27 20 93
c 82 87 73 74 83
c 74 75 81 88 197
c 47 40 60 66 197
c 67 21 7 47 163
c 55 57 52 58 144
c 30 74 55 61 132
c 78 79 21 41 176
c 2 5 80 83 166
c 99 6 23 26 138
c 69 67 71 72 51
c 39 42 21 24 193
c 61 65 4 56 84
c 49 3 81 85 154
c 87 91 82 88 170
c 62 66 47 40 169
c 49 76 69 16 76
c 82 41 64 70 161
c 87 92 52 94 186
c 37 44 34 77 116
c 4 32 29 83 127
c 13 14 84 89 28
c 4 9 46 34 184
c 19 26 13 58 136
c 89 74 9 11 128
c 76 77 97 60 140
c 55 73 37 68 116
c 63 17 68 73 89
c 66 60 51 35 155
c 15 21 85 47 28
c 23 25 48 16 153
c 65 67 87 88 182
c 13 15 9 13 33
c 81 87 91 94 128
c 16 97 15 16 60
c 71 78 81 43 188
c 47 51 0 7 159
c 6 24 43 47 65
c 13 16 42 43 66
c 53 52 91 19 175
c 23 28 65 46 168
c 94 0 74 81 159
c 98 2 53 57 190
c 46 65 87 88 94
c 15 18 59 61 194
c 35 48 89 95 172
c 39 18 34 39 184
c 54 0 83 86 34
c 97 0 46 52 56
c 52 82 12 17 175
c 63 56 81 84 128
c 79 62 13 24 178
c 13 70 65 69 50
c 94 78 26 30 113
c 3 95 32 39 56
c 35 38 33 35 93
c 14 17 88 92 69
c 86 2 21 25 139
c 7 47 78 83 149
c 33 79 79 83 199
c 5 9 40 7 160
c 86 2 8 15 91
c 27 82 20 24 127
c 42 49 9 12 165
c 7 13 7 83 67
c 50 56 26 27 98
c 23 90 78 81 151
c 68 69 33 79 160
c 82 15 35 76 103
c 18 20 43 53 55
c 32 63 21 23 103
c 60 65 65 42 55
c 47 40 19 26 40
c 85 87 93 76 71
c 22 25 21 41 159
c 38 32 54 60 37
c 56 33 13 55 112
c 13 14 99 4 94
c 0 3 24 23 159
c 30 33 69 71 186
c 38 42 52 53 151
c 41 47 43 53 60
c 54 24 62 67 127
c 67 58 75 95 41
c 98 54 89 27 147
c 77 80 1 61 168
c 74 46 13 17 83
c 81 86 22 27 121
c 79 85 30 74 34
c 92 59 19 22 48
c 33 36 90 3 189
c 36 38 70 98 95
c 24 76 75 95 124
c 13 14 32 34 78
c 79 86 72 6 44
c 74 78 29 83 33
c 22 23 21 27 78
c 35 40 39 43 50
c 48 52 40 45 93
c 35 38 84 0 148
c 3 5 32 36 109
c 55 73 80 83 174
c 42 46 3 4 181
c 36 41 87 91 79
c 99 54 80 81 133
c 66 73 73 75 76
c 32 33 58 65 69
c 52 94 7 18 171
c 24 30 64 71 83
c 77 78 52 55 119
c 36 42 57 3 131
c 12 14 48 52 69
c 76 77 74 75 108
c 8 38 83 89 193
c 23 29 18 96 153
c 2 6 51 58 120
c 88 95 82 89 123
c 5 15 94 0 102
c 4 86 67 72 169
c 39 41 6 78 35
c 94 16 66 73 39
c 8 3 9 14 198
c 1 2 45 49 39
c 84 90 76 82 188
c 67 89 31 37 58
c 37 38 61 65 135
c 5 15 19 21 75
c 33 38 91 97 68
c 85 88 69 70 50
c 72 78 84 89 185
c 49 50 79 85 106
c 62 36 17 21 36
c 27 32 29 30 165
c 1 4 1 5 107
c 19 70 88 36 94
c 54 81 25 31 167
c 4 9 77 79 41
c 1 3 50 63 169
c 76 80 27 82 55
c 9 16 96 2 46
c 35 39 53 52 90
c 79 62 29 41 87
c 63 69 40 4 158
c 5 9 78 85 62
c 66 71 74 56 131
c 98 4 14 17 191
c 90 95 35 41 136
c 24 31 17 21 39
c 18 22 19 24 150
c 79 93 8 38 117
c 56 71 13 19 54
c 8 11 70 14 108
c 98 1 4 56 196
c 66 68 88 31 188
c 4 56 74 75 149
c 97 98 55 57 187
c 15 19 71 72 41
c 60 63 16 20 28
c 26 30 36 9 165
c 19 70 33 43 25
c 50 67 61 68 186
c 90 92 55 57 26
c 86 93 60 66 199
c 61 95 66 73 85
c 72 73 20 27 52
c 23 27 55 62 154
c 45 46 20 26 34
c 34 37 31 32 110
c 94 16 38 41 159
c 71 76 49 51 153
c 83 84 73 78 181
c 36 37 65 67 33
c 12 19 74 48 169
c 53 58 1 5 100
c 1 61 49 54 85
c 42 92 64 69 62
c 35 76 67 89 153
c 37 68 87 94 44
c 13 58 43 48 52
c 86 93 76 81 188
c 41 46 68 71 30
c 19 50 0 6 44
c 76 87 49 52 119
c 37 78 48 55 105
c 59 64 87 90 137
c 97 91 28 31 77
c 21 22 16 23 111
c 41 44 3 8 168
c 11 18 56 33 70
c 31 19 8 15 153
c 19 23 18 20 44
c 3 58 41 46 113
c 2 20 25 28 150
c 92 94 78 80 133
c 1 6 61 67 130
c 69 71 1 8 85
c 50 51 66 60 29
c 75 76 99 3 78
c 61 64 97 6 48
c 91 94 82 87 59
c 64 3 26 29 126
c 82 88 20 40 37
c 38 39 29 34 105
c 31 37 92 98 179
c 78 81 77 47 161
c 26 34 71 77 141
c 44 48 99 0 33
c 47 50 20 40 105
c 63 67 86 92 78
c 9 92 10 11 168
c 67 72 33 38 157
c 39 51 60 27 83
c 77 83 53 57 104
c 60 61 44 51 28
c 74 81 79 80 138
c 18 21 9 78 156
c 49 50 71 77 42
c 40 45 29 83 38
c 39 40 70 98 173
c 89 56 37 68 65
c 14 20 90 95 165
c 48 74 4 7 30
c 24 25 71 74 110
c 57 39 87 90 179
c 9 89 44 40 166
c 71 7 88 89 155
c 20 23 41 54 178
c 92 97 94 96 31
c 62 67 78 85 116
c 56 57 91 74 40
c 8 14 66 56 171
c 54 55 93 50 106
c 40 4 47 40 139
c 81 35 25 29 142
c 17 18 49 76 52
c 40 47 44 68 91
c 3 4 10 16 68
c 91 94 61 66 137
c 41 40 75 76 116
c 65 67 31 36 119
c 71 72 96 2 62
c 13 19 54 59 85
c 98 3 53 52 39
c 53 52 2 8 180
c 58 9 17 21 172
c 0 59 40 44 42
c 33 37 0 3 48
c 84 91 56 58 28
c 35 73 33 36 125
c 35 41 23 92 190
c 41 45 33 37 68
c 87 90 82 85 138
c 4 11 77 80 186
c 70 71 50 56 148
c 29 51 28 33 137
c 54 56 97 99 53
c 18 62 18 25 75
c 24 29 53 4 194
c 31 33 50 81 182
c 99 6 17 22 132
c 61 68 8 13 88
c 14 19 1 47 102
c 84 90 49 45 90
c 7 55 38 42 109
c 84 12 97 98 28
c 79 80 45 78 102
c 29 41 4 56 94
c 80 82 63 64 166
c 70 72 0 43 113
c 84 12 52 54 120
c 67 8 11 12 59
c 44 68 49 56 110
c 52 94 88 91 59
c 13 19 93 99 91
c 30 78 27 82 26
c 20 22 59 22 83
c 72 74 15 19 31
c 74 77 68 46 29
c 20 22 8 91 79
c 28 34 97 1 92
c 9 12 90 72 106
c 63 14 52 55 63
c 6 8 74 81 87
c 67 21 65 71 177
c 82 84 7 8 130
c 82 88 53 4 56
c 16 18 68 73 186
c 36 38 11 12 154
c 7 55 84 62 84
c 12 17 65 71 42
c 68 92 99 4 28
c 81 88 55 59 154
c 25 30 88 93 52
c 73 75 4 32 159
c 78 39 83 87 76
c 35 60 81 84 130
c 16 18 41 54 69
c 73 79 82 84 178
c 49 56 59 99 50
c 85 2 14 19 117
c 80 82 53 55 96
c 31 33 83 59 89
c 52 57 29 33 166
c 65 66 82 85 97
c 39 81 80 34 86
c 76 81 70 50 35
c 33 38 70 14 64
c 26 28 76 87 147
c 32 93 17 23 148
c 4 32 73 78 39
c 38 42 16 18 61
c 87 12 17 22 122
c 67 90 92 96 36
c 83 85 31 38 174
c 9 92 56 71 46
c 91 74 85 92 171
c 80 83 1 3 149
c 57 60 97 40 100
c 92 94 54 55 156
c 32 34 42 92 150
c 61 63 40 7 78
c 24 27 44 49 48
c 20 7 79 99 126
c 80 19 39 42 169
c 4 7 36 34 73
c 58 9 69 76 65
c 9 10 64 69 119
c 71 67 67 73 189
c 66 69 4 9 62
c 30 88 45 49 99
c 33 19 30 37 194
c 25 30 25 98 162
c 55 59 52 54 188
c 65 66 24 46 64
c 37 42 11 18 30
c 37 59 98 5 169
c 70 71 10 12 154
c 56 28 8 38 185
c 60 63 19 10 80
c 33 37 81 26 132
c 2 3 65 85 136
c 60 63 7 13 56
c 18 96 7 83 76
c 65 67 21 99 191
c 82 87 73 80 158
c 18 25 23 92 129
c 46 59 98 67 63
c 89 90 76 87 149
c 16 12 15 16 53
c 92 47 95 1 162
c 59 61 55 61 46
c 87 12 89 93 154
c 22 49 91 74 135
c 84 88 41 16 165
c 53 59 18 21 128
c 53 54 80 35 31
c 90 3 64 66 128
c 81 85 94 0 84
c 79 81 30 88 141
c 49 52 91 96 35
c 13 17 96 99 36
c 21 27 17 18 55
c 80 86 33 43 138
c 29 33 19 24 103
c 69 96 19 70 185
c 5 11 5 10 196
c 92 7 97 4 72
c 11 56 21 26 25
c 26 30 79 82 138
c 35 37 6 50 64
c 64 66 60 59 84
c 70 75 29 63 188
c 95 85 78 84 91
c 52 59 43 53 47
c 29 41 87 89 92
c 15 20 91 95 171
c 44 45 49 52 180
c 23 25 14 16 97
c 49 50 57 64 144
c 42 45 55 62 98
c 82 41 15 18 117
c 38 44 93 99 77
c 27 29 18 23 188
c 50 67 2 3 117
c 30 33 66 42 75
c 11 15 35 60 34
c 88 89 80 82 99
c 80 82 41 16 188
c 56 62 10 15 113
c 87 36 12 75 168
c 23 27 80 34 111
c 16 21 92 97 101
c 62 36 83 90 105
c 86 63 52 59 126
c 29 51 27 82 170
c 53 54 81 43 110
c 55 58 49 56 83
c 69 75 72 6 87
c 40 41 52 1 147
c 8 3 38 41 198
c 37 68 6 9 140
c 52 55 19 26 90
c 84 89 6 8 184
c 14 18 47 54 142
c 62 65 21 26 42
c 14 19 53 55 138
c 23 24 1 37 53
c 18 21 95 47 95
c 53 58 15 21 46
c 50 46 95 18 161
c 82 99 72 73 172
c 41 54 1 37 183
c 72 63 23 29 34
c 44 47 69 76 127
c 61 68 4 8 43
c 61 68 11 17 106
c 0 7 69 67 138
c 38 41 54 61 72
c 5 8 29 83 137
c 53 4 98 2 199
c 67 21 91 19 193
c 36 9 9 12 192
c 66 5 21 41 155
c 36 38 35 73 182
c 36 42 91 93 158
c 33 37 16 22 52
c 88 93 70 79 177
c 40 46 77 82 184
c 22 25 71 74 116
c 90 94 92 93 110
c 34 37 67 68 80
c 62 68 35 42 111
c 56 71 59 64 88
c 38 43 59 62 72
c 50 67 47 15 162
c 61 64 7 12 80
c 75 76 19 20 68
c 73 49 51 56 34
c 54 55 83 84 77
c 35 98 79 83 83
c 55 73 93 0 103
c 24 46 29 33 36
c 78 82 91 19 26
c 30 74 80 86 160
c 12 19 86 63 169
c 49 51 95 85 70
c 89 95 8 13 104
c 48 74 47 52 54
c 68 70 86 91 36
c 78 85 95 97 152
c 63 66 1 4 36
c 52 94 52 53 102
c 27 28 98 0 163
c 67 72 4 32 74
c 27 32 55 60 175
c 76 79 36 34 142
c 33 43 46 65 74
c 31 19 71 75 84
c 73 79 19 20 121
c 72 6 65 72 178
c 75 77 82 89 154
c 34 39 41 54 50
c 98 54 80 86 187
c 76 82 60 63 57
c 79 83 9 15 167
c 6 12 74 56 110
c 33 39 82 75 157
c 50 53 82 85 110
c 8 13 38 45 126
c 76 83 54 61 57
c 4 5 48 53 169
c 95 99 87 91 104
c 70 75 8 12 175
c 63 17 85 88 72
c 80 87 95 18 160
c 69 71 11 12 181
c 42 43 93 94 34
c 46 48 33 19 167
c 22 26 70 98 46
c 25 74 23 60 153
c 8 38 85 88 50
c 29 35 16 19 75
c 37 38 2 5 178
c 66 68 85 70 48
c 63 64 46 50 73
c 65 66 76 81 99
c 58 61 5 7 30
c 28 31 49 45 28
c 29 36 5 12 30
c 13 70 88 92 42
c 76 77 72 79 32
c 95 1 34 77 170
c 37 41 23 26 44
c 73 37 65 46 43
c 80 46 77 69 121
c 18 19 17 65 150
c 44 13 0 4 162
c 7 9 35 39 190
c 94 1 83 15 80
c 83 87 50 36 98
c 74 76 15 18 25
c 71 74 49 3 145
c 35 41 27 82 167
c 24 26 92 94 111
c 1 7 44 13 85
c 74 81 33 38 37
c 65 66 60 63 165
c 29 35 13 20 87
c 59 61 84 87 177
c 32 69 81 84 91
c 66 72 16 20 40
c 88 91 61 63 134
c 30 37 48 16 70
c 94 95 19 24 33
c 85 86 60 62 158
c 32 35 6 8 36
c 31 33 56 60 86
c 50 67 24 45 75
c 0 6 6 13 180
c 42 44 19 50 138
c 56 61 50 54 42
c 54 57 30 36 61
c 35 48 70 74 97
c 79 99 84 0 160
c 34 84 67 90 174
c 18 24 70 77 138
c 63 14 62 65 37
c 9 15 16 20 147
c 41 40 35 98 51
c 24 23 72 77 31
c 11 56 59 64 189
c 78 5 24 30 166
c 80 81 72 73 179
c 77 44 36 9 78
c 93 96 20 26 30
c 33 43 79 93 80
c 63 42 1 47 93
c 42 44 80 19 74
c 93 76 10 12 44
c 46 59 70 73 181
c 57 60 94 96 125
c 74 76 52 58 174
c 89 96 3 10 153
c 95 97 69 72 95
c 94 16 3 10 98
c 19 26 79 85 152
c 41 16 79 83 116
c 92 85 51 35 33
c 52 82 36 39 79
c 18 25 87 92 106
c 60 63 72 23 178
c 82 11 0 4 90
c 71 89 93 95 75
c 77 83 66 60 163
c 27 31 13 70 148
c 22 18 12 13 148
c 58 64 37 68 83
c 80 84 80 35 118
c 66 70 40 25 173
c 25 82 57 64 38
c 21 58 32 34 43
c 24 26 50 54 139
c 48 49 47 48 176
c 66 68 3 58 98
c 11 12 60 61 168
c 80 40 85 70 167
c 68 74 90 96 136
c 86 21 71 73 164
c 98 4 8 91 61
c 74 81 3 9 148
c 92 99 49 55 170
c 3 5 74 77 74
c 33 22 10 17 64
c 43 53 35 39 170
c 0 4 19 10 125
c 23 28 41 40 38
c 52 55 46 47 134
c 22 49 45 49 46
c 81 86 63 42 137
c 84 37 2 9 195
c 67 89 42 92 195
c 78 5 68 71 139
c 17 21 98 54 104
c 22 29 85 92 82
c 57 59 14 20 193
c 56 57 34 39 152
c 42 44 12 17 170
c 45 48 55 68 83
c 82 86 7 18 173
c 37 55 67 68 82
c 70 98 55 60 46
c 99 34 29 83 138
c 64 71 39 42 28
c 6 50 44 48 95
c 33 36 65 71 169
c 43 50 4 86 156
c 61 68 26 30 27
c 75 78 95 18 160
c 9 15 62 65 106
c 82 88 26 27 117
c 17 65 77 79 32
c 8 38 79 80 76
c 50 63 28 34 112
c 89 74 92 95 144
c 58 64 82 48 54
c 69 71 19 70 180
c 0 4 14 17 47
c 25 33 70 77 153
c 57 39 10 16 151
c 37 78 35 76 41
c 96 39 68 72 132
c 18 62 35 41 63
c 64 3 72 73 77
c 8 12 0 1 153
c 69 71 6 8 170
c 96 1 57 63 153
c 35 41 95 99 72
c 96 97 52 59 161
c 37 68 16 97 105
c 31 12 55 58 64
c 41 46 83 88 175
c 47 4 50 57 129
c 64 3 37 38 38
c 28 30 40 42 126
c 9 78 32 33 62
c 80 21 76 77 58
c 89 56 93 59 49
c 9 13 92 98 48
c 47 15 97 99 130
c 13 16 96 25 125
c 95 97 31 12 121
c 32 93 99 4 29
c 10 15 91 74 100
c 71 75 98 99 194
c 12 13 24 27 27
c 83 88 93 71 44
c 52 57 82 88 192
c 55 57 0 3 161
c 10 15 36 41 173
c 11 15 94 1 147
c 61 66 21 58 141
c 12 28 91 74 125
c 30 35 23 26 51
c 45 48 93 76 40
c 7 55 25 74 137
c 27 28 39 43 32
c 27 28 83 48 62
c 61 65 4 66 85
c 23 25 54 60 199
c 22 29 93 94 109
c 13 55 35 36 72
c 33 37 52 58 177
c 7 83 95 98 160
c 33 34 18 21 68
c 28 34 85 90 177
c 58 61 27 29 46
c 18 19 49 53 186
c 84 90 1 63 176
c 50 36 0 5 163
c 2 29 54 10 106
c 98 54 41 44 92
c 67 90 79 86 87
c 66 68 42 47 154
c 74 75 20 25 152
c 80 82 84 62 88
c 47 4 63 64 87
c 3 10 1 37 121
c 79 81 6 13 153
c 39 18 82 48 31
c 27 29 54 60 114
c 1 6 39 81 117
c 8 10 57 60 188
c 14 17 88 36 145
c 31 34 74 56 141
c 11 15 98 1 126
c 39 46 92 74 177
c 97 1 43 47 55
c 59 99 16 22 110
c 65 38 36 37 167
c 16 17 90 95 136
c 2 7 7 12 105
c 47 53 53 57 126
c 88 90 50 81 95
c 84 37 86 92 128
c 47 52 19 20 27
c 65 42 58 59 116
c 12 18 89 33 54
c 48 52 77 78 63
c 51 54 78 84 71
c 31 12 86 88 155
c 97 91 74 56 176
c 1 37 94 97 37
c 27 30 92 7 119
c 86 89 33 37 40
c 60 27 17 54 137
c 58 59 41 43 145
c 22 23 92 97 167
c 82 75 97 99 37
c 7 11 72 79 163
c 75 78 53 52 130
c 52 55 79 86 107
c 11 12 0 59 190
c 80 40 73 40 110
c 6 84 53 58 58
c 88 49 4 7 188
c 88 95 20 23 37
c 49 51 26 32 173
c 6 24 1 61 73
c 16 20 72 78 199
c 50 36 93 94 30
c 12 17 87 93 70
c 91 95 35 73 51
c 51 57 59 99 98
c 35 60 35 36 38
c 36 34 17 76 25
c 94 78 7 14 95
c 14 2 54 60 81
c 85 2 88 92 84
c 91 95 29 41 84
c 96 99 56 63 86
c 71 74 38 43 70
c 27 29 52 54 75
c 22 28 74 56 80
c 54 0 1 5 64
c 73 40 73 77 137
c 17 24 96 0 25
c 54 59 74 48 180
c 40 7 57 59 44
c 91 94 47 52 161
c 94 0 98 99 100
c 67 90 80 35 115
c 78 79 28 31 84
c 76 77 44 13 127
c 78 30 24 76 84
c 19 26 22 28 84
c 99 54 98 99 197
c 10 11 58 65 52
c 9 78 21 25 146
c 6 24 73 37 32
c 93 71 47 49 111
c 15 19 42 47 122
c 85 92 26 27 145
c 68 71 25 30 175
c 27 33 17 16 118
c 65 85 34 43 150
c 37 42 71 78 154
c 37 68 96 48 71
c 80 21 93 76 82
c 28 31 48 50 160
c 33 22 37 68 44
c 35 9 8 38 75
c 83 85 89 90 112
c 44 47 54 55 149
c 9 92 31 38 199
c 16 21 46 59 116
c 92 59 41 44 44
c 6 7 42 46 77
c 26 29 41 40 153
c 81 71 16 17 153
c 23 25 99 6 156
c 74 56 38 45 182
c 37 59 32 35 133
c 6 78 79 84 54
c 63 14 26 30 42
c 53 56 25 29 186
c 42 44 81 88 66
c 38 40 54 60 98
c 69 96 26 33 39
c 39 41 50 57 101
c 25 28 84 89 52
c 82 89 46 48 185
c 59 99 15 20 64
c 28 35 70 98 114
c 11 13 97 91 131
c 19 24 79 62 129
c 4 56 23 90 97
c 16 18 53 4 89
c 8 13 43 44 191
c 67 71 49 55 129
c 74 76 38 76 191
c 94 78 0 80 83
c 96 39 64 65 105
c 33 35 95 1 144
c 84 89 97 98 68
c 61 68 91 98 29
c 57 64 54 58 39
c 26 29 99 4 43
c 64 68 31 8 197
c 91 96 31 32 56
c 80 84 6 24 114
c 19 22 85 89 28
c 1 37 36 43 57
c 26 34 31 33 97
c 79 99 62 66 27
c 56 59 54 57 141
c 8 9 47 54 60
c 25 30 61 24 51
c 85 47 33 35 45
c 25 98 41 40 148
c 87 90 81 87 192
c 32 33 65 71 177
c 47 49 52 1 168
c 12 19 43 49 127
c 40 42 90 91 107
c 46 56 1 5 50
c 73 55 55 81 115
c 80 40 23 25 106
c 32 39 13 17 120
c 55 56 17 16 111
c 39 45 1 6 43
c 35 9 76 82 65
c 81 64 15 21 36
c 73 79 5 15 89
c 32 69 36 40 114
c 23 27 9 13 64
c 1 3 46 34 133
c 7 55 82 75 168
c 80 87 30 32 193
c 85 86 72 6 146
c 35 40 39 40 59
c 27 29 88 91 150
c 63 42 97 4 36
c 24 69 1 6 33
c 13 70 98 13 123
c 40 4 27 30 53
c 21 27 32 33 89
c 23 92 71 76 79
c 31 38 43 44 176
c 46 34 44 46 86
c 50 67 66 71 76
c 94 96 0 78 133
c 87 12 31 38 65
c 84 12 24 45 188
c 69 70 56 28 61
c 72 6 5 61 163
c 23 26 56 63 84
c 58 60 77 47 71
c 56 63 13 18 94
c 68 36 71 74 177
c 63 14 19 26 94
c 73 37 84 91 60
c 13 19 66 5 36
c 92 94 13 19 105
c 35 60 77 83 63
c 96 0 94 78 162
c 36 42 11 12 145
c 76 78 40 25 192
c 81 83 16 17 135
c 3 7 2 6 183
c 0 6 64 3 126
c 84 62 63 68 115
c 53 57 96 39 137
c 3 5 80 34 98
c 8 91 23 24 113
c 40 45 74 78 53
c 64 66 35 41 161
c 11 18 10 13 102
c 40 46 62 65 131
c 6 84 19 25 67
c 33 72 5 12 174
c 32 93 56 61 153
c 25 82 34 37 161
c 77 81 2 6 39
c 59 63 11 13 89
c 55 62 78 0 121
c 24 27 51 54 84
c 8 9 82 15 113
c 74 48 82 41 77
c 6 50 96 1 194
c 67 72 55 58 50
c 25 74 97 60 108
c 20 16 2 8 68
c 23 92 99 2 64
c 41 45 36 38 113
c 17 19 53 52 172
c 21 99 15 20 182
c 80 46 7 47 151
c 44 49 84 87 101
c 8 3 64 70 120
c 22 29 48 74 62
c 20 40 99 1 25
c 64 96 81 83 69
c 80 40 71 76 133
c 74 56 81 85 28
c 12 17 98 13 50
c 63 67 63 65 40
c 63 42 20 25 36
c 83 85 30 74 108
c 46 59 81 26 42
c 61 68 79 85 63
c 86 91 39 46 55
c 9 11 35 48 65
c 87 88 59 96 90
c 87 90 65 71 29
c 12 16 72 63 71
c 38 41 52 94 91
c 94 95 1 4 50
c 10 16 79 99 105
c 96 99 18 19 197
c 34 37 29 83 161
c 30 36 64 3 145
c 59 22 54 58 172
c 72 76 73 80 53
c 24 29 10 14 177
c 42 48 57 39 87
c 86 91 78 83 43
c 22 25 90 91 166
c 12 28 28 29 151
c 27 33 75 82 169
c 25 29 10 16 150
c 79 80 60 64 156
c 69 67 60 62 46
c 87 91 85 89 72
c 61 64 5 9 122
c 66 69 78 81 104
c 13 17 19 21 169
c 74 79 25 32 170
c 48 50 35 76 149
c 30 74 88 89 130
c 87 91 36 42 178
c 9 15 1 3 126
c 62 63 22 23 160
c 97 0 87 93 105
c 86 91 43 46 171
c 49 53 42 92 34
c 25 33 86 2 168
c 1 47 86 90 154
c 52 54 76 87 189
c 5 10 13 18 103
c 44 68 90 94 132
c 84 86 77 83 191
c 7 8 21 27 195
c 50 63 41 54 26
c 38 41 86 93 182
c 63 92 70 79 92
c 35 73 23 24 124
c 54 10 12 17 83
c 25 32 46 34 31
c 60 27 18 20 63
c 89 92 78 0 146
c 78 39 76 81 131
c 90 72 42 49 56
c 39 5 0 78 185
c 69 74 22 23 125
c 92 59 60 95 140
c 44 13 72 63 84
c 7 9 17 23 37
c 80 83 54 58 168
c 50 52 32 63 176
c 60 95 8 15 28
c 7 83 28 13 179
c 65 69 66 42 87
c 56 28 82 87 144
c 32 33 5 10 56
c 7 18 34 40 178
c 52 53 21 28 119
c 66 71 89 27 111
c 32 35 75 82 153
c 74 48 65 68 132
c 57 63 57 62 75
c 94 1 6 12 43
c 56 33 49 54 173
c 46 53 76 79 90
c 51 54 23 28 95
c 60 80 30 34 85
c 33 43 34 77 194
c 77 80 35 38 117
c 68 36 58 59 120
c 7 14 97 1 160
c 74 50 35 40 98
c 66 67 5 15 145
c 50 81 57 64 176
c 37 41 39 46 153
c 55 57 86 92 129
c 60 61 12 14 180
c 92 47 24 23 128
c 45 78 2 9 148
c 33 36 89 95 187
c 32 35 77 47 150
c 87 36 84 91 148
c 10 13 8 10 64
c 27 30 60 80 61
c 73 80 77 83 134
c 64 70 89 94 71
c 83 48 55 73 80
c 72 78 28 13 150
c 59 44 0 3 100
c 6 24 44 40 174
c 86 92 78 82 33
c 33 19 19 25 162
c 3 4 24 45 162
c 16 19 27 32 103
c 29 34 82 15 77
c 10 14 87 94 169
c 80 87 86 63 71
c 29 41 37 78 167
c 49 56 40 7 94
c 32 35 85 89 129
c 16 26 99 0 172
c 57 62 15 20 152
c 17 22 67 68 92
c 32 38 46 48 167
c 7 10 2 29 126
c 62 64 86 2 104
c 25 33 6 11 178
c 54 59 82 48 41
c 28 30 73 75 121
c 33 19 29 34 30
c 92 59 40 7 199
c 35 9 93 94 176
c 48 51 22 49 76
c 76 78 83 59 116
c 95 0 59 62 189
c 83 88 97 99 120
c 21 58 26 32 177
