notes: n=100, m=1046, elb=1, eub=20, conf_density=0.001, clb=25, cub= 200, seed= 6870
p spec 100 1046 546
s 99
t 6
a 0 1 17
a 0 2 4
a 0 3 15
a 0 4 4
a 0 5 4
a 0 6 13
a 0 7 15
a 0 43 10
a 0 80 1
a 0 78 4
a 0 59 7
a 1 2 15
a 1 3 12
a 1 4 18
a 1 5 7
a 1 6 8
a 1 7 4
a 1 8 2
a 1 37 6
a 1 61 16
a 1 47 2
a 1 63 4
a 2 3 15
a 2 4 9
a 2 5 6
a 2 6 2
a 2 7 6
a 2 8 4
a 2 9 11
a 2 29 1
a 2 20 6
a 3 4 16
a 3 5 3
a 3 6 18
a 3 7 3
a 3 8 5
a 3 9 18
a 3 10 7
a 3 61 4
a 3 58 10
a 3 95 1
a 4 5 2
a 4 6 7
a 4 7 1
a 4 8 19
a 4 9 13
a 4 10 4
a 4 11 12
a 4 32 11
a 4 56 14
a 4 86 11
a 4 66 19
a 5 6 8
a 5 7 3
a 5 8 8
a 5 9 1
a 5 10 1
a 5 11 11
a 5 12 16
a 5 15 13
a 5 61 12
a 6 7 13
a 6 8 12
a 6 9 19
a 6 10 5
a 6 11 7
a 6 12 10
a 6 13 6
a 6 84 19
a 6 24 4
a 6 50 17
a 6 78 16
a 7 8 4
a 7 9 1
a 7 10 15
a 7 11 6
a 7 12 11
a 7 13 9
a 7 14 5
a 7 83 12
a 7 18 14
a 7 47 19
a 7 55 11
a 43 44 3
a 43 45 3
a 43 46 17
a 43 47 10
a 43 48 17
a 43 49 18
a 43 50 17
a 43 53 4
a 80 81 5
a 80 82 14
a 80 83 11
a 80 84 9
a 80 85 3
a 80 86 4
a 80 87 5
a 80 19 13
a 80 40 15
a 80 75 14
a 80 35 8
a 80 21 17
a 80 34 1
a 80 46 2
a 78 79 8
a 78 80 16
a 78 81 9
a 78 82 8
a 78 83 11
a 78 84 15
a 78 85 7
a 78 5 6
a 78 9 5
a 78 39 16
a 78 30 5
a 78 0 17
a 59 60 12
a 59 61 14
a 59 62 12
a 59 63 10
a 59 64 4
a 59 65 19
a 59 66 2
a 59 44 2
a 59 96 1
a 59 22 4
a 59 99 11
a 8 9 3
a 8 10 6
a 8 11 9
a 8 12 11
a 8 13 14
a 8 14 18
a 8 15 6
a 8 91 8
a 8 3 11
a 8 38 16
a 37 38 12
a 37 39 17
a 37 40 18
a 37 41 6
a 37 42 6
a 37 43 13
a 37 44 2
a 37 78 13
a 37 51 15
a 37 55 12
a 37 59 16
a 37 68 12
a 61 62 9
a 61 63 9
a 61 64 11
a 61 65 5
a 61 66 9
a 61 67 19
a 61 68 3
a 61 95 13
a 61 24 9
a 47 48 11
a 47 49 7
a 47 50 14
a 47 51 11
a 47 52 17
a 47 53 16
a 47 54 1
a 47 40 10
a 47 15 16
a 47 4 7
a 63 64 1
a 63 65 2
a 63 66 10
a 63 67 13
a 63 68 2
a 63 69 2
a 63 70 11
a 63 56 19
a 63 92 12
a 63 17 14
a 63 51 17
a 63 42 1
a 63 14 16
a 63 58 15
a 9 10 8
a 9 11 19
a 9 12 14
a 9 13 6
a 9 14 10
a 9 15 19
a 9 16 16
a 9 92 13
a 9 21 18
a 9 78 8
a 9 89 10
a 9 28 15
a 29 30 13
a 29 31 16
a 29 32 5
a 29 33 5
a 29 34 9
a 29 35 2
a 29 36 19
a 29 41 18
a 29 63 18
a 29 83 10
a 29 51 4
a 20 21 19
a 20 22 5
a 20 23 13
a 20 24 2
a 20 25 1
a 20 26 1
a 20 27 3
a 20 16 2
a 20 7 7
a 20 40 1
a 10 11 19
a 10 12 14
a 10 13 7
a 10 14 9
a 10 15 14
a 10 16 14
a 10 17 18
a 58 59 9
a 58 60 18
a 58 61 5
a 58 62 19
a 58 63 9
a 58 64 13
a 58 65 13
a 58 72 15
a 58 9 18
a 95 96 9
a 95 97 17
a 95 98 3
a 95 99 8
a 95 0 8
a 95 1 5
a 95 2 7
a 95 47 7
a 95 85 14
a 95 66 14
a 95 18 14
a 11 12 10
a 11 13 1
a 11 14 16
a 11 15 3
a 11 16 14
a 11 17 10
a 11 18 19
a 11 56 8
a 32 33 2
a 32 34 8
a 32 35 3
a 32 36 9
a 32 37 14
a 32 38 15
a 32 39 11
a 32 69 10
a 32 93 11
a 32 63 14
a 56 57 18
a 56 58 14
a 56 59 19
a 56 60 17
a 56 61 7
a 56 62 12
a 56 63 17
a 56 71 10
a 56 28 9
a 56 33 10
a 86 87 14
a 86 88 11
a 86 89 12
a 86 90 4
a 86 91 17
a 86 92 2
a 86 93 9
a 86 21 13
a 86 2 11
a 86 63 3
a 66 67 10
a 66 68 7
a 66 69 13
a 66 70 11
a 66 71 7
a 66 72 14
a 66 73 18
a 66 92 4
a 66 60 17
a 66 5 15
a 66 42 14
a 66 56 11
a 12 13 14
a 12 14 11
a 12 15 8
a 12 16 19
a 12 17 7
a 12 18 12
a 12 19 7
a 12 75 10
a 12 28 10
a 12 60 19
a 15 16 4
a 15 17 1
a 15 18 16
a 15 19 19
a 15 20 6
a 15 21 16
a 15 22 16
a 15 26 19
a 13 14 8
a 13 15 6
a 13 16 2
a 13 17 3
a 13 18 14
a 13 19 4
a 13 20 11
a 13 24 18
a 13 70 9
a 13 55 11
a 13 58 14
a 84 85 3
a 84 86 7
a 84 87 17
a 84 88 7
a 84 89 18
a 84 90 12
a 84 91 18
a 84 0 1
a 84 12 14
a 84 62 9
a 84 37 16
a 24 25 6
a 24 26 3
a 24 27 17
a 24 28 11
a 24 29 15
a 24 30 9
a 24 31 18
a 24 23 11
a 24 46 1
a 24 45 2
a 24 69 10
a 24 76 10
a 50 51 11
a 50 52 13
a 50 53 11
a 50 54 9
a 50 55 1
a 50 56 14
a 50 57 3
a 50 36 1
a 50 81 17
a 50 63 18
a 50 46 19
a 50 67 15
a 14 15 17
a 14 16 18
a 14 17 10
a 14 18 13
a 14 19 3
a 14 20 5
a 14 21 10
a 14 2 1
a 83 84 8
a 83 85 18
a 83 86 13
a 83 87 10
a 83 88 11
a 83 89 14
a 83 90 5
a 83 79 5
a 83 15 2
a 83 59 7
a 83 48 14
a 18 19 4
a 18 20 9
a 18 21 10
a 18 22 14
a 18 23 1
a 18 24 7
a 18 25 9
a 18 31 8
a 18 62 19
a 18 96 6
a 55 56 13
a 55 57 17
a 55 58 9
a 55 59 14
a 55 60 11
a 55 61 3
a 55 62 6
a 55 68 7
a 55 73 9
a 55 81 13
a 91 92 14
a 91 93 11
a 91 94 18
a 91 95 1
a 91 96 18
a 91 97 10
a 91 98 9
a 91 19 18
a 91 74 18
a 38 39 6
a 38 40 1
a 38 41 3
a 38 42 19
a 38 43 9
a 38 44 5
a 38 45 15
a 38 32 14
a 38 76 4
a 16 17 2
a 16 18 18
a 16 19 6
a 16 20 14
a 16 21 14
a 16 22 14
a 16 23 6
a 16 97 9
a 16 12 19
a 16 26 6
a 92 93 1
a 92 94 4
a 92 95 8
a 92 96 17
a 92 97 16
a 92 98 13
a 92 99 11
a 92 7 16
a 92 74 9
a 92 47 2
a 92 85 9
a 92 59 14
a 21 22 11
a 21 23 11
a 21 24 10
a 21 25 6
a 21 26 2
a 21 27 10
a 21 28 15
a 21 58 16
a 21 99 3
a 21 41 15
a 21 0 2
a 89 90 5
a 89 91 15
a 89 92 1
a 89 93 9
a 89 94 7
a 89 95 4
a 89 96 18
a 89 74 2
a 89 33 17
a 89 56 11
a 89 27 3
a 28 29 2
a 28 30 18
a 28 31 10
a 28 32 18
a 28 33 12
a 28 34 6
a 28 35 16
a 28 13 16
a 17 18 11
a 17 19 1
a 17 20 9
a 17 21 1
a 17 22 3
a 17 23 15
a 17 24 11
a 17 76 1
a 17 16 16
a 17 65 3
a 17 54 17
a 19 20 8
a 19 21 13
a 19 22 8
a 19 23 18
a 19 24 10
a 19 25 11
a 19 26 19
a 19 50 8
a 19 10 2
a 19 70 17
a 75 76 4
a 75 77 8
a 75 78 11
a 75 79 3
a 75 80 2
a 75 81 9
a 75 82 18
a 75 95 12
a 75 28 3
a 60 61 7
a 60 62 19
a 60 63 19
a 60 64 16
a 60 65 4
a 60 66 10
a 60 67 3
a 60 21 19
a 60 27 4
a 60 95 1
a 60 59 14
a 60 80 13
a 60 28 2
a 70 71 1
a 70 72 1
a 70 73 2
a 70 74 9
a 70 75 6
a 70 76 14
a 70 77 9
a 70 79 17
a 70 98 16
a 70 50 8
a 70 14 11
a 22 23 8
a 22 24 6
a 22 25 11
a 22 26 3
a 22 27 1
a 22 28 19
a 22 29 11
a 22 2 9
a 22 62 6
a 22 18 9
a 22 49 15
a 26 27 14
a 26 28 11
a 26 29 14
a 26 30 18
a 26 31 8
a 26 32 1
a 26 33 3
a 26 34 16
a 26 8 1
a 23 24 10
a 23 25 17
a 23 26 6
a 23 27 6
a 23 28 4
a 23 29 10
a 23 30 8
a 23 92 19
a 23 90 10
a 23 51 12
a 23 43 3
a 23 60 5
a 97 98 12
a 97 99 4
a 97 0 5
a 97 1 1
a 97 2 19
a 97 3 1
a 97 4 6
a 97 91 16
a 97 40 3
a 97 60 7
a 97 6 9
a 76 77 9
a 76 78 1
a 76 79 9
a 76 80 12
a 76 81 9
a 76 82 7
a 76 83 2
a 76 36 11
a 76 87 11
a 65 66 13
a 65 67 15
a 65 68 12
a 65 69 2
a 65 70 12
a 65 71 15
a 65 72 2
a 65 42 2
a 65 85 15
a 65 38 19
a 65 46 7
a 54 55 15
a 54 56 8
a 54 57 11
a 54 58 5
a 54 59 9
a 54 60 9
a 54 61 5
a 54 0 7
a 54 10 19
a 54 81 2
a 54 24 5
a 54 92 2
a 54 5 4
a 25 26 14
a 25 27 1
a 25 28 13
a 25 29 10
a 25 30 13
a 25 31 19
a 25 32 13
a 25 74 5
a 25 82 16
a 25 98 3
a 25 33 17
a 31 32 3
a 31 33 18
a 31 34 4
a 31 35 3
a 31 36 9
a 31 37 4
a 31 38 12
a 31 19 12
a 31 8 10
a 31 12 16
a 62 63 8
a 62 64 5
a 62 65 3
a 62 66 1
a 62 67 10
a 62 68 9
a 62 69 5
a 62 36 19
a 96 97 14
a 96 98 18
a 96 99 14
a 96 0 13
a 96 1 3
a 96 2 18
a 96 3 10
a 96 60 15
a 96 25 16
a 96 39 16
a 96 48 7
a 27 28 19
a 27 29 18
a 27 30 3
a 27 31 12
a 27 32 3
a 27 33 17
a 27 34 5
a 27 57 17
a 27 82 14
a 27 20 8
a 40 41 18
a 40 42 18
a 40 43 11
a 40 44 5
a 40 45 11
a 40 46 11
a 40 47 12
a 40 4 6
a 40 25 12
a 40 7 13
a 99 0 15
a 99 1 16
a 99 2 14
a 99 3 17
a 99 4 17
a 99 5 5
a 99 6 15
a 99 54 19
a 99 34 1
a 41 42 1
a 41 43 6
a 41 44 2
a 41 45 3
a 41 46 1
a 41 47 8
a 41 48 3
a 41 40 11
a 41 54 8
a 41 16 14
a 49 50 19
a 49 51 2
a 49 52 14
a 49 53 12
a 49 54 15
a 49 55 11
a 49 56 19
a 49 3 18
a 49 76 5
a 49 45 14
a 30 31 16
a 30 32 9
a 30 33 16
a 30 34 11
a 30 35 4
a 30 36 19
a 30 37 6
a 30 88 2
a 30 78 4
a 30 74 13
a 30 46 14
a 90 91 9
a 90 92 1
a 90 93 13
a 90 94 2
a 90 95 6
a 90 96 9
a 90 97 11
a 90 3 10
a 90 72 15
a 51 52 11
a 51 53 2
a 51 54 15
a 51 55 11
a 51 56 8
a 51 57 16
a 51 58 1
a 51 35 5
a 46 47 3
a 46 48 14
a 46 49 17
a 46 50 14
a 46 51 18
a 46 52 19
a 46 53 11
a 46 34 2
a 46 65 18
a 46 56 7
a 46 59 5
a 46 43 18
a 45 46 1
a 45 47 6
a 45 48 5
a 45 49 13
a 45 50 3
a 45 51 1
a 45 52 3
a 45 78 13
a 69 70 2
a 69 71 14
a 69 72 11
a 69 73 17
a 69 74 2
a 69 75 2
a 69 76 11
a 69 96 16
a 69 16 9
a 69 67 12
a 74 75 16
a 74 76 7
a 74 77 19
a 74 78 15
a 74 79 2
a 74 80 1
a 74 81 8
a 74 50 12
a 74 56 4
a 74 46 9
a 74 48 8
a 82 83 4
a 82 84 12
a 82 85 4
a 82 86 2
a 82 87 17
a 82 88 12
a 82 89 16
a 82 41 9
a 82 11 19
a 82 99 1
a 82 15 17
a 82 50 19
a 82 48 3
a 82 75 1
a 98 99 17
a 98 0 18
a 98 1 11
a 98 2 15
a 98 3 17
a 98 4 16
a 98 5 12
a 98 13 16
a 98 67 8
a 98 54 15
a 33 34 2
a 33 35 13
a 33 36 12
a 33 37 14
a 33 38 10
a 33 39 14
a 33 40 2
a 33 22 16
a 33 19 5
a 33 79 1
a 33 72 11
a 33 43 9
a 34 35 14
a 34 36 5
a 34 37 2
a 34 38 1
a 34 39 12
a 34 40 5
a 34 41 8
a 34 77 15
a 34 5 12
a 34 43 14
a 34 22 6
a 34 84 5
a 57 58 15
a 57 59 17
a 57 60 8
a 57 61 13
a 57 62 10
a 57 63 4
a 57 64 9
a 57 3 11
a 57 39 2
a 35 36 10
a 35 37 9
a 35 38 5
a 35 39 9
a 35 40 19
a 35 41 16
a 35 42 17
a 35 9 4
a 35 48 3
a 35 60 1
a 35 73 3
a 35 98 5
a 35 76 16
a 36 37 14
a 36 38 16
a 36 39 6
a 36 40 15
a 36 41 16
a 36 42 7
a 36 43 15
a 36 34 8
a 36 9 9
a 36 35 13
a 36 8 19
a 88 89 5
a 88 90 7
a 88 91 12
a 88 92 19
a 88 93 8
a 88 94 18
a 88 95 15
a 88 36 15
a 88 8 5
a 88 67 16
a 88 49 9
a 88 31 4
a 39 40 19
a 39 41 14
a 39 42 6
a 39 43 8
a 39 44 6
a 39 45 14
a 39 46 1
a 39 65 15
a 39 81 13
a 39 51 6
a 39 5 6
a 39 18 16
a 39 49 12
a 93 94 4
a 93 95 3
a 93 96 17
a 93 97 5
a 93 98 16
a 93 99 14
a 93 0 15
a 93 71 4
a 93 50 8
a 93 76 19
a 93 59 1
a 79 80 7
a 79 81 17
a 79 82 3
a 79 83 10
a 79 84 8
a 79 85 5
a 79 86 19
a 79 99 12
a 79 62 8
a 79 93 17
a 72 73 13
a 72 74 5
a 72 75 15
a 72 76 6
a 72 77 16
a 72 78 14
a 72 79 14
a 72 23 8
a 72 63 2
a 72 98 10
a 72 6 19
a 77 78 1
a 77 79 6
a 77 80 8
a 77 81 4
a 77 82 8
a 77 83 5
a 77 84 10
a 77 47 6
a 77 69 12
a 77 44 8
a 77 56 6
a 42 43 19
a 42 44 5
a 42 45 15
a 42 46 1
a 42 47 3
a 42 48 16
a 42 49 17
a 42 92 18
a 48 49 4
a 48 50 19
a 48 51 14
a 48 52 19
a 48 53 4
a 48 54 6
a 48 55 19
a 48 74 15
a 48 16 15
a 73 74 7
a 73 75 7
a 73 76 4
a 73 77 11
a 73 78 15
a 73 79 11
a 73 80 8
a 73 40 5
a 73 37 15
a 73 55 2
a 73 49 15
a 44 45 17
a 44 46 3
a 44 47 3
a 44 48 3
a 44 49 18
a 44 50 3
a 44 51 13
a 44 40 18
a 44 13 17
a 44 68 3
a 68 69 16
a 68 70 8
a 68 71 15
a 68 72 14
a 68 73 13
a 68 74 4
a 68 75 19
a 68 15 11
a 68 46 8
a 68 92 12
a 68 36 6
a 81 82 1
a 81 83 4
a 81 84 2
a 81 85 6
a 81 86 2
a 81 87 13
a 81 88 6
a 81 74 17
a 81 64 5
a 81 71 3
a 81 35 10
a 81 26 11
a 81 43 15
a 53 54 13
a 53 55 13
a 53 56 17
a 53 57 4
a 53 58 7
a 53 59 19
a 53 60 4
a 53 21 7
a 53 23 13
a 53 4 14
a 53 52 2
a 52 53 3
a 52 54 11
a 52 55 18
a 52 56 14
a 52 57 19
a 52 58 5
a 52 59 12
a 52 94 13
a 52 1 2
a 52 82 18
a 67 68 11
a 67 69 7
a 67 70 19
a 67 71 4
a 67 72 3
a 67 73 18
a 67 74 15
a 67 8 19
a 67 21 19
a 67 89 12
a 67 58 8
a 67 90 17
a 94 95 3
a 94 96 7
a 94 97 15
a 94 98 18
a 94 99 4
a 94 0 11
a 94 1 2
a 94 46 1
a 94 78 13
a 94 16 19
a 71 72 5
a 71 73 14
a 71 74 16
a 71 75 11
a 71 76 10
a 71 77 3
a 71 78 3
a 71 67 10
a 71 89 5
a 71 7 19
a 64 65 16
a 64 66 2
a 64 67 17
a 64 68 1
a 64 69 13
a 64 70 9
a 64 71 18
a 64 96 9
a 64 3 17
a 85 86 16
a 85 87 13
a 85 88 19
a 85 89 2
a 85 90 18
a 85 91 9
a 85 92 19
a 85 70 16
a 85 2 13
a 85 47 4
a 87 88 14
a 87 89 4
a 87 90 7
a 87 91 19
a 87 92 18
a 87 93 9
a 87 94 19
a 87 36 6
a 87 12 1
c 46 52 86 90 49
c 16 22 59 96 145
c 44 45 40 45 73
c 30 31 79 83 172
c 2 6 37 59 97
c 19 21 78 9 94
c 1 63 63 69 42
c 33 39 52 59 85
c 20 26 44 51 129
c 30 33 2 9 188
c 16 97 79 62 137
c 94 97 30 78 155
c 3 10 34 38 190
c 37 38 12 15 183
c 78 30 70 14 125
c 1 7 87 12 46
c 86 90 49 50 102
c 96 98 69 75 162
c 76 80 37 40 118
c 51 35 45 50 56
c 81 83 77 47 174
c 61 65 34 84 37
c 68 36 57 58 122
c 57 64 3 9 61
c 36 9 35 41 68
c 45 78 35 60 83
c 86 2 3 5 125
c 41 45 6 50 114
c 60 80 98 2 169
c 35 36 36 34 114
c 37 55 29 33 128
c 59 22 76 87 118
c 54 55 93 50 169
c 34 84 88 8 162
c 31 8 15 22 88
c 46 59 77 81 148
c 78 39 6 84 170
c 86 93 22 25 125
c 80 87 61 95 180
c 78 0 1 47 163
c 32 39 76 82 103
c 17 54 73 49 105
c 48 16 78 84 72
c 50 63 15 20 26
c 84 88 23 24 44
c 54 92 34 35 36
c 66 71 13 18 182
c 23 60 26 30 134
c 23 43 18 23 66
c 86 88 96 60 76
c 57 63 9 12 26
c 96 39 45 51 110
c 16 17 72 23 117
c 63 51 16 22 136
c 87 88 55 68 146
c 6 8 7 55 63
c 3 4 65 72 27
c 17 20 81 74 61
c 20 21 44 50 149
c 96 48 19 21 111
c 61 68 92 47 91
c 89 92 11 18 197
c 90 3 47 54 167
c 39 5 86 2 165
c 18 22 32 35 106
c 16 97 65 46 147
c 82 48 4 66 81
c 47 15 64 70 34
c 20 16 94 98 46
c 5 15 51 58 168
c 75 81 26 32 27
c 55 59 56 58 124
c 31 33 3 4 143
c 94 97 83 79 74
c 36 41 70 50 48
c 80 86 44 49 159
c 5 10 96 25 157
c 33 19 6 8 93
c 93 94 95 97 30
c 62 63 36 9 176
c 1 63 79 93 122
c 75 82 35 73 172
c 74 79 92 97 113
c 80 34 84 37 77
c 0 78 52 82 182
c 42 46 71 75 114
c 14 19 74 79 97
c 93 96 0 59 43
c 74 80 62 63 160
c 83 86 63 64 131
c 6 78 74 77 128
c 27 33 88 90 186
c 77 79 62 66 172
c 54 5 46 53 65
c 15 22 48 49 54
c 82 88 94 46 133
c 90 72 80 84 67
c 24 45 15 19 186
c 48 49 78 80 195
c 45 52 36 39 77
c 93 94 15 21 117
c 29 32 6 12 37
c 95 1 91 93 181
c 41 47 46 51 48
c 7 8 95 18 164
c 67 72 31 12 105
c 19 70 39 49 100
c 24 46 17 76 178
c 87 91 31 37 165
c 34 36 91 95 94
c 82 48 26 29 159
c 89 95 53 52 89
c 20 22 56 57 34
c 43 49 98 99 129
c 1 2 6 9 25
c 99 1 59 65 25
c 25 28 35 37 47
c 8 14 92 47 170
c 23 30 75 80 150
c 24 25 88 49 135
c 86 92 85 90 85
c 89 74 11 17 179
c 27 32 18 25 97
c 78 83 6 84 172
c 20 27 63 14 70
c 59 60 40 44 143
c 73 75 19 23 108
c 88 8 51 56 184
c 42 49 0 80 70
c 84 91 41 16 187
c 25 27 55 58 84
c 53 59 46 59 166
c 60 28 28 32 132
c 16 18 40 45 98
c 39 43 93 95 167
c 72 63 93 71 51
c 82 15 59 44 145
c 72 78 2 6 27
c 80 34 68 36 47
c 81 83 38 42 120
c 66 68 56 60 147
c 48 49 45 49 105
c 31 37 6 12 130
c 57 3 60 28 102
c 97 3 79 80 155
c 30 37 89 93 41
c 51 53 70 73 156
c 77 69 23 51 141
c 9 16 95 66 126
c 31 34 72 23 166
c 84 89 66 71 111
c 62 36 46 48 178
c 90 97 68 72 100
c 48 54 52 55 50
c 55 62 79 99 144
c 42 46 19 25 127
c 40 4 47 50 103
c 3 8 3 10 35
c 66 42 0 78 26
c 54 5 86 93 104
c 51 52 60 66 29
c 1 37 57 58 146
c 76 79 44 46 155
c 63 42 62 64 158
c 83 90 75 76 180
c 49 53 50 56 81
c 74 80 26 8 150
c 72 77 89 91 180
c 5 10 74 81 42
c 40 42 6 50 64
c 77 78 47 49 84
c 36 41 0 59 151
c 40 41 77 80 79
c 46 59 2 6 60
c 32 35 34 38 151
c 97 40 97 6 102
c 96 97 97 1 104
c 93 94 91 19 143
c 54 0 40 45 87
c 41 43 91 74 63
c 59 60 13 70 92
c 75 77 17 21 121
c 65 85 79 83 68
c 88 90 93 50 112
c 43 50 89 95 52
c 73 75 90 3 134
c 26 27 5 9 153
c 21 23 71 89 153
c 84 89 68 73 132
c 75 79 77 47 174
c 78 5 65 70 78
c 55 58 69 72 132
c 1 3 44 13 192
c 42 44 96 99 97
c 42 44 4 9 160
c 20 25 43 45 77
c 72 74 86 63 120
c 15 17 95 2 33
c 19 21 6 50 140
c 87 12 69 76 37
c 1 5 95 98 171
c 96 2 22 2 168
c 30 46 34 41 39
c 45 50 71 7 189
c 30 37 64 66 182
c 77 69 76 36 188
c 21 27 42 49 35
c 56 33 74 46 77
c 19 50 82 41 28
c 35 73 75 78 83
c 94 98 22 26 50
c 30 36 67 70 78
c 53 52 91 96 70
c 72 77 72 23 57
c 73 76 44 45 53
c 90 96 87 93 27
c 14 19 68 71 64
c 96 98 59 99 145
c 88 49 72 23 40
c 14 19 18 20 117
c 84 89 73 74 73
c 36 40 44 40 130
c 48 52 52 53 122
c 31 33 64 67 70
c 33 38 62 65 34
c 39 45 84 62 132
c 85 89 54 59 168
c 47 54 81 26 82
c 1 7 65 85 166
c 61 68 36 34 28
c 0 6 55 73 74
c 83 89 57 61 38
c 75 80 14 20 109
c 55 81 14 2 35
c 63 14 37 78 98
c 63 14 78 81 26
c 88 92 7 55 93
c 85 86 19 23 94
c 3 95 67 89 110
c 60 27 84 0 193
c 43 47 92 85 90
c 50 53 37 41 172
c 97 40 93 99 57
c 26 33 8 10 39
c 23 92 10 12 113
c 79 85 37 55 176
c 17 21 6 9 39
c 95 99 3 58 182
c 57 64 8 14 165
c 60 28 41 48 111
c 35 37 30 35 141
c 28 33 51 54 190
c 2 4 33 19 184
c 22 26 15 19 154
c 6 10 84 91 66
c 48 74 23 27 120
c 28 32 93 95 79
c 28 13 35 37 193
c 8 9 98 1 125
c 64 67 26 29 33
c 1 61 89 94 99
c 58 62 71 76 166
c 19 26 40 45 34
c 80 86 80 35 44
c 93 95 82 50 181
c 31 35 11 13 167
c 66 69 53 57 50
c 1 61 65 72 139
c 2 3 22 49 120
c 71 67 63 67 91
c 78 39 60 62 194
c 80 34 56 71 78
c 72 77 39 46 55
c 94 99 51 54 49
c 34 77 76 79 34
c 38 40 3 10 142
c 47 49 30 31 79
c 52 55 97 98 163
c 45 46 79 84 63
c 9 10 44 49 147
c 54 81 60 95 118
c 53 58 3 95 99
c 3 58 22 23 50
c 64 68 19 50 159
c 90 91 82 15 77
c 60 66 22 26 156
c 45 49 66 70 176
c 37 43 12 19 56
c 86 2 25 30 178
c 68 71 46 59 54
c 32 93 81 87 88
c 95 47 97 2 93
c 17 21 7 47 109
c 7 9 18 20 89
c 35 60 20 25 66
c 64 70 49 56 56
c 86 2 79 81 152
c 41 43 97 1 123
c 42 46 76 36 75
c 51 35 82 50 62
c 13 18 42 47 167
c 76 36 38 43 82
c 86 21 22 24 32
c 73 55 50 51 105
c 5 9 76 87 198
c 32 93 9 21 49
c 34 37 51 52 79
c 64 66 6 78 46
c 86 21 98 3 62
c 63 92 3 95 116
c 35 60 84 37 145
c 80 82 54 58 71
c 87 36 77 82 164
c 67 8 74 78 138
c 48 52 96 0 35
c 94 99 7 12 93
c 7 13 47 40 25
c 88 92 80 75 111
c 51 56 71 77 153
c 62 67 94 97 139
c 81 82 31 35 80
c 79 93 12 16 190
c 6 11 28 32 177
c 89 96 17 76 162
c 67 58 67 8 153
c 53 21 22 62 94
c 91 94 50 53 133
c 28 31 96 25 71
c 85 90 97 40 147
c 38 42 79 82 44
c 89 33 20 22 86
c 77 78 96 48 124
c 46 56 98 3 84
c 52 53 79 85 165
c 54 61 57 60 127
c 45 51 59 64 151
c 15 22 37 68 75
c 24 27 27 34 127
c 21 24 52 58 143
c 54 57 64 69 170
c 94 16 80 86 32
c 3 7 25 30 159
c 71 78 78 81 44
c 63 64 89 96 181
c 11 16 13 16 177
c 95 98 6 10 157
c 72 98 29 36 82
c 21 28 85 88 186
c 97 1 23 60 99
c 11 18 96 97 28
c 61 24 67 72 55
c 54 56 63 64 154
c 8 10 45 78 56
c 40 46 89 33 80
c 81 43 13 19 50
c 83 89 47 15 51
c 60 67 83 89 153
c 33 34 70 50 64
c 13 16 9 16 198
c 93 94 34 38 125
c 64 66 58 64 31
c 99 0 20 40 116
c 23 26 11 18 57
c 71 67 72 76 93
c 16 97 47 52 68
c 0 78 87 36 184
c 35 41 89 91 109
c 44 48 15 19 122
c 36 42 58 65 83
c 19 70 32 34 135
c 63 14 57 58 160
c 4 66 25 32 187
c 71 77 95 47 175
c 49 53 28 34 92
c 53 21 53 59 162
c 63 67 82 48 163
c 63 68 81 43 193
c 77 82 63 64 135
c 58 60 57 64 64
c 25 82 56 63 183
c 4 86 26 30 122
c 67 21 55 57 154
c 35 37 13 18 189
c 43 53 87 91 100
c 67 74 17 16 150
c 60 59 21 28 44
c 20 22 46 49 102
c 28 32 69 75 79
c 81 64 98 13 194
c 65 85 47 51 124
c 95 85 57 61 42
c 16 22 97 3 117
c 11 15 10 13 136
c 43 48 27 57 79
c 91 74 31 37 174
c 82 11 88 94 128
c 41 42 46 43 197
c 9 78 39 43 59
c 19 25 69 76 81
c 78 9 49 76 172
c 54 60 45 46 80
c 38 45 51 58 54
c 19 24 91 98 120
c 65 71 52 54 142
c 98 4 17 65 195
c 93 98 96 25 85
c 96 39 26 34 155
c 87 90 83 84 190
c 63 14 23 26 104
c 94 46 43 53 123
c 19 25 78 30 43
c 56 60 32 69 39
c 1 6 28 30 195
c 16 18 24 31 33
c 72 63 52 58 185
c 77 69 16 21 175
c 34 37 13 15 52
c 63 70 51 57 109
c 48 50 29 31 133
c 31 12 71 78 75
c 24 45 19 22 100
c 75 77 22 18 126
c 24 45 5 6 141
c 58 59 61 24 87
c 47 15 26 28 169
c 2 29 30 33 164
c 31 35 85 70 156
c 29 35 61 66 49
c 71 74 13 16 165
c 89 27 93 97 103
c 33 72 97 60 54
c 93 95 33 72 32
c 34 43 96 99 115
c 50 54 54 60 27
c 99 4 82 75 93
c 34 38 36 37 39
c 81 87 28 32 185
c 84 85 60 61 25
c 50 53 59 61 167
c 52 56 52 53 170
c 17 16 11 18 36
c 71 67 7 83 25
c 30 33 79 85 59
c 8 13 68 92 79
c 65 85 76 81 46
c 74 77 16 21 48
c 49 53 46 47 67
c 68 36 85 88 124
c 32 35 44 47 136
c 36 42 9 28 51
c 59 96 36 37 99
c 78 81 24 27 106
c 25 26 67 69 162
c 44 48 25 29 147
c 65 38 19 25 87
c 77 56 29 36 115
c 39 45 36 42 176
c 52 57 96 2 108
c 77 78 1 3 177
c 2 8 67 8 28
c 20 25 90 3 57
c 16 21 92 93 78
c 11 18 74 78 40
c 74 56 72 79 180
c 96 2 61 62 54
c 98 4 63 58 174
c 88 49 98 54 196
c 63 66 86 93 193
c 56 28 59 99 67
c 16 20 82 11 181
c 17 19 75 80 83
c 82 84 48 74 176
c 14 21 99 5 161
c 14 18 94 96 156
c 89 95 21 41 56
c 51 53 77 81 60
c 80 84 59 63 140
c 2 9 66 92 28
c 3 10 82 87 78
c 87 94 77 84 196
c 13 70 97 40 154
c 23 25 55 68 185
c 81 64 83 90 190
c 18 20 11 17 89
c 50 36 91 94 68
c 48 55 44 51 108
c 76 36 16 19 34
c 62 66 83 84 40
c 70 98 72 76 180
c 17 76 0 2 184
c 31 32 95 85 79
c 82 89 65 46 54
c 47 52 97 0 150
c 40 47 29 36 47
c 2 5 50 46 187
c 57 62 78 80 40
c 50 63 99 1 111
c 62 69 9 13 140
c 96 25 23 24 106
c 21 22 16 20 91
c 50 63 17 24 199
c 32 34 98 2 84
c 10 15 9 78 168
c 33 36 93 50 157
c 77 69 85 47 177
c 1 4 10 12 195
c 54 81 11 17 77
c 79 80 34 22 70
c 30 74 1 61 138
c 75 81 39 40 190
c 87 93 96 3 64
c 29 41 87 91 53
c 85 87 4 56 87
c 97 3 13 70 37
c 2 7 68 70 152
c 9 78 49 52 73
c 85 87 22 24 149
c 32 36 10 12 81
c 53 52 84 85 52
c 69 96 80 85 137
c 52 58 81 86 132
c 23 25 48 51 42
c 1 47 30 36 25
c 54 81 60 64 69
c 56 60 59 96 123
c 66 60 29 63 82
c 89 91 97 3 102
c 10 17 65 70 89
c 50 51 46 51 64
c 58 64 49 52 29
c 88 90 94 99 31
c 58 62 82 85 161
c 99 6 35 73 56
c 64 71 54 24 45
c 67 90 46 53 96
c 89 94 49 56 137
c 60 95 51 57 27
c 81 87 41 54 142
c 39 18 78 82 34
c 23 25 52 55 40
c 81 88 10 15 197
c 93 95 36 38 175
c 37 78 4 7 159
c 47 49 21 28 144
c 51 35 1 63 118
c 10 12 89 27 90
