notes: n=200, m=4517, elb=1, eub=20, conf_density=0.0002, clb=25, cub= 200, seed= 9828
p spec 200 4517 2039
s 86
t 145
a 0 1 12
a 0 2 18
a 0 3 15
a 0 4 8
a 0 5 11
a 0 6 9
a 0 7 6
a 0 8 5
a 0 9 18
a 0 10 13
a 0 11 14
a 0 12 19
a 0 13 5
a 0 14 1
a 0 15 8
a 0 130 3
a 0 141 19
a 0 120 12
a 0 84 1
a 0 53 2
a 0 103 10
a 1 2 6
a 1 3 1
a 1 4 5
a 1 5 15
a 1 6 19
a 1 7 1
a 1 8 10
a 1 9 6
a 1 10 6
a 1 11 5
a 1 12 10
a 1 13 18
a 1 14 3
a 1 15 9
a 1 16 10
a 1 156 6
a 1 68 4
a 1 138 12
a 1 25 18
a 1 41 9
a 1 75 3
a 1 165 19
a 1 107 8
a 1 108 16
a 2 3 1
a 2 4 11
a 2 5 7
a 2 6 16
a 2 7 1
a 2 8 17
a 2 9 4
a 2 10 1
a 2 11 14
a 2 12 2
a 2 13 13
a 2 14 17
a 2 15 3
a 2 16 13
a 2 17 16
a 2 140 11
a 2 123 11
a 2 53 4
a 2 48 19
a 2 141 6
a 2 107 8
a 3 4 14
a 3 5 5
a 3 6 6
a 3 7 11
a 3 8 14
a 3 9 6
a 3 10 18
a 3 11 4
a 3 12 10
a 3 13 12
a 3 14 13
a 3 15 11
a 3 16 17
a 3 17 15
a 3 18 16
a 3 179 11
a 3 96 11
a 3 164 17
a 3 56 12
a 3 189 8
a 3 140 7
a 3 38 12
a 3 135 8
a 4 5 5
a 4 6 3
a 4 7 16
a 4 8 12
a 4 9 10
a 4 10 6
a 4 11 1
a 4 12 15
a 4 13 2
a 4 14 12
a 4 15 15
a 4 16 9
a 4 17 6
a 4 18 16
a 4 19 15
a 4 0 6
a 4 72 10
a 4 143 6
a 4 199 12
a 4 3 12
a 4 178 3
a 4 87 10
a 4 195 16
a 4 21 9
a 4 173 6
a 5 6 3
a 5 7 11
a 5 8 18
a 5 9 12
a 5 10 12
a 5 11 12
a 5 12 15
a 5 13 8
a 5 14 7
a 5 15 8
a 5 16 14
a 5 17 12
a 5 18 6
a 5 19 17
a 5 20 18
a 5 192 7
a 5 81 18
a 5 178 6
a 5 71 3
a 5 44 19
a 5 171 16
a 5 38 16
a 5 140 5
a 6 7 13
a 6 8 5
a 6 9 5
a 6 10 11
a 6 11 19
a 6 12 17
a 6 13 15
a 6 14 16
a 6 15 14
a 6 16 3
a 6 17 11
a 6 18 16
a 6 19 9
a 6 20 6
a 6 21 6
a 6 193 10
a 6 131 2
a 6 56 18
a 6 150 6
a 6 199 8
a 6 142 18
a 6 57 9
a 6 189 15
a 6 102 15
a 7 8 3
a 7 9 10
a 7 10 11
a 7 11 1
a 7 12 18
a 7 13 13
a 7 14 6
a 7 15 18
a 7 16 12
a 7 17 12
a 7 18 12
a 7 19 13
a 7 20 15
a 7 21 6
a 7 22 4
a 7 163 6
a 7 160 13
a 7 99 18
a 7 159 18
a 7 65 17
a 8 9 3
a 8 10 13
a 8 11 9
a 8 12 15
a 8 13 18
a 8 14 14
a 8 15 16
a 8 16 4
a 8 17 13
a 8 18 12
a 8 19 1
a 8 20 6
a 8 21 17
a 8 22 18
a 8 23 15
a 8 31 8
a 8 133 8
a 8 74 12
a 8 67 8
a 8 35 16
a 8 166 4
a 8 197 10
a 8 41 19
a 9 10 15
a 9 11 6
a 9 12 8
a 9 13 11
a 9 14 2
a 9 15 4
a 9 16 6
a 9 17 3
a 9 18 8
a 9 19 12
a 9 20 7
a 9 21 16
a 9 22 10
a 9 23 14
a 9 24 19
a 9 58 13
a 9 147 8
a 9 91 7
a 9 66 6
a 9 97 7
a 9 131 6
a 9 38 8
a 9 152 3
a 9 194 7
a 9 94 14
a 10 11 12
a 10 12 17
a 10 13 2
a 10 14 12
a 10 15 13
a 10 16 16
a 10 17 10
a 10 18 14
a 10 19 3
a 10 20 11
a 10 21 17
a 10 22 11
a 10 23 10
a 10 24 17
a 10 25 3
a 10 67 8
a 10 140 8
a 10 110 16
a 10 161 5
a 10 81 10
a 10 74 3
a 10 118 14
a 10 189 1
a 10 148 3
a 11 12 8
a 11 13 5
a 11 14 3
a 11 15 14
a 11 16 18
a 11 17 17
a 11 18 13
a 11 19 12
a 11 20 19
a 11 21 15
a 11 22 6
a 11 23 11
a 11 24 18
a 11 25 6
a 11 26 15
a 11 115 15
a 11 118 3
a 11 158 12
a 11 59 7
a 11 62 4
a 11 143 5
a 11 126 9
a 11 31 4
a 11 185 8
a 11 61 15
a 12 13 16
a 12 14 3
a 12 15 2
a 12 16 15
a 12 17 13
a 12 18 9
a 12 19 8
a 12 20 10
a 12 21 15
a 12 22 9
a 12 23 12
a 12 24 3
a 12 25 10
a 12 26 16
a 12 27 16
a 12 81 14
a 12 118 18
a 12 133 9
a 12 73 18
a 12 116 18
a 12 95 5
a 12 72 15
a 12 92 19
a 13 14 7
a 13 15 11
a 13 16 11
a 13 17 13
a 13 18 14
a 13 19 11
a 13 20 19
a 13 21 14
a 13 22 11
a 13 23 11
a 13 24 8
a 13 25 12
a 13 26 13
a 13 27 9
a 13 28 8
a 13 199 19
a 13 45 5
a 13 75 6
a 13 62 2
a 13 196 2
a 13 87 15
a 13 56 19
a 13 86 11
a 14 15 19
a 14 16 12
a 14 17 3
a 14 18 15
a 14 19 19
a 14 20 15
a 14 21 9
a 14 22 7
a 14 23 13
a 14 24 4
a 14 25 16
a 14 26 3
a 14 27 13
a 14 28 18
a 14 29 6
a 14 168 8
a 14 107 12
a 14 193 3
a 14 93 10
a 14 140 15
a 14 52 9
a 14 109 6
a 14 161 13
a 14 80 12
a 15 16 9
a 15 17 3
a 15 18 12
a 15 19 15
a 15 20 4
a 15 21 13
a 15 22 3
a 15 23 14
a 15 24 9
a 15 25 14
a 15 26 4
a 15 27 11
a 15 28 5
a 15 29 13
a 15 30 12
a 15 140 16
a 15 155 13
a 15 179 17
a 15 92 5
a 15 110 11
a 15 193 17
a 15 2 10
a 130 131 17
a 130 132 7
a 130 133 8
a 130 134 2
a 130 135 3
a 130 136 2
a 130 137 2
a 130 138 15
a 130 139 10
a 130 140 3
a 130 141 4
a 130 142 5
a 130 143 16
a 130 144 2
a 130 145 7
a 130 62 5
a 130 21 17
a 130 17 8
a 130 124 8
a 130 193 17
a 130 109 9
a 130 37 13
a 130 55 15
a 130 59 16
a 141 142 14
a 141 143 14
a 141 144 12
a 141 145 14
a 141 146 7
a 141 147 8
a 141 148 7
a 141 149 15
a 141 150 6
a 141 151 18
a 141 152 8
a 141 153 16
a 141 154 14
a 141 155 12
a 141 156 19
a 141 109 17
a 141 118 16
a 141 102 6
a 141 93 10
a 141 22 8
a 141 88 1
a 141 78 10
a 120 121 6
a 120 122 1
a 120 123 2
a 120 124 6
a 120 125 9
a 120 126 19
a 120 127 5
a 120 128 8
a 120 129 3
a 120 130 8
a 120 131 2
a 120 132 12
a 120 133 18
a 120 134 7
a 120 135 11
a 120 65 14
a 120 184 19
a 120 0 13
a 120 177 13
a 120 62 13
a 120 165 17
a 120 145 4
a 120 12 18
a 84 85 13
a 84 86 3
a 84 87 12
a 84 88 16
a 84 89 13
a 84 90 9
a 84 91 3
a 84 92 7
a 84 93 16
a 84 94 19
a 84 95 16
a 84 96 3
a 84 97 18
a 84 98 2
a 84 99 9
a 84 45 7
a 84 161 7
a 84 127 13
a 84 138 18
a 84 39 10
a 84 118 7
a 84 151 2
a 84 150 12
a 84 34 13
a 53 54 2
a 53 55 18
a 53 56 19
a 53 57 19
a 53 58 7
a 53 59 5
a 53 60 11
a 53 61 8
a 53 62 18
a 53 63 17
a 53 64 1
a 53 65 10
a 53 66 9
a 53 67 7
a 53 68 15
a 53 106 16
a 53 139 8
a 53 102 4
a 53 166 18
a 53 109 6
a 53 134 9
a 103 104 10
a 103 105 16
a 103 106 16
a 103 107 15
a 103 108 5
a 103 109 2
a 103 110 5
a 103 111 6
a 103 112 16
a 103 113 16
a 103 114 3
a 103 115 6
a 103 116 1
a 103 117 10
a 103 118 5
a 103 158 13
a 103 24 11
a 103 71 9
a 103 101 7
a 103 139 18
a 103 47 5
a 103 1 16
a 103 142 14
a 103 182 2
a 16 17 16
a 16 18 15
a 16 19 1
a 16 20 9
a 16 21 6
a 16 22 17
a 16 23 11
a 16 24 7
a 16 25 11
a 16 26 17
a 16 27 6
a 16 28 10
a 16 29 18
a 16 30 5
a 16 31 11
a 16 123 2
a 16 136 13
a 16 179 19
a 16 107 6
a 16 122 7
a 16 129 12
a 16 35 14
a 156 157 2
a 156 158 7
a 156 159 10
a 156 160 4
a 156 161 18
a 156 162 14
a 156 163 16
a 156 164 1
a 156 165 15
a 156 166 6
a 156 167 18
a 156 168 19
a 156 169 1
a 156 170 8
a 156 171 15
a 156 111 16
a 156 13 3
a 156 184 1
a 156 8 11
a 156 154 16
a 156 124 2
a 156 125 17
a 156 45 15
a 156 191 12
a 156 87 14
a 68 69 16
a 68 70 4
a 68 71 13
a 68 72 11
a 68 73 13
a 68 74 7
a 68 75 8
a 68 76 12
a 68 77 11
a 68 78 8
a 68 79 11
a 68 80 4
a 68 81 10
a 68 82 15
a 68 83 10
a 68 17 17
a 68 2 5
a 68 172 9
a 68 84 14
a 68 42 9
a 68 195 7
a 68 48 10
a 68 91 10
a 138 139 2
a 138 140 15
a 138 141 16
a 138 142 13
a 138 143 7
a 138 144 4
a 138 145 6
a 138 146 6
a 138 147 18
a 138 148 19
a 138 149 10
a 138 150 1
a 138 151 15
a 138 152 18
a 138 153 2
a 138 119 12
a 138 96 10
a 138 45 4
a 138 52 3
a 138 185 8
a 138 83 7
a 138 11 11
a 138 13 11
a 138 85 15
a 138 125 5
a 138 192 7
a 138 181 1
a 138 163 16
a 25 26 4
a 25 27 6
a 25 28 17
a 25 29 19
a 25 30 13
a 25 31 8
a 25 32 13
a 25 33 10
a 25 34 14
a 25 35 8
a 25 36 11
a 25 37 7
a 25 38 7
a 25 39 3
a 25 40 12
a 25 4 3
a 25 138 7
a 25 0 4
a 25 149 9
a 25 77 4
a 25 164 8
a 41 42 4
a 41 43 11
a 41 44 10
a 41 45 1
a 41 46 15
a 41 47 16
a 41 48 8
a 41 49 9
a 41 50 3
a 41 51 12
a 41 52 18
a 41 53 6
a 41 54 16
a 41 55 7
a 41 56 2
a 41 2 10
a 41 22 9
a 41 120 6
a 41 188 18
a 41 6 17
a 41 173 1
a 75 76 18
a 75 77 18
a 75 78 1
a 75 79 11
a 75 80 12
a 75 81 4
a 75 82 19
a 75 83 8
a 75 84 12
a 75 85 17
a 75 86 1
a 75 87 17
a 75 88 18
a 75 89 12
a 75 90 16
a 75 154 9
a 75 16 18
a 75 1 15
a 75 191 3
a 75 13 1
a 75 149 4
a 75 38 4
a 165 166 6
a 165 167 6
a 165 168 7
a 165 169 3
a 165 170 19
a 165 171 6
a 165 172 19
a 165 173 15
a 165 174 4
a 165 175 1
a 165 176 6
a 165 177 10
a 165 178 10
a 165 179 15
a 165 180 1
a 165 133 11
a 165 196 19
a 165 44 14
a 165 60 10
a 165 188 16
a 165 0 8
a 165 103 4
a 165 116 6
a 107 108 6
a 107 109 14
a 107 110 17
a 107 111 18
a 107 112 8
a 107 113 6
a 107 114 6
a 107 115 16
a 107 116 1
a 107 117 11
a 107 118 4
a 107 119 9
a 107 120 13
a 107 121 4
a 107 122 4
a 107 155 1
a 107 55 5
a 107 67 10
a 107 22 13
a 107 141 7
a 107 79 2
a 107 59 15
a 108 109 8
a 108 110 11
a 108 111 14
a 108 112 14
a 108 113 2
a 108 114 7
a 108 115 6
a 108 116 6
a 108 117 11
a 108 118 2
a 108 119 19
a 108 120 19
a 108 121 9
a 108 122 13
a 108 123 1
a 108 61 11
a 108 29 3
a 108 177 2
a 108 31 9
a 108 165 6
a 108 183 12
a 108 20 7
a 108 56 6
a 108 17 12
a 108 9 7
a 108 190 1
a 17 18 8
a 17 19 9
a 17 20 16
a 17 21 1
a 17 22 16
a 17 23 11
a 17 24 12
a 17 25 17
a 17 26 14
a 17 27 17
a 17 28 17
a 17 29 17
a 17 30 15
a 17 31 18
a 17 32 3
a 17 5 15
a 17 67 11
a 17 159 15
a 17 166 16
a 17 130 8
a 17 149 19
a 17 195 2
a 17 176 12
a 17 15 7
a 17 146 5
a 140 141 9
a 140 142 17
a 140 143 6
a 140 144 19
a 140 145 14
a 140 146 18
a 140 147 17
a 140 148 1
a 140 149 7
a 140 150 19
a 140 151 7
a 140 152 8
a 140 153 3
a 140 154 2
a 140 155 11
a 140 168 1
a 140 190 3
a 140 10 8
a 140 45 2
a 140 107 4
a 140 160 8
a 140 156 14
a 123 124 13
a 123 125 14
a 123 126 11
a 123 127 10
a 123 128 13
a 123 129 3
a 123 130 17
a 123 131 7
a 123 132 9
a 123 133 1
a 123 134 12
a 123 135 15
a 123 136 7
a 123 137 15
a 123 138 4
a 123 164 9
a 123 18 4
a 123 153 2
a 123 192 6
a 123 171 12
a 123 7 18
a 123 158 17
a 123 45 7
a 123 15 7
a 48 49 18
a 48 50 11
a 48 51 2
a 48 52 9
a 48 53 18
a 48 54 2
a 48 55 8
a 48 56 14
a 48 57 14
a 48 58 14
a 48 59 16
a 48 60 11
a 48 61 17
a 48 62 5
a 48 63 13
a 48 149 2
a 48 128 12
a 48 90 8
a 18 19 18
a 18 20 17
a 18 21 8
a 18 22 16
a 18 23 8
a 18 24 1
a 18 25 15
a 18 26 3
a 18 27 7
a 18 28 14
a 18 29 16
a 18 30 7
a 18 31 7
a 18 32 4
a 18 33 1
a 18 3 2
a 18 80 19
a 18 70 9
a 18 96 15
a 18 103 3
a 18 138 14
a 179 180 12
a 179 181 13
a 179 182 17
a 179 183 2
a 179 184 5
a 179 185 8
a 179 186 12
a 179 187 4
a 179 188 2
a 179 189 1
a 179 190 8
a 179 191 1
a 179 192 9
a 179 193 1
a 179 194 12
a 179 141 1
a 179 131 7
a 179 135 1
a 179 140 12
a 179 144 12
a 179 178 3
a 179 119 18
a 179 56 12
a 96 97 1
a 96 98 17
a 96 99 9
a 96 100 13
a 96 101 13
a 96 102 9
a 96 103 18
a 96 104 6
a 96 105 1
a 96 106 16
a 96 107 17
a 96 108 7
a 96 109 4
a 96 110 19
a 96 111 16
a 96 175 14
a 96 63 13
a 96 64 18
a 96 37 15
a 96 159 17
a 96 27 6
a 96 196 5
a 96 52 16
a 164 165 2
a 164 166 3
a 164 167 18
a 164 168 12
a 164 169 16
a 164 170 9
a 164 171 12
a 164 172 11
a 164 173 2
a 164 174 2
a 164 175 14
a 164 176 1
a 164 177 12
a 164 178 19
a 164 179 14
a 164 181 2
a 164 137 4
a 164 59 6
a 164 28 5
a 164 198 15
a 164 193 7
a 164 126 17
a 164 14 15
a 164 0 2
a 164 21 4
a 56 57 1
a 56 58 12
a 56 59 9
a 56 60 12
a 56 61 5
a 56 62 2
a 56 63 7
a 56 64 6
a 56 65 5
a 56 66 15
a 56 67 2
a 56 68 5
a 56 69 15
a 56 70 6
a 56 71 12
a 56 94 5
a 56 165 4
a 56 110 3
a 56 22 13
a 56 95 13
a 56 113 1
a 56 15 19
a 56 125 18
a 56 8 2
a 189 190 1
a 189 191 1
a 189 192 1
a 189 193 4
a 189 194 4
a 189 195 15
a 189 196 3
a 189 197 10
a 189 198 12
a 189 199 13
a 189 0 2
a 189 1 15
a 189 2 13
a 189 3 10
a 189 4 8
a 189 130 10
a 189 13 19
a 189 53 13
a 189 110 2
a 189 121 1
a 189 147 4
a 189 18 11
a 38 39 1
a 38 40 16
a 38 41 14
a 38 42 10
a 38 43 5
a 38 44 9
a 38 45 11
a 38 46 9
a 38 47 12
a 38 48 4
a 38 49 12
a 38 50 12
a 38 51 9
a 38 52 13
a 38 53 11
a 38 125 10
a 38 171 14
a 38 10 7
a 38 87 15
a 38 55 1
a 38 181 3
a 38 93 7
a 38 140 11
a 135 136 8
a 135 137 9
a 135 138 3
a 135 139 19
a 135 140 13
a 135 141 4
a 135 142 13
a 135 143 16
a 135 144 14
a 135 145 9
a 135 146 10
a 135 147 14
a 135 148 9
a 135 149 10
a 135 150 9
a 135 178 14
a 135 188 14
a 135 67 13
a 135 107 8
a 135 18 3
a 135 40 18
a 135 59 2
a 135 167 7
a 19 20 4
a 19 21 8
a 19 22 15
a 19 23 16
a 19 24 19
a 19 25 6
a 19 26 6
a 19 27 1
a 19 28 13
a 19 29 5
a 19 30 18
a 19 31 15
a 19 32 6
a 19 33 3
a 19 34 6
a 19 144 11
a 19 82 7
a 19 49 11
a 19 128 12
a 19 186 6
a 19 143 6
a 72 73 8
a 72 74 13
a 72 75 7
a 72 76 16
a 72 77 19
a 72 78 18
a 72 79 10
a 72 80 3
a 72 81 15
a 72 82 15
a 72 83 15
a 72 84 1
a 72 85 8
a 72 86 19
a 72 87 19
a 72 144 9
a 72 176 14
a 72 108 9
a 72 168 7
a 72 143 3
a 72 197 9
a 72 30 8
a 143 144 10
a 143 145 19
a 143 146 8
a 143 147 8
a 143 148 12
a 143 149 2
a 143 150 18
a 143 151 18
a 143 152 7
a 143 153 3
a 143 154 16
a 143 155 10
a 143 156 13
a 143 157 7
a 143 158 6
a 143 116 2
a 143 5 12
a 143 115 19
a 143 92 10
a 143 164 19
a 143 40 1
a 143 159 6
a 143 33 18
a 199 0 2
a 199 1 8
a 199 2 17
a 199 3 6
a 199 4 6
a 199 5 6
a 199 6 16
a 199 7 3
a 199 8 10
a 199 9 10
a 199 10 17
a 199 11 19
a 199 12 11
a 199 13 16
a 199 14 10
a 199 144 3
a 199 158 17
a 199 180 9
a 199 105 12
a 199 173 15
a 199 40 4
a 199 141 5
a 199 117 1
a 199 21 12
a 199 36 5
a 178 179 5
a 178 180 10
a 178 181 5
a 178 182 13
a 178 183 14
a 178 184 1
a 178 185 11
a 178 186 15
a 178 187 5
a 178 188 14
a 178 189 12
a 178 190 13
a 178 191 5
a 178 192 9
a 178 193 5
a 178 102 8
a 178 29 14
a 178 176 17
a 178 41 10
a 178 87 1
a 178 7 18
a 178 56 10
a 87 88 16
a 87 89 2
a 87 90 11
a 87 91 16
a 87 92 19
a 87 93 9
a 87 94 16
a 87 95 1
a 87 96 8
a 87 97 13
a 87 98 17
a 87 99 10
a 87 100 6
a 87 101 3
a 87 102 16
a 87 51 13
a 87 150 16
a 87 75 18
a 87 114 1
a 87 126 17
a 87 128 2
a 87 24 13
a 87 151 10
a 87 2 3
a 87 169 17
a 87 18 18
a 195 196 17
a 195 197 5
a 195 198 7
a 195 199 7
a 195 0 11
a 195 1 5
a 195 2 13
a 195 3 14
a 195 4 18
a 195 5 4
a 195 6 15
a 195 7 6
a 195 8 7
a 195 9 14
a 195 10 2
a 195 54 1
a 195 163 18
a 195 110 13
a 195 80 15
a 195 39 18
a 195 169 16
a 195 92 6
a 195 149 6
a 195 19 19
a 21 22 3
a 21 23 19
a 21 24 5
a 21 25 12
a 21 26 19
a 21 27 19
a 21 28 6
a 21 29 4
a 21 30 6
a 21 31 12
a 21 32 8
a 21 33 13
a 21 34 8
a 21 35 3
a 21 36 9
a 21 40 6
a 21 95 16
a 21 119 4
a 21 80 4
a 21 66 9
a 21 133 5
a 21 162 9
a 21 67 3
a 21 52 8
a 173 174 1
a 173 175 17
a 173 176 15
a 173 177 3
a 173 178 3
a 173 179 17
a 173 180 17
a 173 181 5
a 173 182 7
a 173 183 10
a 173 184 10
a 173 185 18
a 173 186 4
a 173 187 19
a 173 188 19
a 173 26 6
a 173 140 13
a 173 122 12
a 173 18 14
a 173 40 10
a 173 66 7
a 173 80 8
a 173 163 8
a 173 58 4
a 20 21 14
a 20 22 17
a 20 23 17
a 20 24 14
a 20 25 11
a 20 26 8
a 20 27 8
a 20 28 17
a 20 29 12
a 20 30 17
a 20 31 16
a 20 32 13
a 20 33 6
a 20 34 2
a 20 35 14
a 20 167 13
a 20 75 4
a 20 144 16
a 20 117 2
a 20 169 17
a 20 176 11
a 20 164 17
a 20 161 12
a 192 193 14
a 192 194 6
a 192 195 3
a 192 196 16
a 192 197 16
a 192 198 9
a 192 199 7
a 192 0 4
a 192 1 2
a 192 2 18
a 192 3 3
a 192 4 12
a 192 5 10
a 192 6 15
a 192 7 12
a 192 160 6
a 192 49 15
a 192 48 13
a 192 174 12
a 192 15 14
a 81 82 11
a 81 83 12
a 81 84 5
a 81 85 10
a 81 86 5
a 81 87 17
a 81 88 16
a 81 89 9
a 81 90 3
a 81 91 7
a 81 92 16
a 81 93 4
a 81 94 12
a 81 95 16
a 81 96 15
a 81 5 8
a 81 186 17
a 81 7 11
a 81 44 9
a 81 129 19
a 81 71 19
a 71 72 7
a 71 73 9
a 71 74 19
a 71 75 4
a 71 76 17
a 71 77 15
a 71 78 14
a 71 79 14
a 71 80 8
a 71 81 7
a 71 82 15
a 71 83 9
a 71 84 15
a 71 85 14
a 71 86 18
a 71 142 1
a 71 148 12
a 71 119 1
a 71 193 16
a 71 69 6
a 71 90 1
a 71 102 14
a 71 17 18
a 44 45 11
a 44 46 16
a 44 47 3
a 44 48 3
a 44 49 3
a 44 50 2
a 44 51 9
a 44 52 19
a 44 53 15
a 44 54 10
a 44 55 4
a 44 56 3
a 44 57 19
a 44 58 15
a 44 59 5
a 44 37 19
a 44 95 10
a 44 32 15
a 44 153 17
a 44 102 10
a 44 31 19
a 171 172 5
a 171 173 12
a 171 174 11
a 171 175 1
a 171 176 8
a 171 177 8
a 171 178 16
a 171 179 7
a 171 180 5
a 171 181 10
a 171 182 11
a 171 183 12
a 171 184 6
a 171 185 9
a 171 186 3
a 171 119 9
a 171 146 16
a 171 37 16
a 171 63 12
a 171 1 16
a 171 155 12
a 171 4 17
a 171 85 7
a 193 194 15
a 193 195 4
a 193 196 5
a 193 197 12
a 193 198 15
a 193 199 19
a 193 0 9
a 193 1 13
a 193 2 16
a 193 3 3
a 193 4 3
a 193 5 9
a 193 6 6
a 193 7 10
a 193 8 17
a 193 156 11
a 193 95 19
a 193 77 18
a 193 127 16
a 193 76 2
a 193 182 11
a 131 132 16
a 131 133 1
a 131 134 11
a 131 135 8
a 131 136 14
a 131 137 5
a 131 138 10
a 131 139 7
a 131 140 5
a 131 141 1
a 131 142 18
a 131 143 4
a 131 144 18
a 131 145 1
a 131 146 8
a 131 59 14
a 131 83 19
a 131 32 15
a 131 55 7
a 131 93 1
a 150 151 10
a 150 152 1
a 150 153 3
a 150 154 15
a 150 155 19
a 150 156 1
a 150 157 11
a 150 158 2
a 150 159 5
a 150 160 4
a 150 161 6
a 150 162 7
a 150 163 10
a 150 164 17
a 150 165 6
a 150 8 6
a 150 139 6
a 150 57 4
a 150 131 5
a 150 188 6
a 150 185 15
a 150 88 10
a 142 143 17
a 142 144 12
a 142 145 8
a 142 146 12
a 142 147 15
a 142 148 2
a 142 149 9
a 142 150 18
a 142 151 7
a 142 152 10
a 142 153 12
a 142 154 1
a 142 155 15
a 142 156 10
a 142 157 11
a 142 0 13
a 142 3 19
a 142 120 2
a 142 81 18
a 142 38 6
a 142 140 5
a 57 58 19
a 57 59 3
a 57 60 10
a 57 61 2
a 57 62 1
a 57 63 18
a 57 64 17
a 57 65 6
a 57 66 19
a 57 67 7
a 57 68 5
a 57 69 19
a 57 70 8
a 57 71 18
a 57 72 18
a 57 102 11
a 57 12 7
a 57 29 7
a 57 91 11
a 57 56 9
a 57 174 16
a 57 116 18
a 102 103 8
a 102 104 1
a 102 105 7
a 102 106 4
a 102 107 8
a 102 108 9
a 102 109 15
a 102 110 10
a 102 111 16
a 102 112 5
a 102 113 9
a 102 114 9
a 102 115 2
a 102 116 10
a 102 117 5
a 102 71 4
a 102 85 6
a 102 193 16
a 102 9 13
a 102 97 17
a 102 164 13
a 102 10 4
a 22 23 2
a 22 24 9
a 22 25 12
a 22 26 13
a 22 27 7
a 22 28 5
a 22 29 1
a 22 30 17
a 22 31 12
a 22 32 13
a 22 33 13
a 22 34 13
a 22 35 9
a 22 36 10
a 22 37 8
a 22 88 12
a 22 194 18
a 22 134 7
a 22 196 17
a 163 164 10
a 163 165 5
a 163 166 2
a 163 167 17
a 163 168 13
a 163 169 7
a 163 170 2
a 163 171 11
a 163 172 1
a 163 173 19
a 163 174 4
a 163 175 13
a 163 176 5
a 163 177 19
a 163 178 6
a 163 124 13
a 163 56 6
a 163 41 12
a 163 15 16
a 163 148 5
a 163 97 10
a 163 31 18
a 163 58 3
a 160 161 12
a 160 162 1
a 160 163 14
a 160 164 2
a 160 165 1
a 160 166 11
a 160 167 11
a 160 168 17
a 160 169 9
a 160 170 16
a 160 171 3
a 160 172 17
a 160 173 2
a 160 174 15
a 160 175 13
a 160 51 2
a 160 194 16
a 160 199 2
a 160 96 7
a 160 93 2
a 160 139 18
a 99 100 16
a 99 101 8
a 99 102 8
a 99 103 19
a 99 104 4
a 99 105 4
a 99 106 1
a 99 107 8
a 99 108 1
a 99 109 14
a 99 110 19
a 99 111 16
a 99 112 2
a 99 113 16
a 99 114 9
a 99 187 5
a 99 129 10
a 99 34 18
a 99 1 15
a 99 10 3
a 159 160 5
a 159 161 3
a 159 162 10
a 159 163 19
a 159 164 1
a 159 165 4
a 159 166 4
a 159 167 13
a 159 168 12
a 159 169 12
a 159 170 9
a 159 171 7
a 159 172 19
a 159 173 19
a 159 174 3
a 159 6 16
a 159 23 6
a 159 149 5
a 159 195 3
a 159 141 10
a 159 179 9
a 159 13 15
a 159 39 8
a 159 82 12
a 159 144 16
a 65 66 10
a 65 67 13
a 65 68 2
a 65 69 18
a 65 70 19
a 65 71 12
a 65 72 3
a 65 73 7
a 65 74 6
a 65 75 16
a 65 76 3
a 65 77 3
a 65 78 9
a 65 79 9
a 65 80 8
a 65 41 15
a 65 138 17
a 65 182 9
a 65 4 5
a 65 45 13
a 65 148 12
a 65 91 9
a 65 174 9
a 23 24 15
a 23 25 3
a 23 26 7
a 23 27 19
a 23 28 17
a 23 29 18
a 23 30 13
a 23 31 6
a 23 32 14
a 23 33 18
a 23 34 10
a 23 35 1
a 23 36 5
a 23 37 11
a 23 38 1
a 23 47 8
a 23 100 1
a 23 11 10
a 23 184 1
a 23 158 2
a 23 191 18
a 23 6 7
a 23 83 10
a 23 138 17
a 31 32 17
a 31 33 2
a 31 34 19
a 31 35 15
a 31 36 16
a 31 37 2
a 31 38 6
a 31 39 15
a 31 40 18
a 31 41 8
a 31 42 16
a 31 43 13
a 31 44 19
a 31 45 2
a 31 46 3
a 31 8 2
a 31 149 10
a 31 100 12
a 31 97 10
a 31 69 8
a 31 184 8
a 31 81 5
a 31 60 19
a 133 134 8
a 133 135 10
a 133 136 7
a 133 137 17
a 133 138 12
a 133 139 3
a 133 140 19
a 133 141 19
a 133 142 4
a 133 143 14
a 133 144 14
a 133 145 1
a 133 146 2
a 133 147 14
a 133 148 18
a 133 182 16
a 133 102 6
a 133 71 6
a 133 174 2
a 133 101 14
a 74 75 17
a 74 76 8
a 74 77 8
a 74 78 15
a 74 79 5
a 74 80 13
a 74 81 10
a 74 82 8
a 74 83 14
a 74 84 18
a 74 85 17
a 74 86 1
a 74 87 7
a 74 88 4
a 74 89 10
a 74 57 12
a 74 91 9
a 74 121 4
a 74 180 5
a 74 185 9
a 74 156 5
a 67 68 17
a 67 69 17
a 67 70 1
a 67 71 10
a 67 72 9
a 67 73 2
a 67 74 19
a 67 75 13
a 67 76 4
a 67 77 14
a 67 78 8
a 67 79 15
a 67 80 19
a 67 81 19
a 67 82 19
a 67 90 13
a 67 144 3
a 67 118 13
a 67 98 7
a 67 132 15
a 67 198 8
a 67 101 16
a 67 196 16
a 67 24 5
a 35 36 5
a 35 37 6
a 35 38 16
a 35 39 11
a 35 40 10
a 35 41 16
a 35 42 16
a 35 43 17
a 35 44 4
a 35 45 8
a 35 46 11
a 35 47 11
a 35 48 5
a 35 49 3
a 35 50 4
a 35 185 7
a 35 191 19
a 35 102 5
a 35 137 16
a 35 126 8
a 35 188 14
a 35 105 7
a 35 199 19
a 35 151 9
a 166 167 2
a 166 168 8
a 166 169 3
a 166 170 6
a 166 171 15
a 166 172 11
a 166 173 7
a 166 174 10
a 166 175 18
a 166 176 4
a 166 177 9
a 166 178 1
a 166 179 11
a 166 180 15
a 166 181 7
a 166 142 5
a 166 157 19
a 166 30 18
a 166 82 4
a 166 63 6
a 166 110 12
a 166 89 5
a 166 14 1
a 197 198 17
a 197 199 9
a 197 0 18
a 197 1 9
a 197 2 2
a 197 3 5
a 197 4 11
a 197 5 11
a 197 6 18
a 197 7 12
a 197 8 15
a 197 9 9
a 197 10 18
a 197 11 16
a 197 12 9
a 197 192 11
a 197 159 4
a 197 139 4
a 197 57 12
a 197 184 19
a 197 144 9
a 24 25 12
a 24 26 4
a 24 27 11
a 24 28 14
a 24 29 6
a 24 30 16
a 24 31 6
a 24 32 5
a 24 33 12
a 24 34 15
a 24 35 12
a 24 36 12
a 24 37 3
a 24 38 7
a 24 39 1
a 24 101 3
a 24 11 4
a 24 50 18
a 24 55 9
a 24 91 3
a 24 123 16
a 24 114 11
a 24 161 15
a 58 59 8
a 58 60 3
a 58 61 11
a 58 62 7
a 58 63 1
a 58 64 4
a 58 65 1
a 58 66 15
a 58 67 7
a 58 68 17
a 58 69 9
a 58 70 5
a 58 71 10
a 58 72 11
a 58 73 2
a 58 182 8
a 58 15 17
a 58 25 13
a 58 166 3
a 58 170 12
a 58 5 8
a 147 148 17
a 147 149 6
a 147 150 2
a 147 151 19
a 147 152 19
a 147 153 18
a 147 154 15
a 147 155 3
a 147 156 11
a 147 157 3
a 147 158 8
a 147 159 4
a 147 160 13
a 147 161 18
a 147 162 5
a 147 57 10
a 147 39 8
a 147 47 5
a 147 19 16
a 147 127 8
a 147 20 10
a 91 92 11
a 91 93 2
a 91 94 3
a 91 95 14
a 91 96 8
a 91 97 18
a 91 98 15
a 91 99 15
a 91 100 5
a 91 101 10
a 91 102 12
a 91 103 4
a 91 104 11
a 91 105 17
a 91 106 5
a 91 3 6
a 91 108 1
a 91 71 11
a 91 80 4
a 91 179 19
a 91 115 16
a 91 41 10
a 91 154 10
a 66 67 13
a 66 68 6
a 66 69 9
a 66 70 11
a 66 71 10
a 66 72 1
a 66 73 17
a 66 74 19
a 66 75 11
a 66 76 15
a 66 77 2
a 66 78 15
a 66 79 19
a 66 80 1
a 66 81 12
a 66 64 8
a 66 126 5
a 66 87 15
a 66 139 7
a 66 190 4
a 66 160 4
a 66 104 6
a 66 176 12
a 97 98 2
a 97 99 16
a 97 100 9
a 97 101 13
a 97 102 18
a 97 103 12
a 97 104 7
a 97 105 9
a 97 106 6
a 97 107 13
a 97 108 5
a 97 109 2
a 97 110 12
a 97 111 5
a 97 112 17
a 97 47 17
a 97 72 15
a 97 144 16
a 97 142 11
a 97 81 11
a 97 57 4
a 97 178 8
a 97 34 10
a 152 153 15
a 152 154 13
a 152 155 7
a 152 156 1
a 152 157 8
a 152 158 15
a 152 159 13
a 152 160 2
a 152 161 18
a 152 162 8
a 152 163 14
a 152 164 15
a 152 165 14
a 152 166 16
a 152 167 2
a 152 124 17
a 152 24 14
a 152 59 5
a 152 16 14
a 152 14 18
a 152 135 9
a 152 148 8
a 152 72 14
a 152 187 7
a 152 189 10
a 152 123 15
a 152 54 12
a 194 195 3
a 194 196 5
a 194 197 6
a 194 198 18
a 194 199 15
a 194 0 1
a 194 1 1
a 194 2 12
a 194 3 14
a 194 4 4
a 194 5 8
a 194 6 7
a 194 7 10
a 194 8 13
a 194 9 13
a 194 58 5
a 194 66 14
a 194 100 5
a 194 116 13
a 194 109 1
a 194 177 19
a 194 183 5
a 194 71 11
a 194 191 15
a 194 98 13
a 94 95 15
a 94 96 4
a 94 97 4
a 94 98 5
a 94 99 7
a 94 100 4
a 94 101 12
a 94 102 19
a 94 103 2
a 94 104 14
a 94 105 11
a 94 106 9
a 94 107 6
a 94 108 16
a 94 109 2
a 94 52 15
a 94 20 11
a 94 55 7
a 94 62 9
a 94 149 19
a 94 186 15
a 94 86 3
a 110 111 18
a 110 112 18
a 110 113 13
a 110 114 15
a 110 115 15
a 110 116 11
a 110 117 12
a 110 118 4
a 110 119 18
a 110 120 9
a 110 121 12
a 110 122 11
a 110 123 5
a 110 124 4
a 110 125 3
a 110 102 6
a 110 175 1
a 110 156 12
a 161 162 15
a 161 163 12
a 161 164 19
a 161 165 15
a 161 166 6
a 161 167 7
a 161 168 14
a 161 169 6
a 161 170 1
a 161 171 14
a 161 172 15
a 161 173 4
a 161 174 3
a 161 175 3
a 161 176 17
a 161 123 9
a 161 52 6
a 161 112 12
a 161 132 19
a 161 148 6
a 161 110 15
a 161 50 3
a 118 119 11
a 118 120 17
a 118 121 4
a 118 122 10
a 118 123 1
a 118 124 2
a 118 125 10
a 118 126 16
a 118 127 7
a 118 128 5
a 118 129 3
a 118 130 5
a 118 131 18
a 118 132 4
a 118 133 3
a 118 171 2
a 118 49 9
a 118 90 4
a 118 34 4
a 148 149 3
a 148 150 17
a 148 151 12
a 148 152 11
a 148 153 17
a 148 154 15
a 148 155 1
a 148 156 3
a 148 157 4
a 148 158 12
a 148 159 10
a 148 160 12
a 148 161 16
a 148 162 8
a 148 163 4
a 148 175 13
a 148 3 15
a 148 133 1
a 148 180 18
a 148 97 9
a 148 139 14
a 148 198 10
a 148 37 9
a 148 67 16
a 26 27 1
a 26 28 8
a 26 29 12
a 26 30 5
a 26 31 12
a 26 32 12
a 26 33 15
a 26 34 10
a 26 35 16
a 26 36 11
a 26 37 2
a 26 38 18
a 26 39 4
a 26 40 5
a 26 41 16
a 26 45 12
a 26 198 2
a 26 17 19
a 26 143 9
a 26 149 15
a 26 94 17
a 26 123 10
a 26 197 11
a 26 5 13
a 115 116 9
a 115 117 19
a 115 118 11
a 115 119 17
a 115 120 14
a 115 121 14
a 115 122 14
a 115 123 17
a 115 124 8
a 115 125 13
a 115 126 5
a 115 127 2
a 115 128 14
a 115 129 1
a 115 130 13
a 115 91 14
a 115 59 16
a 115 44 4
a 115 132 13
a 115 157 9
a 115 57 16
a 115 177 1
a 115 66 17
a 115 111 5
a 115 53 19
a 158 159 9
a 158 160 5
a 158 161 4
a 158 162 6
a 158 163 14
a 158 164 13
a 158 165 3
a 158 166 12
a 158 167 12
a 158 168 7
a 158 169 14
a 158 170 17
a 158 171 18
a 158 172 15
a 158 173 17
a 158 181 15
a 158 101 6
a 158 123 6
a 158 191 6
a 158 53 3
a 158 176 13
a 158 184 16
a 158 59 11
a 158 153 1
a 59 60 8
a 59 61 17
a 59 62 3
a 59 63 1
a 59 64 9
a 59 65 1
a 59 66 14
a 59 67 16
a 59 68 19
a 59 69 18
a 59 70 18
a 59 71 17
a 59 72 7
a 59 73 11
a 59 74 16
a 59 92 12
a 59 87 9
a 59 177 18
a 59 96 5
a 59 34 2
a 59 84 13
a 59 154 6
a 59 28 6
a 59 17 9
a 62 63 4
a 62 64 5
a 62 65 1
a 62 66 19
a 62 67 9
a 62 68 8
a 62 69 16
a 62 70 2
a 62 71 15
a 62 72 14
a 62 73 19
a 62 74 6
a 62 75 13
a 62 76 8
a 62 77 15
a 62 111 15
a 62 107 10
a 62 159 5
a 62 117 15
a 62 192 10
a 126 127 13
a 126 128 1
a 126 129 7
a 126 130 16
a 126 131 1
a 126 132 14
a 126 133 14
a 126 134 15
a 126 135 15
a 126 136 3
a 126 137 8
a 126 138 8
a 126 139 8
a 126 140 17
a 126 141 5
a 126 164 10
a 126 112 2
a 126 120 15
a 126 192 3
a 126 180 17
a 126 32 10
a 126 152 7
a 185 186 19
a 185 187 9
a 185 188 12
a 185 189 18
a 185 190 19
a 185 191 12
a 185 192 13
a 185 193 12
a 185 194 15
a 185 195 12
a 185 196 13
a 185 197 17
a 185 198 12
a 185 199 1
a 185 0 15
a 185 129 8
a 185 135 10
a 185 155 3
a 185 148 15
a 185 124 17
a 185 183 10
a 61 62 5
a 61 63 3
a 61 64 18
a 61 65 10
a 61 66 14
a 61 67 16
a 61 68 5
a 61 69 18
a 61 70 18
a 61 71 3
a 61 72 1
a 61 73 7
a 61 74 6
a 61 75 11
a 61 76 15
a 61 168 4
a 61 25 18
a 61 175 6
a 61 58 13
a 61 132 14
a 61 158 14
a 61 185 9
a 27 28 4
a 27 29 15
a 27 30 3
a 27 31 18
a 27 32 15
a 27 33 8
a 27 34 9
a 27 35 15
a 27 36 11
a 27 37 19
a 27 38 15
a 27 39 18
a 27 40 12
a 27 41 2
a 27 42 18
a 27 127 11
a 27 12 14
a 27 70 4
a 27 190 10
a 27 125 9
a 73 74 11
a 73 75 10
a 73 76 17
a 73 77 12
a 73 78 9
a 73 79 11
a 73 80 8
a 73 81 13
a 73 82 11
a 73 83 12
a 73 84 3
a 73 85 18
a 73 86 13
a 73 87 4
a 73 88 8
a 73 89 6
a 73 98 13
a 73 146 16
a 73 59 3
a 73 111 14
a 73 139 13
a 73 40 10
a 73 51 8
a 116 117 8
a 116 118 18
a 116 119 11
a 116 120 1
a 116 121 19
a 116 122 13
a 116 123 11
a 116 124 12
a 116 125 1
a 116 126 17
a 116 127 16
a 116 128 19
a 116 129 1
a 116 130 12
a 116 131 1
a 116 37 17
a 116 88 6
a 116 35 16
a 116 164 7
a 116 69 4
a 116 34 18
a 116 80 5
a 116 73 11
a 116 115 17
a 116 13 16
a 95 96 10
a 95 97 19
a 95 98 6
a 95 99 3
a 95 100 3
a 95 101 8
a 95 102 13
a 95 103 16
a 95 104 4
a 95 105 5
a 95 106 12
a 95 107 1
a 95 108 12
a 95 109 4
a 95 110 7
a 95 10 10
a 95 5 7
a 95 125 17
a 95 126 7
a 95 116 12
a 95 111 1
a 92 93 9
a 92 94 7
a 92 95 14
a 92 96 14
a 92 97 17
a 92 98 4
a 92 99 15
a 92 100 4
a 92 101 10
a 92 102 8
a 92 103 3
a 92 104 14
a 92 105 8
a 92 106 11
a 92 107 15
a 92 69 10
a 92 128 13
a 92 31 19
a 92 156 9
a 92 148 17
a 92 85 14
a 92 129 16
a 92 34 10
a 92 151 5
a 92 135 3
a 92 182 10
a 28 29 19
a 28 30 17
a 28 31 8
a 28 32 8
a 28 33 14
a 28 34 9
a 28 35 18
a 28 36 2
a 28 37 4
a 28 38 16
a 28 39 3
a 28 40 18
a 28 41 19
a 28 42 12
a 28 43 11
a 28 113 15
a 28 189 4
a 28 195 13
a 28 178 10
a 28 27 5
a 28 66 13
a 28 17 13
a 28 162 2
a 28 159 12
a 28 177 15
a 45 46 18
a 45 47 16
a 45 48 14
a 45 49 6
a 45 50 2
a 45 51 10
a 45 52 1
a 45 53 5
a 45 54 8
a 45 55 14
a 45 56 7
a 45 57 14
a 45 58 14
a 45 59 16
a 45 60 18
a 45 158 1
a 45 35 14
a 45 39 10
a 45 65 15
a 45 132 16
a 45 82 15
a 45 159 8
a 45 4 7
a 45 100 13
a 45 66 11
a 45 21 2
a 196 197 9
a 196 198 6
a 196 199 8
a 196 0 15
a 196 1 1
a 196 2 2
a 196 3 10
a 196 4 4
a 196 5 17
a 196 6 17
a 196 7 12
a 196 8 7
a 196 9 14
a 196 10 6
a 196 11 3
a 196 24 13
a 196 124 9
a 196 60 9
a 196 183 7
a 196 159 16
a 86 87 3
a 86 88 2
a 86 89 11
a 86 90 17
a 86 91 9
a 86 92 19
a 86 93 4
a 86 94 3
a 86 95 14
a 86 96 8
a 86 97 10
a 86 98 10
a 86 99 9
a 86 100 7
a 86 101 16
a 86 9 18
a 86 161 14
a 86 125 8
a 86 121 6
a 86 187 2
a 29 30 18
a 29 31 9
a 29 32 8
a 29 33 16
a 29 34 16
a 29 35 10
a 29 36 5
a 29 37 1
a 29 38 15
a 29 39 17
a 29 40 10
a 29 41 6
a 29 42 7
a 29 43 9
a 29 44 9
a 29 3 19
a 29 184 9
a 29 68 17
a 29 102 10
a 29 147 16
a 29 129 14
a 29 181 5
a 29 15 2
a 29 7 18
a 29 0 3
a 29 167 12
a 168 169 19
a 168 170 14
a 168 171 12
a 168 172 13
a 168 173 10
a 168 174 16
a 168 175 19
a 168 176 1
a 168 177 16
a 168 178 4
a 168 179 19
a 168 180 18
a 168 181 13
a 168 182 2
a 168 183 4
a 168 152 12
a 168 140 10
a 168 192 12
a 168 132 2
a 168 101 6
a 168 125 15
a 168 120 1
a 93 94 10
a 93 95 3
a 93 96 2
a 93 97 6
a 93 98 7
a 93 99 3
a 93 100 2
a 93 101 16
a 93 102 15
a 93 103 3
a 93 104 14
a 93 105 16
a 93 106 9
a 93 107 15
a 93 108 9
a 93 78 4
a 93 199 10
a 93 8 4
a 93 34 13
a 93 150 15
a 93 71 9
a 52 53 11
a 52 54 12
a 52 55 4
a 52 56 8
a 52 57 14
a 52 58 15
a 52 59 7
a 52 60 14
a 52 61 7
a 52 62 7
a 52 63 15
a 52 64 2
a 52 65 15
a 52 66 4
a 52 67 9
a 52 129 3
a 52 178 14
a 52 17 1
a 52 2 5
a 52 149 14
a 52 38 18
a 109 110 14
a 109 111 14
a 109 112 12
a 109 113 2
a 109 114 13
a 109 115 8
a 109 116 18
a 109 117 11
a 109 118 11
a 109 119 15
a 109 120 14
a 109 121 4
a 109 122 2
a 109 123 1
a 109 124 2
a 109 104 1
a 109 152 17
a 109 49 16
a 109 67 13
a 109 184 1
a 109 180 14
a 80 81 4
a 80 82 2
a 80 83 13
a 80 84 15
a 80 85 6
a 80 86 13
a 80 87 5
a 80 88 3
a 80 89 13
a 80 90 9
a 80 91 4
a 80 92 8
a 80 93 12
a 80 94 7
a 80 95 10
a 80 76 17
a 80 185 9
a 80 20 16
a 80 117 15
a 80 145 13
a 80 0 12
a 80 19 12
a 80 97 12
a 30 31 19
a 30 32 11
a 30 33 14
a 30 34 4
a 30 35 1
a 30 36 6
a 30 37 15
a 30 38 14
a 30 39 6
a 30 40 4
a 30 41 13
a 30 42 7
a 30 43 17
a 30 44 6
a 30 45 1
a 30 88 19
a 30 48 11
a 30 170 5
a 30 166 1
a 30 14 13
a 30 132 13
a 30 16 14
a 30 104 9
a 155 156 19
a 155 157 15
a 155 158 8
a 155 159 2
a 155 160 12
a 155 161 11
a 155 162 6
a 155 163 1
a 155 164 2
a 155 165 19
a 155 166 6
a 155 167 3
a 155 168 6
a 155 169 1
a 155 170 2
a 155 28 19
a 155 187 13
a 155 151 14
a 155 1 8
a 155 132 9
a 155 192 18
a 155 11 17
a 155 76 6
a 155 193 8
a 155 196 19
a 155 34 17
a 136 137 16
a 136 138 19
a 136 139 4
a 136 140 9
a 136 141 19
a 136 142 7
a 136 143 15
a 136 144 14
a 136 145 16
a 136 146 15
a 136 147 1
a 136 148 7
a 136 149 8
a 136 150 6
a 136 151 1
a 136 24 15
a 136 133 18
a 136 112 10
a 136 177 4
a 136 42 17
a 136 160 1
a 136 69 19
a 122 123 13
a 122 124 18
a 122 125 7
a 122 126 2
a 122 127 17
a 122 128 4
a 122 129 9
a 122 130 12
a 122 131 13
a 122 132 3
a 122 133 9
a 122 134 14
a 122 135 17
a 122 136 8
a 122 137 13
a 122 114 4
a 122 109 6
a 122 140 4
a 122 23 10
a 122 185 10
a 122 145 4
a 122 52 5
a 122 5 15
a 122 172 11
a 129 130 4
a 129 131 11
a 129 132 18
a 129 133 17
a 129 134 6
a 129 135 3
a 129 136 9
a 129 137 4
a 129 138 4
a 129 139 17
a 129 140 2
a 129 141 2
a 129 142 4
a 129 143 16
a 129 144 9
a 129 160 13
a 129 94 15
a 129 166 19
a 129 76 6
a 129 108 14
a 129 190 15
a 129 173 6
a 32 33 1
a 32 34 10
a 32 35 15
a 32 36 2
a 32 37 7
a 32 38 17
a 32 39 10
a 32 40 2
a 32 41 7
a 32 42 7
a 32 43 4
a 32 44 5
a 32 45 15
a 32 46 4
a 32 47 13
a 32 96 12
a 32 12 7
a 32 145 13
a 32 31 12
a 32 91 6
a 32 144 16
a 32 174 18
a 149 150 16
a 149 151 19
a 149 152 12
a 149 153 13
a 149 154 3
a 149 155 15
a 149 156 5
a 149 157 14
a 149 158 6
a 149 159 6
a 149 160 11
a 149 161 10
a 149 162 4
a 149 163 19
a 149 164 2
a 149 126 7
a 149 168 6
a 149 53 10
a 149 172 12
a 149 189 11
a 149 80 1
a 149 100 1
a 149 26 14
a 149 38 10
a 176 177 10
a 176 178 10
a 176 179 18
a 176 180 19
a 176 181 4
a 176 182 18
a 176 183 11
a 176 184 6
a 176 185 15
a 176 186 11
a 176 187 17
a 176 188 18
a 176 189 17
a 176 190 3
a 176 191 8
a 176 40 15
a 176 56 7
a 176 122 4
a 176 98 6
a 176 35 17
a 176 99 17
a 176 73 13
a 176 102 2
a 146 147 4
a 146 148 10
a 146 149 6
a 146 150 9
a 146 151 9
a 146 152 14
a 146 153 7
a 146 154 5
a 146 155 4
a 146 156 10
a 146 157 6
a 146 158 10
a 146 159 13
a 146 160 18
a 146 161 7
a 146 116 9
a 146 135 15
a 146 179 7
a 146 79 1
a 146 102 13
a 33 34 8
a 33 35 17
a 33 36 19
a 33 37 16
a 33 38 2
a 33 39 17
a 33 40 9
a 33 41 15
a 33 42 15
a 33 43 11
a 33 44 3
a 33 45 10
a 33 46 3
a 33 47 9
a 33 48 9
a 33 60 14
a 33 115 10
a 33 109 12
a 33 185 13
a 33 55 9
a 33 180 2
a 33 154 18
a 33 128 18
a 70 71 9
a 70 72 13
a 70 73 17
a 70 74 12
a 70 75 10
a 70 76 14
a 70 77 19
a 70 78 15
a 70 79 6
a 70 80 17
a 70 81 3
a 70 82 11
a 70 83 8
a 70 84 9
a 70 85 19
a 70 137 11
a 70 185 6
a 70 186 14
a 70 8 10
a 70 96 1
a 70 148 11
a 70 176 9
a 34 35 15
a 34 36 19
a 34 37 4
a 34 38 4
a 34 39 11
a 34 40 1
a 34 41 10
a 34 42 3
a 34 43 13
a 34 44 2
a 34 45 17
a 34 46 3
a 34 47 10
a 34 48 2
a 34 49 1
a 34 187 1
a 34 10 19
a 34 119 4
a 34 52 12
a 34 93 12
a 34 189 11
a 34 181 16
a 34 161 12
a 144 145 7
a 144 146 7
a 144 147 7
a 144 148 2
a 144 149 13
a 144 150 10
a 144 151 18
a 144 152 4
a 144 153 6
a 144 154 15
a 144 155 16
a 144 156 4
a 144 157 3
a 144 158 4
a 144 159 9
a 144 2 2
a 144 27 4
a 144 51 10
a 144 53 1
a 144 137 16
a 144 114 7
a 144 141 5
a 82 83 4
a 82 84 19
a 82 85 12
a 82 86 1
a 82 87 15
a 82 88 16
a 82 89 4
a 82 90 7
a 82 91 17
a 82 92 9
a 82 93 17
a 82 94 19
a 82 95 6
a 82 96 18
a 82 97 3
a 82 13 19
a 82 76 3
a 82 106 12
a 82 102 15
a 82 12 12
a 82 98 13
a 82 99 17
a 82 156 4
a 82 154 7
a 49 50 10
a 49 51 14
a 49 52 9
a 49 53 2
a 49 54 7
a 49 55 5
a 49 56 15
a 49 57 12
a 49 58 9
a 49 59 6
a 49 60 18
a 49 61 10
a 49 62 11
a 49 63 16
a 49 64 1
a 49 132 17
a 49 172 13
a 49 134 15
a 49 141 16
a 49 167 6
a 49 181 6
a 49 185 15
a 128 129 9
a 128 130 11
a 128 131 1
a 128 132 11
a 128 133 19
a 128 134 5
a 128 135 19
a 128 136 14
a 128 137 8
a 128 138 10
a 128 139 18
a 128 140 4
a 128 141 2
a 128 142 15
a 128 143 9
a 128 109 18
a 128 124 4
a 128 81 12
a 128 120 16
a 128 19 11
a 128 127 14
a 186 187 18
a 186 188 13
a 186 189 16
a 186 190 9
a 186 191 12
a 186 192 4
a 186 193 10
a 186 194 19
a 186 195 4
a 186 196 14
a 186 197 17
a 186 198 16
a 186 199 16
a 186 0 4
a 186 1 3
a 186 34 5
a 186 121 14
a 186 169 17
a 186 111 9
a 186 181 10
a 186 96 6
a 186 172 8
a 186 59 15
a 186 2 8
a 186 61 15
a 167 168 15
a 167 169 2
a 167 170 18
a 167 171 17
a 167 172 13
a 167 173 4
a 167 174 7
a 167 175 10
a 167 176 8
a 167 177 2
a 167 178 8
a 167 179 12
a 167 180 8
a 167 181 17
a 167 182 8
a 167 45 12
a 167 7 18
a 167 96 5
a 167 26 5
a 167 1 13
a 167 134 2
a 167 183 12
a 167 38 5
a 167 141 2
a 167 166 19
a 117 118 16
a 117 119 17
a 117 120 11
a 117 121 12
a 117 122 7
a 117 123 19
a 117 124 10
a 117 125 9
a 117 126 19
a 117 127 11
a 117 128 12
a 117 129 18
a 117 130 14
a 117 131 18
a 117 132 19
a 117 161 10
a 117 18 6
a 117 59 7
a 117 85 3
a 117 66 11
a 117 54 1
a 117 112 16
a 117 16 19
a 169 170 10
a 169 171 1
a 169 172 14
a 169 173 15
a 169 174 5
a 169 175 7
a 169 176 7
a 169 177 2
a 169 178 17
a 169 179 16
a 169 180 9
a 169 181 5
a 169 182 2
a 169 183 10
a 169 184 18
a 169 144 18
a 169 147 2
a 169 126 11
a 169 143 6
a 169 109 1
a 169 154 19
a 36 37 1
a 36 38 19
a 36 39 17
a 36 40 8
a 36 41 8
a 36 42 19
a 36 43 4
a 36 44 7
a 36 45 13
a 36 46 17
a 36 47 2
a 36 48 9
a 36 49 18
a 36 50 7
a 36 51 1
a 36 24 4
a 36 11 10
a 36 55 3
a 36 80 18
a 36 159 14
a 36 140 5
a 40 41 8
a 40 42 4
a 40 43 16
a 40 44 5
a 40 45 11
a 40 46 5
a 40 47 1
a 40 48 19
a 40 49 2
a 40 50 1
a 40 51 2
a 40 52 4
a 40 53 16
a 40 54 6
a 40 55 16
a 40 168 3
a 40 165 2
a 40 169 19
a 40 177 5
a 40 80 5
a 40 10 10
a 119 120 12
a 119 121 12
a 119 122 13
a 119 123 7
a 119 124 7
a 119 125 3
a 119 126 18
a 119 127 5
a 119 128 7
a 119 129 1
a 119 130 9
a 119 131 17
a 119 132 4
a 119 133 10
a 119 134 10
a 119 2 18
a 119 197 11
a 119 36 9
a 119 51 19
a 119 72 16
a 119 91 7
a 162 163 12
a 162 164 3
a 162 165 13
a 162 166 15
a 162 167 5
a 162 168 11
a 162 169 4
a 162 170 1
a 162 171 17
a 162 172 5
a 162 173 13
a 162 174 3
a 162 175 19
a 162 176 15
a 162 177 1
a 162 64 15
a 162 78 2
a 162 198 4
a 162 16 17
a 162 85 10
a 162 107 10
a 162 73 7
a 162 28 12
a 162 9 6
a 37 38 7
a 37 39 9
a 37 40 6
a 37 41 6
a 37 42 12
a 37 43 14
a 37 44 9
a 37 45 6
a 37 46 12
a 37 47 1
a 37 48 4
a 37 49 5
a 37 50 8
a 37 51 8
a 37 52 10
a 37 198 13
a 37 17 11
a 37 175 3
a 37 111 5
a 37 131 9
a 88 89 15
a 88 90 4
a 88 91 14
a 88 92 13
a 88 93 3
a 88 94 10
a 88 95 2
a 88 96 13
a 88 97 4
a 88 98 18
a 88 99 1
a 88 100 2
a 88 101 3
a 88 102 18
a 88 103 19
a 88 75 11
a 88 151 4
a 88 38 2
a 88 139 15
a 134 135 17
a 134 136 6
a 134 137 10
a 134 138 7
a 134 139 4
a 134 140 17
a 134 141 8
a 134 142 5
a 134 143 4
a 134 144 18
a 134 145 15
a 134 146 18
a 134 147 1
a 134 148 6
a 134 149 7
a 134 26 1
a 134 87 10
a 134 129 16
a 134 198 3
a 134 110 2
a 134 103 15
a 134 1 17
a 134 55 10
a 134 91 2
a 134 118 11
a 47 48 8
a 47 49 7
a 47 50 12
a 47 51 10
a 47 52 18
a 47 53 12
a 47 54 14
a 47 55 18
a 47 56 5
a 47 57 10
a 47 58 3
a 47 59 16
a 47 60 2
a 47 61 13
a 47 62 17
a 47 69 19
a 47 89 7
a 47 130 3
a 47 39 15
a 47 122 16
a 100 101 1
a 100 102 12
a 100 103 14
a 100 104 10
a 100 105 14
a 100 106 6
a 100 107 19
a 100 108 16
a 100 109 2
a 100 110 11
a 100 111 13
a 100 112 15
a 100 113 9
a 100 114 18
a 100 115 10
a 100 153 4
a 100 59 19
a 100 142 3
a 100 182 7
a 100 151 7
a 100 62 12
a 184 185 6
a 184 186 15
a 184 187 10
a 184 188 16
a 184 189 17
a 184 190 1
a 184 191 7
a 184 192 7
a 184 193 19
a 184 194 8
a 184 195 7
a 184 196 4
a 184 197 3
a 184 198 6
a 184 199 19
a 184 181 14
a 184 156 6
a 184 81 16
a 184 171 9
a 184 150 8
a 184 168 19
a 184 35 19
a 184 5 13
a 184 0 6
a 184 169 5
a 191 192 8
a 191 193 1
a 191 194 19
a 191 195 5
a 191 196 2
a 191 197 11
a 191 198 8
a 191 199 14
a 191 0 19
a 191 1 15
a 191 2 3
a 191 3 16
a 191 4 3
a 191 5 17
a 191 6 16
a 191 145 15
a 191 42 10
a 191 106 9
a 191 63 5
a 191 117 5
a 83 84 1
a 83 85 10
a 83 86 1
a 83 87 9
a 83 88 8
a 83 89 3
a 83 90 8
a 83 91 18
a 83 92 2
a 83 93 18
a 83 94 7
a 83 95 9
a 83 96 19
a 83 97 4
a 83 98 8
a 83 151 6
a 83 158 19
a 83 73 10
a 83 18 15
a 83 108 19
a 39 40 10
a 39 41 6
a 39 42 18
a 39 43 14
a 39 44 14
a 39 45 15
a 39 46 17
a 39 47 5
a 39 48 11
a 39 49 15
a 39 50 18
a 39 51 2
a 39 52 17
a 39 53 9
a 39 54 9
a 39 122 19
a 39 123 19
a 39 147 1
a 39 109 8
a 39 91 5
a 39 75 5
a 101 102 14
a 101 103 9
a 101 104 9
a 101 105 12
a 101 106 14
a 101 107 7
a 101 108 6
a 101 109 9
a 101 110 3
a 101 111 11
a 101 112 5
a 101 113 1
a 101 114 5
a 101 115 19
a 101 116 3
a 101 192 7
a 101 62 1
a 101 59 14
a 101 161 15
a 101 155 15
a 101 186 6
a 101 54 9
a 101 72 9
a 101 67 10
a 50 51 19
a 50 52 16
a 50 53 14
a 50 54 18
a 50 55 15
a 50 56 6
a 50 57 11
a 50 58 5
a 50 59 17
a 50 60 4
a 50 61 19
a 50 62 3
a 50 63 12
a 50 64 6
a 50 65 9
a 50 25 14
a 50 34 13
a 50 29 9
a 50 131 3
a 50 30 16
a 50 40 2
a 50 126 7
a 50 189 14
a 50 146 1
a 55 56 15
a 55 57 7
a 55 58 18
a 55 59 7
a 55 60 1
a 55 61 19
a 55 62 11
a 55 63 5
a 55 64 15
a 55 65 15
a 55 66 6
a 55 67 14
a 55 68 16
a 55 69 3
a 55 70 14
a 55 100 18
a 55 91 1
a 55 15 10
a 55 119 18
a 55 4 5
a 55 14 16
a 55 194 11
a 55 154 9
a 55 97 8
a 55 90 12
a 114 115 6
a 114 116 18
a 114 117 10
a 114 118 1
a 114 119 8
a 114 120 2
a 114 121 1
a 114 122 12
a 114 123 17
a 114 124 11
a 114 125 4
a 114 126 12
a 114 127 16
a 114 128 2
a 114 129 17
a 114 180 17
a 114 61 1
a 114 48 7
a 114 155 16
a 114 171 5
a 114 35 9
a 114 85 4
a 114 46 6
a 77 78 5
a 77 79 18
a 77 80 12
a 77 81 10
a 77 82 19
a 77 83 10
a 77 84 2
a 77 85 7
a 77 86 12
a 77 87 19
a 77 88 1
a 77 89 15
a 77 90 8
a 77 91 13
a 77 92 1
a 77 30 10
a 77 116 15
a 77 108 5
a 77 177 15
a 77 148 9
a 77 153 6
a 77 182 8
a 198 199 8
a 198 0 14
a 198 1 10
a 198 2 17
a 198 3 3
a 198 4 4
a 198 5 13
a 198 6 11
a 198 7 19
a 198 8 9
a 198 9 9
a 198 10 16
a 198 11 3
a 198 12 6
a 198 13 9
a 198 150 12
a 198 53 7
a 198 131 11
a 198 109 8
a 198 81 19
a 198 170 8
a 42 43 2
a 42 44 4
a 42 45 1
a 42 46 19
a 42 47 14
a 42 48 11
a 42 49 10
a 42 50 3
a 42 51 5
a 42 52 14
a 42 53 9
a 42 54 14
a 42 55 14
a 42 56 18
a 42 57 8
a 42 121 18
a 42 60 11
a 42 182 13
a 42 30 6
a 42 105 6
a 42 64 9
a 42 194 12
a 42 95 15
a 127 128 9
a 127 129 11
a 127 130 7
a 127 131 15
a 127 132 2
a 127 133 6
a 127 134 10
a 127 135 6
a 127 136 11
a 127 137 6
a 127 138 6
a 127 139 4
a 127 140 13
a 127 141 16
a 127 142 13
a 127 126 13
a 127 13 7
a 127 110 7
a 127 94 13
a 127 35 4
a 127 177 12
a 127 22 10
a 127 9 6
a 190 191 15
a 190 192 2
a 190 193 10
a 190 194 18
a 190 195 15
a 190 196 19
a 190 197 12
a 190 198 19
a 190 199 15
a 190 0 2
a 190 1 13
a 190 2 6
a 190 3 4
a 190 4 6
a 190 5 4
a 190 13 19
a 190 119 4
a 190 17 2
a 190 28 8
a 190 43 15
a 190 170 12
a 125 126 18
a 125 127 2
a 125 128 6
a 125 129 1
a 125 130 6
a 125 131 10
a 125 132 10
a 125 133 3
a 125 134 19
a 125 135 2
a 125 136 17
a 125 137 17
a 125 138 7
a 125 139 18
a 125 140 9
a 125 79 6
a 125 12 4
a 125 152 2
a 125 49 4
a 125 196 16
a 125 117 4
a 125 107 17
a 125 18 2
a 125 63 16
a 43 44 9
a 43 45 12
a 43 46 10
a 43 47 13
a 43 48 5
a 43 49 1
a 43 50 14
a 43 51 3
a 43 52 18
a 43 53 18
a 43 54 11
a 43 55 1
a 43 56 18
a 43 57 3
a 43 58 8
a 43 181 1
a 43 68 13
a 43 199 14
a 43 62 17
a 113 114 1
a 113 115 1
a 113 116 3
a 113 117 9
a 113 118 11
a 113 119 1
a 113 120 12
a 113 121 13
a 113 122 15
a 113 123 6
a 113 124 9
a 113 125 18
a 113 126 18
a 113 127 13
a 113 128 14
a 113 102 5
a 113 134 2
a 113 172 3
a 113 22 4
a 113 164 9
a 113 30 14
a 113 192 18
a 113 36 10
a 113 193 5
a 177 178 9
a 177 179 6
a 177 180 9
a 177 181 16
a 177 182 14
a 177 183 3
a 177 184 11
a 177 185 16
a 177 186 2
a 177 187 3
a 177 188 4
a 177 189 12
a 177 190 11
a 177 191 5
a 177 192 19
a 177 147 18
a 177 151 10
a 177 107 12
a 177 74 17
a 177 8 3
a 177 163 3
a 177 141 3
a 181 182 4
a 181 183 11
a 181 184 10
a 181 185 12
a 181 186 16
a 181 187 8
a 181 188 10
a 181 189 3
a 181 190 1
a 181 191 3
a 181 192 12
a 181 193 15
a 181 194 9
a 181 195 5
a 181 196 15
a 181 92 17
a 181 100 5
a 181 59 14
a 181 44 15
a 181 38 2
a 170 171 9
a 170 172 15
a 170 173 10
a 170 174 2
a 170 175 4
a 170 176 13
a 170 177 16
a 170 178 19
a 170 179 6
a 170 180 19
a 170 181 6
a 170 182 11
a 170 183 5
a 170 184 7
a 170 185 14
a 170 141 3
a 170 155 17
a 170 131 13
a 170 137 4
a 170 36 11
a 170 89 3
a 132 133 3
a 132 134 3
a 132 135 5
a 132 136 10
a 132 137 4
a 132 138 18
a 132 139 15
a 132 140 12
a 132 141 12
a 132 142 12
a 132 143 12
a 132 144 11
a 132 145 10
a 132 146 17
a 132 147 16
a 132 129 5
a 132 159 10
a 132 26 5
a 132 165 19
a 132 110 8
a 132 2 16
a 132 123 13
a 104 105 4
a 104 106 10
a 104 107 15
a 104 108 15
a 104 109 6
a 104 110 9
a 104 111 17
a 104 112 4
a 104 113 18
a 104 114 4
a 104 115 14
a 104 116 17
a 104 117 13
a 104 118 3
a 104 119 12
a 104 59 15
a 104 32 17
a 104 184 8
a 104 60 15
a 104 2 16
a 104 55 13
a 104 62 5
a 104 37 12
a 46 47 17
a 46 48 11
a 46 49 18
a 46 50 12
a 46 51 8
a 46 52 19
a 46 53 8
a 46 54 11
a 46 55 19
a 46 56 19
a 46 57 1
a 46 58 11
a 46 59 14
a 46 60 2
a 46 61 8
a 46 175 19
a 46 34 6
a 46 137 17
a 46 168 10
a 46 144 12
a 69 70 12
a 69 71 15
a 69 72 14
a 69 73 13
a 69 74 4
a 69 75 19
a 69 76 3
a 69 77 19
a 69 78 17
a 69 79 11
a 69 80 10
a 69 81 2
a 69 82 4
a 69 83 2
a 69 84 11
a 69 128 17
a 69 10 10
a 69 98 17
a 69 152 6
a 69 150 6
a 69 43 3
a 69 2 4
a 69 147 14
a 69 178 8
a 69 11 15
a 60 61 5
a 60 62 12
a 60 63 7
a 60 64 2
a 60 65 11
a 60 66 12
a 60 67 7
a 60 68 11
a 60 69 4
a 60 70 8
a 60 71 13
a 60 72 4
a 60 73 9
a 60 74 12
a 60 75 1
a 60 123 1
a 60 144 15
a 60 89 17
a 60 194 11
a 60 197 12
a 60 34 2
a 60 93 12
a 145 146 19
a 145 147 3
a 145 148 3
a 145 149 9
a 145 150 11
a 145 151 17
a 145 152 12
a 145 153 13
a 145 154 10
a 145 155 13
a 145 156 4
a 145 157 19
a 145 158 16
a 145 159 10
a 145 160 10
a 145 126 8
a 145 0 4
a 145 169 6
a 145 47 11
a 145 24 19
a 174 175 1
a 174 176 10
a 174 177 16
a 174 178 8
a 174 179 12
a 174 180 1
a 174 181 16
a 174 182 9
a 174 183 2
a 174 184 9
a 174 185 15
a 174 186 13
a 174 187 15
a 174 188 14
a 174 189 15
a 174 196 11
a 174 59 19
a 174 124 9
a 174 9 14
a 174 194 7
a 174 153 16
a 180 181 4
a 180 182 1
a 180 183 16
a 180 184 5
a 180 185 17
a 180 186 5
a 180 187 7
a 180 188 3
a 180 189 2
a 180 190 5
a 180 191 2
a 180 192 17
a 180 193 16
a 180 194 8
a 180 195 10
a 180 64 3
a 180 34 5
a 180 138 16
a 180 29 17
a 180 91 14
a 180 165 17
a 180 54 11
a 180 89 11
a 180 52 6
a 180 70 16
a 180 71 1
a 154 155 5
a 154 156 1
a 154 157 14
a 154 158 8
a 154 159 13
a 154 160 7
a 154 161 15
a 154 162 6
a 154 163 17
a 154 164 2
a 154 165 15
a 154 166 8
a 154 167 19
a 154 168 4
a 154 169 10
a 154 199 3
a 154 118 14
a 154 124 5
a 154 105 10
a 154 0 6
a 187 188 2
a 187 189 9
a 187 190 12
a 187 191 8
a 187 192 17
a 187 193 5
a 187 194 9
a 187 195 16
a 187 196 17
a 187 197 3
a 187 198 16
a 187 199 2
a 187 0 15
a 187 1 18
a 187 2 10
a 187 131 10
a 187 175 2
a 187 47 8
a 187 105 1
a 187 168 5
a 187 128 9
a 187 15 5
a 187 114 17
a 187 29 19
a 137 138 18
a 137 139 5
a 137 140 18
a 137 141 19
a 137 142 10
a 137 143 2
a 137 144 4
a 137 145 17
a 137 146 2
a 137 147 4
a 137 148 12
a 137 149 14
a 137 150 2
a 137 151 11
a 137 152 11
a 137 61 15
a 137 123 19
a 137 97 2
a 137 71 5
a 137 180 2
a 137 31 10
a 137 184 14
a 137 92 6
a 188 189 13
a 188 190 16
a 188 191 16
a 188 192 11
a 188 193 14
a 188 194 2
a 188 195 17
a 188 196 15
a 188 197 4
a 188 198 13
a 188 199 3
a 188 0 16
a 188 1 5
a 188 2 5
a 188 3 4
a 188 24 18
a 188 11 6
a 188 64 4
a 188 155 3
a 188 122 13
a 188 6 10
a 188 173 6
a 188 57 14
a 188 157 9
a 188 137 12
a 188 14 18
a 105 106 10
a 105 107 6
a 105 108 2
a 105 109 2
a 105 110 7
a 105 111 2
a 105 112 9
a 105 113 1
a 105 114 15
a 105 115 17
a 105 116 8
a 105 117 17
a 105 118 11
a 105 119 18
a 105 120 2
a 105 140 13
a 105 195 2
a 105 151 4
a 105 21 5
a 105 88 19
a 105 61 19
a 105 45 14
a 105 131 14
a 151 152 18
a 151 153 13
a 151 154 16
a 151 155 16
a 151 156 3
a 151 157 17
a 151 158 11
a 151 159 19
a 151 160 5
a 151 161 7
a 151 162 1
a 151 163 14
a 151 164 7
a 151 165 8
a 151 166 7
a 151 168 14
a 151 96 12
a 151 48 16
a 151 32 7
a 151 41 9
a 151 107 5
a 51 52 17
a 51 53 11
a 51 54 1
a 51 55 8
a 51 56 12
a 51 57 12
a 51 58 18
a 51 59 2
a 51 60 15
a 51 61 16
a 51 62 1
a 51 63 16
a 51 64 1
a 51 65 5
a 51 66 17
a 51 80 9
a 51 129 14
a 51 74 6
a 51 147 4
a 51 33 8
a 51 118 19
a 51 29 1
a 51 76 18
a 175 176 2
a 175 177 19
a 175 178 14
a 175 179 8
a 175 180 13
a 175 181 7
a 175 182 12
a 175 183 9
a 175 184 1
a 175 185 3
a 175 186 4
a 175 187 8
a 175 188 1
a 175 189 16
a 175 190 5
a 175 103 18
a 175 56 7
a 175 161 13
a 175 163 8
a 175 110 3
a 175 66 9
a 175 48 11
a 111 112 15
a 111 113 10
a 111 114 16
a 111 115 14
a 111 116 12
a 111 117 12
a 111 118 8
a 111 119 6
a 111 120 6
a 111 121 13
a 111 122 5
a 111 123 13
a 111 124 6
a 111 125 12
a 111 126 13
a 111 140 15
a 111 68 4
a 111 199 6
a 111 173 18
a 111 0 18
a 111 92 17
a 111 194 15
a 54 55 16
a 54 56 5
a 54 57 17
a 54 58 11
a 54 59 12
a 54 60 18
a 54 61 18
a 54 62 17
a 54 63 13
a 54 64 16
a 54 65 13
a 54 66 11
a 54 67 12
a 54 68 17
a 54 69 13
a 54 40 18
a 54 172 16
a 54 92 7
a 54 83 15
a 54 118 15
a 54 34 5
a 54 98 10
a 54 0 10
a 121 122 10
a 121 123 16
a 121 124 12
a 121 125 2
a 121 126 8
a 121 127 1
a 121 128 17
a 121 129 17
a 121 130 5
a 121 131 3
a 121 132 5
a 121 133 3
a 121 134 2
a 121 135 6
a 121 136 9
a 121 63 4
a 121 32 17
a 121 45 16
a 121 96 19
a 121 55 14
a 182 183 15
a 182 184 9
a 182 185 8
a 182 186 1
a 182 187 17
a 182 188 9
a 182 189 10
a 182 190 17
a 182 191 6
a 182 192 16
a 182 193 8
a 182 194 1
a 182 195 6
a 182 196 2
a 182 197 18
a 182 12 7
a 182 104 5
a 182 15 12
a 182 135 2
a 182 76 16
a 182 120 2
a 182 156 6
a 182 24 12
a 64 65 15
a 64 66 11
a 64 67 8
a 64 68 3
a 64 69 4
a 64 70 15
a 64 71 8
a 64 72 5
a 64 73 11
a 64 74 14
a 64 75 11
a 64 76 4
a 64 77 5
a 64 78 7
a 64 79 7
a 64 102 15
a 64 175 11
a 64 25 17
a 64 60 17
a 64 155 11
a 64 150 2
a 64 107 1
a 153 154 4
a 153 155 2
a 153 156 19
a 153 157 10
a 153 158 11
a 153 159 19
a 153 160 12
a 153 161 6
a 153 162 6
a 153 163 6
a 153 164 4
a 153 165 12
a 153 166 9
a 153 167 15
a 153 168 13
a 153 127 3
a 153 171 11
a 153 24 9
a 153 177 17
a 153 179 6
a 153 79 19
a 153 73 8
a 89 90 7
a 89 91 11
a 89 92 5
a 89 93 7
a 89 94 15
a 89 95 17
a 89 96 16
a 89 97 10
a 89 98 13
a 89 99 11
a 89 100 8
a 89 101 16
a 89 102 5
a 89 103 7
a 89 104 1
a 89 130 12
a 89 13 6
a 89 144 9
a 89 128 15
a 89 23 19
a 89 172 8
a 63 64 18
a 63 65 7
a 63 66 5
a 63 67 3
a 63 68 18
a 63 69 4
a 63 70 11
a 63 71 5
a 63 72 17
a 63 73 14
a 63 74 1
a 63 75 13
a 63 76 10
a 63 77 10
a 63 78 3
a 63 90 17
a 63 84 13
a 63 163 4
a 63 110 1
a 90 91 12
a 90 92 3
a 90 93 13
a 90 94 17
a 90 95 14
a 90 96 16
a 90 97 16
a 90 98 16
a 90 99 13
a 90 100 3
a 90 101 15
a 90 102 9
a 90 103 1
a 90 104 16
a 90 105 18
a 90 14 5
a 90 106 7
a 90 17 13
a 90 149 2
a 90 183 18
a 90 33 13
a 90 0 17
a 90 68 15
a 90 121 19
a 90 137 13
a 90 7 8
a 172 173 17
a 172 174 4
a 172 175 15
a 172 176 8
a 172 177 3
a 172 178 4
a 172 179 11
a 172 180 7
a 172 181 6
a 172 182 1
a 172 183 18
a 172 184 8
a 172 185 15
a 172 186 5
a 172 187 16
a 172 167 13
a 172 109 8
a 172 56 12
a 172 48 14
a 172 4 8
a 172 95 17
a 172 134 5
a 172 47 18
a 172 82 18
a 172 8 7
a 76 77 14
a 76 78 2
a 76 79 9
a 76 80 5
a 76 81 8
a 76 82 5
a 76 83 11
a 76 84 16
a 76 85 13
a 76 86 13
a 76 87 7
a 76 88 3
a 76 89 6
a 76 90 19
a 76 91 17
a 76 47 18
a 76 140 6
a 76 189 13
a 76 31 13
a 76 101 16
a 106 107 15
a 106 108 7
a 106 109 13
a 106 110 2
a 106 111 3
a 106 112 9
a 106 113 5
a 106 114 19
a 106 115 5
a 106 116 18
a 106 117 10
a 106 118 12
a 106 119 11
a 106 120 3
a 106 121 12
a 106 55 8
a 106 185 16
a 106 154 3
a 106 124 12
a 106 196 11
a 106 160 3
a 106 26 17
a 139 140 15
a 139 141 15
a 139 142 13
a 139 143 18
a 139 144 5
a 139 145 13
a 139 146 13
a 139 147 17
a 139 148 16
a 139 149 2
a 139 150 6
a 139 151 5
a 139 152 11
a 139 153 3
a 139 154 9
a 139 16 16
a 139 198 6
a 139 79 2
a 139 175 4
a 139 81 3
a 139 103 12
a 139 106 19
a 139 166 1
a 139 34 3
a 98 99 15
a 98 100 12
a 98 101 14
a 98 102 18
a 98 103 7
a 98 104 18
a 98 105 9
a 98 106 9
a 98 107 15
a 98 108 16
a 98 109 7
a 98 110 15
a 98 111 11
a 98 112 6
a 98 113 8
a 98 178 16
a 98 61 18
a 98 192 2
a 98 92 13
a 98 42 7
a 98 187 3
a 98 93 17
a 98 64 10
a 98 164 1
a 98 13 15
a 78 79 4
a 78 80 8
a 78 81 15
a 78 82 3
a 78 83 2
a 78 84 7
a 78 85 14
a 78 86 17
a 78 87 5
a 78 88 4
a 78 89 13
a 78 90 17
a 78 91 16
a 78 92 6
a 78 93 16
a 78 122 19
a 78 37 18
a 78 182 15
a 78 119 2
a 78 172 13
a 78 155 10
a 79 80 14
a 79 81 4
a 79 82 17
a 79 83 7
a 79 84 19
a 79 85 6
a 79 86 1
a 79 87 5
a 79 88 2
a 79 89 7
a 79 90 10
a 79 91 18
a 79 92 13
a 79 93 14
a 79 94 19
a 79 49 1
a 79 178 14
a 79 98 1
a 79 97 12
a 79 59 3
a 79 197 6
a 79 196 3
a 79 154 3
a 85 86 3
a 85 87 2
a 85 88 18
a 85 89 12
a 85 90 17
a 85 91 9
a 85 92 7
a 85 93 14
a 85 94 6
a 85 95 11
a 85 96 7
a 85 97 12
a 85 98 5
a 85 99 14
a 85 100 10
a 85 181 11
a 85 117 8
a 85 185 12
a 85 15 10
a 85 133 14
a 85 191 7
a 85 83 9
a 85 145 7
a 85 103 3
a 183 184 18
a 183 185 1
a 183 186 3
a 183 187 4
a 183 188 17
a 183 189 9
a 183 190 2
a 183 191 6
a 183 192 11
a 183 193 12
a 183 194 18
a 183 195 15
a 183 196 18
a 183 197 17
a 183 198 12
a 183 35 13
a 183 64 11
a 183 106 1
a 183 82 7
a 183 107 18
a 183 135 8
a 183 137 7
a 183 13 13
a 183 138 13
a 112 113 16
a 112 114 2
a 112 115 11
a 112 116 12
a 112 117 10
a 112 118 12
a 112 119 16
a 112 120 16
a 112 121 2
a 112 122 11
a 112 123 2
a 112 124 9
a 112 125 11
a 112 126 13
a 112 127 6
a 112 98 3
a 112 78 4
a 112 46 13
a 112 181 8
a 112 62 13
a 112 189 16
a 112 142 9
a 112 105 13
a 112 37 5
a 112 56 7
a 124 125 13
a 124 126 12
a 124 127 16
a 124 128 1
a 124 129 4
a 124 130 5
a 124 131 7
a 124 132 10
a 124 133 7
a 124 134 19
a 124 135 13
a 124 136 14
a 124 137 18
a 124 138 8
a 124 139 17
a 124 9 4
a 124 167 3
a 124 163 14
a 124 88 16
a 124 194 9
a 124 46 8
a 124 118 15
a 157 158 8
a 157 159 18
a 157 160 17
a 157 161 5
a 157 162 8
a 157 163 1
a 157 164 9
a 157 165 12
a 157 166 4
a 157 167 8
a 157 168 5
a 157 169 14
a 157 170 19
a 157 171 18
a 157 172 8
a 157 194 9
a 157 181 11
a 157 175 14
a 157 48 13
a 157 7 8
a 157 44 16
a 157 92 10
a 157 147 7
a 157 152 6
c 152 165 119 72 139
c 120 129 7 21 68
c 42 182 79 154 92
c 72 144 129 143 104
c 128 137 163 124 110
c 88 101 131 135 166
c 2 3 35 185 162
c 84 127 107 55 98
c 55 60 169 173 110
c 111 194 120 0 55
c 149 156 161 169 99
c 53 65 41 173 60
c 174 176 108 119 67
c 160 162 34 187 83
c 157 158 49 64 25
c 81 87 169 147 160
c 72 143 105 119 78
c 198 5 61 67 79
c 86 88 81 93 62
c 158 123 188 3 46
c 116 69 173 186 49
c 13 56 134 118 117
c 33 109 62 72 121
c 175 178 136 142 128
c 134 138 65 73 123
c 92 102 153 165 59
c 81 88 39 40 35
c 161 110 30 14 175
c 127 131 196 2 122
c 27 34 145 159 76
c 33 128 106 120 31
c 105 115 64 66 186
c 126 164 22 31 70
c 111 194 32 174 193
c 111 122 10 110 151
c 177 74 102 109 99
c 142 152 190 198 175
c 120 128 151 164 91
c 24 32 131 143 48
c 114 61 69 178 96
c 72 143 70 81 125
c 79 91 179 184 89
c 2 12 129 143 184
c 22 28 91 92 181
c 118 133 32 145 108
c 74 80 107 122 181
c 23 25 150 57 34
c 177 147 14 16 165
c 124 9 117 124 58
c 164 177 88 93 176
c 147 151 57 68 123
c 186 199 185 192 88
c 34 187 5 9 161
c 115 127 30 88 91
c 11 19 99 101 56
c 142 156 86 91 144
c 133 174 27 30 29
c 113 123 36 159 148
c 156 161 47 60 159
c 169 180 111 122 179
c 139 79 11 15 81
c 110 119 192 6 196
c 40 45 30 45 194
c 101 62 128 130 119
c 162 167 139 175 190
c 151 156 190 197 33
c 143 148 118 123 178
c 134 147 79 90 146
c 89 97 130 132 199
c 70 81 174 194 120
c 159 173 144 147 25
c 9 24 67 80 72
c 38 93 47 59 30
c 136 24 195 80 91
c 125 117 99 109 176
c 119 72 46 54 65
c 157 163 40 165 102
c 17 195 20 27 199
c 54 118 112 127 95
c 149 161 53 60 115
c 179 190 78 119 98
c 60 61 114 127 157
c 18 27 110 156 169
c 106 113 159 195 93
c 63 84 199 14 26
c 164 126 116 69 191
c 104 115 42 54 84
c 66 77 163 164 174
c 46 51 185 189 89
c 33 48 194 116 116
c 157 92 66 87 121
c 50 53 22 35 164
c 0 84 49 50 136
c 6 131 12 18 90
c 187 2 129 108 65
c 151 155 161 173 67
c 92 104 96 98 120
c 130 143 60 34 104
c 68 77 162 174 199
c 6 56 35 191 33
c 49 141 194 98 96
c 159 144 14 25 32
c 38 42 166 89 57
c 179 192 68 77 80
c 15 2 9 17 139
c 194 6 179 56 74
c 12 14 112 119 180
c 174 188 82 96 129
c 120 121 112 124 106
c 188 173 197 0 82
c 51 29 188 57 105
c 141 144 43 54 153
c 131 55 40 50 81
c 113 119 197 1 185
c 96 63 45 55 89
c 22 36 182 156 131
c 154 0 57 116 103
c 64 69 97 110 136
c 29 30 70 8 60
c 18 28 76 85 198
c 131 142 6 193 34
c 87 93 49 141 186
c 9 13 17 30 87
c 146 147 194 0 108
c 116 117 50 131 57
c 1 14 103 182 67
c 87 95 183 194 140
c 174 177 116 13 118
c 78 84 181 183 53
c 144 27 144 154 30
c 16 19 6 7 158
c 174 176 140 153 104
c 126 130 12 73 111
c 68 195 55 91 112
c 124 129 156 154 95
c 132 139 128 127 88
c 168 181 58 65 78
c 57 67 71 75 197
c 43 44 11 14 89
c 75 154 59 63 171
c 99 1 165 60 75
c 54 40 67 196 61
c 183 190 113 114 113
c 56 65 153 160 99
c 164 165 194 6 84
c 97 108 82 156 171
c 83 96 148 158 36
c 195 149 102 109 153
c 100 103 152 135 192
c 40 53 176 122 51
c 197 198 19 21 157
c 92 135 42 30 93
c 186 190 91 102 143
c 143 92 68 73 66
c 107 59 121 126 66
c 190 5 57 72 35
c 133 135 163 170 54
c 142 148 49 53 180
c 62 73 177 184 115
c 13 14 157 168 99
c 90 91 75 16 127
c 133 136 138 148 192
c 69 2 42 57 153
c 136 24 149 159 34
c 64 72 34 48 148
c 45 50 141 22 31
c 21 27 47 59 75
c 15 29 180 183 94
c 136 42 196 1 66
c 18 33 68 2 74
c 188 191 18 22 96
c 135 145 194 196 171
c 18 31 30 42 165
c 69 73 151 107 197
c 47 62 50 58 55
c 162 165 6 18 87
c 146 156 163 174 30
c 40 54 131 134 124
c 10 12 21 119 108
c 129 132 193 198 51
c 152 163 19 20 137
c 117 123 20 23 55
c 50 40 44 95 119
c 138 146 107 113 67
c 136 112 188 14 57
c 194 8 108 177 67
c 86 96 18 19 99
c 151 168 23 158 98
c 38 55 176 190 39
c 127 9 152 148 97
c 31 38 73 83 122
c 72 144 190 28 58
c 40 168 155 132 58
c 5 20 109 118 80
c 1 3 29 102 172
c 62 72 162 171 155
c 169 184 28 43 176
c 194 66 122 125 147
c 24 25 128 139 129
c 127 141 115 127 81
c 195 7 173 58 169
c 142 143 178 193 101
c 136 151 24 114 108
c 84 86 59 84 160
c 129 160 27 125 38
c 118 126 171 146 26
c 14 23 96 97 63
c 26 41 130 124 195
c 129 134 155 164 43
c 83 92 109 119 195
c 55 91 55 59 128
c 143 154 189 18 127
c 180 165 144 158 169
c 110 116 197 199 192
c 3 15 33 115 51
c 64 102 49 134 144
c 153 24 115 121 84
c 70 8 92 34 59
c 106 121 145 158 175
c 28 37 27 41 62
c 169 147 28 17 140
c 133 174 79 98 130
c 85 117 153 160 146
c 167 172 138 83 112
c 146 149 49 52 50
c 56 58 75 86 158
c 111 113 181 193 97
c 76 86 97 47 97
c 83 84 136 144 51
c 189 196 128 127 162
c 139 34 117 125 194
c 49 185 99 10 184
c 155 187 194 98 162
c 76 83 131 135 65
c 169 109 67 73 194
c 22 34 33 128 70
c 138 85 179 119 160
c 135 136 87 88 150
c 42 182 16 31 95
c 11 158 100 109 50
c 150 57 173 187 58
c 147 155 30 38 196
c 54 34 28 177 138
c 73 74 188 189 62
c 110 112 27 70 167
c 108 122 10 19 61
c 178 87 151 165 186
c 145 156 57 68 76
c 112 181 94 52 91
c 156 167 128 139 186
c 21 95 196 197 45
c 146 155 138 147 34
c 188 194 33 37 39
c 85 117 123 137 175
c 139 140 196 199 76
c 36 49 156 171 183
c 28 189 67 69 39
c 68 71 168 125 57
c 27 38 52 60 71
c 166 89 35 199 185
c 133 142 73 75 149
c 62 70 139 152 180
c 0 3 173 183 138
c 43 56 182 135 90
c 91 106 187 193 54
c 153 158 55 66 107
c 172 186 135 67 89
c 19 32 8 21 37
c 80 85 103 109 131
c 18 138 21 52 80
c 64 76 90 183 53
c 120 145 35 41 44
c 153 24 36 37 61
c 84 39 6 20 65
c 165 167 20 28 44
c 176 180 30 41 197
c 139 154 13 24 150
c 138 119 82 84 48
c 64 68 103 182 90
c 33 43 34 49 26
c 145 148 137 138 55
c 186 169 137 150 93
c 44 51 135 188 152
c 198 7 168 180 131
c 165 116 148 163 146
c 84 127 182 15 114
c 101 113 6 16 76
c 62 76 60 71 45
c 156 111 95 102 145
c 129 134 3 14 168
c 150 159 48 128 136
c 125 137 148 159 106
c 33 43 60 74 76
c 181 183 72 81 37
c 16 123 92 96 54
c 116 35 70 176 115
c 99 100 68 75 92
c 45 55 87 88 122
c 155 193 150 88 141
c 64 175 177 190 62
c 45 52 109 120 102
c 155 156 31 33 173
c 144 151 113 102 72
c 134 110 176 189 140
c 2 8 82 97 125
c 0 3 31 39 138
c 116 131 77 83 181
c 132 136 59 72 169
c 147 151 71 102 142
c 3 164 166 175 142
c 30 36 135 143 169
c 109 111 39 50 186
c 173 80 95 116 57
c 192 4 83 93 174
c 113 122 34 48 190
c 102 110 81 129 175
c 7 9 188 195 83
c 188 195 155 76 71
c 189 121 151 153 138
c 189 13 28 177 160
c 127 142 153 171 113
c 71 17 26 197 134
c 122 23 110 113 97
c 32 43 196 3 141
c 156 166 94 102 88
c 93 34 165 169 52
c 54 0 195 6 36
c 138 148 70 96 112
c 68 42 158 123 158
c 28 36 163 175 32
c 180 188 93 104 156
c 78 80 18 27 169
c 153 158 27 30 180
c 152 124 82 88 177
c 139 79 146 148 196
c 41 46 45 21 54
c 182 194 55 64 124
c 168 169 181 184 60
c 159 13 5 140 101
c 51 29 65 174 111
c 190 2 37 40 139
c 2 107 116 80 27
c 153 157 25 27 190
c 6 9 175 179 78
c 164 169 45 66 191
c 85 117 61 63 90
c 61 65 141 102 179
c 30 16 153 155 176
c 66 80 10 12 98
c 39 123 188 3 98
c 186 198 179 185 42
c 110 112 150 188 175
c 25 32 105 109 55
c 144 2 67 78 178
c 23 26 109 152 109
c 67 144 38 87 112
c 53 64 118 129 76
c 176 182 26 40 127
c 105 112 145 158 139
c 49 134 47 54 160
c 27 70 104 118 197
c 158 162 187 2 55
c 34 36 127 141 29
c 180 186 5 11 128
c 39 50 185 187 161
c 86 125 6 56 114
c 1 9 14 22 69
c 151 96 134 129 83
c 60 62 195 80 176
c 186 187 81 91 122
c 106 114 77 86 120
c 2 3 171 85 158
c 48 51 199 7 147
c 70 185 72 143 69
c 169 173 135 138 132
c 2 107 79 84 132
c 70 76 173 122 135
c 138 149 79 92 196
c 4 173 96 52 198
c 134 146 162 164 45
c 93 71 129 140 196
c 12 73 127 133 157
c 186 194 93 108 86
c 187 192 116 115 142
c 80 81 100 113 86
c 70 71 191 195 89
c 173 179 164 177 73
c 130 124 115 124 186
c 10 74 180 183 144
c 40 52 149 164 125
c 29 0 146 179 32
c 124 127 139 198 78
c 87 89 87 18 82
c 114 46 15 92 114
c 20 21 27 32 171
c 36 49 178 87 188
c 20 29 28 34 68
c 123 164 108 116 95
c 19 26 86 92 168
c 111 117 41 52 105
c 105 116 146 151 89
c 125 196 44 53 196
c 1 12 101 155 108
c 85 97 159 163 79
c 71 75 197 6 40
c 121 130 144 51 114
c 54 62 108 113 64
c 182 188 71 86 198
c 29 32 184 195 87
c 12 25 183 135 191
c 22 28 160 175 33
c 62 70 198 199 150
c 66 78 55 62 121
c 178 192 119 72 144
c 46 55 159 179 166
c 140 156 134 1 193
c 12 24 155 164 58
c 8 22 50 63 170
c 4 10 104 2 63
c 88 90 50 53 86
c 136 138 161 110 85
c 187 198 185 194 48
c 19 22 70 74 153
c 66 67 79 98 43
c 62 75 159 170 85
c 62 71 132 145 45
c 110 115 141 148 41
c 153 166 95 5 169
c 2 14 47 54 39
c 131 132 110 123 139
c 101 155 152 148 50
c 51 74 70 82 108
c 97 81 19 25 146
c 137 97 77 79 166
c 184 181 102 113 141
c 192 174 69 73 72
c 34 10 182 187 57
c 101 62 69 84 70
c 31 39 17 15 185
c 116 73 101 102 108
c 36 51 24 35 125
c 83 91 114 120 183
c 177 107 6 102 68
c 186 198 110 120 123
c 72 30 14 23 120
c 135 167 112 121 143
c 65 66 149 161 198
c 169 182 166 176 53
c 59 63 167 1 42
c 188 173 166 167 35
c 107 115 29 181 109
c 83 18 165 173 196
c 75 80 104 2 80
c 53 68 160 165 196
c 88 96 79 86 101
c 195 199 72 85 138
c 4 13 121 125 145
c 152 165 155 162 76
c 98 105 127 138 97
c 164 168 32 42 93
c 182 191 32 39 98
c 84 127 52 66 172
c 81 82 27 190 162
c 87 126 194 5 143
c 80 117 101 186 149
c 21 34 13 27 144
c 164 126 131 141 122
c 134 110 178 192 105
c 138 181 198 12 130
c 154 161 132 134 62
c 161 148 48 58 26
c 151 154 160 96 143
c 113 128 138 45 150
c 80 97 121 132 104
c 145 160 29 43 158
c 113 172 132 144 44
c 138 163 121 125 186
c 101 192 140 153 102
c 183 196 86 93 118
c 39 50 21 67 139
c 180 185 183 186 131
c 164 176 45 59 92
c 111 125 105 106 73
c 163 171 127 134 28
c 152 164 190 197 177
c 10 12 196 9 87
c 76 82 192 194 42
c 87 2 132 139 190
c 185 155 104 59 163
c 49 181 96 63 183
c 194 0 23 24 132
c 195 1 136 147 36
c 156 169 103 71 157
c 56 110 107 55 152
c 187 29 154 156 170
c 37 41 2 6 105
c 0 14 177 183 169
c 95 100 163 31 39
c 104 110 174 181 127
c 144 137 96 101 32
c 133 141 131 135 189
c 11 13 56 125 148
c 11 118 199 36 106
c 14 93 63 73 172
c 111 113 187 196 35
c 75 88 47 48 35
c 35 47 11 20 48
c 180 194 152 158 89
c 145 157 171 4 182
c 156 45 25 28 117
c 152 155 138 149 186
c 44 53 123 137 199
c 109 119 139 147 82
c 114 124 45 159 129
c 29 7 115 132 110
c 38 181 135 138 32
c 188 6 199 36 88
c 198 150 32 12 109
c 146 158 104 115 138
c 90 0 180 91 167
c 53 109 82 93 168
c 175 163 162 170 198
c 187 189 78 90 47
c 137 148 38 49 76
c 97 101 81 88 133
c 186 187 12 22 174
c 142 149 198 6 117
c 101 113 164 181 189
c 86 125 48 54 55
c 1 16 49 181 39
c 188 189 153 163 177
c 74 75 98 103 113
c 128 138 147 152 106
c 181 38 71 73 132
c 56 59 117 59 124
c 77 90 125 132 74
c 199 173 61 69 79
c 68 42 159 144 51
c 28 36 22 194 134
c 162 73 46 47 188
c 149 154 67 79 63
c 36 41 124 127 172
c 152 163 76 81 25
c 71 76 164 198 135
c 131 93 143 146 25
c 100 113 102 115 68
c 174 59 55 4 101
c 199 13 28 113 83
c 142 148 186 199 73
c 73 85 125 135 55
c 108 113 127 133 38
c 47 56 173 66 74
c 44 51 5 171 199
c 130 142 88 101 161
c 104 118 185 197 136
c 198 10 187 196 173
c 113 164 10 140 122
c 3 7 54 63 150
c 168 125 25 138 97
c 34 43 67 73 58
c 143 40 5 38 133
c 70 96 19 186 121
c 171 179 20 23 28
c 81 94 112 120 65
c 156 124 174 153 60
c 153 177 151 96 78
c 129 130 114 155 164
c 79 196 93 104 53
c 122 135 17 32 191
c 81 129 83 90 32
c 199 1 80 90 104
c 64 69 175 178 199
c 89 101 30 36 31
c 191 106 50 57 58
c 187 197 3 38 43
c 103 115 146 156 130
c 23 28 67 78 130
c 178 179 41 22 180
c 13 87 140 152 28
c 152 161 129 108 50
c 40 54 18 103 198
c 173 188 193 8 166
c 156 168 10 18 122
c 72 197 9 19 120
c 112 119 59 87 99
c 56 125 60 73 46
c 68 17 12 26 107
c 121 132 41 51 136
c 166 168 23 6 180
c 12 14 4 72 196
c 194 191 158 173 169
c 104 106 12 92 39
c 4 178 139 151 115
c 72 82 50 51 89
c 19 21 125 137 85
c 182 197 178 176 96
c 36 42 83 85 108
c 21 67 179 144 175
c 196 11 45 21 72
c 54 40 148 154 25
c 90 104 17 67 166
c 159 161 167 183 130
c 165 133 27 190 50
c 146 160 160 161 52
c 164 28 147 161 118
c 141 93 140 190 26
c 115 127 17 21 61
c 180 185 17 176 50
c 117 127 57 68 160
c 87 18 113 122 56
c 87 126 32 33 183
c 46 52 162 174 95
c 168 175 30 14 137
c 102 117 94 62 165
c 44 53 36 24 142
c 86 94 121 122 76
c 165 170 64 66 150
c 153 177 179 189 89
c 196 159 4 6 187
c 140 107 120 62 32
c 129 134 199 158 166
c 142 156 37 175 179
c 29 41 121 123 75
c 123 138 70 78 195
c 136 112 190 5 45
c 125 129 14 19 188
c 157 160 122 23 117
c 95 98 157 92 25
c 122 135 41 51 136
c 30 32 71 82 68
c 140 150 71 102 136
c 25 36 10 20 190
c 7 12 102 164 106
c 147 148 121 130 120
c 64 73 103 24 68
c 17 28 193 3 198
c 168 173 188 137 45
c 98 178 77 153 73
c 75 13 68 2 171
c 58 59 195 9 148
c 3 4 29 15 136
c 32 145 82 13 80
c 154 199 82 93 147
c 20 31 164 0 186
c 183 195 50 34 176
c 140 155 22 194 61
c 29 43 66 78 57
c 43 54 130 62 197
c 21 28 113 123 26
c 22 30 183 185 139
c 92 129 93 103 95
c 165 166 90 121 121
c 184 193 127 126 166
c 68 78 120 126 81
c 187 188 79 93 117
c 105 120 51 62 183
c 17 176 145 148 188
c 177 147 36 43 82
c 133 145 152 164 63
c 157 44 64 72 196
c 179 192 146 102 53
c 165 179 108 123 99
c 109 117 100 153 60
c 133 139 85 117 190
c 108 9 156 13 95
c 118 171 58 67 80
c 149 152 105 108 143
c 145 160 181 195 117
c 114 121 37 39 55
c 187 131 91 96 186
c 27 31 174 188 82
c 186 188 149 153 122
c 84 97 89 172 71
c 114 116 94 102 199
c 124 136 92 135 197
c 151 154 141 150 122
c 103 114 68 91 125
c 102 103 199 2 189
c 73 83 38 93 121
c 49 181 163 175 26
c 157 7 165 172 157
c 111 112 61 175 184
c 111 140 171 172 137
c 30 35 44 53 155
c 154 156 95 96 143
c 143 152 47 54 189
c 77 177 42 57 71
c 155 196 192 174 66
c 139 198 107 118 152
c 106 154 71 119 104
c 105 21 82 91 165
c 101 192 67 118 32
c 47 56 27 34 148
c 45 57 45 4 155
c 50 131 42 47 37
c 67 79 150 188 80
c 21 29 155 162 26
c 133 135 186 199 101
c 81 129 82 92 133
c 130 17 86 100 166
c 94 86 2 123 42
c 171 176 189 53 183
c 10 118 20 144 137
c 173 186 99 10 44
c 13 28 42 57 144
c 108 56 54 118 28
c 129 144 189 3 179
c 0 84 54 83 136
c 32 91 16 17 189
c 122 114 140 45 25
c 14 93 61 185 130
c 104 62 157 171 89
c 1 107 86 125 56
c 89 104 175 103 123
c 54 69 76 91 54
c 92 104 28 35 99
c 44 55 109 111 99
c 82 85 125 128 165
c 0 103 66 72 97
c 145 169 60 62 73
c 10 14 74 78 137
c 152 16 72 86 192
c 84 45 41 54 138
c 5 81 23 191 85
c 135 18 17 26 84
c 179 194 33 55 46
c 9 13 146 155 42
c 96 106 0 15 137
c 108 111 174 175 100
c 155 192 82 91 172
c 69 71 32 42 180
c 131 135 112 121 27
c 48 59 159 174 103
c 154 105 68 74 196
c 120 165 42 95 72
c 160 172 143 154 56
c 90 0 124 118 94
c 58 63 188 190 165
c 141 102 175 110 120
c 161 173 177 147 116
c 5 8 26 29 149
c 181 182 151 48 105
c 114 118 57 69 118
c 11 158 154 105 199
c 5 14 187 199 194
c 19 128 70 176 162
c 117 112 146 161 171
c 101 106 54 68 58
c 167 178 107 55 109
c 56 94 6 19 59
c 45 132 74 85 137
c 24 29 55 66 153
c 180 64 73 85 122
c 115 66 74 88 120
c 146 151 64 65 83
c 147 161 151 158 117
c 183 13 75 86 54
c 14 109 49 167 146
c 68 79 126 120 143
c 154 169 99 114 78
c 195 163 4 10 48
c 96 108 163 167 76
c 27 40 162 64 88
c 12 22 129 140 151
c 55 100 30 104 167
c 150 156 138 163 33
c 122 23 181 59 97
c 155 196 20 21 111
c 51 118 50 63 152
c 43 57 122 185 186
c 102 104 167 172 55
c 24 55 107 59 171
c 136 133 96 109 183
c 117 120 49 54 73
c 194 1 77 84 32
c 125 139 100 114 46
c 67 98 199 144 100
c 9 91 78 89 89
c 193 3 6 142 159
c 81 95 186 121 173
c 142 151 2 141 156
c 148 160 108 122 179
c 162 9 7 160 33
c 93 104 198 53 156
c 82 98 44 50 124
c 103 118 41 45 164
c 165 170 102 71 193
c 88 95 152 135 132
c 68 72 125 12 94
c 133 138 103 182 111
c 178 191 188 189 114
c 50 29 193 95 180
c 183 13 180 190 78
c 9 58 23 27 35
c 164 59 46 144 89
c 80 94 51 52 156
c 103 109 162 78 197
c 43 51 47 89 158
c 119 128 132 134 96
c 148 175 92 99 86
c 96 98 65 70 192
c 77 86 20 33 88
c 92 106 167 45 27
c 91 104 69 81 186
c 35 47 37 47 73
c 131 146 96 196 45
c 52 66 18 23 185
c 86 89 47 48 34
c 113 30 95 111 54
c 74 82 180 52 127
c 107 141 171 186 129
c 160 165 30 36 147
c 129 130 37 111 99
c 161 164 142 146 64
c 146 147 131 133 57
c 22 32 85 89 162
c 40 48 139 34 99
c 10 21 187 190 196
c 193 95 34 44 184
c 163 175 95 5 173
c 132 139 88 75 51
c 81 95 87 95 115
c 196 5 17 24 87
c 182 183 167 172 73
c 128 129 81 83 94
c 187 128 44 49 104
c 14 26 108 112 122
c 64 175 162 165 143
c 54 83 150 164 93
c 66 71 119 130 93
c 40 10 123 129 97
c 124 131 50 62 68
c 134 138 45 66 157
c 81 92 155 157 91
c 155 170 178 29 62
c 71 79 168 174 187
c 179 180 4 143 178
c 149 156 108 109 138
c 29 34 11 16 82
c 110 117 152 167 69
c 19 21 42 54 124
c 172 82 80 93 121
c 137 148 155 159 172
c 149 153 172 109 198
c 199 40 30 40 107
c 9 12 147 158 104
c 9 58 66 87 135
c 181 182 58 66 103
c 126 131 144 158 61
c 126 164 111 68 25
c 115 118 2 107 88
c 98 102 147 151 146
c 54 63 12 17 137
c 4 10 108 119 74
c 122 135 140 160 101
c 144 146 18 28 157
c 5 6 84 39 92
c 142 3 185 188 187
c 159 195 161 166 137
c 143 155 16 107 182
c 17 176 164 28 132
c 35 42 51 55 82
c 70 85 144 149 151
c 43 58 161 123 111
c 127 142 175 185 164
c 83 87 90 102 187
c 67 71 70 81 51
c 65 148 94 102 199
c 81 92 5 81 141
c 3 11 48 90 195
c 66 176 97 57 191
c 190 195 74 121 149
c 116 13 72 197 193
c 172 134 76 101 56
c 59 154 135 18 189
c 13 87 69 43 153
c 78 87 12 14 151
c 17 22 78 89 25
c 74 121 155 151 44
c 78 91 168 170 149
c 71 75 189 4 119
c 170 177 35 48 141
c 117 112 176 182 45
c 172 134 148 149 111
c 72 82 58 166 57
c 30 41 156 158 76
c 196 24 103 106 122
c 50 30 123 171 54
c 193 195 64 72 195
c 176 98 66 67 114
c 68 78 92 97 155
c 2 7 124 137 74
c 129 130 97 98 126
c 42 48 30 32 127
c 162 9 44 55 133
c 38 51 181 191 59
c 126 180 119 126 175
c 168 179 23 100 166
c 95 104 98 103 51
c 139 152 110 112 93
c 60 65 108 31 66
c 135 107 81 44 68
c 9 97 184 197 193
c 56 59 15 28 94
c 68 48 153 73 77
c 27 36 156 13 91
c 113 30 12 81 29
c 34 39 45 48 183
c 36 47 95 110 186
c 2 12 85 185 119
c 173 176 4 72 171
c 59 17 76 81 93
c 27 70 0 14 163
c 169 144 16 129 172
c 58 70 133 138 88
c 108 116 125 126 33
c 112 62 26 41 84
c 15 24 151 153 58
c 38 51 33 37 90
c 2 6 1 5 81
c 128 135 10 140 88
c 165 168 57 116 124
c 115 116 43 58 40
c 67 198 11 13 49
c 125 137 20 27 169
c 178 188 65 77 101
c 171 174 162 107 40
c 191 195 45 65 97
c 191 0 10 148 135
c 149 157 68 77 155
c 106 115 185 189 179
c 176 188 155 1 175
c 156 157 19 20 140
c 199 21 81 89 76
c 41 173 33 36 65
c 160 51 50 29 65
c 59 60 7 22 149
c 98 92 64 70 181
c 193 199 148 67 103
c 42 53 45 39 71
c 184 171 67 79 180
c 127 22 98 103 157
c 92 95 7 8 32
c 139 143 49 167 134
c 145 126 27 30 98
c 7 65 143 116 32
c 189 199 105 140 101
c 29 39 150 156 194
c 61 185 39 45 141
c 41 51 69 81 39
c 166 175 176 99 153
c 48 60 3 7 131
c 128 129 106 196 152
c 158 101 106 55 178
c 195 0 186 193 72
c 69 10 12 26 168
c 178 193 185 186 57
c 90 99 111 173 131
c 67 75 49 57 155
c 75 38 24 25 33
c 71 80 54 118 50
c 85 117 19 27 105
c 46 54 189 110 184
c 123 135 148 149 175
c 38 40 157 181 75
c 133 174 164 171 99
c 198 3 135 140 176
c 27 35 145 154 163
c 180 185 98 42 108
c 156 162 61 63 105
c 114 119 142 81 166
c 155 164 0 3 31
c 76 87 0 120 127
c 167 181 151 165 60
c 193 0 96 37 187
c 152 164 104 184 161
c 11 59 23 35 56
c 97 100 29 184 84
c 164 193 173 181 149
c 62 74 118 119 68
c 199 3 91 102 49
c 20 29 156 169 197
c 199 117 100 142 62
c 156 13 107 121 123
c 189 3 152 148 50
c 107 120 31 42 46
c 120 124 146 79 198
c 165 177 63 73 150
c 152 166 166 30 154
c 133 147 17 31 42
c 39 45 44 57 110
c 31 97 15 23 67
c 15 17 54 0 168
c 143 148 82 83 99
c 152 159 153 165 137
c 1 10 27 39 186
c 30 36 81 86 88
c 181 195 140 150 191
c 117 130 178 182 83
c 138 152 10 15 173
c 56 69 67 70 120
c 89 96 23 27 94
c 6 21 157 48 146
c 57 63 11 143 65
c 45 132 67 81 151
c 91 97 18 22 39
c 133 139 137 145 193
c 6 57 147 162 39
c 153 157 12 20 132
c 132 142 62 77 135
c 39 51 12 20 87
c 73 40 99 101 104
c 179 187 6 9 86
c 15 21 177 187 166
c 20 32 6 20 179
c 28 162 63 67 54
c 35 42 114 129 69
c 157 158 64 60 80
c 167 177 153 168 197
c 119 123 25 40 45
c 172 56 139 79 63
c 17 28 122 114 39
c 180 184 95 99 55
c 106 107 31 42 135
c 135 148 145 0 194
c 7 163 27 70 31
c 56 15 126 138 163
c 160 169 144 114 96
c 42 57 90 149 49
c 59 60 128 141 179
c 198 199 11 17 174
c 90 101 115 118 125
c 56 68 117 123 89
c 167 175 87 75 174
c 179 140 42 49 55
c 194 195 191 195 182
c 63 110 191 193 81
c 18 22 173 18 39
c 87 169 141 146 59
c 73 82 84 86 134
c 10 15 57 174 58
c 185 192 35 40 175
c 4 15 0 8 132
c 183 185 22 31 122
c 194 66 198 3 117
c 165 188 78 82 187
c 88 103 167 179 87
c 157 163 179 187 48
c 135 18 25 27 97
c 110 120 193 198 50
c 93 101 139 103 93
c 131 143 184 198 187
c 199 11 23 33 72
c 47 51 28 159 149
c 51 62 17 159 165
c 44 47 136 143 129
c 69 150 130 140 28
c 146 159 3 189 171
c 84 96 34 93 135
c 167 182 112 105 33
c 143 154 83 89 48
c 174 186 196 159 167
c 51 59 143 146 108
c 164 172 183 138 67
c 108 20 76 31 168
c 35 185 59 74 94
c 130 133 25 32 47
c 78 87 94 109 41
c 51 74 135 147 50
c 91 93 54 62 26
c 8 35 120 132 93
c 171 173 148 160 165
c 39 51 105 119 133
c 64 65 192 5 120
c 74 88 147 151 71
c 104 184 141 145 156
c 198 5 193 8 187
c 13 199 174 181 169
c 163 15 77 83 125
c 76 84 0 13 132
c 110 114 176 179 35
c 140 152 132 144 141
c 23 24 73 80 25
c 116 35 154 199 147
c 39 147 109 122 118
c 147 57 80 90 120
c 173 183 82 106 180
c 37 111 155 1 136
c 157 160 117 130 58
c 129 137 124 167 126
c 28 38 160 175 71
c 150 164 179 190 113
c 186 181 22 23 146
c 10 67 92 95 74
c 120 135 86 9 39
c 175 190 196 9 62
c 169 176 15 25 114
c 176 177 78 83 198
c 95 100 89 96 163
c 156 13 186 34 75
c 33 37 166 173 71
c 172 167 104 62 80
c 152 24 189 190 43
c 78 85 90 96 36
c 35 151 71 77 191
c 116 127 123 164 138
c 118 34 28 30 124
c 7 159 64 25 112
c 143 40 112 122 34
c 167 171 51 59 126
c 140 190 125 117 86
c 169 173 92 99 198
c 113 122 188 1 79
c 172 167 178 29 119
c 131 145 5 140 43
c 46 61 80 82 33
c 101 67 69 79 163
c 16 19 9 12 191
c 124 136 170 182 129
c 186 193 169 109 108
c 10 15 62 64 145
c 33 154 50 146 197
c 77 79 87 102 131
c 52 129 150 164 47
c 187 189 115 125 140
c 129 136 3 8 83
c 77 85 128 133 126
c 79 178 26 35 109
c 189 193 9 24 53
c 192 0 105 140 101
c 148 3 138 52 188
c 140 151 188 173 108
c 161 170 79 91 97
c 192 199 137 140 34
c 107 120 40 169 185
c 123 133 130 143 103
c 196 198 158 173 180
c 181 190 167 178 48
c 77 89 22 27 106
c 167 168 95 105 146
c 14 23 3 4 156
c 101 192 69 147 142
c 74 185 81 87 105
c 138 52 34 119 117
c 16 22 4 199 27
c 39 75 132 140 177
c 11 61 161 123 68
c 138 181 125 137 81
c 11 13 22 34 115
c 166 175 5 44 98
c 126 131 197 192 68
c 92 34 28 40 148
c 134 147 45 57 157
c 24 28 138 144 190
c 167 173 185 124 144
c 41 120 183 188 81
c 68 73 41 56 79
c 44 47 29 34 163
c 128 136 113 126 60
c 195 169 39 48 154
c 165 172 65 45 55
c 163 164 8 18 110
c 187 1 5 140 27
c 125 140 189 4 109
c 113 119 101 103 144
c 147 151 48 62 56
c 1 10 9 131 49
c 163 170 72 81 74
c 162 167 147 155 53
c 163 166 181 183 159
c 176 183 124 132 98
c 140 151 192 5 70
c 31 37 105 88 57
c 31 69 80 82 48
c 97 34 20 164 117
c 38 53 120 0 190
c 162 78 35 191 164
c 189 121 120 131 171
c 199 40 103 114 178
c 117 118 78 79 151
c 186 199 57 62 155
c 61 72 188 199 68
c 53 106 161 174 196
c 174 196 150 157 160
c 126 136 199 158 76
c 12 18 144 158 137
c 134 138 137 150 67
c 102 9 92 93 147
c 101 192 88 99 27
c 6 57 65 75 34
c 17 5 30 39 78
c 174 124 123 130 78
c 158 166 160 161 158
c 15 18 140 153 55
c 11 14 92 85 112
c 153 164 184 171 130
c 185 196 64 71 65
c 184 196 90 105 52
c 165 0 98 42 75
c 147 162 196 6 123
c 79 84 116 128 123
c 58 63 65 148 181
c 69 73 81 90 137
c 162 174 97 107 40
c 18 96 81 129 125
c 27 40 90 149 134
c 195 6 50 59 194
c 104 113 143 146 180
c 168 140 64 25 181
c 108 29 41 2 142
c 142 151 196 2 80
c 159 39 61 69 149
c 179 135 176 98 193
c 9 11 196 124 73
c 64 76 39 46 173
c 30 166 162 78 155
c 101 108 156 154 86
c 186 61 109 152 162
c 89 92 136 147 38
c 149 153 87 88 186
c 149 80 183 138 70
c 0 84 64 73 195
c 27 12 98 101 37
c 126 120 88 97 78
c 110 118 98 112 174
c 105 106 6 16 49
c 87 91 183 186 34
c 66 68 105 140 98
c 52 54 89 103 96
c 149 161 118 90 182
c 196 9 132 165 157
c 10 140 130 138 195
c 28 27 59 177 37
c 153 79 13 28 145
c 128 142 110 112 66
c 104 110 4 11 83
c 131 144 84 118 158
c 101 109 51 61 106
c 118 125 133 144 185
c 189 199 113 116 199
c 63 78 109 152 127
c 64 77 60 72 29
c 32 174 3 164 158
c 6 13 31 81 187
c 103 24 195 19 185
c 29 40 173 40 38
c 59 87 132 129 42
c 35 37 66 160 96
c 87 169 101 155 31
c 152 159 183 35 90
c 13 87 33 47 122
c 94 109 98 106 91
c 195 54 60 144 38
c 165 172 199 8 163
c 134 147 175 186 132
c 139 140 152 154 27
c 40 80 41 120 90
c 153 164 193 2 105
c 27 12 105 119 35
c 186 34 4 21 91
c 143 115 103 47 187
c 63 77 28 39 78
c 105 151 147 159 47
c 194 116 72 83 131
c 189 196 120 65 69
c 88 94 12 18 159
c 38 40 188 198 181
c 133 145 171 1 196
c 15 26 167 180 64
c 71 73 146 147 67
c 148 97 109 112 95
c 98 108 60 62 122
c 18 138 98 61 110
c 122 134 1 16 84
c 72 83 27 41 86
c 121 130 16 179 68
c 159 163 173 179 115
c 47 69 175 48 27
c 9 20 91 106 183
c 80 76 169 178 177
c 11 126 175 176 157
c 117 128 144 137 179
c 61 74 105 110 96
c 119 72 186 172 110
c 35 191 166 82 164
c 88 95 36 55 95
c 6 199 153 154 53
c 167 141 65 70 109
c 139 166 108 109 165
c 17 67 44 59 69
c 49 54 185 135 129
c 125 139 94 55 43
c 165 177 39 52 54
c 169 126 42 56 56
c 41 49 146 79 66
c 62 107 31 149 163
c 110 124 81 129 47
c 159 163 160 174 166
c 109 67 138 96 153
c 165 179 130 140 108
c 179 141 140 10 134
c 195 80 61 25 171
c 39 147 3 9 68
c 163 167 182 190 54
c 49 62 115 127 124
c 31 41 13 62 89
c 108 165 82 92 163
c 58 69 112 116 54
c 70 82 174 182 171
c 173 176 130 133 165
c 144 2 133 136 96
c 20 144 95 99 154
c 78 122 181 195 144
c 118 122 67 76 161
c 94 105 162 175 82
c 16 122 155 151 107
c 157 168 27 42 177
c 88 94 138 141 108
c 108 183 35 50 107
c 23 38 127 138 158
c 14 21 160 96 78
c 134 142 164 14 174
c 22 34 36 37 78
c 82 86 77 108 158
c 7 20 163 176 134
c 111 124 24 35 125
c 5 20 163 15 122
c 9 20 182 15 88
c 71 73 189 18 127
c 100 142 148 163 184
c 111 173 36 46 35
c 29 30 82 99 174
c 79 154 47 61 151
c 80 91 2 11 57
c 141 118 121 125 197
c 170 181 190 199 153
c 169 177 10 81 143
c 160 169 129 143 99
c 93 71 125 49 117
c 42 95 35 44 48
c 68 75 62 66 144
c 88 91 125 152 119
c 35 42 34 161 57
c 29 37 72 85 57
c 28 39 142 151 109
c 35 151 60 93 26
c 104 106 115 157 142
c 29 44 77 148 114
c 28 33 13 17 136
c 9 91 125 127 158
c 109 104 91 96 170
c 60 72 158 123 89
c 10 16 163 178 92
c 137 147 68 172 159
c 21 30 10 13 69
c 198 131 180 71 103
c 142 81 75 80 154
c 98 93 24 50 48
c 88 93 99 113 131
c 93 99 79 85 151
c 117 132 44 31 171
c 9 24 123 171 141
c 27 35 169 173 103
c 168 173 52 59 130
c 51 60 184 198 111
c 73 87 115 116 55
c 152 72 57 102 145
c 96 100 114 124 28
c 186 61 117 127 53
c 133 71 127 131 67
c 46 55 194 177 191
c 122 109 112 56 25
c 159 23 161 123 97
c 103 115 72 74 57
c 179 185 27 39 122
c 144 150 111 173 172
c 166 180 8 41 45
c 95 102 18 26 154
c 54 59 121 32 124
c 175 186 89 92 69
c 94 108 47 39 126
c 66 81 118 90 180
c 193 127 57 62 120
c 84 85 189 13 198
c 115 157 121 45 147
c 49 185 162 16 165
c 150 155 29 181 123
c 65 76 195 197 190
c 28 31 16 20 180
c 137 139 91 92 29
c 85 185 99 129 143
c 103 139 70 176 186
c 31 44 151 160 113
c 106 154 70 96 159
c 32 31 183 138 116
c 144 151 12 22 150
c 21 29 199 11 108
c 171 180 22 88 192
c 187 0 119 130 127
c 87 128 155 164 140
c 191 106 130 136 100
c 172 82 159 168 139
c 122 124 41 54 99
c 198 5 4 5 35
c 12 13 140 146 90
c 45 4 37 39 129
c 49 185 132 2 75
c 155 164 74 76 148
c 26 123 58 61 90
c 131 138 125 137 149
c 88 99 111 115 78
c 40 165 179 135 197
c 196 198 64 71 127
c 81 86 126 112 194
c 156 163 64 60 82
c 187 194 64 175 176
c 91 71 115 120 135
c 49 54 90 95 196
c 175 177 158 101 177
c 118 120 1 16 110
c 36 51 35 102 41
c 149 100 132 129 152
c 11 59 135 139 183
c 7 15 13 62 30
c 47 51 89 130 48
c 55 62 66 75 188
c 155 161 94 55 185
c 69 73 136 143 122
c 68 78 61 168 107
c 77 85 17 149 64
c 133 139 118 34 128
c 182 188 102 115 84
c 19 186 79 196 25
c 61 62 92 96 82
c 23 47 178 192 148
c 164 166 197 2 113
c 159 39 122 123 186
c 137 140 69 128 84
c 44 52 118 128 158
c 101 102 27 33 145
c 50 63 85 191 96
c 151 164 31 149 93
c 45 100 52 55 113
c 29 7 108 17 116
c 161 164 186 34 139
c 95 111 163 58 88
c 164 167 112 105 119
c 46 53 131 134 95
c 92 105 68 70 62
c 184 196 73 88 122
c 79 98 11 115 125
c 15 2 151 156 138
c 51 57 179 191 109
c 101 115 31 44 70
c 61 71 65 41 46
c 57 60 134 148 161
c 167 177 159 173 85
c 108 165 119 128 57
c 105 115 63 75 181
c 13 56 144 151 128
c 169 174 135 137 164
c 181 188 6 14 103
c 105 21 83 88 190
c 84 98 175 184 100
c 170 184 55 57 44
c 130 62 24 35 188
c 127 137 20 164 86
c 122 126 26 27 112
c 9 20 76 81 135
c 142 148 16 17 199
c 26 30 150 160 145
c 7 16 177 141 126
c 34 48 176 73 192
c 193 77 0 5 154
c 40 165 10 140 47
c 111 112 173 80 60
c 86 121 163 56 63
c 95 100 136 146 82
c 76 189 140 152 74
c 163 41 112 78 60
c 11 31 111 125 98
c 85 94 81 87 116
c 114 46 59 70 69
c 177 74 63 78 180
c 71 78 71 81 156
c 174 153 86 161 75
c 133 141 129 135 179
c 30 35 78 119 41
c 115 57 186 59 31
c 124 128 147 156 159
c 120 145 104 60 171
c 193 1 107 122 44
c 160 51 25 39 168
c 182 197 106 108 40
c 197 1 58 73 127
c 165 177 52 54 38
c 164 173 43 199 167
c 193 196 191 106 162
c 18 26 27 12 67
c 129 141 106 115 163
c 195 92 106 185 54
c 68 2 12 17 107
c 61 168 59 34 189
c 1 108 61 175 69
c 79 92 24 55 152
c 182 185 97 112 137
c 134 144 28 195 55
c 124 163 23 191 123
c 181 187 189 18 73
c 43 56 4 17 82
c 12 95 169 147 148
c 110 175 164 28 79
c 160 93 198 1 62
c 84 99 60 74 187
c 47 58 75 77 37
c 16 29 148 149 186
c 120 123 145 158 175
c 44 102 16 18 168
c 111 92 16 21 87
c 53 102 113 121 147
c 154 155 158 161 87
c 131 135 167 180 62
c 2 48 108 9 68
c 192 160 125 12 139
c 114 121 85 97 166
c 192 3 69 75 33
c 138 143 187 29 34
c 35 40 186 0 70
c 31 60 94 20 148
c 183 190 38 46 64
c 1 6 134 138 171
c 2 3 131 139 75
c 35 188 97 112 96
c 8 35 40 50 33
c 34 46 122 127 148
c 59 70 199 5 98
c 187 197 30 33 198
c 151 166 76 101 178
c 32 34 135 178 81
c 65 148 168 140 130
c 160 166 41 43 60
c 185 196 105 117 43
c 70 74 1 138 49
c 75 82 173 181 105
c 84 161 166 173 72
c 175 189 52 53 165
c 84 150 136 141 161
c 171 177 137 31 144
c 37 38 146 153 53
c 175 190 57 63 39
c 162 78 68 91 80
c 46 61 14 28 170
c 31 8 129 134 167
c 147 158 166 167 189
c 84 97 27 39 70
c 149 157 147 151 139
c 128 109 192 15 76
c 43 49 117 124 198
c 56 15 49 52 163
c 159 167 172 47 199
c 175 56 189 195 94
c 171 185 79 196 199
c 126 130 25 37 77
c 109 119 56 60 160
c 21 40 59 28 45
c 178 183 98 92 175
c 116 34 139 103 31
c 92 97 49 53 188
c 162 170 78 83 185
c 197 199 72 84 56
c 19 186 101 59 68
c 99 108 91 102 128
c 104 107 26 37 33
c 128 131 27 42 135
c 93 34 125 129 116
c 132 165 145 126 59
c 112 62 141 142 189
c 144 149 116 118 134
c 88 100 32 39 198
c 134 137 23 83 110
c 78 155 143 5 146
c 15 28 33 40 196
c 46 59 3 11 99
c 61 132 45 158 56
c 85 89 127 139 133
c 20 32 199 1 100
c 109 104 51 66 164
c 60 93 80 87 164
c 13 87 177 183 38
c 61 76 95 5 100
c 63 75 137 147 90
c 14 26 87 114 83
c 168 180 8 35 109
c 127 139 9 24 131
c 4 8 92 103 136
c 83 89 45 59 40
c 115 119 167 134 196
c 60 194 34 47 173
c 1 2 125 135 67
c 25 34 194 0 50
c 14 22 7 13 75
c 183 138 176 183 54
c 192 198 164 137 150
c 130 140 15 155 63
c 60 69 58 15 53
c 39 50 155 28 185
c 187 131 29 32 130
c 184 0 117 131 158
c 194 197 37 46 83
c 191 63 161 176 74
c 54 59 22 26 138
c 94 98 65 72 141
c 173 188 152 158 34
c 125 133 33 55 133
c 13 87 109 49 195
c 9 23 16 30 193
c 122 135 139 198 125
c 76 88 192 49 183
c 175 179 137 184 47
c 64 150 3 56 192
c 3 179 76 47 113
c 138 148 56 8 164
c 73 139 75 90 91
c 195 10 28 37 134
c 180 191 78 91 92
c 33 45 112 124 185
c 108 116 192 48 84
c 22 25 121 133 167
c 97 105 110 111 126
c 131 141 164 167 121
c 67 78 79 82 130
c 151 163 171 185 74
c 180 187 168 173 27
c 152 162 28 177 58
c 165 172 185 188 155
c 27 28 73 86 69
c 179 190 75 84 50
c 9 20 123 7 42
c 17 19 78 92 44
c 104 109 10 74 192
c 151 96 10 15 134
c 8 11 111 120 74
c 171 4 94 186 133
c 138 152 49 54 107
c 110 102 167 166 85
c 157 169 59 34 158
c 43 47 180 185 144
c 37 45 150 154 38
c 189 0 84 98 29
c 48 149 148 175 78
c 147 156 20 30 172
c 79 90 70 185 67
c 120 124 38 140 34
c 24 35 108 183 158
c 103 117 56 67 46
c 154 165 159 164 142
c 124 139 42 182 50
c 52 2 188 199 120
c 60 73 25 4 193
c 193 156 99 108 177
c 132 138 125 131 191
c 167 179 3 4 180
c 152 59 115 118 38
c 110 121 63 110 102
c 76 189 41 50 192
c 41 51 59 74 69
c 71 83 149 155 176
c 40 10 31 97 93
c 134 110 186 199 138
c 199 180 189 199 197
c 103 142 124 126 168
c 46 58 130 124 167
c 45 47 146 152 112
c 85 100 86 95 63
c 41 49 69 78 124
c 67 196 11 19 73
c 153 167 63 74 192
c 72 73 5 12 152
c 36 48 71 86 62
c 41 188 125 196 30
c 115 44 169 126 74
c 171 85 34 189 47
c 174 178 189 2 103
c 136 69 135 150 91
c 38 47 110 115 41
c 138 147 148 161 113
c 15 193 98 104 80
c 81 129 134 147 57
c 94 97 121 129 72
c 49 57 29 34 121
c 127 94 173 182 91
c 46 56 32 35 35
c 76 77 170 89 197
c 16 123 61 62 81
c 132 136 0 3 182
c 91 104 72 79 118
c 60 73 162 174 96
c 3 140 16 27 163
c 147 19 188 190 56
c 176 190 23 6 80
c 161 148 75 13 25
c 19 28 17 130 65
c 120 127 152 167 119
c 169 154 59 64 69
c 95 101 190 170 126
c 111 92 84 97 48
c 46 55 113 116 30
c 60 194 57 58 130
c 127 35 116 80 60
c 158 176 182 185 35
c 119 122 190 1 186
c 27 40 11 24 66
c 175 56 42 46 108
c 9 13 63 74 44
c 53 68 56 71 69
c 177 180 199 7 92
c 199 1 23 35 40
c 128 139 34 45 35
c 198 10 95 105 150
c 103 1 50 189 51
c 55 194 154 162 84
c 158 173 174 185 169
c 189 195 58 62 190
c 30 34 97 106 198
c 79 88 121 122 39
c 104 117 17 30 65
c 179 183 99 34 102
c 5 7 135 147 143
c 122 124 148 153 196
c 52 149 61 64 91
c 3 140 49 63 72
c 72 75 114 120 62
c 107 110 59 60 84
c 22 196 105 45 61
c 9 15 67 73 186
c 146 154 49 55 167
c 196 9 187 168 179
c 133 182 161 168 181
c 35 38 177 147 198
c 66 70 159 169 70
c 89 128 33 38 100
c 80 86 121 127 175
c 8 23 149 189 62
c 73 87 107 55 91
c 150 161 101 110 197
c 13 22 67 132 153
c 153 167 149 100 118
c 9 21 66 72 141
c 176 178 21 25 99
c 38 93 181 189 83
c 40 51 19 186 191
c 50 56 52 64 81
c 32 31 91 71 143
c 77 85 44 37 111
c 170 177 36 44 182
c 150 151 169 181 124
c 128 109 72 144 28
c 20 27 145 160 143
c 137 147 100 104 171
c 84 89 68 74 133
c 0 8 27 31 87
c 188 199 154 105 64
c 172 174 21 66 192
c 71 73 148 154 154
c 122 129 196 11 133
c 160 139 108 120 85
c 58 5 120 62 34
c 65 79 195 0 112
c 67 24 104 117 83
c 84 98 50 64 180
c 86 88 2 12 25
c 95 109 132 138 119
c 135 144 69 128 121
c 61 185 61 76 31
c 180 185 67 132 45
c 146 160 152 189 175
c 53 59 121 135 98
c 117 124 141 78 106
c 87 24 74 77 39
c 69 10 98 106 40
c 15 155 80 97 44
c 36 46 99 108 39
c 184 192 168 170 68
c 141 145 168 179 131
c 77 81 114 180 90
c 170 172 166 168 40
c 184 193 177 190 163
c 132 123 169 181 53
c 188 191 79 97 72
c 158 159 70 80 36
c 36 11 45 46 86
c 87 126 120 123 155
c 13 62 167 170 113
c 88 91 145 156 138
c 14 161 72 81 82
c 69 76 56 60 166
c 115 117 196 6 146
c 114 127 129 143 46
c 65 45 111 125 48
c 121 130 136 138 138
c 126 137 194 191 69
c 50 40 127 126 37
c 182 193 28 17 137
c 82 90 5 18 108
c 55 61 80 83 56
c 198 3 27 28 40
c 44 51 104 115 128
c 158 165 0 4 150
c 173 180 118 127 152
c 27 33 155 163 140
c 168 177 50 189 53
c 69 79 171 4 161
c 143 144 144 158 113
c 165 103 140 144 160
c 72 77 80 85 157
c 69 10 31 42 54
c 19 20 167 181 52
c 56 110 127 142 41
c 112 122 29 3 97
c 129 108 98 99 47
c 72 176 187 197 56
c 65 174 65 41 193
c 42 55 54 65 25
c 84 150 173 186 193
c 27 41 96 109 184
c 26 36 195 8 87
c 103 108 12 15 136
c 81 96 92 69 133
c 121 135 74 84 170
c 171 175 54 62 168
c 25 31 19 34 184
c 104 55 95 98 36
c 87 18 152 59 171
c 123 129 8 22 27
c 10 18 159 173 40
c 178 188 107 115 137
c 44 102 43 49 53
c 8 20 35 199 142
c 52 61 125 140 127
c 161 132 43 181 175
c 192 7 34 119 34
c 132 2 27 29 92
c 139 140 111 68 124
c 134 26 159 172 133
c 78 82 90 96 73
c 182 185 191 117 137
c 165 176 104 113 163
c 68 71 76 79 110
c 90 94 112 120 160
c 158 171 147 148 133
c 67 76 160 166 144
c 82 95 86 125 27
c 126 135 32 41 97
c 197 0 84 99 186
c 46 51 166 110 76
c 115 119 104 119 116
c 17 18 59 65 71
c 92 104 161 50 166
c 98 64 151 161 141
c 68 77 148 150 43
c 4 195 193 77 148
c 6 13 60 71 119
c 118 121 195 2 42
c 115 129 167 38 66
c 119 2 168 182 175
c 131 140 30 88 151
c 63 77 199 117 122
c 105 119 175 176 164
c 182 190 11 143 35
c 195 198 27 12 156
c 196 7 7 17 135
c 103 107 62 76 46
c 113 124 66 73 99
c 26 45 41 51 101
c 165 60 34 44 154
c 197 10 167 26 140
c 197 12 107 55 55
c 62 159 40 55 152
c 157 163 20 21 44
c 22 30 173 174 29
c 125 152 36 80 165
c 88 38 169 171 60
c 117 123 118 120 56
c 126 130 68 195 189
c 167 178 195 2 115
c 180 181 95 110 70
c 51 61 171 172 36
c 157 44 88 95 70
c 5 71 135 178 105
c 43 51 168 172 125
c 109 111 75 90 157
c 8 74 67 196 68
c 34 35 147 154 29
c 150 57 14 140 86
c 156 165 179 181 111
c 147 156 128 143 52
c 110 118 122 136 177
c 181 189 129 133 55
c 131 132 58 69 177
c 22 134 30 31 198
c 46 168 10 14 138
c 171 37 24 37 91
c 44 45 29 3 181
c 68 78 74 86 116
c 68 78 187 105 109
c 143 151 22 27 121
c 69 84 3 56 93
c 32 39 157 163 166
c 182 192 6 142 40
c 184 181 129 139 73
c 108 119 112 127 182
c 2 12 198 7 125
c 82 92 33 37 130
c 151 161 89 172 97
c 3 10 24 114 194
c 40 10 2 15 122
c 105 111 10 23 189
c 37 17 169 175 168
c 67 75 28 66 47
c 161 132 125 138 109
c 164 168 26 31 101
c 145 169 17 31 197
c 140 144 159 174 34
c 34 40 167 179 30
c 122 127 48 62 62
c 33 39 32 44 115
c 130 135 11 61 189
c 192 196 2 141 72
c 24 35 46 54 128
c 159 174 161 165 135
c 97 47 83 96 48
c 165 172 171 172 65
c 158 163 46 175 182
c 69 75 167 176 123
c 73 76 176 180 76
c 118 34 61 70 117
c 167 170 170 177 61
c 145 146 184 185 75
c 173 184 143 164 186
c 7 12 150 164 153
c 30 104 168 101 64
c 7 20 8 41 84
c 167 38 163 172 187
c 109 152 176 73 100
c 9 10 162 176 186
c 83 93 0 130 41
c 61 74 20 167 161
c 20 167 126 132 62
c 196 7 135 137 68
c 15 24 15 26 47
c 33 47 116 115 126
c 167 174 184 199 32
c 156 171 141 153 127
c 71 193 53 102 43
c 161 148 19 22 187
c 173 40 73 51 80
c 166 180 3 164 175
c 15 21 4 12 71
c 163 168 194 3 150
c 164 181 70 148 57
c 145 146 45 60 192
c 60 123 154 162 163
c 181 100 124 128 88
c 77 91 93 101 164
c 158 161 165 178 63
c 193 6 23 28 195
c 21 162 133 137 121
c 51 62 87 98 35
c 70 75 13 86 190
c 199 40 12 26 110
c 124 130 61 73 101
c 158 170 93 108 130
c 63 110 113 114 119
c 46 55 193 5 196
c 87 95 19 30 164
c 11 62 152 165 39
c 189 110 5 10 179
c 40 51 62 68 86
c 12 27 36 48 93
c 76 47 93 97 143
c 54 92 93 98 196
c 120 62 27 32 176
c 94 96 133 135 78
c 191 2 76 84 168
c 144 141 57 63 172
c 152 164 125 131 80
c 164 198 130 62 45
c 154 169 84 99 199
c 49 50 90 102 163
c 183 13 9 17 183
c 49 64 50 55 120
c 195 6 165 196 92
c 77 87 99 114 151
c 0 10 49 64 85
c 145 158 9 91 148
c 81 94 156 8 163
c 167 141 31 46 127
c 188 194 107 115 185
c 25 26 196 124 176
c 155 167 138 147 134
c 25 39 44 102 68
c 155 165 18 138 146
c 69 128 24 36 30
c 46 54 180 183 68
c 90 183 50 63 137
c 147 39 5 15 145
c 93 104 36 46 144
c 154 168 195 7 68
c 118 119 39 43 33
c 61 74 33 55 120
c 121 131 142 140 34
c 153 158 182 188 90
c 144 141 122 131 86
c 62 159 8 35 95
c 11 12 95 116 68
c 196 24 176 186 154
c 51 58 57 72 80
c 161 175 55 62 71
c 54 67 156 154 34
c 189 53 123 131 150
c 151 107 153 168 93
c 101 109 178 7 139
c 160 168 27 38 99
c 9 22 143 158 190
c 1 2 56 94 109
c 45 56 92 129 163
c 50 58 64 155 76
c 144 156 184 168 104
c 3 135 114 119 51
c 118 122 26 33 51
c 77 182 167 170 118
c 18 29 180 193 79
c 112 114 94 98 86
c 7 65 110 115 153
c 121 130 27 30 120
c 100 103 190 119 146
c 167 7 135 144 36
c 35 126 198 53 120
c 141 78 26 28 82
