notes: n=100, m=2247, elb=1, eub=20, conf_density=0.001, clb=25, cub= 200, seed= 3141
p spec 100 2247 2523
s 54
t 71
a 0 1 14
a 0 2 8
a 0 3 12
a 0 4 5
a 0 5 4
a 0 6 2
a 0 7 16
a 0 8 19
a 0 9 19
a 0 10 12
a 0 11 16
a 0 12 10
a 0 13 1
a 0 14 6
a 0 15 17
a 0 27 6
a 0 55 7
a 0 51 1
a 0 86 7
a 0 79 5
a 1 2 5
a 1 3 19
a 1 4 10
a 1 5 16
a 1 6 19
a 1 7 7
a 1 8 7
a 1 9 2
a 1 10 4
a 1 11 3
a 1 12 18
a 1 13 13
a 1 14 19
a 1 15 3
a 1 16 15
a 1 44 19
a 1 54 9
a 1 74 16
a 1 25 18
a 1 53 14
a 1 31 17
a 1 58 3
a 2 3 11
a 2 4 12
a 2 5 1
a 2 6 18
a 2 7 12
a 2 8 10
a 2 9 9
a 2 10 3
a 2 11 13
a 2 12 8
a 2 13 11
a 2 14 19
a 2 15 1
a 2 16 4
a 2 17 1
a 2 49 17
a 2 0 19
a 2 22 1
a 2 81 5
a 2 29 14
a 2 92 3
a 2 72 12
a 3 4 12
a 3 5 10
a 3 6 6
a 3 7 15
a 3 8 4
a 3 9 14
a 3 10 6
a 3 11 3
a 3 12 16
a 3 13 17
a 3 14 1
a 3 15 13
a 3 16 13
a 3 17 10
a 3 18 10
a 3 68 1
a 3 81 15
a 3 70 2
a 3 49 4
a 3 83 14
a 3 34 17
a 3 95 15
a 4 5 16
a 4 6 17
a 4 7 4
a 4 8 15
a 4 9 2
a 4 10 3
a 4 11 19
a 4 12 10
a 4 13 11
a 4 14 17
a 4 15 3
a 4 16 3
a 4 17 16
a 4 18 19
a 4 19 11
a 4 60 2
a 4 45 5
a 4 89 12
a 4 66 4
a 4 63 17
a 4 23 2
a 4 94 6
a 4 57 19
a 4 48 16
a 5 6 5
a 5 7 18
a 5 8 16
a 5 9 11
a 5 10 14
a 5 11 18
a 5 12 16
a 5 13 3
a 5 14 18
a 5 15 18
a 5 16 3
a 5 17 8
a 5 18 11
a 5 19 15
a 5 20 6
a 5 81 15
a 5 39 10
a 5 82 1
a 5 26 9
a 5 65 13
a 5 97 8
a 5 95 17
a 5 31 8
a 5 49 10
a 6 7 6
a 6 8 5
a 6 9 1
a 6 10 9
a 6 11 11
a 6 12 3
a 6 13 17
a 6 14 13
a 6 15 16
a 6 16 1
a 6 17 2
a 6 18 17
a 6 19 16
a 6 20 3
a 6 21 1
a 6 67 9
a 6 86 3
a 6 71 8
a 6 66 3
a 6 60 17
a 6 34 7
a 6 48 11
a 6 1 5
a 6 77 15
a 7 8 19
a 7 9 5
a 7 10 2
a 7 11 4
a 7 12 3
a 7 13 9
a 7 14 1
a 7 15 6
a 7 16 1
a 7 17 14
a 7 18 8
a 7 19 1
a 7 20 8
a 7 21 10
a 7 22 15
a 7 81 7
a 7 74 15
a 7 1 10
a 7 26 15
a 7 97 17
a 7 56 19
a 7 4 16
a 7 60 1
a 7 77 11
a 7 35 18
a 7 42 9
a 8 9 4
a 8 10 12
a 8 11 15
a 8 12 9
a 8 13 7
a 8 14 19
a 8 15 16
a 8 16 2
a 8 17 1
a 8 18 15
a 8 19 2
a 8 20 7
a 8 21 16
a 8 22 4
a 8 23 7
a 8 98 10
a 8 1 6
a 8 38 5
a 8 94 17
a 8 33 1
a 8 76 2
a 9 10 18
a 9 11 9
a 9 12 15
a 9 13 7
a 9 14 10
a 9 15 4
a 9 16 6
a 9 17 19
a 9 18 2
a 9 19 17
a 9 20 3
a 9 21 12
a 9 22 15
a 9 23 17
a 9 24 3
a 9 30 19
a 9 55 16
a 9 88 2
a 9 92 9
a 10 11 1
a 10 12 14
a 10 13 6
a 10 14 2
a 10 15 7
a 10 16 6
a 10 17 6
a 10 18 1
a 10 19 8
a 10 20 11
a 10 21 16
a 10 22 13
a 10 23 17
a 10 24 9
a 10 25 5
a 10 62 4
a 10 94 4
a 10 30 19
a 10 68 1
a 10 2 3
a 10 83 10
a 10 96 9
a 10 74 3
a 11 12 12
a 11 13 17
a 11 14 8
a 11 15 1
a 11 16 1
a 11 17 1
a 11 18 3
a 11 19 12
a 11 20 2
a 11 21 12
a 11 22 11
a 11 23 5
a 11 24 12
a 11 25 15
a 11 26 6
a 11 35 19
a 11 66 1
a 11 93 15
a 11 0 18
a 11 85 15
a 11 52 11
a 11 5 5
a 11 97 9
a 12 13 12
a 12 14 11
a 12 15 14
a 12 16 15
a 12 17 1
a 12 18 16
a 12 19 5
a 12 20 9
a 12 21 2
a 12 22 12
a 12 23 10
a 12 24 1
a 12 25 13
a 12 26 4
a 12 27 2
a 12 91 12
a 12 36 16
a 12 85 1
a 12 97 6
a 12 42 13
a 12 11 7
a 13 14 11
a 13 15 9
a 13 16 8
a 13 17 11
a 13 18 9
a 13 19 18
a 13 20 5
a 13 21 6
a 13 22 13
a 13 23 4
a 13 24 17
a 13 25 2
a 13 26 13
a 13 27 10
a 13 28 6
a 13 94 17
a 13 43 16
a 13 32 4
a 13 72 14
a 13 88 19
a 13 84 16
a 13 60 18
a 14 15 15
a 14 16 4
a 14 17 15
a 14 18 14
a 14 19 19
a 14 20 13
a 14 21 2
a 14 22 17
a 14 23 12
a 14 24 1
a 14 25 11
a 14 26 14
a 14 27 2
a 14 28 19
a 14 29 18
a 14 33 11
a 14 35 14
a 14 77 15
a 14 73 17
a 14 68 18
a 15 16 18
a 15 17 15
a 15 18 11
a 15 19 3
a 15 20 2
a 15 21 5
a 15 22 7
a 15 23 6
a 15 24 7
a 15 25 7
a 15 26 8
a 15 27 1
a 15 28 18
a 15 29 10
a 15 30 11
a 15 88 14
a 15 75 19
a 15 42 3
a 15 70 10
a 15 79 17
a 15 58 6
a 15 84 4
a 27 28 8
a 27 29 4
a 27 30 17
a 27 31 13
a 27 32 18
a 27 33 15
a 27 34 6
a 27 35 17
a 27 36 4
a 27 37 6
a 27 38 13
a 27 39 14
a 27 40 13
a 27 41 9
a 27 42 8
a 27 17 8
a 27 87 9
a 27 52 13
a 27 62 10
a 27 14 3
a 27 67 19
a 27 65 14
a 55 56 8
a 55 57 13
a 55 58 10
a 55 59 1
a 55 60 7
a 55 61 9
a 55 62 7
a 55 63 14
a 55 64 16
a 55 65 4
a 55 66 6
a 55 67 9
a 55 68 10
a 55 69 15
a 55 70 9
a 55 76 14
a 55 23 7
a 55 95 7
a 55 41 19
a 51 52 11
a 51 53 2
a 51 54 7
a 51 55 7
a 51 56 17
a 51 57 11
a 51 58 18
a 51 59 14
a 51 60 17
a 51 61 8
a 51 62 3
a 51 63 5
a 51 64 3
a 51 65 12
a 51 66 3
a 51 86 18
a 51 3 2
a 51 42 15
a 51 17 14
a 51 34 11
a 51 91 5
a 51 35 2
a 86 87 4
a 86 88 7
a 86 89 14
a 86 90 17
a 86 91 2
a 86 92 1
a 86 93 8
a 86 94 19
a 86 95 15
a 86 96 9
a 86 97 15
a 86 98 16
a 86 99 10
a 86 0 2
a 86 1 9
a 86 46 13
a 86 53 12
a 86 69 10
a 86 22 19
a 86 29 19
a 86 20 18
a 86 12 6
a 86 81 18
a 79 80 10
a 79 81 2
a 79 82 7
a 79 83 8
a 79 84 7
a 79 85 17
a 79 86 11
a 79 87 14
a 79 88 6
a 79 89 6
a 79 90 14
a 79 91 14
a 79 92 1
a 79 93 12
a 79 94 2
a 79 12 15
a 79 30 7
a 79 32 19
a 79 99 16
a 79 0 2
a 79 3 17
a 79 68 1
a 79 37 9
a 16 17 13
a 16 18 4
a 16 19 18
a 16 20 7
a 16 21 16
a 16 22 19
a 16 23 11
a 16 24 11
a 16 25 15
a 16 26 16
a 16 27 16
a 16 28 14
a 16 29 10
a 16 30 3
a 16 31 14
a 16 47 5
a 16 35 7
a 16 94 3
a 16 88 6
a 16 99 10
a 44 45 9
a 44 46 3
a 44 47 7
a 44 48 5
a 44 49 4
a 44 50 17
a 44 51 6
a 44 52 11
a 44 53 8
a 44 54 5
a 44 55 3
a 44 56 18
a 44 57 19
a 44 58 12
a 44 59 5
a 44 75 2
a 44 11 5
a 44 2 6
a 44 6 17
a 44 27 9
a 44 90 1
a 44 40 7
a 44 37 4
a 54 55 7
a 54 56 17
a 54 57 8
a 54 58 16
a 54 59 7
a 54 60 3
a 54 61 8
a 54 62 9
a 54 63 19
a 54 64 7
a 54 65 5
a 54 66 2
a 54 67 9
a 54 68 2
a 54 69 2
a 54 74 15
a 54 87 11
a 54 16 13
a 54 28 6
a 54 72 9
a 54 95 18
a 74 75 10
a 74 76 18
a 74 77 13
a 74 78 10
a 74 79 15
a 74 80 15
a 74 81 16
a 74 82 2
a 74 83 16
a 74 84 12
a 74 85 6
a 74 86 17
a 74 87 10
a 74 88 14
a 74 89 5
a 74 93 13
a 74 64 2
a 74 15 14
a 74 6 7
a 74 33 15
a 74 96 19
a 74 55 16
a 74 46 9
a 25 26 19
a 25 27 9
a 25 28 15
a 25 29 2
a 25 30 1
a 25 31 2
a 25 32 12
a 25 33 17
a 25 34 3
a 25 35 15
a 25 36 9
a 25 37 19
a 25 38 3
a 25 39 13
a 25 40 16
a 25 7 8
a 25 41 1
a 25 44 8
a 25 45 5
a 25 23 19
a 25 69 1
a 25 65 2
a 25 11 16
a 25 71 18
a 25 55 10
a 53 54 8
a 53 55 2
a 53 56 7
a 53 57 12
a 53 58 1
a 53 59 13
a 53 60 11
a 53 61 15
a 53 62 18
a 53 63 11
a 53 64 16
a 53 65 10
a 53 66 17
a 53 67 6
a 53 68 8
a 53 75 15
a 53 74 19
a 53 9 2
a 53 4 9
a 53 16 10
a 31 32 6
a 31 33 14
a 31 34 6
a 31 35 1
a 31 36 5
a 31 37 12
a 31 38 15
a 31 39 16
a 31 40 17
a 31 41 13
a 31 42 1
a 31 43 10
a 31 44 4
a 31 45 14
a 31 46 16
a 31 95 8
a 31 64 19
a 31 15 19
a 31 48 16
a 31 99 17
a 31 82 19
a 31 78 3
a 31 8 6
a 58 59 19
a 58 60 16
a 58 61 2
a 58 62 9
a 58 63 1
a 58 64 1
a 58 65 2
a 58 66 9
a 58 67 18
a 58 68 10
a 58 69 3
a 58 70 9
a 58 71 6
a 58 72 15
a 58 73 17
a 58 29 17
a 58 53 12
a 58 0 7
a 58 76 15
a 58 19 14
a 58 99 3
a 58 7 17
a 17 18 6
a 17 19 4
a 17 20 1
a 17 21 15
a 17 22 1
a 17 23 14
a 17 24 4
a 17 25 15
a 17 26 12
a 17 27 14
a 17 28 18
a 17 29 2
a 17 30 11
a 17 31 17
a 17 32 9
a 17 81 17
a 17 76 7
a 17 11 11
a 17 35 5
a 17 87 17
a 17 53 3
a 49 50 18
a 49 51 3
a 49 52 5
a 49 53 17
a 49 54 14
a 49 55 7
a 49 56 10
a 49 57 7
a 49 58 7
a 49 59 18
a 49 60 17
a 49 61 11
a 49 62 5
a 49 63 4
a 49 64 7
a 49 43 3
a 49 45 17
a 49 9 6
a 49 15 16
a 49 12 14
a 49 24 8
a 49 32 2
a 49 25 1
a 22 23 16
a 22 24 19
a 22 25 3
a 22 26 11
a 22 27 6
a 22 28 13
a 22 29 7
a 22 30 15
a 22 31 11
a 22 32 13
a 22 33 17
a 22 34 16
a 22 35 18
a 22 36 18
a 22 37 3
a 22 44 3
a 22 14 13
a 22 40 4
a 22 1 11
a 22 75 9
a 22 63 12
a 22 43 6
a 22 98 5
a 81 82 3
a 81 83 5
a 81 84 15
a 81 85 15
a 81 86 17
a 81 87 16
a 81 88 17
a 81 89 16
a 81 90 12
a 81 91 1
a 81 92 18
a 81 93 1
a 81 94 2
a 81 95 11
a 81 96 11
a 81 48 10
a 81 24 7
a 81 30 19
a 81 16 6
a 81 65 17
a 81 42 6
a 81 64 12
a 81 76 19
a 81 57 18
a 81 13 11
a 29 30 3
a 29 31 7
a 29 32 3
a 29 33 16
a 29 34 18
a 29 35 3
a 29 36 9
a 29 37 10
a 29 38 15
a 29 39 12
a 29 40 4
a 29 41 8
a 29 42 14
a 29 43 6
a 29 44 1
a 29 50 18
a 29 0 19
a 29 45 12
a 29 75 19
a 29 8 4
a 29 92 12
a 29 97 12
a 29 94 16
a 92 93 16
a 92 94 5
a 92 95 18
a 92 96 3
a 92 97 15
a 92 98 19
a 92 99 10
a 92 0 15
a 92 1 1
a 92 2 14
a 92 3 14
a 92 4 14
a 92 5 15
a 92 6 18
a 92 7 11
a 92 71 9
a 92 91 6
a 92 26 16
a 92 38 14
a 92 54 14
a 92 87 14
a 72 73 15
a 72 74 18
a 72 75 8
a 72 76 3
a 72 77 11
a 72 78 7
a 72 79 1
a 72 80 8
a 72 81 10
a 72 82 8
a 72 83 16
a 72 84 3
a 72 85 12
a 72 86 12
a 72 87 12
a 72 15 13
a 72 88 4
a 72 90 11
a 72 31 15
a 72 2 3
a 72 20 15
a 72 22 13
a 72 99 12
a 72 4 13
a 18 19 12
a 18 20 17
a 18 21 5
a 18 22 13
a 18 23 4
a 18 24 17
a 18 25 11
a 18 26 11
a 18 27 10
a 18 28 6
a 18 29 8
a 18 30 10
a 18 31 3
a 18 32 2
a 18 33 19
a 18 1 14
a 18 81 12
a 18 14 17
a 18 38 9
a 18 93 3
a 18 74 18
a 18 2 2
a 18 71 12
a 18 49 11
a 18 69 8
a 18 79 4
a 68 69 5
a 68 70 1
a 68 71 1
a 68 72 17
a 68 73 11
a 68 74 10
a 68 75 19
a 68 76 10
a 68 77 13
a 68 78 12
a 68 79 9
a 68 80 8
a 68 81 11
a 68 82 12
a 68 83 4
a 68 37 14
a 68 64 14
a 68 12 11
a 68 33 8
a 68 90 4
a 68 13 4
a 68 10 7
a 70 71 7
a 70 72 6
a 70 73 2
a 70 74 5
a 70 75 19
a 70 76 9
a 70 77 13
a 70 78 6
a 70 79 7
a 70 80 7
a 70 81 2
a 70 82 2
a 70 83 15
a 70 84 13
a 70 85 9
a 70 34 14
a 70 48 13
a 70 31 16
a 70 52 3
a 70 36 9
a 70 64 10
a 83 84 17
a 83 85 9
a 83 86 4
a 83 87 4
a 83 88 10
a 83 89 11
a 83 90 3
a 83 91 17
a 83 92 9
a 83 93 15
a 83 94 12
a 83 95 11
a 83 96 11
a 83 97 17
a 83 98 12
a 83 23 12
a 83 72 10
a 83 74 13
a 83 32 13
a 83 81 15
a 83 57 6
a 83 12 17
a 83 34 9
a 83 99 4
a 34 35 18
a 34 36 13
a 34 37 11
a 34 38 17
a 34 39 16
a 34 40 18
a 34 41 18
a 34 42 1
a 34 43 11
a 34 44 2
a 34 45 9
a 34 46 18
a 34 47 5
a 34 48 17
a 34 49 13
a 34 61 18
a 34 82 7
a 34 55 18
a 34 85 12
a 34 95 1
a 34 59 14
a 34 72 3
a 34 80 4
a 95 96 1
a 95 97 14
a 95 98 10
a 95 99 12
a 95 0 13
a 95 1 10
a 95 2 14
a 95 3 7
a 95 4 12
a 95 5 4
a 95 6 9
a 95 7 2
a 95 8 8
a 95 9 11
a 95 10 4
a 95 78 10
a 95 16 9
a 95 20 10
a 95 39 18
a 95 47 11
a 95 27 11
a 19 20 17
a 19 21 6
a 19 22 1
a 19 23 11
a 19 24 17
a 19 25 6
a 19 26 10
a 19 27 3
a 19 28 14
a 19 29 13
a 19 30 11
a 19 31 16
a 19 32 13
a 19 33 18
a 19 34 5
a 19 35 18
a 19 10 2
a 60 61 11
a 60 62 5
a 60 63 4
a 60 64 9
a 60 65 12
a 60 66 15
a 60 67 8
a 60 68 18
a 60 69 9
a 60 70 17
a 60 71 16
a 60 72 3
a 60 73 19
a 60 74 16
a 60 75 4
a 60 32 6
a 60 55 9
a 60 96 6
a 60 89 7
a 60 34 19
a 60 91 2
a 60 11 16
a 60 86 19
a 60 30 9
a 60 14 5
a 45 46 2
a 45 47 9
a 45 48 9
a 45 49 13
a 45 50 4
a 45 51 4
a 45 52 1
a 45 53 9
a 45 54 16
a 45 55 1
a 45 56 19
a 45 57 1
a 45 58 7
a 45 59 14
a 45 60 13
a 45 99 8
a 45 61 16
a 45 26 17
a 45 81 16
a 45 95 9
a 45 34 4
a 45 12 7
a 89 90 17
a 89 91 13
a 89 92 15
a 89 93 12
a 89 94 14
a 89 95 6
a 89 96 19
a 89 97 17
a 89 98 18
a 89 99 5
a 89 0 12
a 89 1 9
a 89 2 16
a 89 3 5
a 89 4 11
a 89 83 2
a 89 65 10
a 89 12 14
a 89 13 2
a 89 72 18
a 89 9 8
a 89 7 8
a 89 73 18
a 66 67 8
a 66 68 3
a 66 69 11
a 66 70 13
a 66 71 7
a 66 72 3
a 66 73 8
a 66 74 17
a 66 75 9
a 66 76 5
a 66 77 1
a 66 78 3
a 66 79 3
a 66 80 3
a 66 81 13
a 66 52 5
a 66 44 10
a 66 50 12
a 66 47 4
a 66 28 16
a 66 22 12
a 66 96 13
a 63 64 17
a 63 65 4
a 63 66 7
a 63 67 15
a 63 68 12
a 63 69 11
a 63 70 12
a 63 71 12
a 63 72 12
a 63 73 15
a 63 74 2
a 63 75 16
a 63 76 6
a 63 77 2
a 63 78 17
a 63 53 3
a 63 57 1
a 63 16 16
a 63 97 13
a 63 58 13
a 63 60 15
a 23 24 17
a 23 25 1
a 23 26 2
a 23 27 3
a 23 28 11
a 23 29 17
a 23 30 18
a 23 31 4
a 23 32 8
a 23 33 1
a 23 34 15
a 23 35 8
a 23 36 14
a 23 37 2
a 23 38 4
a 23 76 1
a 23 59 17
a 23 19 16
a 23 92 2
a 23 44 5
a 23 39 8
a 23 90 2
a 94 95 11
a 94 96 19
a 94 97 3
a 94 98 6
a 94 99 13
a 94 0 9
a 94 1 3
a 94 2 15
a 94 3 1
a 94 4 18
a 94 5 17
a 94 6 4
a 94 7 15
a 94 8 1
a 94 9 12
a 94 13 5
a 94 71 17
a 94 36 19
a 94 16 12
a 94 47 8
a 57 58 9
a 57 59 13
a 57 60 4
a 57 61 19
a 57 62 7
a 57 63 10
a 57 64 6
a 57 65 14
a 57 66 11
a 57 67 11
a 57 68 4
a 57 69 12
a 57 70 6
a 57 71 10
a 57 72 6
a 57 16 17
a 57 76 9
a 57 78 18
a 57 55 16
a 57 53 14
a 57 56 8
a 48 49 12
a 48 50 1
a 48 51 6
a 48 52 17
a 48 53 8
a 48 54 18
a 48 55 4
a 48 56 19
a 48 57 3
a 48 58 1
a 48 59 13
a 48 60 1
a 48 61 18
a 48 62 13
a 48 63 3
a 48 43 1
a 48 75 13
a 48 84 14
a 48 15 18
a 48 16 16
a 48 8 11
a 48 30 18
a 48 6 4
a 48 95 14
a 48 74 1
a 20 21 11
a 20 22 15
a 20 23 19
a 20 24 14
a 20 25 11
a 20 26 3
a 20 27 11
a 20 28 10
a 20 29 14
a 20 30 4
a 20 31 11
a 20 32 13
a 20 33 14
a 20 34 6
a 20 35 8
a 20 54 2
a 20 12 19
a 20 98 18
a 20 46 16
a 20 73 3
a 20 77 16
a 20 83 18
a 20 86 13
a 39 40 13
a 39 41 3
a 39 42 1
a 39 43 13
a 39 44 7
a 39 45 3
a 39 46 16
a 39 47 5
a 39 48 6
a 39 49 1
a 39 50 7
a 39 51 19
a 39 52 19
a 39 53 14
a 39 54 4
a 39 93 8
a 39 33 14
a 39 99 15
a 39 74 10
a 39 6 7
a 39 5 15
a 39 26 2
a 82 83 15
a 82 84 7
a 82 85 9
a 82 86 11
a 82 87 2
a 82 88 1
a 82 89 8
a 82 90 6
a 82 91 14
a 82 92 7
a 82 93 2
a 82 94 19
a 82 95 19
a 82 96 17
a 82 97 10
a 82 39 4
a 82 70 19
a 82 35 9
a 82 59 13
a 82 3 15
a 82 31 15
a 82 57 3
a 82 34 5
a 82 2 14
a 26 27 3
a 26 28 11
a 26 29 5
a 26 30 6
a 26 31 10
a 26 32 7
a 26 33 16
a 26 34 10
a 26 35 9
a 26 36 12
a 26 37 16
a 26 38 19
a 26 39 13
a 26 40 17
a 26 41 18
a 26 12 2
a 26 58 9
a 26 72 5
a 26 60 17
a 26 16 10
a 26 53 19
a 26 95 5
a 26 19 1
a 26 57 2
a 65 66 7
a 65 67 17
a 65 68 18
a 65 69 5
a 65 70 1
a 65 71 16
a 65 72 5
a 65 73 8
a 65 74 2
a 65 75 9
a 65 76 3
a 65 77 19
a 65 78 7
a 65 79 8
a 65 80 10
a 65 27 8
a 65 38 8
a 65 16 17
a 65 97 9
a 65 93 2
a 97 98 9
a 97 99 10
a 97 0 15
a 97 1 3
a 97 2 18
a 97 3 6
a 97 4 7
a 97 5 5
a 97 6 9
a 97 7 12
a 97 8 10
a 97 9 5
a 97 10 19
a 97 11 15
a 97 12 12
a 97 67 11
a 97 65 3
a 97 70 2
a 97 78 10
a 97 16 17
a 97 31 1
a 97 73 11
a 97 90 19
a 97 76 3
a 21 22 9
a 21 23 1
a 21 24 10
a 21 25 19
a 21 26 4
a 21 27 9
a 21 28 10
a 21 29 16
a 21 30 1
a 21 31 4
a 21 32 14
a 21 33 9
a 21 34 3
a 21 35 7
a 21 36 15
a 21 70 19
a 21 99 1
a 21 68 14
a 21 47 18
a 21 91 15
a 21 3 18
a 21 1 10
a 21 49 3
a 67 68 11
a 67 69 8
a 67 70 11
a 67 71 18
a 67 72 4
a 67 73 8
a 67 74 16
a 67 75 1
a 67 76 15
a 67 77 17
a 67 78 6
a 67 79 7
a 67 80 9
a 67 81 5
a 67 82 6
a 67 55 13
a 67 56 18
a 67 50 13
a 67 85 16
a 67 51 14
a 67 2 10
a 67 3 4
a 71 72 18
a 71 73 16
a 71 74 5
a 71 75 7
a 71 76 9
a 71 77 6
a 71 78 5
a 71 79 19
a 71 80 12
a 71 81 5
a 71 82 11
a 71 83 19
a 71 84 7
a 71 85 13
a 71 86 3
a 71 58 6
a 71 0 10
a 71 56 12
a 71 63 9
a 71 47 5
a 71 28 10
a 71 12 17
a 77 78 12
a 77 79 11
a 77 80 6
a 77 81 11
a 77 82 16
a 77 83 7
a 77 84 18
a 77 85 7
a 77 86 8
a 77 87 11
a 77 88 1
a 77 89 14
a 77 90 19
a 77 91 13
a 77 92 12
a 77 44 6
a 77 6 7
a 77 67 7
a 77 26 3
a 77 64 17
a 56 57 1
a 56 58 4
a 56 59 1
a 56 60 6
a 56 61 1
a 56 62 14
a 56 63 13
a 56 64 3
a 56 65 7
a 56 66 11
a 56 67 9
a 56 68 6
a 56 69 6
a 56 70 7
a 56 71 3
a 56 90 14
a 56 28 17
a 56 53 18
a 56 15 1
a 56 29 17
a 35 36 1
a 35 37 9
a 35 38 17
a 35 39 1
a 35 40 1
a 35 41 7
a 35 42 15
a 35 43 1
a 35 44 17
a 35 45 13
a 35 46 6
a 35 47 3
a 35 48 14
a 35 49 2
a 35 50 13
a 35 27 18
a 35 86 18
a 35 85 6
a 35 11 17
a 35 58 17
a 35 16 5
a 35 67 6
a 35 14 6
a 35 23 13
a 42 43 3
a 42 44 15
a 42 45 12
a 42 46 16
a 42 47 13
a 42 48 17
a 42 49 17
a 42 50 9
a 42 51 13
a 42 52 14
a 42 53 13
a 42 54 4
a 42 55 3
a 42 56 15
a 42 57 12
a 42 10 11
a 42 0 7
a 42 24 4
a 42 2 11
a 42 71 18
a 42 80 15
a 42 69 6
a 98 99 6
a 98 0 17
a 98 1 4
a 98 2 15
a 98 3 15
a 98 4 7
a 98 5 9
a 98 6 17
a 98 7 11
a 98 8 3
a 98 9 18
a 98 10 5
a 98 11 13
a 98 12 4
a 98 13 3
a 98 55 19
a 98 39 4
a 98 93 4
a 98 26 7
a 98 52 16
a 98 88 16
a 98 69 1
a 38 39 8
a 38 40 3
a 38 41 9
a 38 42 12
a 38 43 12
a 38 44 8
a 38 45 8
a 38 46 8
a 38 47 13
a 38 48 4
a 38 49 5
a 38 50 15
a 38 51 11
a 38 52 1
a 38 53 1
a 38 91 9
a 38 64 11
a 38 31 7
a 38 0 7
a 38 68 10
a 38 97 7
a 38 77 8
a 38 59 8
a 33 34 11
a 33 35 13
a 33 36 5
a 33 37 11
a 33 38 18
a 33 39 17
a 33 40 16
a 33 41 5
a 33 42 2
a 33 43 17
a 33 44 10
a 33 45 2
a 33 46 14
a 33 47 12
a 33 48 17
a 33 63 17
a 33 55 9
a 33 93 14
a 33 10 5
a 33 53 16
a 33 82 10
a 33 28 9
a 76 77 17
a 76 78 8
a 76 79 17
a 76 80 14
a 76 81 17
a 76 82 2
a 76 83 6
a 76 84 19
a 76 85 5
a 76 86 5
a 76 87 5
a 76 88 1
a 76 89 18
a 76 90 7
a 76 91 14
a 76 37 15
a 76 55 4
a 76 32 5
a 76 12 10
a 24 25 16
a 24 26 11
a 24 27 18
a 24 28 7
a 24 29 10
a 24 30 9
a 24 31 15
a 24 32 8
a 24 33 2
a 24 34 15
a 24 35 2
a 24 36 11
a 24 37 3
a 24 38 12
a 24 39 13
a 24 6 12
a 24 55 18
a 24 22 7
a 24 40 4
a 24 41 13
a 24 17 10
a 24 51 16
a 30 31 11
a 30 32 14
a 30 33 15
a 30 34 18
a 30 35 4
a 30 36 5
a 30 37 17
a 30 38 15
a 30 39 10
a 30 40 18
a 30 41 13
a 30 42 16
a 30 43 5
a 30 44 7
a 30 45 12
a 30 84 12
a 30 67 2
a 30 13 9
a 30 82 10
a 30 10 16
a 30 74 12
a 30 23 11
a 30 20 15
a 30 4 12
a 30 81 19
a 30 14 16
a 88 89 3
a 88 90 6
a 88 91 12
a 88 92 19
a 88 93 17
a 88 94 19
a 88 95 11
a 88 96 5
a 88 97 10
a 88 98 17
a 88 99 7
a 88 0 7
a 88 1 6
a 88 2 14
a 88 3 14
a 88 5 3
a 88 85 10
a 88 83 14
a 88 82 10
a 88 77 15
a 88 33 1
a 88 81 17
a 88 45 12
a 62 63 19
a 62 64 2
a 62 65 17
a 62 66 8
a 62 67 12
a 62 68 12
a 62 69 3
a 62 70 18
a 62 71 14
a 62 72 3
a 62 73 2
a 62 74 13
a 62 75 11
a 62 76 14
a 62 77 10
a 62 32 11
a 62 8 15
a 62 88 5
a 62 21 15
a 62 20 7
a 62 14 2
a 62 82 12
a 62 1 1
a 62 22 8
a 96 97 11
a 96 98 11
a 96 99 2
a 96 0 5
a 96 1 11
a 96 2 11
a 96 3 15
a 96 4 11
a 96 5 7
a 96 6 14
a 96 7 7
a 96 8 9
a 96 9 3
a 96 10 11
a 96 11 18
a 96 36 5
a 96 13 16
a 96 59 13
a 96 43 9
a 96 85 11
a 96 40 12
a 96 52 3
a 93 94 14
a 93 95 3
a 93 96 5
a 93 97 6
a 93 98 12
a 93 99 9
a 93 0 5
a 93 1 7
a 93 2 10
a 93 3 17
a 93 4 13
a 93 5 6
a 93 6 7
a 93 7 5
a 93 8 14
a 93 23 11
a 93 32 9
a 93 90 4
a 93 39 7
a 93 69 5
a 93 9 7
a 85 86 8
a 85 87 18
a 85 88 4
a 85 89 18
a 85 90 4
a 85 91 17
a 85 92 15
a 85 93 8
a 85 94 14
a 85 95 7
a 85 96 2
a 85 97 3
a 85 98 2
a 85 99 5
a 85 0 5
a 85 1 12
a 85 7 10
a 85 39 4
a 85 54 16
a 85 57 19
a 85 44 16
a 85 76 2
a 85 33 4
a 85 64 6
a 85 22 1
a 85 9 5
a 85 74 12
a 52 53 3
a 52 54 1
a 52 55 10
a 52 56 19
a 52 57 9
a 52 58 11
a 52 59 8
a 52 60 8
a 52 61 4
a 52 62 2
a 52 63 9
a 52 64 11
a 52 65 16
a 52 66 18
a 52 67 10
a 52 73 8
a 52 11 11
a 52 8 8
a 52 33 10
a 52 98 13
a 52 15 5
a 52 96 16
a 52 89 19
a 52 86 14
a 91 92 18
a 91 93 11
a 91 94 19
a 91 95 13
a 91 96 13
a 91 97 9
a 91 98 7
a 91 99 6
a 91 0 13
a 91 1 13
a 91 2 8
a 91 3 6
a 91 4 7
a 91 5 14
a 91 6 15
a 91 72 5
a 91 29 14
a 91 24 16
a 91 78 17
a 91 10 1
a 91 46 10
a 91 42 2
a 91 69 6
a 91 62 17
a 36 37 2
a 36 38 12
a 36 39 11
a 36 40 4
a 36 41 3
a 36 42 6
a 36 43 1
a 36 44 9
a 36 45 11
a 36 46 7
a 36 47 4
a 36 48 14
a 36 49 5
a 36 50 18
a 36 51 14
a 36 33 4
a 36 88 17
a 36 67 16
a 36 28 18
a 36 92 2
a 36 61 9
a 36 12 2
a 36 75 4
a 36 16 1
a 28 29 18
a 28 30 6
a 28 31 5
a 28 32 14
a 28 33 12
a 28 34 6
a 28 35 1
a 28 36 9
a 28 37 5
a 28 38 4
a 28 39 3
a 28 40 8
a 28 41 14
a 28 42 8
a 28 43 1
a 28 8 11
a 28 1 18
a 28 94 1
a 28 6 10
a 28 66 2
a 28 87 15
a 28 20 6
a 28 19 8
a 28 45 19
a 43 44 4
a 43 45 5
a 43 46 14
a 43 47 10
a 43 48 10
a 43 49 15
a 43 50 4
a 43 51 17
a 43 52 6
a 43 53 11
a 43 54 3
a 43 55 18
a 43 56 15
a 43 57 3
a 43 58 2
a 43 80 15
a 43 90 9
a 43 60 12
a 43 76 16
a 43 28 9
a 43 6 4
a 43 20 6
a 43 62 5
a 43 83 18
a 32 33 17
a 32 34 7
a 32 35 1
a 32 36 19
a 32 37 13
a 32 38 17
a 32 39 11
a 32 40 11
a 32 41 19
a 32 42 4
a 32 43 19
a 32 44 1
a 32 45 3
a 32 46 1
a 32 47 5
a 32 8 10
a 32 30 2
a 32 0 5
a 32 15 9
a 32 81 1
a 32 7 6
a 32 80 16
a 32 89 12
a 32 3 7
a 32 11 9
a 84 85 18
a 84 86 14
a 84 87 15
a 84 88 9
a 84 89 7
a 84 90 3
a 84 91 3
a 84 92 12
a 84 93 4
a 84 94 17
a 84 95 6
a 84 96 18
a 84 97 18
a 84 98 2
a 84 99 3
a 84 19 9
a 84 42 9
a 84 34 16
a 84 40 7
a 84 59 15
a 84 21 13
a 84 44 3
a 84 3 18
a 84 27 5
a 84 70 11
a 73 74 8
a 73 75 11
a 73 76 6
a 73 77 12
a 73 78 17
a 73 79 3
a 73 80 19
a 73 81 5
a 73 82 16
a 73 83 4
a 73 84 4
a 73 85 3
a 73 86 10
a 73 87 3
a 73 88 10
a 73 52 5
a 73 71 14
a 73 30 7
a 73 9 12
a 73 22 5
a 73 27 16
a 73 67 15
a 75 76 9
a 75 77 18
a 75 78 8
a 75 79 12
a 75 80 13
a 75 81 4
a 75 82 8
a 75 83 9
a 75 84 5
a 75 85 19
a 75 86 19
a 75 87 8
a 75 88 13
a 75 89 13
a 75 90 3
a 75 4 14
a 75 2 18
a 75 21 19
a 75 59 5
a 75 13 19
a 75 46 11
a 75 93 7
a 47 48 14
a 47 49 5
a 47 50 2
a 47 51 2
a 47 52 18
a 47 53 16
a 47 54 7
a 47 55 1
a 47 56 4
a 47 57 2
a 47 58 12
a 47 59 11
a 47 60 19
a 47 61 9
a 47 62 19
a 47 43 1
a 47 68 9
a 47 33 12
a 47 26 7
a 47 32 11
a 99 0 9
a 99 1 5
a 99 2 11
a 99 3 6
a 99 4 11
a 99 5 15
a 99 6 3
a 99 7 12
a 99 8 9
a 99 9 3
a 99 10 1
a 99 11 13
a 99 12 15
a 99 13 5
a 99 14 19
a 99 27 3
a 99 93 4
a 99 15 10
a 99 33 13
a 99 68 12
a 99 63 9
a 99 40 11
a 99 47 15
a 87 88 12
a 87 89 17
a 87 90 15
a 87 91 13
a 87 92 11
a 87 93 17
a 87 94 16
a 87 95 17
a 87 96 4
a 87 97 16
a 87 98 7
a 87 99 9
a 87 0 6
a 87 1 8
a 87 2 3
a 87 31 5
a 87 8 1
a 87 6 3
a 87 19 6
a 87 63 11
a 87 13 12
a 87 72 9
a 69 70 6
a 69 71 5
a 69 72 14
a 69 73 1
a 69 74 11
a 69 75 2
a 69 76 11
a 69 77 8
a 69 78 18
a 69 79 6
a 69 80 3
a 69 81 16
a 69 82 2
a 69 83 6
a 69 84 8
a 69 15 12
a 69 96 16
a 69 88 14
a 69 45 13
a 69 5 3
a 69 50 3
a 46 47 16
a 46 48 4
a 46 49 18
a 46 50 7
a 46 51 10
a 46 52 3
a 46 53 15
a 46 54 6
a 46 55 1
a 46 56 16
a 46 57 6
a 46 58 13
a 46 59 2
a 46 60 12
a 46 61 15
a 46 87 13
a 46 0 14
a 46 81 19
a 46 12 5
a 46 10 16
a 46 3 10
a 46 28 3
a 46 14 2
a 46 72 3
a 46 77 12
a 46 63 18
a 37 38 18
a 37 39 5
a 37 40 17
a 37 41 3
a 37 42 9
a 37 43 17
a 37 44 19
a 37 45 7
a 37 46 1
a 37 47 16
a 37 48 1
a 37 49 11
a 37 50 4
a 37 51 5
a 37 52 10
a 37 72 9
a 37 25 7
a 37 34 19
a 37 71 17
a 37 70 16
a 37 19 18
a 40 41 14
a 40 42 7
a 40 43 7
a 40 44 14
a 40 45 5
a 40 46 1
a 40 47 7
a 40 48 7
a 40 49 9
a 40 50 1
a 40 51 7
a 40 52 6
a 40 53 16
a 40 54 4
a 40 55 9
a 40 38 11
a 40 66 14
a 40 91 10
a 40 39 7
a 40 2 3
a 59 60 3
a 59 61 13
a 59 62 9
a 59 63 19
a 59 64 6
a 59 65 6
a 59 66 8
a 59 67 19
a 59 68 7
a 59 69 13
a 59 70 19
a 59 71 15
a 59 72 8
a 59 73 6
a 59 74 10
a 59 42 9
a 59 39 10
a 59 84 14
a 59 41 15
a 59 8 1
a 59 93 1
a 59 99 17
a 59 30 7
a 59 27 12
a 59 21 3
a 90 91 7
a 90 92 1
a 90 93 13
a 90 94 19
a 90 95 4
a 90 96 6
a 90 97 17
a 90 98 9
a 90 99 1
a 90 0 7
a 90 1 9
a 90 2 15
a 90 3 12
a 90 4 11
a 90 5 5
a 90 85 5
a 90 66 16
a 90 39 15
a 90 73 16
a 90 74 10
a 90 18 11
a 90 62 7
a 90 46 13
a 90 77 14
a 90 9 12
a 41 42 15
a 41 43 9
a 41 44 5
a 41 45 12
a 41 46 1
a 41 47 8
a 41 48 10
a 41 49 10
a 41 50 2
a 41 51 6
a 41 52 6
a 41 53 12
a 41 54 10
a 41 55 17
a 41 56 12
a 41 36 16
a 41 11 17
a 41 15 1
a 41 96 19
a 41 78 12
a 41 29 17
a 50 51 8
a 50 52 6
a 50 53 17
a 50 54 8
a 50 55 9
a 50 56 4
a 50 57 16
a 50 58 3
a 50 59 8
a 50 60 3
a 50 61 12
a 50 62 7
a 50 63 10
a 50 64 5
a 50 65 18
a 50 91 19
a 50 8 11
a 50 23 2
a 50 96 8
a 50 84 17
a 50 41 6
a 50 29 17
a 64 65 7
a 64 66 15
a 64 67 15
a 64 68 12
a 64 69 14
a 64 70 5
a 64 71 13
a 64 72 9
a 64 73 19
a 64 74 16
a 64 75 1
a 64 76 12
a 64 77 17
a 64 78 7
a 64 79 11
a 64 46 6
a 64 13 1
a 64 11 19
a 64 85 4
a 64 56 10
a 64 8 13
a 64 90 15
a 64 9 10
a 78 79 4
a 78 80 8
a 78 81 6
a 78 82 6
a 78 83 1
a 78 84 5
a 78 85 16
a 78 86 17
a 78 87 3
a 78 88 16
a 78 89 12
a 78 90 17
a 78 91 9
a 78 92 19
a 78 93 12
a 78 20 14
a 78 59 17
a 78 37 13
a 78 42 8
a 78 70 17
a 78 66 9
a 78 25 18
a 80 81 15
a 80 82 13
a 80 83 15
a 80 84 6
a 80 85 12
a 80 86 19
a 80 87 13
a 80 88 13
a 80 89 14
a 80 90 16
a 80 91 16
a 80 92 6
a 80 93 12
a 80 94 11
a 80 95 13
a 80 49 7
a 80 15 12
a 80 51 3
a 80 62 6
a 80 14 4
a 80 74 7
a 80 27 6
a 80 57 5
a 80 23 1
a 61 62 19
a 61 63 14
a 61 64 2
a 61 65 5
a 61 66 14
a 61 67 10
a 61 68 5
a 61 69 5
a 61 70 10
a 61 71 3
a 61 72 2
a 61 73 18
a 61 74 12
a 61 75 19
a 61 76 17
a 61 28 18
a 61 5 11
a 61 85 17
a 61 83 6
a 61 87 5
a 61 29 7
c 13 23 22 43 173
c 58 67 98 6 38
c 73 81 47 62 183
c 14 18 25 71 172
c 75 93 29 41 71
c 37 48 5 8 115
c 86 46 0 14 112
c 71 85 30 32 81
c 59 61 90 93 190
c 75 89 34 72 190
c 65 70 24 33 168
c 80 14 33 41 86
c 75 13 47 56 27
c 70 36 86 95 70
c 25 38 71 86 171
c 86 46 99 1 61
c 69 84 40 48 50
c 35 23 83 90 130
c 77 82 7 42 89
c 6 12 14 73 97
c 65 79 6 71 61
c 8 21 95 97 33
c 76 88 45 26 109
c 2 7 67 70 199
c 35 46 49 64 194
c 38 40 41 52 178
c 36 50 57 61 26
c 88 93 31 45 182
c 24 40 32 89 169
c 57 56 5 19 182
c 33 39 26 58 172
c 32 15 51 3 78
c 51 64 11 17 56
c 58 0 12 24 172
c 5 19 8 94 189
c 62 68 80 87 189
c 55 56 35 49 102
c 75 81 76 12 95
c 34 48 87 19 118
c 18 69 49 52 50
c 45 50 90 85 83
c 57 61 15 26 150
c 66 68 38 41 75
c 28 87 97 67 83
c 56 15 89 83 114
c 84 96 2 0 88
c 7 11 81 30 146
c 59 67 14 33 90
c 22 24 94 4 83
c 27 67 8 12 161
c 5 14 80 15 169
c 84 91 80 87 139
c 32 80 67 85 27
c 71 81 62 22 161
c 60 71 23 39 149
c 54 61 29 97 129
c 78 66 74 64 40
c 52 33 1 16 179
c 6 11 38 0 172
c 78 89 49 43 112
c 28 19 28 66 150
c 69 72 99 63 119
c 75 78 67 81 135
c 46 58 2 10 29
c 22 23 49 57 63
c 6 11 10 17 37
c 91 96 13 84 43
c 29 41 5 15 37
c 65 71 59 39 26
c 76 32 32 89 58
c 96 43 89 65 165
c 34 95 77 67 37
c 63 64 24 37 118
c 74 46 67 77 166
c 32 44 28 20 84
c 84 86 37 42 64
c 56 66 74 46 120
c 98 10 29 44 105
c 88 0 7 17 52
c 17 23 37 41 58
c 99 10 71 28 169
c 24 32 88 90 104
c 24 22 87 1 117
c 58 53 61 70 105
c 72 88 46 50 183
c 67 79 47 52 77
c 10 16 67 55 97
c 14 15 81 57 118
c 18 33 29 35 138
c 23 44 87 13 158
c 88 99 5 82 154
c 2 92 7 12 140
c 28 20 43 90 78
c 42 44 1 54 98
c 84 93 44 46 75
c 29 97 64 79 187
c 26 41 44 49 51
c 98 88 12 91 74
c 52 57 69 88 68
c 95 99 44 50 194
c 9 14 52 56 119
c 34 49 35 11 119
c 2 29 1 9 29
c 65 70 79 82 50
c 8 23 91 93 25
c 12 24 49 64 27
c 57 58 49 51 188
c 27 28 85 7 137
c 69 45 29 97 139
c 99 68 46 72 190
c 42 56 39 40 32
c 99 8 3 7 149
c 17 53 44 52 37
c 18 33 54 55 109
c 85 94 59 68 57
c 1 15 38 48 66
c 20 98 15 18 143
c 25 32 79 37 58
c 99 13 60 32 42
c 49 63 96 5 190
c 50 51 13 60 117
c 43 90 45 12 164
c 11 12 12 25 151
c 93 3 37 40 149
c 4 45 37 42 177
c 23 36 57 66 86
c 8 76 21 29 146
c 28 36 17 87 111
c 43 48 30 4 116
c 69 5 39 54 107
c 96 99 29 97 74
c 71 47 49 63 148
c 13 24 55 63 131
c 83 86 32 36 93
c 68 33 87 0 126
c 39 40 11 66 99
c 67 51 21 36 101
c 94 2 91 92 189
c 38 0 43 48 26
c 46 58 29 39 180
c 47 50 74 64 169
c 62 73 23 34 110
c 74 55 86 22 61
c 63 53 61 70 67
c 71 72 10 20 182
c 84 96 49 56 94
c 50 52 6 20 92
c 73 74 20 77 89
c 66 47 18 24 133
c 70 82 86 12 70
c 72 90 88 96 76
c 74 64 91 72 166
c 29 8 82 59 66
c 72 82 70 82 191
c 72 4 9 18 94
c 97 73 4 10 62
c 49 56 98 0 41
c 29 45 63 76 144
c 21 36 36 44 84
c 6 60 32 80 108
c 70 31 24 22 178
c 84 90 80 88 45
c 83 34 68 83 60
c 32 35 13 88 46
c 96 59 45 46 196
c 19 33 64 90 51
c 30 81 4 14 114
c 59 62 15 24 59
c 46 49 68 75 196
c 23 26 56 64 35
c 2 3 29 8 199
c 75 13 26 16 158
c 98 6 87 97 171
c 18 20 18 1 162
c 9 17 40 2 111
c 56 90 38 46 195
c 82 59 92 91 195
c 94 4 24 30 191
c 55 62 37 38 154
c 28 42 62 88 61
c 66 76 7 22 105
c 12 42 11 85 198
c 87 72 77 67 89
c 15 70 29 42 122
c 70 34 73 83 101
c 84 70 89 7 117
c 96 40 62 20 62
c 40 46 11 0 101
c 20 21 69 75 59
c 29 36 1 31 133
c 6 60 22 1 140
c 37 47 22 32 199
c 8 22 16 19 176
c 60 74 35 41 167
c 20 28 5 19 75
c 20 27 26 36 171
c 95 0 33 63 142
c 7 35 59 64 169
c 12 17 64 67 163
c 80 88 27 38 85
c 30 13 19 30 171
c 96 9 20 31 186
c 86 93 19 25 165
c 77 81 17 21 167
c 50 91 94 2 67
c 82 59 76 12 130
c 26 95 68 73 175
c 38 53 47 49 134
c 67 55 50 29 103
c 50 41 49 55 184
c 27 36 91 94 144
c 66 76 10 22 69
c 15 23 87 6 178
c 83 85 84 97 56
c 72 15 57 65 166
c 52 66 94 6 31
c 32 43 43 76 181
c 66 70 43 54 88
c 91 29 77 80 85
c 39 44 5 6 149
c 70 84 95 3 53
c 92 94 25 31 149
c 40 38 15 75 164
c 61 85 11 85 157
c 76 84 18 22 86
c 9 88 48 43 190
c 84 99 72 79 116
c 95 7 90 73 188
c 65 75 26 41 70
c 43 45 83 94 52
c 57 69 49 53 44
c 2 49 62 70 67
c 66 81 26 58 59
c 58 7 1 6 65
c 46 50 65 67 184
c 55 23 49 60 122
c 44 11 64 8 146
c 98 6 31 48 180
c 45 95 52 15 141
c 90 93 7 97 143
c 88 95 83 74 29
c 12 18 6 86 168
c 55 66 9 30 95
c 73 77 30 42 73
c 96 99 61 83 92
c 21 27 24 29 28
c 12 20 7 10 132
c 36 92 58 63 73
c 52 53 79 81 165
c 20 12 32 40 44
c 22 98 52 63 109
c 12 24 27 36 160
c 23 76 7 60 179
c 79 83 36 45 31
c 64 72 41 45 36
c 5 15 9 19 27
c 91 2 69 81 107
c 56 53 83 34 99
c 97 3 49 59 194
c 98 1 74 33 124
c 84 96 81 92 88
c 69 5 89 2 27
c 79 87 8 16 161
c 45 47 60 14 62
c 4 57 44 56 72
c 13 27 55 59 188
c 79 0 64 71 122
c 79 32 17 26 72
c 89 13 85 39 197
c 5 14 66 72 109
c 21 30 27 31 145
c 80 94 59 99 63
c 54 60 82 91 53
c 96 0 52 89 127
c 26 32 63 57 162
c 37 40 90 0 103
c 13 21 94 36 54
c 7 16 83 72 182
c 66 71 98 99 111
c 24 38 35 43 108
c 62 21 61 76 144
c 49 50 99 40 167
c 12 17 17 76 32
c 40 46 48 57 192
c 96 13 67 79 42
c 93 8 21 70 45
c 47 48 62 20 116
c 26 12 46 12 64
c 48 54 72 73 48
c 48 63 14 16 154
c 3 81 4 66 131
c 73 67 5 31 36
c 9 14 18 27 42
c 68 10 56 60 179
c 86 81 43 83 67
c 18 26 10 24 130
c 38 45 69 15 170
c 78 84 91 1 76
c 45 58 7 42 181
c 4 89 33 37 80
c 9 14 44 48 185
c 90 93 73 77 26
c 28 32 83 12 177
c 85 64 39 6 33
c 67 55 69 73 149
c 63 57 58 7 139
c 97 7 38 53 173
c 89 4 93 0 158
c 11 93 86 99 107
c 63 73 15 79 44
c 19 10 44 53 72
c 65 79 61 65 31
c 91 93 7 42 121
c 41 44 72 76 140
c 58 0 78 87 154
c 21 28 47 43 49
c 35 41 57 71 30
c 51 35 31 78 153
c 59 21 84 91 122
c 4 63 1 53 145
c 73 81 32 0 139
c 85 98 79 90 166
c 74 46 8 9 199
c 70 34 71 84 136
c 99 2 68 73 142
c 65 27 67 56 147
c 11 5 24 25 160
c 16 19 34 41 89
c 19 26 52 63 187
c 38 64 72 77 73
c 12 21 70 52 68
c 68 37 41 48 180
c 62 72 65 27 75
c 58 99 88 98 194
c 79 32 68 90 104
c 39 45 95 39 157
c 39 26 41 48 80
c 93 94 57 66 149
c 60 74 41 46 35
c 2 12 58 99 147
c 68 73 53 58 161
c 44 2 80 90 187
c 98 1 67 71 32
c 48 58 73 27 170
c 91 93 96 9 37
c 57 78 79 91 114
c 52 53 58 68 85
c 74 33 92 93 71
c 39 93 63 73 122
c 77 85 71 47 108
c 76 90 56 60 43
c 13 23 77 92 115
c 66 69 76 90 176
c 92 54 13 32 175
c 83 92 40 39 54
c 38 45 64 9 122
c 83 96 38 59 131
c 90 73 47 32 76
c 88 85 31 41 126
c 88 95 52 59 112
c 44 37 16 88 158
c 94 1 20 26 132
c 20 31 29 31 46
c 47 49 91 78 170
c 71 80 99 93 192
c 42 24 92 54 112
c 84 90 87 19 175
c 13 23 79 86 196
c 46 50 64 71 154
c 71 80 38 52 189
c 94 9 52 58 199
c 94 6 62 32 66
c 44 56 23 19 101
c 12 23 19 27 27
c 85 94 2 92 112
c 2 0 12 23 169
c 53 63 21 33 116
c 17 11 11 26 77
c 22 29 58 99 61
c 90 73 45 99 78
c 29 42 51 35 132
c 44 49 92 4 30
c 10 30 69 83 120
c 28 87 61 87 171
c 85 95 70 82 72
c 35 44 76 82 77
c 24 33 89 73 178
c 30 38 45 53 181
c 9 19 98 39 57
c 6 16 69 88 75
c 31 95 72 87 157
c 84 44 46 61 151
c 13 20 39 41 136
c 37 52 65 75 149
c 81 30 66 70 125
c 52 8 91 78 79
c 75 78 75 82 132
c 11 35 98 39 145
c 52 63 46 57 141
c 67 51 22 29 138
c 43 60 77 26 61
c 6 1 18 23 80
c 85 22 78 82 120
c 10 68 63 64 85
c 8 76 43 44 116
c 97 65 79 87 102
c 1 4 42 52 51
c 64 72 65 78 92
c 76 81 72 83 113
c 63 71 12 11 133
c 42 45 32 43 42
c 91 29 76 77 81
c 63 64 48 52 140
c 14 29 73 88 170
c 53 60 72 4 74
c 24 55 2 8 163
c 32 36 28 36 139
c 47 54 43 62 64
c 35 46 1 16 174
c 43 45 22 27 175
c 93 32 60 74 54
c 96 97 89 96 103
c 43 51 56 64 88
c 64 67 28 40 51
c 32 7 87 92 43
c 73 80 36 92 69
c 84 86 36 41 107
c 2 16 3 81 108
c 24 29 18 49 48
c 7 10 28 20 71
c 83 93 48 62 97
c 17 26 11 97 25
c 85 74 60 65 145
c 80 23 15 16 44
c 83 89 27 30 26
c 9 92 76 88 63
c 24 33 58 63 27
c 61 62 93 0 164
c 0 6 39 49 134
c 5 81 72 82 90
c 15 16 59 99 31
c 52 64 93 6 72
c 29 44 91 93 185
c 88 81 16 31 102
c 22 23 69 72 76
c 4 17 83 23 130
c 96 4 82 85 147
c 13 16 55 65 101
c 72 15 32 36 115
c 30 84 17 23 33
c 74 75 58 7 184
c 57 60 72 80 184
c 35 48 76 89 158
c 55 70 63 65 189
c 11 12 14 29 134
c 62 77 43 55 104
c 44 53 49 15 32
c 56 71 56 69 187
c 37 45 48 63 171
c 61 72 95 39 135
c 15 75 31 32 109
c 53 54 97 99 97
c 73 85 47 33 145
c 28 38 44 54 119
c 48 84 49 63 171
c 53 75 26 40 141
c 59 62 52 33 171
c 24 41 71 74 85
c 30 4 46 51 199
c 74 93 6 11 131
c 51 54 37 40 44
c 35 42 80 86 76
c 7 1 44 56 153
c 40 46 6 16 169
c 85 99 33 39 145
c 54 65 3 10 39
c 4 14 69 71 188
c 91 98 52 15 79
c 52 63 19 28 117
c 68 69 22 27 106
c 89 9 13 17 86
c 37 44 63 65 135
c 9 14 22 98 173
c 33 53 74 76 173
c 58 76 56 69 108
c 27 87 3 70 54
c 85 95 95 78 146
c 13 23 73 75 109
c 17 32 1 14 125
c 1 12 14 26 161
c 5 31 41 52 48
c 30 10 28 31 160
c 2 14 4 10 186
c 7 8 54 64 197
c 91 10 26 35 66
c 89 90 21 99 127
c 85 1 38 91 176
c 28 40 90 46 146
c 43 60 92 2 188
c 15 84 99 93 131
c 77 81 7 9 115
c 77 67 6 12 93
c 68 78 46 55 156
c 85 1 23 59 170
c 5 8 91 97 183
c 22 27 94 95 36
c 40 45 39 48 70
c 20 28 42 55 195
c 34 45 20 29 50
c 32 41 34 40 30
c 38 47 15 29 110
c 91 29 44 58 83
c 12 25 52 58 176
c 43 51 85 98 132
c 55 66 86 90 30
c 9 13 35 86 165
c 62 77 82 93 122
c 66 28 62 1 46
c 24 32 15 42 163
c 80 90 66 75 87
c 72 84 61 67 110
c 21 3 81 42 41
c 64 68 76 89 147
c 59 30 52 66 145
c 22 98 25 65 138
c 69 88 63 72 179
c 48 30 36 61 139
c 39 5 62 72 132
c 82 2 85 94 89
c 40 45 60 69 75
c 21 27 71 73 94
c 16 22 56 58 54
c 9 88 89 72 44
c 71 0 75 82 117
c 40 55 53 65 151
c 56 64 2 72 89
c 75 90 82 84 123
c 36 92 14 29 25
c 56 67 1 44 41
c 10 96 26 38 70
c 2 0 19 20 189
c 59 8 62 32 60
c 82 95 51 66 75
c 1 11 72 15 45
c 38 41 1 44 66
c 7 22 58 0 153
c 87 96 72 81 148
c 21 35 42 57 59
c 52 63 83 85 167
c 5 7 48 49 62
c 99 63 54 64 170
c 82 2 40 48 107
c 93 5 0 7 152
c 61 62 73 74 166
c 25 40 95 27 96
c 10 2 47 57 116
c 28 38 88 98 70
c 90 9 70 52 89
c 3 6 98 3 76
c 19 22 67 71 184
c 3 10 52 66 179
c 31 32 25 65 154
c 41 46 3 6 39
c 24 29 44 6 26
c 29 36 78 79 154
c 64 73 75 4 27
c 25 32 13 22 33
c 58 72 3 34 88
c 72 80 74 88 53
c 22 26 80 74 84
c 50 41 89 4 135
c 21 34 21 22 74
c 20 83 97 9 170
c 12 20 77 67 179
c 13 16 6 13 72
c 71 81 92 95 145
c 6 67 30 81 65
c 68 81 77 78 175
c 76 37 98 52 32
c 72 80 92 3 90
c 77 81 96 11 193
c 81 93 12 23 136
c 8 19 52 59 107
c 90 66 25 45 98
c 31 8 52 59 114
c 42 55 46 3 29
c 59 30 89 91 44
c 73 83 79 32 78
c 36 45 70 79 182
c 23 28 6 66 27
c 35 27 7 8 171
c 68 75 67 80 43
c 78 93 81 91 124
c 17 21 79 80 193
c 29 44 13 18 33
c 54 59 70 75 62
c 55 58 62 8 76
c 51 56 59 67 26
c 33 34 25 26 157
c 52 54 97 6 39
c 5 31 13 22 83
c 88 89 34 43 83
c 38 42 0 3 184
c 68 12 41 55 146
c 74 64 91 99 107
c 69 5 88 89 104
c 35 47 4 9 129
c 17 81 66 96 170
c 33 40 94 9 78
c 61 68 23 76 147
c 44 11 50 41 191
c 53 63 7 42 87
c 48 49 21 91 30
c 0 3 66 22 106
c 62 32 63 16 81
c 72 87 40 47 43
c 60 34 23 29 108
c 97 73 71 74 42
c 89 99 84 96 89
c 41 44 62 70 159
c 70 81 72 2 192
c 31 15 81 65 89
c 91 4 2 6 115
c 86 88 77 64 124
c 10 16 15 22 119
c 6 17 57 78 116
c 23 90 84 95 76
c 83 81 58 72 66
c 6 10 13 15 90
c 66 68 9 92 164
c 18 30 54 55 182
c 39 52 54 16 81
c 46 51 34 46 55
c 14 16 51 52 74
c 20 22 79 82 150
c 84 91 31 38 193
c 62 63 7 8 28
c 98 7 26 58 83
c 11 16 95 78 136
c 95 10 38 97 100
c 77 6 89 3 27
c 32 7 52 57 80
c 25 29 82 89 65
c 21 30 20 26 135
c 97 16 15 28 90
c 27 14 41 51 134
c 35 58 16 29 34
c 9 20 6 66 126
c 66 81 18 25 117
c 6 13 2 10 84
c 35 43 8 98 176
c 72 83 62 73 57
c 6 66 84 34 149
c 78 88 73 83 188
c 27 40 10 24 52
c 56 29 58 62 91
c 46 49 74 88 147
c 15 24 56 65 128
c 47 60 99 1 50
c 48 53 25 32 114
c 3 81 46 50 97
c 14 33 13 60 180
c 81 84 30 20 57
c 6 71 80 57 67
c 24 28 63 65 57
c 88 2 5 16 44
c 7 15 97 31 70
c 83 92 12 36 87
c 52 53 22 30 161
c 59 70 29 35 178
c 75 79 5 26 116
c 29 50 57 56 196
c 57 70 71 80 158
c 1 15 20 25 199
c 22 31 62 76 65
c 21 99 51 58 191
c 5 9 20 86 82
c 63 57 68 72 146
c 63 97 42 53 141
c 12 14 48 54 90
c 31 34 2 10 58
c 59 27 72 99 144
c 20 23 15 70 191
c 23 90 30 74 42
c 43 48 74 80 90
c 7 60 26 29 89
c 14 73 11 22 159
c 67 72 75 87 176
c 28 45 87 92 49
c 97 65 21 36 81
c 75 2 62 73 90
c 56 71 37 71 72
c 57 78 46 53 181
c 61 76 48 50 65
c 79 37 29 34 176
c 1 44 64 85 182
c 5 10 16 31 124
c 83 85 10 22 157
c 25 41 10 18 185
c 6 66 96 59 171
c 68 80 75 88 163
c 78 82 12 18 161
c 62 21 85 44 156
c 81 16 30 33 145
c 6 71 86 1 145
c 11 35 48 95 135
c 76 81 50 52 135
c 60 62 25 34 139
c 27 31 1 4 141
c 93 2 47 53 67
c 70 77 0 86 123
c 97 8 24 38 38
c 59 42 0 1 167
c 0 8 47 56 122
c 99 11 70 82 110
c 97 76 94 96 38
c 68 69 11 12 127
c 93 99 69 73 192
c 12 85 85 94 68
c 44 52 64 90 190
c 7 74 43 48 193
c 28 39 48 15 192
c 17 29 28 34 37
c 20 30 57 67 79
c 90 92 49 62 128
c 10 18 39 46 158
c 25 36 54 64 53
c 76 81 34 72 152
c 2 13 5 95 177
c 34 49 58 73 196
c 24 41 9 15 100
c 27 41 49 50 164
c 53 67 19 22 185
c 81 89 37 45 117
c 33 10 23 30 69
c 68 76 56 69 91
c 63 73 60 14 120
c 22 40 6 7 78
c 21 23 34 37 59
c 79 86 20 26 189
c 6 14 6 19 67
c 89 99 35 16 25
c 54 60 3 17 157
c 29 94 30 35 172
c 48 75 89 96 82
c 5 26 21 35 190
c 38 44 28 34 99
c 38 51 28 19 101
c 48 59 83 90 135
c 4 23 86 53 68
c 14 18 24 41 191
c 90 77 1 3 198
c 42 56 36 28 182
c 89 4 38 31 60
c 43 55 89 98 113
c 44 57 26 27 176
c 86 97 17 30 165
c 93 96 28 38 85
c 7 81 6 8 149
c 33 48 0 4 69
c 99 15 8 19 54
c 28 19 38 68 177
c 80 91 60 91 108
c 74 76 84 93 74
c 45 12 75 82 85
c 41 52 1 58 77
c 97 7 64 65 80
c 0 2 24 29 193
c 58 67 47 32 96
c 95 4 52 59 145
c 61 75 97 3 153
c 4 63 39 47 25
c 79 30 87 6 165
c 71 79 92 5 57
c 86 88 44 54 56
c 65 38 84 88 158
c 16 24 26 29 106
c 92 91 81 30 113
c 28 30 48 15 172
c 67 69 3 5 138
c 92 71 92 99 123
c 33 53 14 33 198
c 32 34 1 25 195
c 35 43 39 49 199
c 22 63 8 18 37
c 36 28 64 56 175
c 59 71 0 15 31
c 31 15 17 19 173
c 53 54 83 34 57
c 7 74 67 76 171
c 39 99 86 12 89
c 30 84 70 34 105
c 41 15 14 68 49
c 92 98 13 27 111
c 20 77 89 2 103
c 23 32 95 47 160
c 83 81 90 98 191
c 75 87 83 23 116
c 7 17 93 3 168
c 65 93 25 44 41
c 50 60 89 3 126
c 35 85 41 49 46
c 35 14 87 1 177
c 44 45 4 7 31
c 93 98 74 96 70
c 85 44 59 65 188
c 66 80 17 22 146
c 88 0 52 60 186
c 10 2 2 10 85
c 76 87 67 81 115
c 6 7 69 72 152
c 52 59 5 19 49
c 73 87 90 85 93
c 77 67 18 24 50
c 5 31 93 5 80
c 68 74 65 68 38
c 51 35 59 39 53
c 74 79 1 6 155
c 26 16 72 85 168
c 95 9 95 7 97
c 58 65 71 76 139
c 17 25 65 73 25
c 62 64 28 35 44
c 94 96 13 19 69
c 50 29 95 10 124
c 73 76 0 13 39
c 77 89 5 97 39
c 18 38 92 38 150
c 15 24 5 8 127
c 22 26 25 36 107
c 52 56 53 67 96
c 19 24 5 15 182
c 36 50 14 25 114
c 66 76 31 78 67
c 72 2 36 16 31
c 20 24 97 8 173
c 0 55 72 22 87
c 14 17 29 40 135
c 32 89 22 98 150
c 7 21 25 71 167
c 95 47 22 31 190
c 58 67 75 82 133
c 41 46 50 53 96
c 60 63 68 79 48
c 95 97 75 81 49
c 95 97 97 6 98
c 74 77 48 61 62
c 38 48 75 79 110
c 77 44 51 52 91
c 10 19 8 23 195
c 60 91 52 62 186
c 59 27 4 6 55
c 16 47 31 46 122
c 54 66 24 41 103
c 31 43 31 82 111
c 90 92 9 20 131
c 67 82 99 68 84
c 76 85 29 35 183
c 46 52 5 13 84
c 68 74 10 74 93
c 90 97 39 51 28
c 62 82 38 68 51
c 9 92 30 10 196
c 90 77 61 63 186
c 23 33 62 77 69
c 63 68 32 46 187
c 12 85 61 5 42
c 7 35 6 67 131
c 44 90 56 68 59
c 67 3 27 34 99
c 93 96 25 45 163
c 68 10 50 56 148
c 22 36 95 98 111
c 50 61 9 92 44
c 30 31 68 82 163
c 24 29 27 41 98
c 65 93 86 95 132
c 98 13 73 74 163
c 70 77 56 68 54
c 82 83 83 90 199
c 4 18 89 73 133
c 83 57 43 80 26
c 96 99 91 5 28
c 18 69 54 57 171
c 45 60 84 40 129
c 91 97 63 73 188
c 27 38 99 63 165
c 32 15 97 76 132
c 70 74 49 50 107
c 46 48 23 19 87
c 12 91 30 32 55
c 42 51 43 48 191
c 12 23 93 32 62
c 58 60 83 93 132
c 58 29 0 4 82
c 85 33 64 13 172
c 13 72 5 16 60
c 34 42 8 76 77
c 7 26 5 13 187
c 85 98 45 95 143
c 63 74 75 85 96
c 48 55 42 24 109
c 51 17 32 30 150
c 52 8 61 64 75
c 57 16 58 29 165
c 61 65 51 53 166
c 48 50 90 18 135
c 46 81 26 27 103
c 92 71 69 77 114
c 72 75 67 3 192
c 34 49 26 58 104
c 11 12 61 5 149
c 45 48 6 7 148
c 18 69 8 18 82
c 58 76 64 78 125
c 18 29 61 75 114
c 73 85 90 2 122
c 18 19 56 28 198
c 12 22 98 9 72
c 31 41 7 4 166
c 97 67 92 0 171
c 51 61 29 43 116
c 89 65 24 39 105
c 71 73 74 88 47
c 92 4 25 55 79
c 37 71 18 25 133
c 5 65 88 97 163
c 38 91 97 1 92
c 32 33 67 56 184
c 63 69 6 60 132
c 28 66 24 36 74
c 42 47 51 59 96
c 49 58 63 60 104
c 97 65 18 81 118
c 50 91 49 52 194
c 59 70 60 66 104
c 14 77 69 80 136
c 19 23 62 70 138
c 73 88 95 5 67
c 73 30 43 47 32
c 21 32 46 77 101
c 17 35 11 21 90
c 90 95 16 21 140
c 91 4 82 34 34
c 54 68 46 0 130
c 74 33 70 31 33
c 55 69 62 22 72
c 14 21 33 82 48
c 64 9 9 16 181
c 83 32 74 86 70
c 33 10 26 33 116
c 48 56 52 61 53
c 33 43 14 19 118
c 77 83 94 4 98
c 39 93 26 57 177
c 32 89 32 36 197
c 94 47 35 40 160
c 85 9 31 46 72
c 30 38 7 4 128
c 73 74 36 46 130
c 5 65 21 25 84
c 17 26 92 6 84
c 84 98 52 73 38
c 52 89 77 78 126
c 35 41 49 57 161
c 40 39 70 48 129
c 78 88 2 49 51
c 4 9 54 56 80
c 5 39 46 56 194
c 57 61 58 64 66
c 0 2 38 47 197
c 50 52 54 57 75
c 29 31 60 69 154
c 16 88 36 51 101
c 93 9 59 39 105
c 81 65 48 84 35
c 35 36 68 90 79
c 89 13 0 14 169
c 43 57 28 87 78
c 78 83 29 38 135
c 2 16 37 45 193
c 0 15 51 66 40
c 17 81 74 84 139
c 68 83 29 0 70
c 7 56 37 49 48
c 87 99 86 12 191
c 78 83 70 73 83
c 21 3 67 77 105
c 74 80 15 79 116
c 4 60 60 69 189
c 49 52 20 33 79
c 52 73 5 17 194
c 17 21 20 73 89
c 76 87 23 76 88
c 33 48 56 63 190
c 51 3 37 44 173
c 98 12 95 98 186
c 46 56 67 79 104
c 35 11 98 4 70
c 99 47 92 5 77
c 16 26 95 39 68
c 64 75 80 74 176
c 29 37 98 99 108
c 53 64 0 12 132
c 11 25 21 22 134
c 81 96 78 93 176
c 85 76 15 30 158
c 20 12 89 90 100
c 13 88 87 31 171
c 25 34 27 42 43
c 38 68 99 6 111
c 88 77 32 8 58
c 28 31 32 11 149
c 22 14 70 36 104
c 31 46 4 6 197
c 9 10 56 71 62
c 60 91 82 86 151
c 71 63 78 87 91
c 85 89 61 65 126
c 4 23 55 56 84
c 59 84 13 14 57
c 22 31 88 83 111
c 8 10 89 99 199
c 97 6 85 22 75
c 46 58 16 28 94
c 49 25 32 37 34
c 37 51 18 71 190
c 63 57 24 26 88
c 92 87 81 83 37
c 1 58 85 64 141
c 80 57 71 28 141
c 63 58 33 53 92
c 21 1 30 42 175
c 40 54 99 5 55
c 36 50 57 53 68
c 81 24 82 89 131
c 23 29 69 96 93
c 84 3 21 33 163
c 13 60 6 18 89
c 62 72 63 75 117
c 99 13 5 49 153
c 7 11 57 72 57
c 19 10 30 84 197
c 74 55 1 6 140
c 48 58 99 13 136
c 58 19 20 77 158
c 22 25 25 69 195
c 82 59 45 47 91
c 85 88 9 13 172
c 1 54 68 12 94
c 18 31 33 53 102
c 89 73 84 95 157
c 80 83 59 64 121
c 33 42 52 59 163
c 15 27 80 62 167
c 23 92 10 13 168
c 1 16 69 82 140
c 77 64 8 38 153
c 29 41 12 36 158
c 0 6 63 68 133
c 82 88 52 89 193
c 92 91 67 51 83
c 50 65 16 21 93
c 28 19 43 56 113
c 89 98 61 87 39
c 61 73 99 68 29
c 90 5 37 45 67
c 17 11 44 56 183
c 61 66 14 17 152
c 59 69 81 84 87
c 82 84 77 86 109
c 61 76 59 71 63
c 71 77 42 80 163
c 15 70 15 75 199
c 8 13 94 2 91
c 81 24 31 15 93
c 20 86 52 65 29
c 91 96 15 29 136
c 42 52 14 35 56
c 40 50 67 72 192
c 1 15 45 50 110
c 44 75 81 16 107
c 82 94 32 41 81
c 38 68 72 76 63
c 50 29 90 97 193
c 36 44 77 86 169
c 18 19 18 30 158
c 91 72 86 98 135
c 7 81 49 57 84
c 7 12 71 74 176
c 2 22 64 66 26
c 62 88 57 78 82
c 37 49 95 5 59
c 7 4 4 63 117
c 40 45 7 42 161
c 52 67 60 68 179
c 75 90 69 45 134
c 44 54 37 51 95
c 22 75 40 47 131
c 31 82 26 12 149
c 58 76 19 29 89
c 57 53 73 78 136
c 83 72 39 44 88
c 72 31 48 61 129
c 52 33 19 31 161
c 43 62 77 81 189
c 86 89 37 38 115
c 84 88 22 75 39
c 41 50 6 18 139
c 72 20 96 5 93
c 87 0 37 39 147
c 54 56 35 39 52
c 63 16 48 75 39
c 88 0 21 24 99
c 37 72 7 12 119
c 57 53 26 16 128
c 83 86 70 84 191
c 18 81 18 31 92
c 93 7 55 60 179
c 31 8 20 77 121
c 86 87 26 27 189
c 98 8 3 70 45
c 78 25 70 84 125
c 5 12 83 84 128
c 25 69 71 84 58
c 79 81 99 11 143
c 44 37 1 7 182
c 56 90 91 99 63
c 24 39 14 68 109
c 20 73 37 47 122
c 63 60 37 43 189
c 35 58 16 18 69
c 62 77 4 7 197
c 51 91 21 28 47
c 89 12 3 70 125
c 41 11 45 53 134
c 60 67 85 92 138
c 46 55 23 37 42
c 26 27 9 30 58
c 95 99 98 88 35
c 80 85 40 55 193
c 21 36 1 13 171
c 73 22 53 68 158
c 33 41 26 60 194
c 22 1 49 32 123
c 29 37 87 90 106
c 48 8 48 15 37
c 97 90 85 91 104
c 4 17 35 85 64
c 23 33 39 43 179
c 60 34 13 60 42
c 5 82 5 12 119
c 5 12 88 5 153
c 20 30 95 2 73
c 15 20 21 24 81
c 80 14 89 0 119
c 97 2 61 71 166
c 36 50 48 16 98
c 44 75 0 86 63
c 42 56 89 94 175
c 51 91 51 54 191
c 13 16 12 91 59
c 64 56 66 81 123
c 1 74 38 44 170
c 82 92 80 94 83
c 19 23 53 75 136
c 70 75 71 28 116
c 32 33 0 14 121
c 48 75 73 74 110
c 26 30 0 11 176
c 27 30 59 60 87
c 66 70 18 31 44
c 86 88 40 47 174
c 91 6 3 15 55
c 41 51 42 54 116
c 11 22 72 77 150
c 99 0 32 37 55
c 29 43 80 49 152
c 72 15 64 56 29
c 64 85 8 98 75
c 2 22 83 90 123
c 91 69 47 50 154
c 42 47 86 88 85
c 37 71 40 43 133
c 78 90 27 67 148
c 17 76 23 26 128
c 28 30 24 30 125
c 10 24 17 22 65
c 78 93 85 7 39
c 36 50 38 39 28
c 11 0 45 61 128
c 66 52 6 34 71
c 8 15 90 93 116
c 50 23 73 27 165
c 64 90 10 19 189
c 80 94 72 90 122
c 52 57 23 59 99
c 53 55 89 7 65
c 14 77 36 46 58
c 27 17 64 72 94
c 26 58 64 11 116
c 71 28 93 5 146
c 52 55 11 52 72
c 46 56 96 43 70
c 83 90 64 13 84
c 14 17 77 87 172
c 29 41 27 67 196
c 49 54 46 52 198
c 74 87 54 60 69
c 1 7 93 3 172
c 4 45 24 51 112
c 92 38 59 67 153
c 47 33 73 83 160
c 39 26 47 58 119
c 26 27 89 93 142
c 10 13 73 77 77
c 75 77 60 89 170
c 95 2 2 11 69
c 1 16 36 92 87
c 58 65 70 84 98
c 17 26 18 31 141
c 23 31 36 40 90
c 30 84 5 81 193
c 7 15 30 74 169
c 30 14 44 47 170
c 8 17 64 73 76
c 7 26 7 77 101
c 81 92 17 27 150
c 32 89 44 46 54
c 92 2 13 15 75
c 93 5 71 76 153
c 0 8 79 80 77
c 67 74 42 10 40
c 92 0 40 53 79
c 19 27 68 75 143
c 26 29 15 19 139
c 70 73 3 17 133
c 54 59 49 43 105
c 70 72 24 40 64
c 46 48 32 89 129
c 70 84 91 92 74
c 9 12 39 46 28
c 50 57 86 95 169
c 47 49 46 10 120
c 31 99 40 50 61
c 19 23 20 31 150
c 39 40 93 2 134
c 73 79 19 24 65
c 68 90 31 37 75
c 93 90 9 16 65
c 53 66 64 56 152
c 49 58 5 13 128
c 6 16 25 29 104
c 91 96 10 20 85
c 94 47 47 43 190
c 50 84 69 72 147
c 67 51 21 1 99
c 78 81 45 99 147
c 34 61 28 35 34
c 50 63 54 72 74
c 8 13 31 82 184
c 55 65 94 8 30
c 18 69 22 37 130
c 21 1 12 24 104
c 17 23 14 68 133
c 23 38 19 30 193
c 77 67 71 74 134
c 54 59 21 91 119
c 49 64 23 76 37
c 75 46 93 90 63
c 0 86 42 71 165
c 4 17 88 83 116
c 55 58 5 15 59
c 93 4 16 28 122
c 11 15 71 79 187
c 64 90 83 98 108
c 66 68 57 66 154
c 63 78 86 53 46
c 82 97 27 38 189
c 47 51 43 83 92
c 42 51 1 53 91
c 85 90 49 63 77
c 79 3 90 74 184
c 38 40 84 96 95
c 66 76 68 13 74
c 59 65 70 36 75
c 43 46 46 53 139
c 62 63 50 62 47
c 43 80 7 8 85
c 27 67 5 65 126
c 76 37 92 87 83
c 0 8 7 9 57
c 58 60 80 83 57
c 60 62 25 65 42
c 32 0 10 16 109
c 97 98 89 7 75
c 20 34 41 29 101
c 29 33 94 6 147
c 14 25 2 22 157
c 26 58 16 25 46
c 18 21 2 81 109
c 86 69 77 81 169
c 21 34 61 87 165
c 68 72 55 65 56
c 8 38 32 42 147
c 57 53 5 11 150
c 64 70 36 38 132
c 46 28 28 35 91
c 76 91 44 55 32
c 90 98 69 74 68
c 74 82 89 99 97
c 32 0 75 21 153
c 70 73 3 4 111
c 90 92 68 71 90
c 6 60 54 68 183
c 71 84 21 3 192
c 75 84 29 40 100
c 60 71 20 29 109
c 98 11 98 12 91
c 50 41 8 12 140
c 25 40 86 69 104
c 24 33 11 14 49
c 62 67 78 81 35
c 26 36 11 66 117
c 87 2 16 23 94
c 53 64 18 21 157
c 79 86 49 59 75
c 49 32 21 25 104
c 92 38 4 12 183
c 81 57 77 26 197
c 11 66 16 47 131
c 42 71 39 52 162
c 1 3 35 46 25
c 68 70 14 73 107
c 79 93 17 81 77
c 40 44 23 38 145
c 80 91 75 88 59
c 5 49 43 6 71
c 96 40 5 95 156
c 69 84 91 93 113
c 24 22 75 76 104
c 44 55 41 42 55
c 25 31 8 9 37
c 62 1 69 73 45
c 10 16 58 7 184
c 12 23 27 31 107
c 17 18 98 9 86
c 90 9 40 43 58
c 35 48 43 51 110
c 95 6 29 41 153
c 32 89 89 94 80
c 0 55 63 64 123
c 0 8 12 42 142
c 12 27 24 34 97
c 52 86 66 68 28
c 12 97 17 27 195
c 45 99 1 25 135
c 35 14 7 81 89
c 25 27 95 4 190
c 24 34 11 18 51
c 70 78 0 7 145
c 87 88 64 75 117
c 50 59 72 73 140
c 29 34 68 79 172
c 90 95 87 8 165
c 4 11 13 60 79
c 93 99 73 87 172
c 69 72 80 85 192
c 12 13 8 9 88
c 7 42 4 7 192
c 5 82 2 16 144
c 66 81 17 22 56
c 9 20 81 92 106
c 30 40 82 95 72
c 88 81 71 85 120
c 90 62 98 4 76
c 68 74 24 36 185
c 85 9 10 2 178
c 12 19 64 70 185
c 76 79 71 56 184
c 19 10 79 85 142
c 92 6 79 81 193
c 54 62 13 21 102
c 92 94 36 49 131
c 82 31 72 4 134
c 67 75 58 65 101
c 86 96 2 10 89
c 40 48 42 55 57
c 73 67 90 2 40
c 77 85 46 28 162
c 64 90 15 28 124
c 3 70 51 65 190
c 38 97 6 20 39
c 60 70 81 24 153
c 79 99 82 94 199
c 90 66 36 40 84
c 60 75 94 99 109
c 72 86 0 8 63
c 29 32 88 89 70
c 96 52 35 42 76
c 99 47 22 14 142
c 24 26 32 3 25
c 38 41 67 3 103
c 40 50 30 82 155
c 62 20 25 32 190
c 48 8 74 64 51
c 80 23 1 11 82
c 7 56 91 98 170
c 36 51 72 31 26
c 83 81 31 36 43
c 55 64 10 62 98
c 61 5 30 32 130
c 89 83 9 30 35
c 54 62 30 20 34
c 40 55 75 86 60
c 27 14 20 83 58
c 12 23 25 44 62
c 56 58 41 46 82
c 72 81 87 19 53
c 57 78 10 96 120
c 80 86 80 74 110
c 21 91 71 83 72
c 0 4 54 95 87
c 37 39 4 6 183
c 44 27 88 92 131
c 11 85 25 39 199
c 55 64 97 16 89
c 77 87 26 16 106
c 72 86 11 12 88
c 5 95 93 90 174
c 94 6 28 19 143
c 40 2 31 35 100
c 60 65 46 59 140
c 4 18 43 44 59
c 72 78 85 96 157
c 5 13 52 65 129
c 82 91 7 8 134
c 98 1 85 54 132
c 47 52 58 71 180
c 66 80 30 39 77
c 22 37 61 67 155
c 39 41 4 16 26
c 84 86 56 63 36
c 78 81 89 97 140
c 66 96 84 42 157
c 30 42 81 42 83
c 55 63 13 43 67
c 82 94 56 61 123
c 82 57 13 21 81
c 32 44 49 25 91
c 90 0 67 78 180
c 76 32 73 71 37
c 7 15 30 39 124
c 16 47 96 8 115
c 40 51 89 72 84
c 55 69 95 99 74
c 50 59 47 68 160
c 98 1 0 86 122
c 19 34 65 16 102
c 13 16 48 75 43
c 10 24 84 97 116
c 39 45 14 24 153
c 79 37 80 27 157
c 63 72 5 65 73
c 34 61 8 19 186
c 73 67 51 54 129
c 83 89 48 75 147
c 98 5 5 65 39
c 53 54 39 43 63
c 4 17 5 10 70
c 14 27 95 98 140
c 81 83 73 79 104
c 60 71 70 76 146
c 57 65 35 44 194
c 39 50 4 11 154
c 33 35 61 29 168
c 53 67 95 27 81
c 69 88 4 12 185
c 5 18 83 12 90
c 46 58 86 89 47
c 29 41 4 5 139
c 8 18 19 24 123
c 66 71 79 12 29
c 7 97 15 79 60
c 13 22 72 86 112
c 2 81 35 43 169
c 89 92 73 22 111
c 9 92 43 28 35
c 81 82 43 56 38
c 32 38 50 51 156
c 81 82 31 48 175
c 25 41 55 63 147
c 2 6 92 3 114
c 33 48 39 45 133
c 95 2 96 4 185
c 25 41 83 99 164
c 26 33 13 84 148
c 91 46 35 16 191
c 15 17 21 26 49
c 72 90 5 49 99
c 10 14 38 0 115
c 61 83 85 87 118
c 17 22 5 49 40
c 0 12 44 27 62
c 16 26 73 75 160
c 51 53 12 16 187
c 18 22 30 31 152
c 80 86 81 13 150
c 0 8 7 1 56
c 28 38 15 26 118
c 28 36 97 67 177
c 87 94 20 30 91
c 49 60 22 36 84
c 9 16 4 9 91
c 99 2 35 48 119
c 4 15 58 70 102
c 58 73 66 52 41
c 69 71 35 44 145
c 7 18 90 97 25
c 99 0 98 52 122
c 43 50 81 95 77
c 82 84 22 23 152
c 43 20 92 0 199
c 25 34 89 92 149
c 78 42 70 34 66
c 26 31 34 35 32
c 95 47 93 95 51
c 7 81 72 87 48
c 12 26 63 60 170
c 46 59 6 20 191
c 95 16 49 12 96
c 35 39 90 97 150
c 50 54 97 5 142
c 65 71 83 32 153
c 1 58 63 72 56
c 58 66 94 95 72
c 5 10 76 32 51
c 47 54 75 59 62
c 56 66 77 6 164
c 32 0 59 99 176
c 7 8 98 11 165
c 14 33 25 40 106
c 85 86 68 73 52
c 4 5 19 25 63
c 66 67 26 37 110
c 6 13 18 1 39
c 85 64 31 99 134
c 16 17 41 56 162
c 68 13 89 90 53
c 25 30 88 77 176
c 78 80 19 32 187
c 65 38 32 42 173
c 49 51 26 39 56
c 57 65 1 58 62
c 28 19 17 22 198
c 17 24 45 53 177
c 63 66 1 15 74
c 35 42 61 73 184
c 19 21 45 34 186
c 12 25 32 15 146
c 28 42 23 34 149
c 87 92 79 0 156
c 88 98 62 22 191
c 28 39 67 77 146
c 86 93 18 14 30
c 20 25 97 4 107
c 88 92 28 29 112
c 7 74 47 33 156
c 21 32 43 28 66
c 5 9 45 46 171
c 0 7 56 62 149
c 99 3 97 8 36
c 63 66 36 67 79
c 25 26 80 91 37
c 46 51 94 3 73
c 82 39 75 79 87
c 72 22 38 43 82
c 75 77 71 47 93
c 16 29 95 39 51
c 11 23 78 90 53
c 61 64 95 27 51
c 90 92 4 10 81
c 75 59 22 31 38
c 3 17 1 54 40
c 97 7 72 74 71
c 27 67 65 69 183
c 46 72 59 73 41
c 74 46 62 71 143
c 15 18 14 73 103
c 6 60 8 11 112
c 79 89 14 25 146
c 85 98 54 63 56
c 89 2 1 15 44
c 52 53 74 84 56
c 44 52 1 14 84
c 50 51 83 81 126
c 93 90 31 46 192
c 95 0 96 4 85
c 88 98 59 67 135
c 41 56 95 4 29
c 6 66 65 72 54
c 50 65 16 94 144
c 15 25 17 20 192
c 39 46 97 12 42
c 56 28 44 57 169
c 35 45 61 66 173
c 82 70 61 76 157
c 67 79 64 85 120
c 90 5 30 13 106
c 79 83 17 27 195
c 6 9 10 17 109
c 75 77 64 76 186
c 29 0 25 69 122
c 81 91 84 87 158
c 54 57 29 97 191
c 77 87 31 44 176
c 92 38 28 31 73
c 64 76 47 61 77
c 69 76 28 94 106
c 90 77 15 22 34
c 6 16 52 54 74
c 39 44 61 63 122
c 51 56 18 20 127
c 53 56 7 15 109
c 44 59 99 6 94
c 40 52 2 5 94
c 93 1 23 28 151
c 94 8 0 55 78
c 25 71 0 27 34
c 25 23 59 99 183
c 59 69 91 93 112
c 37 50 32 7 84
c 10 11 11 0 162
c 42 80 53 74 119
c 72 4 51 57 166
c 18 20 76 55 88
c 32 34 36 50 146
c 64 11 2 29 134
c 88 82 62 82 72
c 87 99 39 33 81
c 8 98 77 86 190
c 19 34 52 98 60
c 1 25 81 64 191
c 92 94 90 18 140
c 7 11 31 64 141
c 34 72 91 94 195
c 38 52 98 9 187
c 58 53 41 54 172
c 78 81 25 31 176
c 31 35 4 8 47
c 84 96 83 87 190
c 78 80 10 19 111
c 23 39 3 81 28
c 5 81 64 71 137
c 52 66 13 32 102
c 6 19 93 9 167
c 64 85 8 9 135
c 58 69 93 32 64
c 9 17 72 20 90
c 59 73 22 34 185
c 63 75 5 26 61
c 99 47 31 41 154
c 42 24 35 46 145
c 50 84 61 28 88
c 98 99 20 28 56
c 58 62 46 28 136
c 39 5 54 74 199
c 95 2 88 5 111
c 74 80 80 94 47
c 31 44 52 65 58
c 4 8 10 21 164
c 45 52 6 7 179
c 1 6 0 6 166
c 30 41 90 97 83
c 75 86 10 11 48
c 29 8 66 78 88
c 41 54 41 46 71
c 36 92 36 42 75
c 34 42 31 38 32
c 47 55 17 23 170
c 48 59 25 11 61
c 54 62 32 44 104
c 86 91 26 29 156
c 14 73 46 54 37
c 61 63 19 26 100
c 36 42 10 16 26
c 21 33 53 59 109
c 78 84 43 62 198
c 99 93 33 40 162
c 80 92 67 77 100
c 24 41 99 2 180
c 30 67 6 13 166
c 4 60 20 73 93
c 89 72 88 98 184
c 39 45 6 17 61
c 26 72 58 76 62
c 22 32 32 89 188
c 45 60 66 78 114
c 2 81 3 6 73
c 78 82 8 19 122
c 5 31 65 73 46
c 20 27 90 5 33
c 2 22 49 58 108
c 6 67 10 68 135
c 79 80 90 0 185
c 10 14 58 68 45
c 33 37 48 63 68
c 68 13 63 67 190
c 37 52 44 6 77
c 65 38 11 13 193
c 75 77 96 36 52
c 21 49 19 28 194
c 87 92 9 17 29
c 42 48 52 11 73
c 14 18 23 34 124
c 52 15 23 37 182
c 17 87 3 12 38
c 25 38 87 8 161
c 97 31 83 87 48
c 63 60 24 27 95
c 97 31 36 41 95
c 94 8 96 3 117
c 39 52 99 47 65
c 37 34 30 82 184
c 25 71 30 35 112
c 45 60 98 8 179
c 83 84 79 92 195
c 68 70 83 84 36
c 38 53 80 88 170
c 91 97 41 55 175
c 51 61 62 88 59
c 68 69 94 98 51
c 62 69 97 9 165
c 33 36 43 83 149
c 97 10 2 9 129
c 4 10 28 19 80
c 18 25 45 59 199
c 28 20 36 40 195
c 55 65 26 30 120
c 58 53 67 81 128
c 67 78 90 39 165
c 20 35 7 20 134
c 28 35 53 64 48
c 48 60 54 56 66
c 89 73 70 85 142
c 68 73 80 85 146
c 48 74 15 26 160
c 31 43 52 54 74
c 20 33 49 56 111
c 2 16 10 23 38
c 82 97 42 48 180
c 73 82 14 28 30
c 28 6 93 39 78
c 17 81 80 87 90
c 65 79 47 68 136
c 62 72 87 72 158
c 90 95 30 38 183
c 20 86 37 70 104
c 49 64 61 64 126
c 17 32 92 6 104
c 72 22 84 3 87
c 86 92 84 86 62
c 33 39 34 72 159
c 91 97 74 78 126
c 70 82 70 52 44
c 51 62 65 66 199
c 36 39 71 78 31
c 28 34 23 38 27
c 2 9 77 87 35
c 33 45 78 81 135
c 84 42 47 26 150
c 29 34 43 90 62
c 81 85 84 27 182
c 81 95 8 22 81
c 48 57 95 7 28
c 7 26 94 97 175
c 46 50 60 14 51
c 99 10 93 39 81
c 4 11 93 96 167
c 10 2 51 61 82
c 39 48 46 14 149
c 67 50 41 15 129
c 30 43 99 27 44
c 62 65 25 69 63
c 46 12 18 23 188
c 67 55 94 6 153
c 45 34 87 72 188
c 60 61 68 72 130
c 77 88 5 65 82
c 24 32 93 32 81
c 56 65 29 34 70
c 90 96 87 96 169
c 31 43 74 55 160
c 95 8 44 2 145
c 2 22 84 42 65
c 12 19 20 34 86
c 97 11 39 6 134
c 33 82 14 23 114
c 15 26 51 60 102
c 98 5 24 35 56
c 83 89 26 19 61
c 55 63 47 52 142
c 85 22 92 93 122
c 53 75 77 88 71
c 31 95 88 82 85
c 74 86 80 85 129
c 96 7 26 27 40
c 27 87 79 68 184
c 28 38 70 36 42
c 22 31 57 69 172
c 58 66 48 95 38
c 99 93 10 24 58
c 21 25 3 17 160
c 5 7 4 15 156
c 60 74 95 39 93
c 2 5 27 33 137
c 93 39 95 47 166
c 72 85 15 16 82
c 99 10 97 8 137
c 52 63 26 31 74
c 62 74 88 3 86
c 56 15 16 31 118
c 93 8 16 30 199
c 68 83 93 2 104
c 47 68 50 58 117
c 67 68 24 33 136
c 70 71 32 41 175
c 63 60 85 89 146
c 95 16 49 54 151
c 0 3 77 78 192
c 46 60 46 77 134
c 27 30 47 56 37
c 31 42 57 16 166
c 25 36 13 18 74
c 82 92 52 65 59
c 79 94 13 23 48
c 24 30 90 9 100
c 79 99 16 99 132
c 71 84 6 19 41
c 75 76 97 16 68
c 91 72 47 54 188
c 66 71 53 62 82
c 28 39 93 98 109
c 1 25 11 35 30
c 70 80 49 45 133
c 41 96 87 8 89
c 94 6 44 46 167
c 89 97 91 4 86
c 38 45 84 70 121
c 51 66 78 66 74
c 78 84 84 94 50
c 94 4 17 30 165
c 1 58 4 48 119
c 16 24 0 14 162
c 6 15 48 54 95
c 15 17 66 44 147
c 45 12 44 53 135
c 49 61 22 35 65
c 57 76 49 43 32
c 37 47 99 12 138
c 91 42 72 90 140
c 45 99 25 44 173
c 6 1 22 43 167
c 7 74 79 93 33
c 65 66 97 5 41
c 47 33 28 34 83
c 85 86 72 99 159
c 1 3 1 15 68
c 76 83 35 42 130
c 21 33 60 11 106
c 37 50 33 35 91
c 68 80 1 74 56
c 38 46 79 94 143
c 91 10 40 91 86
c 9 20 72 74 137
c 64 8 83 88 165
c 30 10 90 4 181
c 84 89 14 19 137
c 34 95 62 75 44
c 6 15 79 93 183
c 43 54 16 26 30
c 87 91 96 36 173
c 86 94 60 73 45
c 54 55 67 69 115
c 62 22 67 79 96
c 10 68 64 76 155
c 29 44 34 47 72
c 55 61 24 32 153
c 94 13 61 65 113
c 59 71 48 63 27
c 1 12 80 27 74
c 33 40 5 97 61
c 93 94 48 8 38
c 72 76 60 14 79
c 3 49 73 82 153
c 20 34 55 67 114
c 2 0 73 87 60
c 74 77 38 97 169
c 44 48 13 60 49
c 18 26 67 3 158
c 94 1 62 22 101
c 56 28 76 91 153
c 93 1 8 22 88
c 83 92 37 38 100
c 86 22 36 39 150
c 81 96 10 17 36
c 40 46 62 1 66
c 98 39 68 70 161
c 30 82 48 53 185
c 64 72 98 11 188
c 97 6 5 9 112
c 11 26 81 24 158
c 42 47 57 60 157
c 57 68 39 53 123
c 58 66 46 53 36
c 70 74 22 14 116
c 32 34 92 2 193
c 46 12 99 2 72
c 85 54 51 59 199
c 35 46 25 65 194
c 70 81 24 41 123
c 28 34 24 37 143
c 10 25 51 62 71
c 0 3 16 28 64
c 50 55 31 95 72
c 12 14 67 77 41
c 69 78 34 46 102
c 4 89 86 93 199
c 7 22 48 84 111
c 90 98 82 90 114
c 26 38 5 15 128
c 79 0 34 48 51
c 29 40 21 25 143
c 95 2 26 33 33
c 38 44 48 63 101
c 8 17 99 68 60
c 50 96 59 41 83
c 88 2 85 99 189
c 57 53 2 3 39
c 90 98 84 85 45
c 87 90 5 26 45
c 99 2 62 82 160
c 23 30 80 82 81
c 94 2 34 44 161
c 16 26 88 91 164
c 8 19 66 68 128
c 25 35 52 60 95
c 98 88 39 54 142
c 21 35 79 12 87
c 81 96 49 43 178
c 94 2 35 14 78
c 84 70 91 6 172
c 84 96 92 54 88
c 55 41 88 81 107
c 64 90 71 84 79
c 59 71 72 79 94
c 69 84 77 78 92
c 53 54 1 16 179
c 6 21 49 61 199
c 99 10 42 56 170
c 74 96 79 90 81
c 61 83 63 60 191
c 6 15 28 36 32
c 29 50 20 26 163
c 15 79 70 31 157
c 78 89 63 75 149
c 41 52 35 16 55
c 99 47 76 78 190
c 73 67 21 25 116
c 40 46 26 36 136
c 79 85 17 29 81
c 91 6 78 87 27
c 10 20 32 8 107
c 0 9 13 32 130
c 63 16 72 73 43
c 28 29 83 12 159
c 93 95 4 66 187
c 62 68 96 43 111
c 49 60 93 3 118
c 14 15 83 98 52
c 54 59 96 52 180
c 33 63 38 47 198
c 34 35 10 11 184
c 16 35 4 8 116
c 27 30 44 90 150
c 58 72 97 8 141
c 44 47 14 18 107
c 15 30 91 24 149
c 25 36 58 61 82
c 80 57 84 40 42
c 22 44 50 8 65
c 76 55 46 81 64
c 9 55 73 9 142
c 27 52 94 36 100
c 29 32 80 27 187
c 5 12 62 21 118
c 95 98 96 11 169
c 62 75 95 96 96
c 64 70 84 86 199
c 77 44 38 77 130
c 74 84 94 47 88
c 72 2 9 14 160
c 72 80 95 1 73
c 91 5 84 99 196
c 44 37 67 72 67
c 42 2 49 59 50
c 5 81 30 45 106
c 71 86 4 19 58
c 77 85 79 30 158
c 96 4 14 18 85
c 17 32 48 59 39
c 24 35 71 47 194
c 7 16 98 26 77
c 46 55 98 12 59
c 67 56 56 58 87
c 15 28 48 52 192
c 18 29 83 90 151
c 95 6 35 37 176
c 9 16 14 33 191
c 27 52 50 54 32
c 6 19 93 6 25
c 53 54 86 89 110
c 82 59 26 36 107
c 66 28 85 44 117
c 7 18 57 61 50
c 87 97 80 85 86
c 62 21 16 30 146
c 80 27 77 44 78
c 75 80 96 4 93
c 60 89 7 42 160
c 95 2 38 97 100
c 32 3 63 67 28
c 18 1 11 17 138
c 65 72 65 66 125
c 70 80 44 53 47
c 49 64 95 39 173
c 80 62 92 87 91
c 23 28 30 82 119
c 65 71 31 48 36
c 6 18 48 84 47
c 35 50 27 29 26
c 55 66 10 30 114
c 99 11 64 78 101
c 27 41 47 52 175
c 45 48 80 81 142
c 11 66 79 84 169
c 37 52 77 90 144
c 11 17 93 99 96
c 4 11 16 94 109
c 51 91 29 38 103
c 50 63 8 17 89
c 7 81 15 70 164
c 86 29 44 2 141
c 61 87 1 10 58
c 6 86 33 44 191
c 77 91 17 24 197
c 56 61 9 19 57
c 74 88 72 77 163
c 60 86 4 11 44
c 65 66 32 33 98
c 89 93 82 83 77
c 49 45 48 51 163
c 63 71 25 40 180
c 76 32 53 54 116
c 99 7 54 67 127
c 12 42 70 74 134
c 95 5 11 20 154
c 73 22 97 7 131
c 87 91 31 33 197
c 82 90 10 30 55
c 53 55 79 81 181
c 62 82 82 35 37
c 39 5 73 77 76
c 40 51 21 33 173
c 65 76 54 74 112
c 90 1 5 6 161
c 65 38 27 29 42
c 98 99 57 60 144
c 3 17 90 9 148
c 66 22 5 95 153
c 46 72 6 66 154
c 86 92 86 87 72
c 1 3 99 6 160
c 74 15 79 93 43
c 57 53 72 2 100
c 58 71 29 50 41
c 18 22 40 44 106
c 74 15 50 59 136
c 81 90 24 17 37
c 66 69 86 69 92
c 25 23 58 64 113
c 20 12 65 79 100
c 49 12 50 57 85
c 60 55 49 45 152
c 74 55 81 84 35
c 31 15 21 49 83
c 67 76 80 51 155
c 3 34 23 30 180
c 72 76 26 39 178
c 29 97 56 58 116
c 54 16 1 13 189
c 15 18 87 19 159
c 65 16 91 94 172
c 16 17 48 84 147
c 14 24 6 67 182
c 30 32 62 74 175
c 74 77 11 12 61
c 54 60 11 20 120
c 23 90 0 79 99
c 35 43 51 53 183
c 32 8 81 86 174
c 41 29 34 37 135
c 51 60 87 72 58
c 11 17 46 61 67
c 14 21 98 11 135
c 75 87 48 55 91
c 43 50 46 58 103
c 31 33 12 97 62
c 61 63 90 92 183
c 71 63 45 26 126
c 69 80 20 25 122
c 57 64 46 51 193
c 22 40 83 81 74
c 62 63 73 78 36
c 5 10 36 37 118
c 42 48 52 66 118
c 18 1 36 41 162
c 37 49 30 14 56
c 31 48 65 16 64
c 32 7 18 28 61
c 66 75 10 14 50
c 26 95 50 23 100
c 83 87 10 94 76
c 1 10 71 85 164
c 31 41 43 50 57
c 12 16 59 27 48
c 89 1 20 25 177
c 51 59 26 12 194
c 16 26 57 63 153
c 78 79 77 89 162
c 46 12 9 30 183
c 24 34 72 88 68
c 3 8 73 83 26
c 24 25 65 78 191
c 10 96 83 92 153
c 31 45 96 85 137
c 67 68 82 35 152
c 40 47 19 24 124
c 46 48 47 58 101
c 74 86 26 31 98
c 13 14 62 63 96
c 25 7 78 90 47
c 20 86 0 51 36
c 48 50 67 70 82
c 82 91 63 68 66
c 91 72 49 58 178
c 37 44 3 83 168
c 29 42 56 29 61
c 24 28 53 62 52
c 92 5 5 39 150
c 79 3 1 16 127
c 98 55 63 65 160
c 69 81 43 28 193
c 50 61 87 88 121
c 11 14 37 46 74
c 19 25 80 95 90
c 92 3 53 57 58
c 99 2 91 98 155
c 83 94 84 34 42
c 34 82 62 1 135
c 44 49 57 69 139
c 36 88 16 28 158
c 30 32 27 52 127
c 0 8 1 8 198
c 70 75 68 37 148
c 20 23 96 10 153
c 94 2 11 93 141
c 6 15 64 46 64
c 94 71 3 6 58
c 86 20 47 49 25
c 57 64 37 34 34
c 75 83 22 30 167
c 44 6 48 43 123
c 43 80 54 60 182
c 81 85 48 84 65
c 68 69 93 2 41
c 53 63 3 5 150
c 60 74 26 30 141
c 2 81 3 34 128
c 0 10 60 64 65
c 72 88 93 94 129
c 37 47 23 76 147
c 94 8 20 26 145
c 7 20 26 36 129
c 11 12 27 37 133
c 30 74 95 99 97
c 86 89 33 41 131
c 89 73 36 88 106
c 16 21 9 55 67
c 87 19 51 34 121
c 30 36 19 28 45
c 62 69 27 33 133
c 33 10 97 4 141
c 24 40 33 34 44
c 65 93 46 77 146
c 90 4 71 28 180
c 2 10 97 0 148
c 31 95 21 31 161
c 51 61 79 85 156
c 93 95 52 61 57
c 0 13 12 97 134
c 51 34 48 74 163
c 46 77 58 67 57
c 88 92 13 60 142
c 52 55 6 8 59
c 55 63 30 81 197
c 52 73 91 10 31
c 9 24 21 3 54
c 13 20 25 65 146
c 85 94 97 78 170
c 94 1 34 59 106
c 18 14 29 31 130
c 40 66 17 21 111
c 99 2 98 52 164
c 59 71 60 75 161
c 40 52 66 70 114
c 35 47 18 23 29
c 69 70 14 28 82
c 21 99 40 54 44
c 43 54 26 60 28
c 19 29 92 0 111
c 8 76 55 65 143
c 25 34 31 95 55
c 69 80 88 45 99
c 31 48 28 45 92
c 75 83 24 51 155
c 35 41 79 93 33
c 16 35 26 95 25
c 16 30 39 41 174
c 35 23 32 15 149
c 87 13 58 59 180
c 28 30 1 9 197
c 53 62 58 66 136
c 41 49 86 87 63
c 20 31 71 78 101
c 46 81 73 52 153
c 74 75 23 34 136
c 96 9 86 90 182
c 31 78 5 95 191
c 75 85 82 3 80
c 29 42 58 63 63
c 28 42 44 57 132
c 60 72 86 97 51
c 85 98 75 84 33
c 32 47 79 83 137
c 79 83 3 11 108
c 81 42 94 98 135
c 9 15 65 80 152
c 47 52 38 52 134
c 93 3 15 79 113
c 30 42 86 91 38
c 30 4 89 90 188
c 52 57 21 25 182
c 68 71 76 91 48
c 90 96 38 42 158
c 51 91 95 98 93
c 89 1 46 28 77
c 9 13 26 35 73
c 78 82 45 55 189
c 8 38 14 21 156
c 97 9 35 47 78
c 81 86 91 0 135
c 85 90 99 10 122
c 32 43 87 98 41
c 19 25 60 69 30
c 1 53 22 75 170
c 20 31 95 96 90
c 31 36 7 74 197
c 7 21 60 91 117
c 59 68 60 69 66
c 71 83 6 77 195
c 33 36 91 29 169
c 16 28 73 85 103
c 35 50 54 69 115
c 48 50 76 84 192
c 15 25 75 88 123
c 27 40 44 90 182
c 14 15 17 24 188
c 46 49 21 33 162
c 71 72 29 30 87
c 78 59 77 84 184
c 94 0 35 86 189
c 25 26 87 72 84
c 2 6 43 83 75
c 73 67 93 9 129
c 45 12 32 11 35
c 86 89 11 26 78
c 1 13 84 34 122
c 91 2 0 1 152
c 20 30 44 55 110
c 26 33 51 58 135
c 85 93 85 90 172
c 53 61 19 24 30
c 59 93 63 76 102
c 10 17 95 1 113
c 76 86 54 58 121
c 94 6 18 2 131
c 57 63 88 90 144
c 36 39 54 66 186
c 24 26 88 82 109
c 19 28 99 11 112
c 80 84 8 16 48
c 15 22 66 72 164
c 38 45 5 20 79
c 13 16 73 74 153
c 75 46 41 55 35
c 64 78 32 36 123
c 40 52 15 21 130
c 24 30 25 7 79
c 21 31 63 16 42
c 20 46 73 74 178
c 31 48 38 45 134
c 23 19 32 39 130
c 6 77 44 11 88
c 75 4 84 85 99
c 97 98 1 15 161
c 84 89 81 65 153
c 25 69 78 87 118
c 75 90 58 60 186
c 19 10 96 2 48
c 14 68 5 65 110
c 10 15 1 3 179
c 4 94 78 91 147
c 73 75 20 27 131
c 44 50 51 17 88
c 35 41 93 98 135
c 26 35 27 87 66
c 65 77 19 23 119
c 23 24 5 12 119
c 22 23 29 33 184
c 49 50 97 98 90
c 17 27 28 66 151
c 47 43 20 32 112
c 38 40 7 26 72
c 98 10 14 29 163
c 73 84 34 42 153
c 26 33 44 52 98
c 98 0 20 35 64
c 24 40 85 91 80
c 77 83 59 61 136
c 81 86 82 90 42
c 74 78 88 82 42
c 2 72 59 60 100
c 94 8 64 78 28
c 86 96 85 22 105
c 8 18 31 39 95
c 9 10 85 87 49
c 7 18 35 27 160
c 2 16 43 60 145
c 90 93 5 11 59
c 24 51 89 91 178
c 36 37 11 12 56
c 20 32 39 48 59
c 79 68 47 49 122
c 59 84 37 51 182
c 92 7 38 68 78
c 17 19 75 46 122
c 12 36 32 34 110
c 50 63 22 29 35
c 29 31 58 66 50
c 37 34 26 60 188
c 25 45 41 54 123
c 11 17 54 58 147
c 27 62 19 31 126
c 92 4 46 49 173
c 1 7 63 60 124
c 71 28 72 78 80
c 52 67 25 11 153
c 64 11 97 7 91
c 79 87 88 85 52
c 57 65 25 71 144
c 79 86 86 95 39
c 56 69 62 1 145
c 86 20 12 15 115
c 89 2 27 67 94
c 9 20 41 55 166
c 60 73 78 20 50
c 68 83 40 44 136
c 36 51 77 26 154
c 20 29 4 6 157
c 12 15 28 35 27
c 26 12 35 14 96
c 37 44 94 98 25
c 96 36 9 23 198
c 60 61 87 0 39
c 90 98 76 83 194
c 43 46 68 12 93
c 25 23 80 62 178
c 16 28 33 42 181
c 13 19 8 33 63
c 13 22 27 87 31
c 47 48 2 13 164
c 79 94 16 17 186
c 84 85 24 30 124
c 90 18 11 0 168
c 98 1 4 6 188
c 67 76 82 92 42
c 61 87 98 26 131
c 49 57 91 62 80
c 41 52 21 3 125
c 7 10 59 66 128
c 71 84 23 26 68
c 74 78 29 97 28
c 65 27 75 4 140
c 88 97 72 31 40
c 1 3 21 99 155
c 69 83 5 19 33
c 25 32 62 74 80
c 59 70 93 96 28
c 85 88 79 94 98
c 52 59 71 74 188
c 86 81 59 73 94
c 43 45 55 62 87
c 34 44 15 25 191
c 56 71 14 73 97
c 28 32 19 27 111
c 43 60 45 49 176
c 43 83 5 82 46
c 12 15 81 86 139
c 30 39 16 99 197
c 29 75 64 72 62
c 20 86 92 98 152
c 17 11 3 17 129
c 56 90 4 9 152
c 85 39 68 12 65
c 66 78 22 14 130
c 73 75 24 29 115
c 57 56 36 28 104
c 75 89 34 44 137
c 45 55 69 5 40
c 17 18 43 49 188
c 10 30 69 88 195
c 37 34 88 95 100
c 21 3 74 82 172
c 7 15 74 89 131
c 47 32 39 42 180
c 38 97 1 25 42
c 55 76 73 82 162
c 35 50 78 80 69
c 66 79 80 49 133
c 19 30 71 79 192
c 45 55 37 19 32
c 86 93 68 72 180
c 96 36 81 90 195
c 90 91 93 0 160
c 40 43 36 51 123
c 64 72 58 66 119
c 22 1 79 80 180
c 62 82 98 55 121
c 24 17 74 84 165
c 46 47 62 67 55
c 70 82 79 68 74
c 78 66 68 71 129
c 87 97 90 39 162
c 13 88 18 26 63
c 39 48 36 44 51
c 13 18 16 25 54
c 66 70 76 83 192
c 61 85 59 30 68
c 98 52 90 18 151
c 56 61 62 82 188
c 52 53 63 70 35
c 25 7 56 64 93
c 91 0 72 31 108
c 60 86 24 27 157
c 39 26 66 69 193
c 42 80 91 72 81
c 55 76 42 24 180
c 45 58 82 94 175
c 26 35 11 12 117
c 7 42 53 64 108
c 5 15 52 73 156
c 48 55 16 24 100
c 17 87 31 64 88
c 1 3 79 83 192
c 30 74 39 40 154
c 17 32 60 11 28
c 21 99 58 68 53
c 93 98 71 0 148
c 70 77 68 37 114
c 67 75 44 52 150
c 65 38 54 66 141
c 11 26 90 1 35
c 7 35 26 30 132
c 74 6 56 71 38
c 31 43 36 67 190
c 69 73 84 99 157
c 90 93 62 74 196
c 23 32 72 99 84
c 14 77 48 57 93
c 43 46 4 63 143
c 37 72 85 0 82
c 97 5 81 90 195
c 46 10 16 17 145
c 13 84 97 2 198
c 17 20 0 13 78
c 77 6 41 52 150
c 10 23 96 98 123
c 39 53 28 6 179
c 39 45 11 52 46
c 66 44 60 62 83
c 15 84 25 11 163
c 93 32 29 40 170
c 80 92 98 13 77
c 64 67 19 30 78
c 61 69 34 80 57
c 80 87 7 60 88
c 75 21 74 93 91
c 38 45 92 96 115
c 3 18 99 1 105
c 51 56 96 59 195
c 72 79 90 2 62
c 43 54 28 43 128
