notes: n=100, m=1058, elb=1, eub=20, conf_density=0.002, clb=25, cub= 200, seed= 6289
p spec 100 1058 1118
s 46
t 69
a 0 1 17
a 0 2 13
a 0 3 2
a 0 4 10
a 0 5 17
a 0 6 12
a 0 7 17
a 0 78 1
a 0 54 15
a 1 2 5
a 1 3 16
a 1 4 16
a 1 5 4
a 1 6 6
a 1 7 12
a 1 8 19
a 1 64 5
a 2 3 13
a 2 4 12
a 2 5 4
a 2 6 19
a 2 7 6
a 2 8 2
a 2 9 9
a 2 11 19
a 2 44 3
a 2 71 16
a 3 4 3
a 3 5 13
a 3 6 4
a 3 7 2
a 3 8 8
a 3 9 9
a 3 10 7
a 3 86 15
a 3 98 1
a 3 73 8
a 3 55 12
a 3 64 14
a 4 5 12
a 4 6 5
a 4 7 3
a 4 8 15
a 4 9 18
a 4 10 18
a 4 11 12
a 4 83 3
a 4 71 8
a 4 23 10
a 5 6 15
a 5 7 10
a 5 8 18
a 5 9 6
a 5 10 10
a 5 11 3
a 5 12 1
a 5 62 9
a 5 82 9
a 5 16 7
a 5 99 13
a 6 7 17
a 6 8 5
a 6 9 13
a 6 10 1
a 6 11 16
a 6 12 11
a 6 13 1
a 6 64 17
a 6 99 2
a 7 8 9
a 7 9 8
a 7 10 1
a 7 11 1
a 7 12 18
a 7 13 18
a 7 14 16
a 7 33 11
a 7 24 18
a 7 66 8
a 78 79 17
a 78 80 13
a 78 81 15
a 78 82 10
a 78 83 19
a 78 84 14
a 78 85 14
a 78 46 8
a 78 33 15
a 78 96 16
a 78 24 11
a 78 57 6
a 78 53 9
a 54 55 16
a 54 56 5
a 54 57 6
a 54 58 10
a 54 59 8
a 54 60 5
a 54 61 3
a 54 78 14
a 54 83 18
a 8 9 17
a 8 10 9
a 8 11 17
a 8 12 10
a 8 13 2
a 8 14 18
a 8 15 1
a 8 16 14
a 8 79 17
a 8 51 17
a 64 65 9
a 64 66 14
a 64 67 4
a 64 68 7
a 64 69 19
a 64 70 17
a 64 71 7
a 64 20 16
a 64 63 2
a 64 28 19
a 64 17 10
a 64 82 16
a 9 10 12
a 9 11 14
a 9 12 14
a 9 13 2
a 9 14 16
a 9 15 7
a 9 16 15
a 9 59 19
a 9 8 17
a 9 24 19
a 11 12 5
a 11 13 10
a 11 14 5
a 11 15 6
a 11 16 13
a 11 17 12
a 11 18 12
a 11 40 19
a 44 45 6
a 44 46 10
a 44 47 5
a 44 48 16
a 44 49 7
a 44 50 18
a 44 51 7
a 44 41 1
a 44 18 12
a 44 65 2
a 44 52 7
a 44 90 11
a 44 96 11
a 71 72 16
a 71 73 6
a 71 74 6
a 71 75 19
a 71 76 15
a 71 77 3
a 71 78 16
a 71 59 19
a 71 18 8
a 71 30 6
a 71 60 18
a 71 79 12
a 10 11 8
a 10 12 7
a 10 13 19
a 10 14 2
a 10 15 13
a 10 16 12
a 10 17 17
a 10 94 5
a 10 2 12
a 86 87 1
a 86 88 7
a 86 89 15
a 86 90 15
a 86 91 5
a 86 92 6
a 86 93 13
a 86 96 5
a 86 33 4
a 98 99 5
a 98 0 11
a 98 1 1
a 98 2 16
a 98 3 11
a 98 4 19
a 98 5 10
a 98 42 2
a 98 59 5
a 98 27 17
a 73 74 5
a 73 75 14
a 73 76 19
a 73 77 15
a 73 78 7
a 73 79 14
a 73 80 19
a 73 25 9
a 73 81 19
a 73 9 7
a 73 46 1
a 55 56 3
a 55 57 1
a 55 58 7
a 55 59 2
a 55 60 2
a 55 61 17
a 55 62 16
a 55 39 6
a 55 13 10
a 55 22 14
a 55 43 11
a 83 84 13
a 83 85 4
a 83 86 2
a 83 87 17
a 83 88 19
a 83 89 5
a 83 90 17
a 83 26 18
a 83 66 12
a 23 24 3
a 23 25 6
a 23 26 5
a 23 27 18
a 23 28 8
a 23 29 6
a 23 30 11
a 23 63 18
a 23 2 9
a 23 39 15
a 23 85 16
a 23 67 19
a 12 13 16
a 12 14 6
a 12 15 5
a 12 16 12
a 12 17 5
a 12 18 13
a 12 19 17
a 12 96 9
a 12 99 9
a 12 85 17
a 62 63 17
a 62 64 1
a 62 65 15
a 62 66 8
a 62 67 15
a 62 68 17
a 62 69 3
a 62 72 2
a 82 83 18
a 82 84 16
a 82 85 3
a 82 86 3
a 82 87 4
a 82 88 8
a 82 89 4
a 82 80 18
a 82 56 2
a 82 36 7
a 82 64 17
a 16 17 6
a 16 18 15
a 16 19 11
a 16 20 18
a 16 21 17
a 16 22 16
a 16 23 9
a 16 61 18
a 16 54 3
a 16 0 14
a 16 24 8
a 16 42 10
a 16 87 3
a 99 0 10
a 99 1 3
a 99 2 4
a 99 3 1
a 99 4 16
a 99 5 10
a 99 6 5
a 99 72 13
a 99 57 10
a 99 24 5
a 99 62 16
a 13 14 9
a 13 15 11
a 13 16 10
a 13 17 13
a 13 18 5
a 13 19 10
a 13 20 8
a 13 26 2
a 13 37 5
a 13 98 11
a 13 55 9
a 13 46 13
a 13 77 4
a 14 15 19
a 14 16 3
a 14 17 16
a 14 18 9
a 14 19 15
a 14 20 8
a 14 21 15
a 14 97 11
a 14 76 7
a 14 85 10
a 33 34 10
a 33 35 10
a 33 36 13
a 33 37 9
a 33 38 15
a 33 39 18
a 33 40 8
a 33 72 12
a 33 73 19
a 33 4 7
a 33 50 6
a 24 25 1
a 24 26 3
a 24 27 10
a 24 28 19
a 24 29 11
a 24 30 11
a 24 31 10
a 24 33 2
a 24 71 18
a 24 23 3
a 24 73 13
a 24 12 3
a 66 67 9
a 66 68 13
a 66 69 14
a 66 70 2
a 66 71 4
a 66 72 16
a 66 73 1
a 66 36 3
a 66 74 10
a 66 41 19
a 66 12 3
a 66 57 3
a 66 1 6
a 15 16 14
a 15 17 9
a 15 18 10
a 15 19 2
a 15 20 16
a 15 21 6
a 15 22 16
a 15 36 16
a 15 31 14
a 15 26 10
a 79 80 16
a 79 81 9
a 79 82 11
a 79 83 18
a 79 84 12
a 79 85 17
a 79 86 12
a 79 72 17
a 79 47 8
a 79 64 6
a 79 62 16
a 51 52 14
a 51 53 19
a 51 54 15
a 51 55 1
a 51 56 8
a 51 57 10
a 51 58 1
a 51 78 8
a 51 7 13
a 51 50 14
a 59 60 14
a 59 61 9
a 59 62 19
a 59 63 11
a 59 64 11
a 59 65 9
a 59 66 16
a 59 6 1
a 59 91 4
a 59 0 2
a 59 72 6
a 17 18 15
a 17 19 6
a 17 20 15
a 17 21 13
a 17 22 7
a 17 23 13
a 17 24 10
a 17 66 16
a 17 92 7
a 94 95 2
a 94 96 11
a 94 97 19
a 94 98 10
a 94 99 6
a 94 0 19
a 94 1 5
a 94 18 2
a 94 89 10
a 94 56 4
a 94 70 7
a 94 40 6
a 18 19 10
a 18 20 18
a 18 21 3
a 18 22 12
a 18 23 5
a 18 24 12
a 18 25 7
a 18 66 19
a 18 3 4
a 18 89 4
a 18 40 18
a 40 41 19
a 40 42 19
a 40 43 3
a 40 44 13
a 40 45 5
a 40 46 14
a 40 47 8
a 40 60 4
a 40 4 14
a 19 20 17
a 19 21 7
a 19 22 2
a 19 23 14
a 19 24 19
a 19 25 10
a 19 26 2
a 19 93 8
a 19 5 2
a 96 97 10
a 96 98 10
a 96 99 2
a 96 0 5
a 96 1 3
a 96 2 3
a 96 3 11
a 96 35 18
a 96 25 3
a 85 86 9
a 85 87 8
a 85 88 11
a 85 89 6
a 85 90 15
a 85 91 19
a 85 92 6
a 85 66 11
a 85 56 4
a 85 7 2
a 85 0 10
a 85 48 16
a 85 36 15
a 20 21 5
a 20 22 1
a 20 23 16
a 20 24 6
a 20 25 7
a 20 26 12
a 20 27 12
a 20 46 4
a 20 89 15
a 20 30 2
a 20 1 14
a 20 6 16
a 26 27 18
a 26 28 18
a 26 29 12
a 26 30 18
a 26 31 18
a 26 32 16
a 26 33 9
a 26 73 17
a 26 55 15
a 26 75 4
a 26 79 13
a 37 38 3
a 37 39 12
a 37 40 12
a 37 41 3
a 37 42 11
a 37 43 18
a 37 44 1
a 37 23 14
a 37 79 5
a 37 76 7
a 37 98 2
a 46 47 2
a 46 48 4
a 46 49 12
a 46 50 17
a 46 51 13
a 46 52 15
a 46 53 2
a 46 15 15
a 46 10 18
a 46 95 15
a 46 24 16
a 77 78 19
a 77 79 4
a 77 80 13
a 77 81 2
a 77 82 15
a 77 83 4
a 77 84 6
a 77 18 6
a 77 87 10
a 21 22 6
a 21 23 12
a 21 24 14
a 21 25 7
a 21 26 6
a 21 27 8
a 21 28 18
a 21 72 19
a 21 36 18
a 21 87 5
a 21 13 8
a 97 98 15
a 97 99 10
a 97 0 15
a 97 1 1
a 97 2 5
a 97 3 16
a 97 4 4
a 97 8 6
a 97 48 16
a 97 88 7
a 97 71 1
a 97 93 10
a 76 77 7
a 76 78 12
a 76 79 10
a 76 80 5
a 76 81 16
a 76 82 2
a 76 83 6
a 76 68 12
a 76 39 6
a 76 17 6
a 22 23 16
a 22 24 13
a 22 25 11
a 22 26 2
a 22 27 1
a 22 28 8
a 22 29 18
a 22 62 2
a 22 51 12
a 36 37 6
a 36 38 1
a 36 39 18
a 36 40 12
a 36 41 8
a 36 42 1
a 36 43 17
a 36 97 1
a 36 3 10
a 36 23 5
a 31 32 2
a 31 33 13
a 31 34 4
a 31 35 13
a 31 36 5
a 31 37 11
a 31 38 13
a 31 47 1
a 61 62 18
a 61 63 11
a 61 64 17
a 61 65 9
a 61 66 6
a 61 67 19
a 61 68 7
a 61 85 15
a 61 23 15
a 61 43 14
a 61 80 2
a 61 38 4
a 42 43 17
a 42 44 6
a 42 45 8
a 42 46 7
a 42 47 17
a 42 48 11
a 42 49 3
a 42 8 8
a 42 51 19
a 42 70 3
a 42 72 19
a 42 0 15
a 87 88 16
a 87 89 14
a 87 90 15
a 87 91 13
a 87 92 15
a 87 93 5
a 87 94 12
a 87 47 2
a 87 34 15
a 87 70 16
a 92 93 14
a 92 94 3
a 92 95 8
a 92 96 15
a 92 97 5
a 92 98 13
a 92 99 13
a 92 65 13
a 92 26 13
a 92 28 2
a 25 26 2
a 25 27 1
a 25 28 15
a 25 29 16
a 25 30 14
a 25 31 9
a 25 32 17
a 25 73 1
a 25 24 12
a 25 52 17
a 25 58 7
a 25 16 3
a 89 90 6
a 89 91 5
a 89 92 12
a 89 93 1
a 89 94 6
a 89 95 2
a 89 96 12
a 89 11 10
a 89 8 5
a 89 67 3
a 89 46 10
a 93 94 19
a 93 95 10
a 93 96 8
a 93 97 9
a 93 98 5
a 93 99 4
a 93 0 6
a 93 11 1
a 93 9 5
a 27 28 4
a 27 29 18
a 27 30 2
a 27 31 15
a 27 32 9
a 27 33 16
a 27 34 16
a 27 72 7
a 27 97 5
a 30 31 8
a 30 32 14
a 30 33 3
a 30 34 10
a 30 35 13
a 30 36 1
a 30 37 7
a 30 77 13
a 30 79 6
a 28 29 18
a 28 30 14
a 28 31 2
a 28 32 11
a 28 33 1
a 28 34 16
a 28 35 7
a 28 53 6
a 28 49 9
a 28 38 3
a 28 96 3
a 72 73 1
a 72 74 13
a 72 75 12
a 72 76 17
a 72 77 8
a 72 78 6
a 72 79 6
a 72 88 7
a 72 97 1
a 72 12 7
a 72 66 11
a 29 30 11
a 29 31 13
a 29 32 15
a 29 33 17
a 29 34 13
a 29 35 17
a 29 36 6
a 29 87 17
a 29 49 8
a 29 94 14
a 29 40 6
a 63 64 5
a 63 65 13
a 63 66 17
a 63 67 16
a 63 68 16
a 63 69 19
a 63 70 10
a 63 98 5
a 63 13 4
a 63 57 6
a 39 40 17
a 39 41 18
a 39 42 14
a 39 43 16
a 39 44 1
a 39 45 9
a 39 46 6
a 39 12 19
a 39 58 8
a 39 33 11
a 67 68 15
a 67 69 3
a 67 70 4
a 67 71 1
a 67 72 10
a 67 73 7
a 67 74 16
a 67 36 10
a 67 56 17
a 67 76 16
a 67 42 18
a 67 78 8
a 32 33 19
a 32 34 12
a 32 35 12
a 32 36 9
a 32 37 13
a 32 38 11
a 32 39 12
a 32 63 4
a 32 66 12
a 32 56 3
a 32 69 6
a 52 53 7
a 52 54 17
a 52 55 10
a 52 56 2
a 52 57 18
a 52 58 7
a 52 59 17
a 52 67 14
a 52 29 15
a 52 35 14
a 52 17 7
a 58 59 14
a 58 60 15
a 58 61 1
a 58 62 3
a 58 63 17
a 58 64 8
a 58 65 6
a 58 46 5
a 58 90 13
a 58 38 18
a 58 99 15
a 58 27 18
a 58 25 16
a 75 76 1
a 75 77 11
a 75 78 7
a 75 79 13
a 75 80 8
a 75 81 16
a 75 82 6
a 75 86 13
a 75 24 9
a 75 4 9
a 34 35 13
a 34 36 13
a 34 37 6
a 34 38 7
a 34 39 8
a 34 40 6
a 34 41 10
a 34 89 15
a 34 96 16
a 34 44 15
a 34 95 9
a 35 36 6
a 35 37 13
a 35 38 6
a 35 39 7
a 35 40 16
a 35 41 12
a 35 42 3
a 35 83 10
a 35 86 18
a 35 51 12
a 53 54 7
a 53 55 6
a 53 56 2
a 53 57 7
a 53 58 2
a 53 59 3
a 53 60 19
a 53 21 11
a 53 70 2
a 49 50 16
a 49 51 14
a 49 52 1
a 49 53 16
a 49 54 1
a 49 55 15
a 49 56 16
a 49 94 1
a 49 62 14
a 49 45 4
a 49 46 19
a 49 43 3
a 38 39 14
a 38 40 12
a 38 41 18
a 38 42 14
a 38 43 17
a 38 44 6
a 38 45 19
a 38 0 11
a 38 51 9
a 38 32 10
a 38 18 5
a 47 48 8
a 47 49 11
a 47 50 15
a 47 51 19
a 47 52 7
a 47 53 3
a 47 54 15
a 47 83 12
a 47 31 12
a 47 11 12
a 47 41 19
a 47 44 9
a 47 13 17
a 56 57 10
a 56 58 7
a 56 59 16
a 56 60 3
a 56 61 5
a 56 62 3
a 56 63 16
a 56 53 19
a 56 33 13
a 69 70 10
a 69 71 9
a 69 72 3
a 69 73 9
a 69 74 12
a 69 75 3
a 69 76 13
a 69 27 7
a 69 38 17
a 69 45 6
a 69 36 17
a 69 51 6
a 50 51 6
a 50 52 7
a 50 53 3
a 50 54 13
a 50 55 14
a 50 56 10
a 50 57 11
a 50 22 4
a 50 9 12
a 50 1 8
a 50 13 6
a 50 32 8
a 50 71 15
a 41 42 15
a 41 43 1
a 41 44 16
a 41 45 9
a 41 46 2
a 41 47 5
a 41 48 6
a 41 34 10
a 41 57 1
a 41 92 8
a 95 96 8
a 95 97 11
a 95 98 10
a 95 99 12
a 95 0 14
a 95 1 18
a 95 2 2
a 95 16 3
a 95 33 7
a 95 66 10
a 95 18 7
a 43 44 14
a 43 45 10
a 43 46 9
a 43 47 4
a 43 48 8
a 43 49 16
a 43 50 7
a 43 55 7
a 45 46 14
a 45 47 11
a 45 48 3
a 45 49 1
a 45 50 9
a 45 51 17
a 45 52 14
a 45 33 6
a 45 35 8
a 60 61 15
a 60 62 9
a 60 63 1
a 60 64 1
a 60 65 2
a 60 66 11
a 60 67 10
a 60 77 9
a 60 0 5
a 60 96 10
a 60 20 12
a 60 19 3
a 60 26 5
a 48 49 1
a 48 50 1
a 48 51 14
a 48 52 13
a 48 53 5
a 48 54 8
a 48 55 16
a 48 27 2
a 48 10 7
a 48 31 4
a 57 58 8
a 57 59 6
a 57 60 9
a 57 61 3
a 57 62 19
a 57 63 4
a 57 64 13
a 57 71 13
a 57 96 1
a 57 73 16
a 57 76 15
a 70 71 13
a 70 72 7
a 70 73 16
a 70 74 9
a 70 75 8
a 70 76 3
a 70 77 17
a 70 92 18
a 70 90 18
a 70 12 13
a 65 66 18
a 65 67 3
a 65 68 19
a 65 69 11
a 65 70 3
a 65 71 16
a 65 72 18
a 65 31 19
a 65 2 16
a 65 22 12
a 65 64 15
a 90 91 1
a 90 92 3
a 90 93 5
a 90 94 15
a 90 95 15
a 90 96 7
a 90 97 7
a 90 24 15
a 90 42 4
a 90 18 7
a 90 71 6
a 90 46 4
a 91 92 7
a 91 93 4
a 91 94 17
a 91 95 3
a 91 96 10
a 91 97 6
a 91 98 18
a 91 89 9
a 91 24 1
a 68 69 17
a 68 70 12
a 68 71 14
a 68 72 14
a 68 73 12
a 68 74 19
a 68 75 14
a 68 86 7
a 68 10 10
a 68 1 13
a 68 5 7
a 68 97 13
a 80 81 7
a 80 82 10
a 80 83 3
a 80 84 13
a 80 85 13
a 80 86 2
a 80 87 8
a 80 26 3
a 80 71 10
a 80 50 13
a 74 75 6
a 74 76 6
a 74 77 11
a 74 78 19
a 74 79 13
a 74 80 9
a 74 81 18
a 74 3 14
a 74 40 7
a 88 89 16
a 88 90 11
a 88 91 8
a 88 92 15
a 88 93 14
a 88 94 7
a 88 95 8
a 88 7 4
a 88 1 8
a 88 33 16
a 88 36 11
a 81 82 4
a 81 83 10
a 81 84 2
a 81 85 2
a 81 86 12
a 81 87 6
a 81 88 12
a 81 67 18
a 81 49 14
a 81 16 11
a 81 31 7
a 84 85 8
a 84 86 16
a 84 87 4
a 84 88 11
a 84 89 9
a 84 90 11
a 84 91 19
a 84 98 3
a 84 37 18
a 84 82 17
c 83 89 6 64 117
c 12 96 94 97 179
c 0 1 46 47 32
c 20 6 63 67 31
c 63 98 93 97 46
c 4 23 99 57 39
c 34 44 88 36 186
c 15 36 7 66 98
c 52 56 48 52 124
c 59 65 79 83 78
c 54 57 74 79 186
c 12 99 79 84 162
c 2 8 50 9 190
c 40 41 41 46 42
c 15 18 82 89 25
c 95 33 45 49 156
c 69 71 13 18 62
c 76 78 42 70 42
c 44 49 73 74 192
c 85 87 5 99 104
c 99 62 90 96 150
c 63 70 35 83 44
c 24 71 14 18 186
c 31 36 81 87 119
c 56 53 85 7 74
c 76 39 8 15 160
c 21 24 94 18 180
c 4 71 23 28 158
c 82 84 1 7 159
c 85 88 3 86 93
c 13 98 6 7 179
c 20 22 68 97 132
c 50 55 29 31 149
c 56 33 73 81 106
c 78 80 82 80 102
c 88 1 45 51 165
c 8 12 71 73 25
c 67 76 66 73 56
c 3 64 26 31 175
c 63 69 32 33 167
c 65 64 75 80 62
c 52 55 84 37 182
c 76 68 77 80 41
c 3 7 68 97 157
c 58 90 19 25 77
c 26 29 38 39 141
c 16 18 4 10 158
c 42 44 36 39 177
c 49 94 25 32 155
c 41 57 26 28 173
c 58 60 28 35 135
c 35 40 68 75 158
c 57 96 81 83 115
c 34 96 46 52 50
c 46 49 71 79 111
c 87 93 74 3 34
c 45 33 58 46 125
c 53 70 43 50 113
c 88 93 50 22 169
c 17 21 67 70 173
c 50 54 18 21 188
c 87 90 11 14 170
c 35 38 93 98 91
c 72 12 84 86 74
c 65 71 42 72 60
c 81 84 2 8 183
c 18 23 48 50 169
c 45 50 47 41 99
c 75 82 44 48 166
c 73 81 84 85 194
c 4 83 94 70 95
c 66 69 29 49 45
c 92 95 20 22 107
c 56 59 93 9 135
c 78 79 99 0 93
c 30 35 3 10 159
c 13 55 10 12 129
c 94 56 82 86 47
c 94 70 56 57 90
c 68 5 92 65 142
c 45 49 43 50 74
c 65 66 30 34 64
c 0 2 73 80 44
c 33 35 55 61 80
c 62 63 41 43 66
c 45 48 58 65 25
c 28 35 67 42 49
c 45 47 79 64 139
c 9 11 3 86 180
c 81 88 88 91 135
c 47 31 78 96 196
c 34 35 42 49 100
c 25 30 36 37 134
c 83 86 78 81 57
c 97 71 46 49 175
c 47 44 12 18 149
c 62 68 31 34 92
c 39 40 37 41 89
c 69 72 65 71 31
c 40 42 24 73 107
c 88 93 85 89 189
c 43 55 12 16 141
c 90 42 69 73 180
c 10 13 88 94 102
c 0 54 70 77 169
c 77 84 51 50 35
c 3 73 7 14 135
c 96 35 25 24 149
c 27 72 76 82 189
c 28 31 42 48 162
c 35 41 5 6 59
c 5 9 10 13 163
c 82 88 95 96 83
c 31 37 85 7 145
c 12 96 96 0 145
c 92 93 5 6 164
c 86 96 89 67 195
c 27 72 16 54 118
c 97 99 15 17 77
c 58 38 28 31 135
c 67 78 38 0 55
c 83 88 65 2 129
c 56 59 27 30 144
c 71 60 34 37 51
c 29 40 78 81 32
c 36 43 15 36 73
c 17 21 19 26 34
c 71 77 82 88 45
c 49 56 85 88 58
c 60 64 89 11 189
c 49 46 7 12 47
c 35 39 13 46 112
c 37 42 95 66 38
c 17 66 85 66 57
c 96 97 30 77 142
c 34 44 2 4 56
c 56 61 15 21 117
c 60 96 68 97 65
c 38 42 95 66 165
c 80 50 39 43 129
c 29 87 81 82 51
c 34 38 28 32 146
c 78 53 5 99 161
c 28 96 54 56 75
c 96 2 97 1 133
c 82 56 42 49 70
c 6 12 0 2 63
c 35 51 38 0 58
c 55 58 45 46 108
c 21 22 17 18 189
c 57 71 20 25 89
c 20 6 91 93 138
c 23 85 93 95 130
c 80 85 4 11 26
c 61 66 1 7 81
c 78 33 42 43 132
c 61 62 46 53 71
c 72 73 98 2 189
c 59 60 9 15 135
c 63 67 33 34 42
c 46 10 38 43 189
c 8 13 40 46 103
c 58 64 55 58 140
c 47 31 58 65 51
c 31 38 14 85 150
c 78 83 34 38 58
c 85 0 11 18 170
c 81 88 78 57 121
c 27 30 75 81 191
c 30 31 71 72 173
c 36 39 41 47 131
c 66 12 43 55 158
c 24 30 88 91 88
c 25 24 9 13 69
c 92 99 23 27 174
c 42 43 26 73 116
c 79 83 4 9 195
c 58 27 45 52 131
c 8 10 30 35 115
c 24 71 69 73 55
c 27 34 57 58 48
c 84 91 10 94 111
c 88 89 94 98 127
c 85 91 89 67 26
c 8 12 17 22 197
c 71 59 73 46 87
c 19 23 13 37 158
c 54 57 69 72 92
c 19 20 28 35 184
c 99 6 17 23 50
c 79 47 68 72 26
c 44 46 88 94 33
c 79 82 71 74 166
c 85 66 4 6 67
c 27 34 35 42 32
c 98 4 15 21 138
c 2 44 98 3 119
c 83 89 61 62 146
c 84 98 42 0 131
c 22 28 69 70 57
c 31 38 48 55 127
c 46 95 84 89 132
c 0 54 60 64 112
c 69 75 11 16 168
c 16 22 83 90 48
c 80 87 81 83 123
c 93 9 27 72 60
c 32 34 97 3 153
c 41 43 22 62 112
c 35 41 79 81 135
c 66 71 14 97 182
c 25 31 9 59 177
c 42 0 85 90 152
c 59 72 33 34 105
c 38 18 29 30 34
c 50 9 8 9 143
c 77 80 52 57 124
c 25 26 63 13 54
c 14 15 55 58 135
c 0 78 94 95 128
c 22 27 73 77 58
c 55 60 69 27 99
c 13 98 69 70 175
c 39 40 78 79 194
c 50 32 85 36 152
c 15 20 52 56 123
c 50 53 55 43 61
c 67 36 99 57 45
c 60 64 5 10 100
c 9 24 61 43 151
c 86 33 76 82 131
c 57 58 81 31 25
c 75 81 67 78 178
c 44 51 46 48 81
c 74 76 93 11 172
c 60 62 57 73 49
c 18 66 2 4 132
c 84 85 31 37 186
c 41 42 90 91 147
c 57 58 97 98 172
c 99 2 85 86 44
c 85 66 4 10 112
c 82 88 22 28 54
c 9 11 24 25 97
c 97 48 32 69 156
c 34 38 32 37 115
c 27 72 33 40 60
c 66 36 20 25 107
c 36 97 11 12 183
c 0 6 84 87 139
c 53 60 16 61 102
c 29 31 70 77 142
c 54 55 68 72 112
c 74 78 39 41 30
c 11 13 82 86 183
c 21 25 48 51 128
c 90 18 67 78 197
c 76 39 53 54 58
c 86 89 52 54 62
c 53 21 7 24 134
c 72 12 90 24 60
c 60 61 77 78 134
c 16 18 77 83 87
c 83 66 84 91 159
c 92 94 37 42 64
c 77 81 24 73 87
c 26 73 80 85 144
c 86 96 62 65 63
c 17 24 24 30 169
c 51 56 80 83 163
c 23 28 11 14 145
c 76 17 52 35 181
c 88 93 33 36 153
c 1 4 88 91 138
c 72 77 76 78 126
c 15 18 95 66 101
c 84 91 32 33 169
c 24 12 44 52 43
c 88 89 28 53 54
c 78 84 92 28 66
c 98 99 97 99 158
c 91 97 55 62 115
c 28 29 62 64 152
c 42 72 75 86 175
c 54 83 51 53 154
c 79 64 91 93 80
c 58 38 72 74 169
c 48 49 71 78 170
c 79 47 46 53 90
c 13 98 63 57 163
c 10 17 25 29 168
c 44 90 19 21 64
c 55 43 22 28 186
c 25 58 91 98 165
c 26 73 86 90 184
c 69 71 38 43 145
c 6 64 46 51 114
c 59 63 14 15 127
c 4 23 15 26 89
c 91 94 86 96 141
c 10 15 61 62 182
c 85 86 36 3 93
c 97 48 95 98 75
c 3 73 60 66 122
c 76 82 87 34 167
c 0 3 45 50 156
c 72 76 37 43 89
c 59 65 28 34 182
c 98 4 51 54 35
c 41 42 77 79 153
c 84 89 70 76 144
c 62 68 12 16 119
c 87 91 46 52 187
c 53 60 13 46 187
c 92 96 81 84 41
c 52 53 0 4 141
c 43 47 16 21 33
c 25 30 99 5 39
c 31 38 65 69 130
c 60 20 27 34 71
c 81 87 10 15 25
c 78 24 55 39 186
c 52 17 76 17 115
c 47 54 13 14 150
c 35 83 3 98 136
c 26 73 13 20 155
c 58 99 15 36 118
c 88 89 57 71 34
c 12 14 33 50 128
c 35 40 80 26 57
c 28 33 13 98 177
c 89 46 78 80 61
c 47 51 57 62 98
c 77 87 42 47 98
c 55 57 41 43 172
c 47 51 20 23 53
c 85 88 70 74 73
c 27 29 99 72 174
c 74 77 4 83 119
c 98 0 39 33 92
c 3 6 9 59 67
c 95 2 48 50 188
c 22 29 92 94 92
c 85 91 8 79 32
c 81 86 17 24 176
c 31 47 77 84 91
c 6 10 74 75 54
c 24 31 78 81 34
c 50 53 66 70 181
c 40 43 31 33 112
c 68 75 10 2 100
c 58 25 23 85 185
c 16 22 32 36 40
c 53 58 63 70 76
c 34 96 78 85 174
c 10 17 49 52 129
c 17 23 42 72 130
c 70 71 86 92 68
c 82 80 57 64 35
c 44 49 4 71 171
c 31 37 1 64 35
c 72 79 23 27 126
c 49 62 61 23 92
c 44 65 1 5 174
c 17 18 39 43 67
c 33 38 69 74 134
c 11 17 36 42 37
c 17 22 74 80 30
c 95 66 49 54 61
c 64 20 58 61 180
c 27 72 24 12 43
c 62 65 54 58 198
c 66 41 84 88 59
c 79 85 49 53 113
c 83 84 24 27 165
c 77 84 0 6 47
c 94 99 49 43 104
c 39 44 41 42 104
c 75 82 28 34 91
c 49 43 92 98 85
c 22 26 84 98 39
c 98 59 96 25 140
c 73 9 64 63 48
c 35 39 10 13 117
c 15 20 62 65 73
c 40 44 38 43 31
c 23 39 39 41 150
c 3 10 39 40 187
c 66 73 22 26 174
c 14 85 69 75 170
c 97 98 90 46 99
c 90 18 77 83 119
c 21 72 77 82 128
c 11 17 22 28 177
c 39 42 91 96 47
c 3 10 44 18 52
c 87 93 56 59 141
c 49 46 86 91 26
c 96 25 42 48 84
c 97 48 13 26 91
c 3 5 88 89 155
c 45 51 63 68 38
c 43 49 76 39 44
c 53 56 82 56 132
c 99 57 4 6 112
c 49 52 13 77 108
c 34 44 72 74 177
c 58 46 73 79 170
c 76 80 44 51 169
c 84 88 77 87 46
c 15 26 69 70 168
c 18 21 82 83 195
c 80 26 15 22 174
c 37 41 66 1 44
c 37 79 67 73 79
c 59 65 75 76 150
c 91 92 38 51 51
c 42 45 41 46 101
c 85 7 63 68 185
c 55 60 23 29 142
c 99 0 48 49 149
c 70 77 79 83 62
c 86 33 55 56 47
c 75 78 26 30 158
c 98 4 60 61 146
c 95 99 82 88 174
c 12 13 68 74 194
c 62 68 18 25 128
c 68 74 59 62 136
c 78 96 31 34 170
c 11 15 46 51 25
c 32 66 3 98 199
c 94 18 20 1 59
c 60 26 61 23 68
c 98 27 63 66 187
c 47 49 98 3 171
c 22 24 5 62 78
c 21 72 35 39 151
c 35 37 32 39 76
c 99 4 96 2 57
c 20 46 30 36 40
c 95 98 5 16 81
c 90 94 75 76 67
c 46 24 11 14 144
c 97 0 1 7 117
c 21 36 76 80 134
c 48 53 93 95 170
c 29 34 53 54 131
c 56 53 74 78 27
c 63 98 52 35 112
c 40 43 18 22 39
c 37 40 31 38 118
c 41 57 53 57 44
c 55 57 23 39 69
c 30 31 75 4 182
c 14 85 7 66 125
c 8 13 41 43 121
c 28 96 97 0 155
c 23 39 83 89 192
c 37 40 79 72 168
c 8 13 7 33 45
c 44 48 82 85 54
c 75 24 64 20 178
c 74 3 66 41 188
c 45 51 11 17 184
c 9 11 90 71 88
c 89 90 28 32 108
c 62 65 81 86 43
c 63 64 17 24 151
c 37 76 79 84 182
c 2 6 1 8 59
c 59 6 0 1 50
c 41 48 91 97 136
c 24 73 45 33 165
c 64 63 43 45 77
c 40 43 52 17 101
c 99 24 87 89 63
c 93 9 1 3 28
c 80 81 40 60 90
c 3 5 92 28 188
c 99 3 78 24 91
c 66 69 23 26 143
c 20 24 35 38 162
c 76 83 71 76 84
c 45 33 97 8 88
c 24 33 72 79 192
c 67 76 29 40 184
c 38 51 33 40 152
c 37 39 87 70 184
c 80 87 80 81 181
c 2 11 51 58 38
c 64 71 44 47 51
c 41 57 54 58 159
c 24 73 80 87 103
c 55 43 60 64 162
c 84 98 8 12 198
c 12 96 82 85 138
c 18 22 29 31 114
c 52 35 74 80 47
c 47 13 9 10 194
c 13 15 33 39 142
c 37 39 31 36 89
c 43 44 76 82 31
c 33 35 28 35 71
c 37 79 95 0 91
c 88 1 39 41 153
c 27 97 27 29 98
c 33 36 13 19 48
c 11 17 21 36 121
c 60 67 16 20 78
c 21 24 86 87 115
c 75 81 98 99 46
c 3 9 9 13 178
c 46 15 97 93 168
c 77 78 46 47 123
c 57 60 57 59 127
c 71 73 0 7 178
c 1 64 88 89 143
c 55 13 90 46 196
c 49 53 45 46 137
c 75 82 35 51 75
c 45 46 11 17 41
c 43 55 26 55 44
c 64 68 80 84 131
c 80 82 25 26 165
c 24 28 15 31 139
c 36 42 43 44 78
c 35 83 14 97 53
c 28 31 55 62 94
c 47 51 61 23 176
c 76 39 2 71 66
c 6 11 76 39 77
c 26 75 42 44 108
c 98 59 43 48 76
c 33 38 73 25 83
c 80 84 41 43 33
c 63 57 96 25 136
c 43 49 39 33 47
c 2 3 58 65 171
c 64 67 64 17 161
c 61 80 44 18 103
c 49 50 49 94 98
c 41 42 8 16 75
c 93 94 86 87 169
c 95 98 61 38 147
c 5 7 99 6 188
c 63 68 4 11 63
c 7 33 85 48 172
c 25 73 80 26 87
c 72 77 4 11 97
c 3 6 78 53 36
c 56 57 19 20 133
c 22 24 25 32 118
c 14 85 7 24 141
c 74 81 39 41 149
c 77 18 8 11 109
c 87 94 4 10 197
c 46 51 9 15 27
c 57 96 60 63 103
c 3 55 13 17 31
c 81 49 40 4 191
c 26 75 31 37 146
c 28 32 29 35 33
c 19 21 99 57 106
c 63 67 45 33 133
c 22 27 18 19 142
c 64 63 6 10 113
c 69 70 27 34 49
c 90 91 60 26 197
c 89 92 15 18 115
c 88 90 39 40 111
c 61 43 7 11 62
c 93 99 31 34 51
c 60 61 87 88 25
c 47 11 89 91 195
c 88 94 1 8 74
c 92 28 96 25 187
c 53 54 90 93 112
c 77 87 35 36 151
c 38 45 27 72 135
c 3 10 21 25 126
c 58 38 3 86 183
c 23 63 33 4 57
c 80 71 35 83 38
c 5 82 17 18 191
c 17 22 30 36 120
c 37 79 87 88 95
c 42 48 8 12 63
c 0 54 0 1 148
c 83 87 44 49 56
c 56 59 47 44 125
c 5 7 70 72 50
c 89 95 52 53 176
c 70 12 47 51 107
c 33 35 24 29 130
c 34 44 87 93 57
c 32 38 44 48 198
c 29 33 13 46 66
c 21 22 54 55 113
c 1 8 42 46 168
c 90 92 24 12 198
c 69 73 25 30 33
c 50 54 17 20 168
c 31 36 45 50 186
c 85 56 13 77 101
c 0 4 93 95 196
c 17 66 5 16 169
c 97 98 20 27 172
c 98 1 94 1 199
c 7 10 47 31 187
c 78 81 2 4 101
c 7 10 18 24 80
c 18 23 51 50 157
c 53 57 45 51 85
c 94 98 10 16 114
c 34 44 30 77 34
c 63 67 51 78 76
c 92 65 98 0 102
c 97 99 66 68 118
c 15 22 68 5 160
c 28 35 90 46 187
c 83 85 49 94 61
c 72 78 52 55 113
c 48 51 5 99 166
c 1 64 75 4 185
c 89 90 36 23 28
c 1 7 49 53 167
c 46 15 41 42 72
c 25 24 6 64 154
c 89 92 3 7 152
c 17 23 99 1 127
c 89 46 49 55 129
c 30 33 75 79 50
c 1 4 10 13 146
c 29 87 92 26 148
c 90 24 54 83 114
c 88 90 83 90 27
c 10 12 14 19 112
c 25 27 97 48 63
c 67 69 32 38 176
c 29 30 51 57 186
c 30 37 59 72 83
c 74 80 13 15 115
c 46 24 90 95 57
c 57 63 36 40 38
c 22 25 79 80 153
c 92 96 83 86 58
c 89 67 5 8 189
c 8 16 2 44 178
c 48 51 49 51 128
c 18 22 69 73 42
c 52 53 88 1 28
c 15 26 50 32 83
c 40 44 7 13 151
c 18 19 26 73 145
c 55 56 50 9 137
c 63 98 65 2 161
c 67 42 52 54 122
c 49 46 5 11 167
c 38 41 97 0 39
c 13 77 59 72 30
c 3 86 87 92 199
c 23 25 65 68 174
c 52 55 77 78 97
c 12 99 31 33 72
c 71 75 79 64 104
c 49 56 18 20 94
c 68 72 8 51 41
c 26 33 85 56 140
c 69 45 79 84 73
c 89 46 89 96 134
c 50 32 10 13 54
c 81 49 49 94 136
c 65 71 49 51 25
c 91 89 12 14 180
c 33 50 95 1 160
c 44 96 67 71 195
c 11 15 0 1 33
c 68 1 83 86 46
c 52 53 51 78 80
c 53 54 42 44 66
c 3 98 13 14 178
c 37 41 22 25 169
c 45 52 24 26 164
c 4 23 74 81 44
c 98 99 43 55 87
c 78 57 49 62 115
c 42 47 44 48 146
c 65 31 46 48 46
c 3 10 97 3 108
c 55 56 49 46 73
c 6 8 60 67 105
c 67 76 78 80 138
c 26 75 78 79 191
c 24 30 22 28 57
c 82 84 68 69 110
c 5 11 96 2 135
c 38 51 81 67 25
c 82 83 30 32 118
c 95 2 46 47 157
c 14 19 91 92 88
c 51 55 73 75 37
c 98 59 23 26 188
c 33 37 16 20 120
c 90 92 58 90 32
c 43 46 28 30 119
c 51 52 95 2 184
c 98 59 73 80 170
c 49 50 95 97 169
c 54 61 37 23 26
c 68 10 48 55 185
c 55 58 27 32 102
c 21 87 49 46 173
c 15 17 8 10 178
c 80 26 26 73 159
c 27 32 17 19 90
c 72 77 67 42 44
c 55 13 75 86 198
c 39 58 99 6 70
c 88 93 91 97 112
c 78 85 14 97 161
c 75 86 50 32 110
c 56 57 38 51 103
c 37 43 62 66 42
c 55 43 30 36 32
c 74 80 59 61 153
c 24 73 82 87 171
c 51 7 61 67 178
c 57 61 79 80 33
c 79 82 10 14 103
c 87 91 29 35 26
c 71 77 26 29 71
c 11 14 21 36 72
c 74 3 99 24 100
c 46 50 99 72 178
c 56 33 62 65 192
c 35 37 46 50 76
c 59 60 98 5 99
c 38 41 30 36 183
c 41 57 72 66 30
c 11 18 94 0 54
c 36 3 96 25 87
c 55 22 72 76 145
c 40 41 73 76 135
c 65 71 40 47 151
c 61 66 76 39 109
c 5 6 89 11 73
c 45 35 0 7 193
c 48 10 79 85 111
c 77 81 52 54 47
c 25 31 39 45 36
c 33 39 52 57 61
c 3 9 89 46 111
c 65 66 62 72 189
c 13 17 31 36 64
c 88 7 20 30 94
c 61 43 29 32 49
c 46 51 42 8 165
c 24 25 61 80 153
c 77 80 97 4 136
c 57 64 52 35 190
c 85 48 95 66 93
c 51 56 86 92 34
c 94 98 93 95 45
c 27 72 86 92 146
c 50 1 86 33 116
c 86 93 67 70 90
c 42 8 97 3 51
c 52 56 87 47 164
c 98 27 47 83 114
c 92 98 24 12 95
c 95 99 90 42 80
c 43 47 45 50 83
c 32 56 88 36 115
c 80 85 80 50 161
c 5 62 41 42 133
c 98 27 95 66 197
c 92 99 42 72 95
c 73 9 22 25 181
c 92 95 29 94 89
c 91 93 14 85 165
c 54 58 79 80 131
c 42 45 30 36 39
c 44 45 44 51 47
c 62 65 42 72 119
c 39 44 95 16 163
c 59 91 99 24 78
c 76 81 78 84 45
c 75 80 57 62 176
c 66 57 30 32 156
c 35 51 47 51 181
c 12 99 99 72 134
c 7 14 9 8 78
c 67 71 49 52 186
c 89 96 84 89 61
c 97 48 26 32 41
c 83 85 11 18 58
c 58 63 20 24 38
c 99 24 69 51 177
c 69 27 23 67 57
c 8 13 15 22 123
c 82 86 83 88 45
c 97 0 55 22 94
c 96 25 54 60 187
c 90 92 20 6 35
c 73 46 97 99 126
c 47 52 86 96 175
c 54 55 94 98 121
c 85 89 20 89 93
c 32 38 78 96 185
c 12 19 83 26 35
c 34 37 44 46 189
c 67 76 94 56 94
c 80 50 89 91 29
c 61 23 73 46 178
c 5 8 81 49 85
c 7 33 61 67 61
c 58 27 40 41 153
c 65 71 93 9 60
c 14 16 61 67 157
c 22 62 30 77 67
c 34 96 77 81 188
c 88 1 22 26 72
c 48 53 34 41 107
c 79 85 64 63 66
c 80 82 45 35 83
c 49 54 91 97 157
c 76 80 97 1 95
c 61 68 59 72 83
c 58 60 35 41 157
c 30 34 17 66 153
c 7 12 72 88 55
c 72 76 61 64 108
c 40 44 27 29 141
c 24 73 39 44 57
c 67 76 53 55 49
c 15 21 58 46 38
c 86 90 54 61 168
c 16 87 4 9 117
c 52 35 10 2 154
c 52 17 67 56 120
c 46 50 24 28 149
c 66 1 53 57 191
c 56 62 98 2 108
c 96 35 55 59 36
c 79 62 34 35 66
c 76 80 36 41 138
c 17 19 41 46 32
c 69 76 57 63 194
c 42 49 69 76 68
c 83 90 59 60 172
c 62 72 30 31 63
c 13 15 53 56 68
c 69 70 4 23 108
c 48 10 3 6 166
c 75 86 67 36 189
c 25 16 62 63 173
c 80 83 13 15 69
c 38 18 65 68 162
c 95 96 13 15 159
c 48 55 6 10 87
c 0 6 49 43 98
c 48 51 50 54 172
c 29 35 5 12 37
c 32 37 85 56 36
c 56 63 12 16 76
c 69 45 81 49 177
c 68 74 17 24 38
c 89 90 29 35 164
c 21 24 18 25 26
c 87 70 26 55 33
c 5 11 82 56 176
c 58 60 95 66 167
c 31 36 19 25 135
c 29 40 16 0 41
c 88 1 47 48 160
c 38 40 26 75 88
c 51 7 50 57 195
c 65 31 45 46 183
c 26 29 27 28 185
c 54 83 22 29 111
c 92 97 31 35 190
c 88 91 10 2 64
c 50 56 24 26 89
c 34 36 49 52 45
c 85 90 55 22 111
c 40 41 63 98 133
c 3 55 46 52 162
c 52 29 17 19 71
c 9 12 49 56 64
c 72 97 31 34 83
c 89 95 16 18 192
c 68 74 39 45 138
c 72 76 98 5 168
c 84 85 72 66 85
c 83 85 24 25 78
c 38 51 58 60 28
c 7 33 5 7 121
c 4 83 28 96 130
c 51 54 27 31 87
c 13 55 38 41 129
c 48 50 31 33 140
c 66 73 4 71 175
c 82 88 64 82 135
c 4 5 23 67 146
c 5 16 44 65 150
c 20 24 55 61 178
c 17 20 40 45 115
c 7 8 56 61 51
c 85 87 38 39 164
c 62 66 63 70 58
c 46 49 86 91 181
c 17 19 36 3 164
c 85 36 48 53 176
c 37 76 84 98 51
c 41 42 44 49 106
c 47 11 87 92 35
c 33 36 43 55 194
c 85 91 10 14 90
c 1 8 70 92 103
c 50 32 4 6 101
c 17 23 72 77 71
c 4 6 49 56 182
c 61 66 53 60 74
c 21 13 86 92 91
c 63 69 14 18 129
c 51 54 42 8 107
c 74 80 50 13 197
c 33 37 13 46 192
c 94 99 4 6 171
c 1 64 91 93 173
c 45 46 70 74 132
c 42 8 74 40 75
c 77 87 99 24 38
c 20 21 60 77 64
c 16 42 87 89 159
c 18 19 36 37 69
c 85 66 46 48 175
c 74 77 39 42 172
c 78 24 71 78 160
c 17 18 95 99 185
c 34 39 2 8 163
c 72 66 13 18 175
c 80 50 77 18 32
c 14 17 75 76 120
c 65 22 72 75 181
c 1 2 18 19 97
c 77 84 0 7 120
c 14 20 21 24 89
c 2 11 52 67 158
c 75 81 15 21 101
c 50 57 69 72 146
c 90 94 45 33 49
c 52 57 72 66 113
c 79 47 77 87 35
c 10 12 77 83 44
c 26 31 67 42 52
c 52 67 52 55 46
c 81 86 79 47 177
c 62 69 13 18 72
c 77 78 16 87 85
c 19 21 56 63 147
c 75 86 40 43 64
c 90 42 39 41 177
c 84 85 1 4 131
c 60 63 51 50 85
c 90 71 0 54 171
c 87 90 27 97 184
c 48 27 18 19 126
c 9 16 96 1 191
c 11 40 15 22 160
c 24 30 88 33 101
c 38 44 64 71 169
c 17 22 40 47 118
c 0 6 59 66 70
c 26 75 42 46 197
c 86 33 12 19 102
c 21 72 75 78 192
c 32 39 85 0 41
c 59 6 84 89 105
c 47 83 85 48 26
c 56 58 74 40 89
c 38 32 46 10 75
c 62 65 2 8 91
c 83 90 52 58 76
c 20 22 25 28 189
c 41 44 98 4 97
c 69 75 30 34 63
c 22 25 5 82 120
c 73 25 61 85 178
c 0 6 64 65 175
c 44 49 65 70 50
c 54 59 41 46 175
c 14 97 96 98 154
c 8 13 21 72 150
c 84 87 68 86 76
c 70 92 76 39 88
c 61 63 83 88 42
c 79 81 93 99 116
c 79 64 39 33 85
c 11 15 69 71 199
c 83 88 65 70 98
c 35 41 26 73 198
c 6 9 69 75 188
c 10 15 99 6 192
c 83 89 61 65 156
c 85 7 83 88 136
c 65 2 0 1 34
c 32 35 48 54 37
c 40 45 89 95 46
c 43 55 24 25 65
c 26 32 83 66 158
c 34 40 3 64 71
c 86 89 15 18 126
c 36 41 25 31 30
c 24 73 48 52 108
c 79 83 53 58 145
c 43 44 20 46 110
c 13 15 9 59 145
c 55 57 49 55 121
c 83 84 52 54 198
c 38 44 85 7 135
c 0 6 69 72 98
c 47 49 41 34 33
c 83 88 19 23 127
c 92 26 96 3 35
c 95 97 79 82 140
c 35 40 14 15 60
c 13 26 34 44 108
c 50 13 33 36 76
c 12 19 71 59 25
c 27 29 51 57 191
c 35 37 88 93 35
c 63 64 48 55 108
c 37 76 85 36 187
c 26 27 1 4 152
c 58 63 98 5 79
c 59 64 18 20 160
c 94 89 27 28 65
c 89 11 99 24 82
c 4 10 81 85 80
c 91 97 60 20 160
c 81 85 40 44 143
c 39 58 64 63 166
c 83 87 81 31 166
c 18 21 74 75 156
c 90 94 69 38 136
c 24 23 3 5 122
c 56 62 57 96 148
c 27 72 19 24 198
c 34 35 27 97 88
c 5 16 38 44 146
c 67 78 47 53 126
c 77 83 38 40 61
c 13 37 29 87 113
c 57 61 7 13 34
c 1 2 24 31 82
c 24 73 65 69 115
c 35 41 68 72 49
c 83 90 34 41 148
c 38 43 43 47 92
c 74 77 89 91 197
c 71 59 4 6 31
c 4 9 11 14 182
c 84 88 17 20 169
c 79 82 0 7 179
c 35 40 28 31 31
c 70 73 7 9 141
c 52 67 21 13 50
c 14 20 72 97 122
c 67 73 11 17 140
c 46 53 32 56 66
c 86 92 56 57 145
c 70 12 30 79 86
c 38 42 45 33 149
c 80 86 52 54 58
c 96 35 71 79 122
c 47 41 86 88 163
c 76 83 82 85 69
c 49 53 98 42 64
c 15 16 24 31 176
c 9 16 35 39 173
c 90 94 83 66 110
c 80 87 90 91 39
c 36 40 64 28 145
c 13 20 96 3 117
c 97 2 27 33 152
c 13 77 45 46 66
c 57 76 46 95 125
c 90 93 28 96 90
c 43 47 60 26 73
c 7 8 27 34 121
c 0 7 12 16 153
c 60 62 32 36 149
c 56 59 8 13 170
c 37 39 46 50 105
c 35 42 52 55 93
c 27 30 17 66 51
c 94 70 42 47 164
c 16 54 65 68 121
c 71 60 5 6 193
c 90 71 75 78 196
c 67 71 9 15 167
c 62 68 20 26 125
c 34 35 46 24 99
c 78 57 99 4 132
c 32 69 66 12 122
c 37 44 12 19 146
c 58 60 80 50 134
c 33 73 62 69 118
c 10 15 16 19 40
c 85 87 39 33 32
c 97 0 63 13 101
c 21 26 89 91 130
c 47 44 16 22 142
c 49 51 18 21 135
c 51 58 56 33 72
c 73 9 56 33 81
