notes: n=100, m=1058, elb=1, eub=20, conf_density=0.003, clb=25, cub= 200, seed= 6289
p spec 100 1058 1677
s 59
t 22
a 0 1 17
a 0 2 13
a 0 3 2
a 0 4 10
a 0 5 17
a 0 6 12
a 0 7 17
a 0 78 1
a 0 54 15
a 1 2 5
a 1 3 16
a 1 4 16
a 1 5 4
a 1 6 6
a 1 7 12
a 1 8 19
a 1 64 5
a 2 3 13
a 2 4 12
a 2 5 4
a 2 6 19
a 2 7 6
a 2 8 2
a 2 9 9
a 2 11 19
a 2 44 3
a 2 71 16
a 3 4 3
a 3 5 13
a 3 6 4
a 3 7 2
a 3 8 8
a 3 9 9
a 3 10 7
a 3 86 15
a 3 98 1
a 3 73 8
a 3 55 12
a 3 64 14
a 4 5 12
a 4 6 5
a 4 7 3
a 4 8 15
a 4 9 18
a 4 10 18
a 4 11 12
a 4 83 3
a 4 71 8
a 4 23 10
a 5 6 15
a 5 7 10
a 5 8 18
a 5 9 6
a 5 10 10
a 5 11 3
a 5 12 1
a 5 62 9
a 5 82 9
a 5 16 7
a 5 99 13
a 6 7 17
a 6 8 5
a 6 9 13
a 6 10 1
a 6 11 16
a 6 12 11
a 6 13 1
a 6 64 17
a 6 99 2
a 7 8 9
a 7 9 8
a 7 10 1
a 7 11 1
a 7 12 18
a 7 13 18
a 7 14 16
a 7 33 11
a 7 24 18
a 7 66 8
a 78 79 17
a 78 80 13
a 78 81 15
a 78 82 10
a 78 83 19
a 78 84 14
a 78 85 14
a 78 46 8
a 78 33 15
a 78 96 16
a 78 24 11
a 78 57 6
a 78 53 9
a 54 55 16
a 54 56 5
a 54 57 6
a 54 58 10
a 54 59 8
a 54 60 5
a 54 61 3
a 54 78 14
a 54 83 18
a 8 9 17
a 8 10 9
a 8 11 17
a 8 12 10
a 8 13 2
a 8 14 18
a 8 15 1
a 8 16 14
a 8 79 17
a 8 51 17
a 64 65 9
a 64 66 14
a 64 67 4
a 64 68 7
a 64 69 19
a 64 70 17
a 64 71 7
a 64 20 16
a 64 63 2
a 64 28 19
a 64 17 10
a 64 82 16
a 9 10 12
a 9 11 14
a 9 12 14
a 9 13 2
a 9 14 16
a 9 15 7
a 9 16 15
a 9 59 19
a 9 8 17
a 9 24 19
a 11 12 5
a 11 13 10
a 11 14 5
a 11 15 6
a 11 16 13
a 11 17 12
a 11 18 12
a 11 40 19
a 44 45 6
a 44 46 10
a 44 47 5
a 44 48 16
a 44 49 7
a 44 50 18
a 44 51 7
a 44 41 1
a 44 18 12
a 44 65 2
a 44 52 7
a 44 90 11
a 44 96 11
a 71 72 16
a 71 73 6
a 71 74 6
a 71 75 19
a 71 76 15
a 71 77 3
a 71 78 16
a 71 59 19
a 71 18 8
a 71 30 6
a 71 60 18
a 71 79 12
a 10 11 8
a 10 12 7
a 10 13 19
a 10 14 2
a 10 15 13
a 10 16 12
a 10 17 17
a 10 94 5
a 10 2 12
a 86 87 1
a 86 88 7
a 86 89 15
a 86 90 15
a 86 91 5
a 86 92 6
a 86 93 13
a 86 96 5
a 86 33 4
a 98 99 5
a 98 0 11
a 98 1 1
a 98 2 16
a 98 3 11
a 98 4 19
a 98 5 10
a 98 42 2
a 98 59 5
a 98 27 17
a 73 74 5
a 73 75 14
a 73 76 19
a 73 77 15
a 73 78 7
a 73 79 14
a 73 80 19
a 73 25 9
a 73 81 19
a 73 9 7
a 73 46 1
a 55 56 3
a 55 57 1
a 55 58 7
a 55 59 2
a 55 60 2
a 55 61 17
a 55 62 16
a 55 39 6
a 55 13 10
a 55 22 14
a 55 43 11
a 83 84 13
a 83 85 4
a 83 86 2
a 83 87 17
a 83 88 19
a 83 89 5
a 83 90 17
a 83 26 18
a 83 66 12
a 23 24 3
a 23 25 6
a 23 26 5
a 23 27 18
a 23 28 8
a 23 29 6
a 23 30 11
a 23 63 18
a 23 2 9
a 23 39 15
a 23 85 16
a 23 67 19
a 12 13 16
a 12 14 6
a 12 15 5
a 12 16 12
a 12 17 5
a 12 18 13
a 12 19 17
a 12 96 9
a 12 99 9
a 12 85 17
a 62 63 17
a 62 64 1
a 62 65 15
a 62 66 8
a 62 67 15
a 62 68 17
a 62 69 3
a 62 72 2
a 82 83 18
a 82 84 16
a 82 85 3
a 82 86 3
a 82 87 4
a 82 88 8
a 82 89 4
a 82 80 18
a 82 56 2
a 82 36 7
a 82 64 17
a 16 17 6
a 16 18 15
a 16 19 11
a 16 20 18
a 16 21 17
a 16 22 16
a 16 23 9
a 16 61 18
a 16 54 3
a 16 0 14
a 16 24 8
a 16 42 10
a 16 87 3
a 99 0 10
a 99 1 3
a 99 2 4
a 99 3 1
a 99 4 16
a 99 5 10
a 99 6 5
a 99 72 13
a 99 57 10
a 99 24 5
a 99 62 16
a 13 14 9
a 13 15 11
a 13 16 10
a 13 17 13
a 13 18 5
a 13 19 10
a 13 20 8
a 13 26 2
a 13 37 5
a 13 98 11
a 13 55 9
a 13 46 13
a 13 77 4
a 14 15 19
a 14 16 3
a 14 17 16
a 14 18 9
a 14 19 15
a 14 20 8
a 14 21 15
a 14 97 11
a 14 76 7
a 14 85 10
a 33 34 10
a 33 35 10
a 33 36 13
a 33 37 9
a 33 38 15
a 33 39 18
a 33 40 8
a 33 72 12
a 33 73 19
a 33 4 7
a 33 50 6
a 24 25 1
a 24 26 3
a 24 27 10
a 24 28 19
a 24 29 11
a 24 30 11
a 24 31 10
a 24 33 2
a 24 71 18
a 24 23 3
a 24 73 13
a 24 12 3
a 66 67 9
a 66 68 13
a 66 69 14
a 66 70 2
a 66 71 4
a 66 72 16
a 66 73 1
a 66 36 3
a 66 74 10
a 66 41 19
a 66 12 3
a 66 57 3
a 66 1 6
a 15 16 14
a 15 17 9
a 15 18 10
a 15 19 2
a 15 20 16
a 15 21 6
a 15 22 16
a 15 36 16
a 15 31 14
a 15 26 10
a 79 80 16
a 79 81 9
a 79 82 11
a 79 83 18
a 79 84 12
a 79 85 17
a 79 86 12
a 79 72 17
a 79 47 8
a 79 64 6
a 79 62 16
a 51 52 14
a 51 53 19
a 51 54 15
a 51 55 1
a 51 56 8
a 51 57 10
a 51 58 1
a 51 78 8
a 51 7 13
a 51 50 14
a 59 60 14
a 59 61 9
a 59 62 19
a 59 63 11
a 59 64 11
a 59 65 9
a 59 66 16
a 59 6 1
a 59 91 4
a 59 0 2
a 59 72 6
a 17 18 15
a 17 19 6
a 17 20 15
a 17 21 13
a 17 22 7
a 17 23 13
a 17 24 10
a 17 66 16
a 17 92 7
a 94 95 2
a 94 96 11
a 94 97 19
a 94 98 10
a 94 99 6
a 94 0 19
a 94 1 5
a 94 18 2
a 94 89 10
a 94 56 4
a 94 70 7
a 94 40 6
a 18 19 10
a 18 20 18
a 18 21 3
a 18 22 12
a 18 23 5
a 18 24 12
a 18 25 7
a 18 66 19
a 18 3 4
a 18 89 4
a 18 40 18
a 40 41 19
a 40 42 19
a 40 43 3
a 40 44 13
a 40 45 5
a 40 46 14
a 40 47 8
a 40 60 4
a 40 4 14
a 19 20 17
a 19 21 7
a 19 22 2
a 19 23 14
a 19 24 19
a 19 25 10
a 19 26 2
a 19 93 8
a 19 5 2
a 96 97 10
a 96 98 10
a 96 99 2
a 96 0 5
a 96 1 3
a 96 2 3
a 96 3 11
a 96 35 18
a 96 25 3
a 85 86 9
a 85 87 8
a 85 88 11
a 85 89 6
a 85 90 15
a 85 91 19
a 85 92 6
a 85 66 11
a 85 56 4
a 85 7 2
a 85 0 10
a 85 48 16
a 85 36 15
a 20 21 5
a 20 22 1
a 20 23 16
a 20 24 6
a 20 25 7
a 20 26 12
a 20 27 12
a 20 46 4
a 20 89 15
a 20 30 2
a 20 1 14
a 20 6 16
a 26 27 18
a 26 28 18
a 26 29 12
a 26 30 18
a 26 31 18
a 26 32 16
a 26 33 9
a 26 73 17
a 26 55 15
a 26 75 4
a 26 79 13
a 37 38 3
a 37 39 12
a 37 40 12
a 37 41 3
a 37 42 11
a 37 43 18
a 37 44 1
a 37 23 14
a 37 79 5
a 37 76 7
a 37 98 2
a 46 47 2
a 46 48 4
a 46 49 12
a 46 50 17
a 46 51 13
a 46 52 15
a 46 53 2
a 46 15 15
a 46 10 18
a 46 95 15
a 46 24 16
a 77 78 19
a 77 79 4
a 77 80 13
a 77 81 2
a 77 82 15
a 77 83 4
a 77 84 6
a 77 18 6
a 77 87 10
a 21 22 6
a 21 23 12
a 21 24 14
a 21 25 7
a 21 26 6
a 21 27 8
a 21 28 18
a 21 72 19
a 21 36 18
a 21 87 5
a 21 13 8
a 97 98 15
a 97 99 10
a 97 0 15
a 97 1 1
a 97 2 5
a 97 3 16
a 97 4 4
a 97 8 6
a 97 48 16
a 97 88 7
a 97 71 1
a 97 93 10
a 76 77 7
a 76 78 12
a 76 79 10
a 76 80 5
a 76 81 16
a 76 82 2
a 76 83 6
a 76 68 12
a 76 39 6
a 76 17 6
a 22 23 16
a 22 24 13
a 22 25 11
a 22 26 2
a 22 27 1
a 22 28 8
a 22 29 18
a 22 62 2
a 22 51 12
a 36 37 6
a 36 38 1
a 36 39 18
a 36 40 12
a 36 41 8
a 36 42 1
a 36 43 17
a 36 97 1
a 36 3 10
a 36 23 5
a 31 32 2
a 31 33 13
a 31 34 4
a 31 35 13
a 31 36 5
a 31 37 11
a 31 38 13
a 31 47 1
a 61 62 18
a 61 63 11
a 61 64 17
a 61 65 9
a 61 66 6
a 61 67 19
a 61 68 7
a 61 85 15
a 61 23 15
a 61 43 14
a 61 80 2
a 61 38 4
a 42 43 17
a 42 44 6
a 42 45 8
a 42 46 7
a 42 47 17
a 42 48 11
a 42 49 3
a 42 8 8
a 42 51 19
a 42 70 3
a 42 72 19
a 42 0 15
a 87 88 16
a 87 89 14
a 87 90 15
a 87 91 13
a 87 92 15
a 87 93 5
a 87 94 12
a 87 47 2
a 87 34 15
a 87 70 16
a 92 93 14
a 92 94 3
a 92 95 8
a 92 96 15
a 92 97 5
a 92 98 13
a 92 99 13
a 92 65 13
a 92 26 13
a 92 28 2
a 25 26 2
a 25 27 1
a 25 28 15
a 25 29 16
a 25 30 14
a 25 31 9
a 25 32 17
a 25 73 1
a 25 24 12
a 25 52 17
a 25 58 7
a 25 16 3
a 89 90 6
a 89 91 5
a 89 92 12
a 89 93 1
a 89 94 6
a 89 95 2
a 89 96 12
a 89 11 10
a 89 8 5
a 89 67 3
a 89 46 10
a 93 94 19
a 93 95 10
a 93 96 8
a 93 97 9
a 93 98 5
a 93 99 4
a 93 0 6
a 93 11 1
a 93 9 5
a 27 28 4
a 27 29 18
a 27 30 2
a 27 31 15
a 27 32 9
a 27 33 16
a 27 34 16
a 27 72 7
a 27 97 5
a 30 31 8
a 30 32 14
a 30 33 3
a 30 34 10
a 30 35 13
a 30 36 1
a 30 37 7
a 30 77 13
a 30 79 6
a 28 29 18
a 28 30 14
a 28 31 2
a 28 32 11
a 28 33 1
a 28 34 16
a 28 35 7
a 28 53 6
a 28 49 9
a 28 38 3
a 28 96 3
a 72 73 1
a 72 74 13
a 72 75 12
a 72 76 17
a 72 77 8
a 72 78 6
a 72 79 6
a 72 88 7
a 72 97 1
a 72 12 7
a 72 66 11
a 29 30 11
a 29 31 13
a 29 32 15
a 29 33 17
a 29 34 13
a 29 35 17
a 29 36 6
a 29 87 17
a 29 49 8
a 29 94 14
a 29 40 6
a 63 64 5
a 63 65 13
a 63 66 17
a 63 67 16
a 63 68 16
a 63 69 19
a 63 70 10
a 63 98 5
a 63 13 4
a 63 57 6
a 39 40 17
a 39 41 18
a 39 42 14
a 39 43 16
a 39 44 1
a 39 45 9
a 39 46 6
a 39 12 19
a 39 58 8
a 39 33 11
a 67 68 15
a 67 69 3
a 67 70 4
a 67 71 1
a 67 72 10
a 67 73 7
a 67 74 16
a 67 36 10
a 67 56 17
a 67 76 16
a 67 42 18
a 67 78 8
a 32 33 19
a 32 34 12
a 32 35 12
a 32 36 9
a 32 37 13
a 32 38 11
a 32 39 12
a 32 63 4
a 32 66 12
a 32 56 3
a 32 69 6
a 52 53 7
a 52 54 17
a 52 55 10
a 52 56 2
a 52 57 18
a 52 58 7
a 52 59 17
a 52 67 14
a 52 29 15
a 52 35 14
a 52 17 7
a 58 59 14
a 58 60 15
a 58 61 1
a 58 62 3
a 58 63 17
a 58 64 8
a 58 65 6
a 58 46 5
a 58 90 13
a 58 38 18
a 58 99 15
a 58 27 18
a 58 25 16
a 75 76 1
a 75 77 11
a 75 78 7
a 75 79 13
a 75 80 8
a 75 81 16
a 75 82 6
a 75 86 13
a 75 24 9
a 75 4 9
a 34 35 13
a 34 36 13
a 34 37 6
a 34 38 7
a 34 39 8
a 34 40 6
a 34 41 10
a 34 89 15
a 34 96 16
a 34 44 15
a 34 95 9
a 35 36 6
a 35 37 13
a 35 38 6
a 35 39 7
a 35 40 16
a 35 41 12
a 35 42 3
a 35 83 10
a 35 86 18
a 35 51 12
a 53 54 7
a 53 55 6
a 53 56 2
a 53 57 7
a 53 58 2
a 53 59 3
a 53 60 19
a 53 21 11
a 53 70 2
a 49 50 16
a 49 51 14
a 49 52 1
a 49 53 16
a 49 54 1
a 49 55 15
a 49 56 16
a 49 94 1
a 49 62 14
a 49 45 4
a 49 46 19
a 49 43 3
a 38 39 14
a 38 40 12
a 38 41 18
a 38 42 14
a 38 43 17
a 38 44 6
a 38 45 19
a 38 0 11
a 38 51 9
a 38 32 10
a 38 18 5
a 47 48 8
a 47 49 11
a 47 50 15
a 47 51 19
a 47 52 7
a 47 53 3
a 47 54 15
a 47 83 12
a 47 31 12
a 47 11 12
a 47 41 19
a 47 44 9
a 47 13 17
a 56 57 10
a 56 58 7
a 56 59 16
a 56 60 3
a 56 61 5
a 56 62 3
a 56 63 16
a 56 53 19
a 56 33 13
a 69 70 10
a 69 71 9
a 69 72 3
a 69 73 9
a 69 74 12
a 69 75 3
a 69 76 13
a 69 27 7
a 69 38 17
a 69 45 6
a 69 36 17
a 69 51 6
a 50 51 6
a 50 52 7
a 50 53 3
a 50 54 13
a 50 55 14
a 50 56 10
a 50 57 11
a 50 22 4
a 50 9 12
a 50 1 8
a 50 13 6
a 50 32 8
a 50 71 15
a 41 42 15
a 41 43 1
a 41 44 16
a 41 45 9
a 41 46 2
a 41 47 5
a 41 48 6
a 41 34 10
a 41 57 1
a 41 92 8
a 95 96 8
a 95 97 11
a 95 98 10
a 95 99 12
a 95 0 14
a 95 1 18
a 95 2 2
a 95 16 3
a 95 33 7
a 95 66 10
a 95 18 7
a 43 44 14
a 43 45 10
a 43 46 9
a 43 47 4
a 43 48 8
a 43 49 16
a 43 50 7
a 43 55 7
a 45 46 14
a 45 47 11
a 45 48 3
a 45 49 1
a 45 50 9
a 45 51 17
a 45 52 14
a 45 33 6
a 45 35 8
a 60 61 15
a 60 62 9
a 60 63 1
a 60 64 1
a 60 65 2
a 60 66 11
a 60 67 10
a 60 77 9
a 60 0 5
a 60 96 10
a 60 20 12
a 60 19 3
a 60 26 5
a 48 49 1
a 48 50 1
a 48 51 14
a 48 52 13
a 48 53 5
a 48 54 8
a 48 55 16
a 48 27 2
a 48 10 7
a 48 31 4
a 57 58 8
a 57 59 6
a 57 60 9
a 57 61 3
a 57 62 19
a 57 63 4
a 57 64 13
a 57 71 13
a 57 96 1
a 57 73 16
a 57 76 15
a 70 71 13
a 70 72 7
a 70 73 16
a 70 74 9
a 70 75 8
a 70 76 3
a 70 77 17
a 70 92 18
a 70 90 18
a 70 12 13
a 65 66 18
a 65 67 3
a 65 68 19
a 65 69 11
a 65 70 3
a 65 71 16
a 65 72 18
a 65 31 19
a 65 2 16
a 65 22 12
a 65 64 15
a 90 91 1
a 90 92 3
a 90 93 5
a 90 94 15
a 90 95 15
a 90 96 7
a 90 97 7
a 90 24 15
a 90 42 4
a 90 18 7
a 90 71 6
a 90 46 4
a 91 92 7
a 91 93 4
a 91 94 17
a 91 95 3
a 91 96 10
a 91 97 6
a 91 98 18
a 91 89 9
a 91 24 1
a 68 69 17
a 68 70 12
a 68 71 14
a 68 72 14
a 68 73 12
a 68 74 19
a 68 75 14
a 68 86 7
a 68 10 10
a 68 1 13
a 68 5 7
a 68 97 13
a 80 81 7
a 80 82 10
a 80 83 3
a 80 84 13
a 80 85 13
a 80 86 2
a 80 87 8
a 80 26 3
a 80 71 10
a 80 50 13
a 74 75 6
a 74 76 6
a 74 77 11
a 74 78 19
a 74 79 13
a 74 80 9
a 74 81 18
a 74 3 14
a 74 40 7
a 88 89 16
a 88 90 11
a 88 91 8
a 88 92 15
a 88 93 14
a 88 94 7
a 88 95 8
a 88 7 4
a 88 1 8
a 88 33 16
a 88 36 11
a 81 82 4
a 81 83 10
a 81 84 2
a 81 85 2
a 81 86 12
a 81 87 6
a 81 88 12
a 81 67 18
a 81 49 14
a 81 16 11
a 81 31 7
a 84 85 8
a 84 86 16
a 84 87 4
a 84 88 11
a 84 89 9
a 84 90 11
a 84 91 19
a 84 98 3
a 84 37 18
a 84 82 17
c 49 50 87 93 143
c 36 23 4 71 44
c 77 78 95 0 155
c 87 90 73 9 178
c 60 64 57 71 143
c 3 9 39 40 121
c 89 93 90 24 165
c 87 90 38 42 28
c 79 72 95 66 45
c 37 43 22 26 131
c 44 41 23 39 53
c 74 40 43 55 107
c 53 55 15 22 44
c 5 62 97 98 105
c 89 96 9 13 187
c 80 81 88 33 52
c 90 91 50 52 130
c 70 90 97 88 61
c 81 85 10 13 29
c 7 10 54 58 61
c 40 4 52 17 190
c 26 30 43 55 87
c 53 56 96 25 86
c 79 64 58 63 154
c 15 20 42 46 174
c 39 12 12 15 47
c 6 13 57 96 125
c 57 60 99 4 167
c 49 55 29 31 198
c 10 12 4 23 95
c 9 16 17 19 151
c 13 20 69 76 52
c 58 61 66 67 26
c 28 96 87 34 178
c 88 92 89 11 138
c 25 28 0 5 187
c 11 40 66 72 162
c 5 11 8 14 95
c 10 2 79 85 27
c 75 4 13 14 138
c 94 70 28 30 112
c 35 37 72 66 37
c 40 60 31 35 114
c 69 75 76 80 135
c 55 62 36 39 107
c 6 12 37 44 164
c 46 51 88 89 41
c 79 83 52 54 121
c 61 85 2 9 35
c 91 89 53 60 70
c 90 94 59 64 194
c 16 24 28 53 155
c 17 18 95 1 140
c 94 0 66 41 63
c 40 60 49 56 195
c 92 97 36 43 111
c 96 25 22 25 83
c 57 58 58 38 187
c 52 67 36 97 40
c 29 33 39 45 88
c 25 29 21 23 36
c 83 86 42 70 36
c 5 82 76 77 177
c 2 6 45 33 68
c 48 50 7 66 137
c 1 2 74 76 76
c 52 53 52 35 106
c 96 2 81 86 76
c 55 59 50 22 143
c 81 16 48 53 64
c 99 5 37 76 135
c 18 89 84 86 150
c 10 94 26 31 89
c 79 81 99 4 177
c 90 18 21 23 62
c 19 20 37 41 145
c 85 86 69 51 172
c 41 43 38 0 162
c 11 40 78 79 164
c 20 26 50 56 193
c 25 31 61 85 175
c 46 48 8 13 149
c 97 2 61 66 95
c 32 39 58 27 38
c 8 11 77 78 51
c 74 79 46 10 194
c 88 91 57 58 178
c 46 53 85 87 69
c 1 64 59 60 193
c 22 23 25 26 52
c 7 8 36 23 170
c 54 57 3 9 63
c 64 69 25 31 55
c 88 36 95 16 166
c 65 68 78 84 104
c 84 85 23 25 182
c 38 44 90 93 37
c 33 35 99 72 108
c 27 72 43 47 90
c 71 76 54 57 96
c 95 97 7 66 69
c 78 57 63 66 97
c 66 57 29 94 55
c 98 42 31 36 56
c 98 42 3 6 100
c 6 12 74 76 160
c 66 12 33 50 154
c 97 93 68 72 96
c 3 4 92 94 85
c 2 71 3 10 158
c 49 53 78 79 195
c 73 75 27 28 104
c 40 42 3 5 90
c 49 94 93 0 67
c 69 70 74 80 36
c 64 82 4 83 28
c 62 64 21 24 103
c 60 26 68 75 77
c 29 40 55 22 34
c 16 0 78 33 71
c 83 66 25 26 175
c 44 46 94 70 172
c 12 13 21 27 162
c 28 31 8 51 74
c 1 7 41 46 63
c 3 73 61 67 112
c 49 62 43 55 41
c 94 98 65 31 54
c 46 47 95 1 55
c 77 82 11 18 184
c 20 89 99 0 188
c 68 5 65 72 154
c 45 46 58 38 148
c 82 64 34 37 51
c 22 62 67 71 171
c 59 91 20 25 140
c 48 10 99 5 120
c 35 38 25 24 51
c 29 49 72 79 58
c 55 61 3 9 149
c 0 3 34 89 101
c 15 18 2 7 112
c 57 61 25 26 28
c 98 5 42 45 47
c 95 96 34 37 139
c 69 70 80 26 133
c 2 8 40 4 109
c 72 79 90 96 173
c 74 76 61 80 173
c 85 0 89 11 157
c 0 1 82 88 121
c 18 3 12 17 186
c 57 76 39 42 67
c 27 28 22 62 79
c 49 51 11 18 131
c 58 64 14 21 93
c 52 59 93 11 177
c 29 94 26 27 195
c 33 73 0 54 125
c 85 89 59 63 49
c 57 73 59 60 60
c 41 44 67 73 195
c 25 52 53 60 38
c 30 34 62 67 153
c 74 40 8 13 188
c 39 42 63 69 163
c 0 6 61 68 101
c 98 59 7 8 101
c 82 36 18 20 68
c 90 42 64 68 178
c 48 54 89 90 153
c 4 9 2 11 126
c 58 64 67 71 41
c 16 42 85 36 75
c 62 72 14 97 71
c 28 31 73 78 26
c 96 98 14 18 90
c 22 26 93 9 45
c 97 98 92 99 33
c 11 12 35 37 132
c 26 32 45 47 179
c 58 60 20 46 168
c 39 12 97 88 155
c 14 21 16 17 188
c 78 96 52 35 112
c 81 87 22 24 117
c 74 79 24 28 70
c 85 7 59 63 153
c 67 78 6 10 102
c 46 15 75 77 174
c 74 77 38 41 80
c 99 57 56 33 138
c 46 95 16 20 134
c 2 71 25 52 46
c 45 50 5 7 87
c 78 84 51 78 155
c 85 0 66 1 181
c 20 22 66 1 179
c 28 31 90 24 177
c 74 40 77 83 66
c 88 94 5 9 86
c 41 48 76 68 162
c 56 57 11 16 66
c 73 76 31 37 134
c 32 38 4 23 128
c 9 13 4 7 63
c 80 50 72 12 113
c 84 90 75 77 197
c 62 65 48 52 118
c 4 8 7 12 193
c 47 11 42 44 144
c 36 23 44 96 69
c 95 18 11 40 57
c 56 60 50 55 163
c 44 90 4 9 28
c 90 94 87 91 175
c 16 23 39 40 52
c 49 45 50 9 190
c 13 77 51 55 144
c 15 17 25 52 105
c 69 71 71 78 48
c 30 35 91 96 138
c 73 76 82 87 105
c 45 35 24 30 187
c 54 59 21 87 143
c 52 57 6 64 37
c 43 55 98 1 186
c 82 88 67 56 124
c 52 56 30 34 41
c 69 74 18 24 169
c 73 74 72 77 71
c 32 66 90 92 113
c 74 78 17 66 175
c 24 28 70 92 164
c 86 89 94 56 75
c 96 0 69 27 88
c 69 38 9 8 198
c 97 99 92 28 196
c 78 83 12 13 146
c 20 46 67 71 124
c 38 42 88 91 81
c 57 60 98 27 103
c 63 68 52 54 97
c 88 33 73 75 182
c 2 5 81 16 133
c 85 0 99 2 101
c 84 82 71 30 25
c 16 54 70 92 67
c 22 23 39 43 27
c 0 78 54 59 109
c 61 66 26 28 136
c 30 36 67 78 49
c 38 44 64 17 170
c 22 27 85 86 105
c 58 65 46 95 112
c 83 86 69 70 35
c 17 92 22 24 92
c 90 94 60 96 169
c 97 99 67 70 123
c 15 31 74 76 170
c 81 67 32 66 136
c 59 61 52 35 54
c 12 17 2 7 184
c 62 65 37 79 121
c 53 21 15 36 185
c 63 69 81 85 122
c 41 47 27 28 68
c 58 27 50 56 59
c 48 27 68 73 102
c 68 75 63 98 46
c 84 90 54 55 155
c 78 84 68 75 159
c 21 22 98 27 34
c 74 80 65 72 56
c 5 9 78 84 50
c 50 54 50 71 68
c 75 80 39 40 61
c 64 63 0 54 54
c 87 34 27 97 151
c 12 18 70 74 117
c 61 85 33 35 181
c 55 57 91 89 196
c 6 99 3 55 192
c 5 12 36 39 63
c 10 2 16 0 143
c 60 61 16 42 60
c 30 35 71 76 174
c 35 86 25 28 180
c 5 11 23 29 67
c 49 53 34 39 144
c 48 10 45 33 111
c 25 73 4 11 123
c 71 59 79 62 149
c 23 63 67 76 58
c 78 79 0 1 41
c 13 26 59 6 105
c 42 0 37 41 132
c 57 58 98 2 61
c 10 94 64 69 194
c 55 56 72 74 82
c 84 37 45 52 81
c 62 65 34 36 152
c 85 87 49 43 28
c 80 84 27 34 152
c 39 45 82 56 52
c 21 25 17 66 96
c 9 15 29 36 29
c 28 38 71 73 33
c 75 81 87 91 180
c 68 97 29 34 131
c 27 28 69 45 50
c 3 86 54 57 166
c 2 4 54 57 62
c 49 52 87 88 92
c 41 46 17 24 195
c 66 36 21 87 89
c 61 80 40 42 130
c 85 91 4 10 147
c 66 72 7 10 168
c 67 36 47 53 157
c 58 64 66 71 179
c 65 68 67 76 178
c 0 54 23 28 71
c 81 82 50 1 168
c 18 89 46 53 102
c 4 23 23 67 66
c 45 47 72 97 140
c 4 5 70 92 85
c 59 66 34 89 141
c 43 44 10 16 166
c 12 17 7 8 49
c 31 38 79 84 146
c 24 29 2 3 135
c 41 42 73 78 54
c 34 35 84 85 116
c 69 45 5 10 171
c 86 87 94 56 113
c 88 95 46 53 129
c 74 77 81 85 181
c 21 26 80 71 80
c 55 61 81 87 185
c 59 0 13 17 49
c 78 84 71 60 59
c 71 78 29 33 73
c 55 58 20 25 180
c 13 18 80 50 151
c 86 96 23 26 103
c 6 9 30 79 34
c 24 31 14 16 73
c 35 40 18 22 177
c 65 2 70 92 61
c 62 72 14 21 27
c 75 76 51 57 118
c 9 11 32 33 78
c 25 24 86 96 56
c 40 60 83 85 67
c 61 63 44 96 135
c 2 8 95 0 65
c 3 98 58 65 94
c 13 98 15 22 164
c 6 11 5 9 78
c 91 95 13 16 164
c 70 90 65 70 75
c 33 34 42 45 144
c 56 62 33 34 93
c 59 0 49 94 27
c 68 75 46 24 119
c 75 78 40 47 42
c 66 57 82 64 154
c 42 46 55 43 43
c 90 96 12 96 60
c 59 63 19 24 86
c 89 95 42 49 40
c 63 65 12 99 92
c 43 49 86 87 103
c 51 57 32 36 144
c 12 13 82 86 45
c 95 0 61 80 167
c 17 21 83 88 90
c 13 37 87 90 144
c 61 64 31 36 66
c 27 34 18 20 147
c 25 29 33 39 62
c 70 74 19 26 188
c 41 47 88 94 175
c 78 96 6 7 133
c 13 77 61 38 41
c 82 64 58 63 69
c 95 99 6 99 125
c 88 1 66 73 39
c 21 23 62 67 142
c 39 43 68 69 135
c 77 18 69 27 43
c 99 72 26 73 138
c 82 36 22 27 169
c 99 62 95 96 122
c 8 9 59 72 150
c 42 46 61 80 122
c 65 2 95 97 61
c 34 38 18 66 27
c 64 66 37 40 152
c 52 67 72 78 137
c 18 25 33 35 40
c 23 85 50 52 191
c 48 51 50 56 145
c 23 26 6 13 90
c 34 36 63 57 143
c 95 18 11 13 110
c 1 4 69 71 92
c 85 36 43 45 27
c 58 99 48 50 60
c 82 85 6 64 138
c 70 75 33 39 109
c 90 95 60 0 60
c 95 33 82 56 35
c 60 65 89 94 174
c 79 81 65 71 83
c 59 6 71 76 184
c 49 55 75 24 82
c 33 36 63 98 47
c 29 94 59 66 89
c 91 97 59 63 129
c 29 94 83 86 40
c 17 22 55 57 181
c 71 59 78 80 63
c 49 55 2 6 148
c 71 75 79 82 156
c 75 81 37 98 33
c 32 39 58 59 169
c 11 13 13 46 146
c 9 59 3 4 79
c 56 57 65 71 127
c 51 50 82 84 93
c 34 35 93 9 179
c 59 63 29 36 57
c 38 18 46 53 96
c 22 28 15 36 194
c 69 75 56 62 133
c 89 92 49 54 61
c 20 46 72 75 183
c 15 36 89 67 169
c 16 54 33 72 192
c 36 41 29 36 64
c 97 98 10 15 81
c 65 66 5 9 158
c 83 88 72 12 70
c 26 30 99 4 144
c 24 28 19 24 138
c 23 28 2 3 164
c 55 58 1 7 45
c 76 80 10 12 68
c 66 41 26 28 61
c 32 56 99 5 127
c 56 63 75 80 178
c 51 53 60 62 77
c 93 94 54 78 181
c 50 53 53 58 166
c 34 89 99 3 162
c 98 1 20 25 27
c 65 2 5 8 142
c 55 58 81 87 53
c 32 34 87 34 183
c 41 34 45 46 128
c 38 44 78 79 28
c 48 55 58 25 64
c 44 90 17 24 44
c 85 88 83 87 173
c 89 67 71 78 71
c 50 54 26 29 86
c 5 7 28 31 153
c 37 98 35 41 57
c 81 86 21 27 37
c 55 43 35 39 135
c 59 65 37 76 46
c 90 24 1 4 120
c 2 3 70 71 86
c 87 88 76 82 90
c 17 92 54 60 151
c 84 88 1 6 129
c 38 18 41 44 137
c 97 98 58 60 31
c 34 89 78 85 149
c 39 33 0 2 145
c 39 42 27 28 150
c 58 63 32 36 126
c 80 86 47 50 101
c 61 63 85 48 87
c 77 78 9 10 147
c 86 87 21 22 59
c 75 24 88 33 196
c 58 25 48 52 47
c 84 90 12 13 72
c 11 16 51 50 98
c 54 56 81 83 50
c 48 31 71 59 161
c 60 77 35 36 133
c 73 9 71 30 49
c 64 82 49 53 185
c 69 51 61 80 26
c 99 2 20 23 94
c 35 39 47 31 166
c 68 1 68 10 151
c 59 65 7 13 175
c 32 69 41 46 125
c 21 22 84 86 66
c 97 71 67 72 51
c 18 25 16 0 176
c 72 66 23 25 104
c 57 96 67 72 44
c 65 67 27 29 140
c 65 2 53 60 147
c 12 18 16 22 101
c 94 89 33 34 153
c 96 2 43 44 195
c 46 50 22 24 108
c 29 36 33 4 135
c 29 40 42 49 35
c 33 35 2 44 68
c 65 69 93 0 137
c 48 52 42 47 29
c 50 1 6 7 107
c 31 34 29 30 84
c 41 43 1 7 26
c 48 51 19 24 94
c 33 39 71 60 115
c 36 42 66 1 154
c 23 67 67 73 170
c 75 82 20 27 31
c 42 51 63 65 138
c 97 1 1 6 74
c 66 36 6 8 140
c 48 54 79 86 155
c 30 31 7 33 168
c 95 98 24 27 105
c 50 54 74 81 125
c 9 15 2 44 50
c 14 76 24 25 72
c 67 72 62 67 131
c 48 49 37 98 170
c 18 20 89 95 140
c 58 99 28 33 180
c 84 89 13 46 158
c 78 46 64 68 82
c 85 91 4 83 160
c 92 98 94 95 48
c 67 56 85 86 41
c 88 33 91 94 167
c 51 57 15 26 110
c 53 59 78 82 61
c 16 23 14 97 100
c 21 28 90 91 32
c 80 86 54 56 29
c 51 53 69 70 79
c 79 85 68 5 88
c 61 38 88 7 82
c 12 96 28 32 36
c 42 43 35 38 44
c 0 78 50 54 184
c 1 5 56 59 48
c 44 49 81 88 112
c 59 65 9 11 110
c 16 0 18 23 97
c 9 12 15 21 97
c 49 50 42 49 69
c 41 34 99 0 84
c 53 56 63 57 138
c 42 48 10 14 199
c 13 77 70 92 94
c 71 77 14 20 118
c 15 18 11 13 178
c 98 0 78 83 73
c 65 70 18 23 77
c 67 73 89 11 165
c 10 16 1 5 142
c 11 18 95 2 193
c 24 29 66 57 160
c 41 48 54 55 91
c 8 9 70 75 181
c 71 18 44 18 80
c 71 73 21 24 132
c 6 9 54 58 26
c 49 54 60 67 150
c 88 1 88 89 96
c 38 32 32 34 140
c 65 70 73 74 171
c 42 43 19 93 28
c 25 28 51 58 43
c 73 46 81 87 152
c 39 58 43 48 159
c 10 11 97 3 42
c 92 26 66 67 177
c 33 34 25 58 42
c 45 52 85 36 66
c 94 95 98 0 80
c 88 36 24 30 108
c 4 6 7 14 165
c 64 82 58 46 152
c 10 12 42 49 29
c 50 71 12 19 43
c 46 15 29 35 198
c 40 44 63 98 170
c 17 19 25 29 162
c 90 24 97 71 122
c 27 33 6 10 158
c 35 39 7 66 133
c 79 82 33 4 32
c 6 64 89 94 80
c 37 39 36 97 186
c 99 4 61 62 191
c 25 26 28 96 186
c 61 85 65 69 133
c 16 23 62 67 143
c 16 17 16 54 168
c 44 46 85 86 91
c 5 16 15 26 138
c 24 71 60 61 161
c 1 8 51 7 56
c 89 11 15 36 79
c 26 79 22 27 116
c 51 53 60 61 26
c 57 64 70 76 37
c 26 55 74 75 190
c 18 66 76 80 114
c 24 25 17 23 173
c 76 83 90 92 43
c 53 21 31 36 42
c 5 16 6 8 152
c 50 53 70 77 83
c 50 32 29 32 173
c 2 9 99 6 140
c 44 47 46 51 146
c 16 18 97 93 119
c 68 70 89 91 142
c 51 55 92 99 171
c 25 52 48 54 91
c 68 70 46 49 184
c 24 25 84 91 193
c 94 1 86 92 118
c 10 17 40 45 99
c 60 20 58 60 65
c 85 87 38 42 79
c 54 60 42 72 110
c 46 24 86 89 29
c 8 12 23 25 148
c 72 77 66 69 148
c 87 90 31 47 83
c 83 85 7 11 178
c 14 16 79 81 50
c 57 62 31 36 83
c 21 25 28 33 33
c 14 16 2 7 78
c 38 43 79 86 117
c 92 99 94 98 150
c 68 1 32 56 58
c 79 83 47 41 65
c 29 30 89 94 134
c 97 8 23 39 166
c 12 15 83 90 131
c 85 92 20 23 142
c 2 6 31 36 93
c 82 84 71 74 74
c 41 92 4 8 151
c 14 21 96 35 30
c 87 92 3 10 132
c 85 91 97 48 65
c 61 66 5 12 26
c 78 85 32 33 119
c 95 97 26 79 137
c 34 39 74 3 82
c 23 30 37 23 159
c 38 18 67 74 77
c 80 85 72 74 61
c 91 89 1 3 143
c 15 16 50 1 57
c 60 67 88 89 182
c 48 53 87 88 101
c 82 89 90 24 86
c 6 9 14 85 61
c 54 55 57 63 195
c 80 81 98 5 75
c 56 33 85 89 153
c 80 84 15 21 116
c 95 0 58 90 79
c 35 36 9 59 57
c 38 32 65 64 26
c 3 55 9 12 89
c 76 39 19 21 50
c 29 32 45 51 77
c 24 12 85 87 168
c 16 24 4 6 113
c 1 8 32 33 163
c 76 83 50 51 151
c 25 28 35 36 68
c 90 95 11 16 185
c 42 44 11 17 59
c 97 93 9 10 173
c 69 73 60 77 148
c 73 81 46 51 93
c 8 16 3 73 126
c 27 33 66 73 146
c 45 48 94 95 63
c 38 0 66 36 110
c 0 54 97 71 92
c 28 38 49 54 142
c 89 95 30 34 199
c 89 93 44 47 173
c 59 0 54 61 75
c 25 52 67 42 170
c 88 7 44 49 91
c 30 32 37 79 84
c 21 27 23 30 152
c 28 31 2 3 182
c 2 6 50 57 61
c 76 83 14 19 195
c 16 18 74 76 188
c 85 48 37 43 68
c 81 16 57 59 89
c 16 23 79 64 75
c 84 87 89 93 50
c 13 16 17 19 115
c 46 52 24 28 80
c 95 18 32 36 198
c 10 12 92 96 136
c 64 66 25 28 146
c 98 2 99 62 192
c 59 64 56 60 164
c 13 17 14 18 191
c 87 92 74 77 153
c 41 48 66 12 69
c 19 23 9 8 94
c 56 60 82 88 82
c 15 19 54 55 142
c 38 32 32 33 194
c 78 81 24 28 187
c 73 80 7 12 73
c 50 53 50 32 151
c 67 69 21 36 64
c 38 45 91 98 82
c 75 86 90 94 126
c 87 88 60 62 86
c 22 27 62 72 151
c 2 44 99 4 163
c 69 71 8 10 47
c 58 27 1 64 39
c 1 3 3 7 101
c 13 20 28 32 118
c 33 72 88 90 67
c 34 37 10 94 55
c 68 97 4 11 111
c 84 88 15 19 187
c 95 96 80 83 93
c 24 27 1 5 197
c 17 66 19 93 31
c 25 52 36 43 94
c 86 96 80 26 114
c 80 71 37 39 67
c 30 36 67 76 68
c 30 31 95 97 60
c 71 79 78 24 112
c 95 2 7 66 141
c 9 14 7 8 123
c 17 22 83 66 100
c 62 67 73 25 37
c 74 76 40 60 99
c 90 46 52 67 26
c 93 99 86 87 59
c 69 72 78 84 194
c 38 39 40 45 84
c 85 89 89 96 132
c 84 37 64 28 176
c 56 62 19 25 51
c 68 86 79 62 87
c 97 99 5 99 72
c 42 44 62 65 95
c 89 11 57 73 179
c 51 7 85 7 35
c 95 99 16 61 139
c 93 99 19 22 120
c 69 76 80 87 64
c 51 78 85 36 159
c 51 78 95 18 125
c 64 20 87 91 112
c 48 27 45 52 165
c 55 43 94 40 57
c 58 46 52 35 90
c 3 8 3 86 103
c 5 62 52 35 78
c 25 58 58 63 66
c 19 25 85 66 94
c 67 71 95 0 122
c 88 93 12 96 47
c 46 15 93 95 30
c 66 69 65 71 113
c 89 92 8 79 172
c 79 83 80 84 102
c 74 78 65 22 58
c 44 90 68 71 87
c 56 63 67 78 185
c 73 74 91 97 41
c 45 33 3 10 92
c 28 49 84 88 168
c 97 3 75 76 185
c 93 98 26 27 94
c 18 40 80 87 119
c 50 13 25 29 29
c 63 67 59 64 103
c 37 79 28 29 63
c 26 30 53 55 130
c 72 74 52 58 42
c 61 62 52 56 191
c 96 3 30 79 142
c 1 5 81 84 90
c 0 4 36 43 102
c 63 13 32 35 65
c 67 73 29 35 182
c 57 58 63 98 38
c 96 1 21 22 29
c 14 17 7 66 111
c 73 78 52 59 51
c 80 87 27 29 76
c 89 46 66 1 74
c 33 4 54 61 137
c 99 72 83 66 105
c 25 32 74 79 93
c 49 50 9 10 129
c 7 12 52 58 136
c 53 54 93 9 197
c 74 76 68 70 163
c 53 57 78 57 124
c 95 98 63 67 82
c 14 19 90 46 61
c 31 32 15 16 117
c 36 40 82 56 167
c 24 26 53 58 168
c 20 25 46 49 55
c 23 67 3 9 141
c 52 53 30 32 115
c 9 15 89 93 166
c 20 23 36 39 83
c 31 35 9 16 32
c 37 98 31 34 69
c 46 24 5 7 194
c 42 51 57 96 80
c 0 7 71 79 173
c 15 17 73 75 41
c 73 79 56 33 160
c 26 73 59 0 87
c 68 71 99 57 166
c 68 71 26 75 51
c 92 98 38 44 140
c 72 88 42 45 85
c 86 89 53 58 44
c 83 89 64 20 167
c 89 11 93 95 161
c 49 94 72 97 169
c 19 23 30 36 63
c 36 40 87 47 140
c 94 98 74 75 117
c 96 35 5 99 85
c 15 22 29 87 171
c 95 0 68 69 90
c 49 94 34 38 89
c 83 90 34 41 142
c 85 90 13 16 92
c 40 42 96 98 183
c 18 20 80 86 148
c 43 45 85 7 179
c 52 67 84 37 192
c 16 22 63 66 70
c 75 79 58 90 124
c 35 41 76 81 175
c 79 62 57 58 82
c 78 84 75 81 100
c 42 48 97 88 180
c 45 33 89 95 121
c 73 46 3 98 151
c 23 24 61 68 187
c 80 82 75 77 63
c 50 32 89 11 95
c 38 39 87 89 99
c 73 75 87 91 113
c 92 96 19 26 175
c 58 64 21 28 112
c 55 62 43 45 87
c 15 36 62 63 44
c 63 67 42 43 26
c 36 23 6 99 58
c 7 14 7 66 38
c 91 95 61 38 89
c 90 92 8 9 188
c 94 0 2 5 100
c 73 75 48 50 94
c 79 47 79 85 172
c 25 31 75 77 164
c 25 58 34 41 104
c 74 80 22 25 62
c 25 24 13 98 87
c 84 87 2 6 69
c 11 18 97 48 77
c 17 66 67 69 147
c 69 38 95 0 115
c 35 37 96 99 113
c 7 33 70 74 165
c 40 46 83 26 194
c 72 12 58 62 179
c 18 21 91 96 53
c 42 44 78 53 63
c 71 74 5 7 122
c 35 39 68 5 29
c 73 76 63 65 199
c 21 13 12 19 190
c 55 39 37 23 158
c 56 57 78 57 164
c 31 35 77 79 156
c 32 37 89 67 199
c 57 64 45 51 151
c 51 7 15 36 174
c 69 27 6 10 105
c 85 91 77 84 183
c 91 92 32 39 158
c 26 32 71 75 175
c 97 3 99 72 166
c 95 98 81 31 128
c 93 99 44 41 52
c 6 64 39 58 50
c 93 97 77 87 87
c 79 72 9 24 118
c 71 18 91 89 114
c 18 66 65 66 89
c 11 16 25 27 55
c 67 78 50 55 87
c 97 88 1 3 125
c 2 6 0 7 197
c 39 45 9 11 199
c 33 34 51 53 84
c 3 98 16 23 135
c 51 78 41 45 77
c 12 13 11 15 41
c 75 79 36 43 132
c 15 19 61 85 153
c 16 42 91 98 111
c 61 65 93 94 97
c 44 48 53 21 171
c 88 7 80 86 71
c 13 14 55 22 48
c 26 29 80 81 176
c 84 37 11 14 36
c 97 98 39 58 79
c 68 74 56 59 132
c 63 67 35 37 195
c 25 28 84 82 175
c 4 83 25 58 135
c 95 33 63 69 178
c 55 60 68 75 121
c 26 32 49 43 75
c 78 79 80 85 163
c 95 18 23 30 177
c 35 51 66 12 199
c 90 95 20 23 162
c 17 22 76 68 161
c 22 28 22 62 167
c 21 23 92 93 133
c 13 15 13 16 114
c 15 19 44 52 131
c 23 85 42 48 177
c 73 79 90 46 45
c 32 35 24 30 32
c 4 7 74 80 74
c 56 63 41 48 100
c 93 94 72 74 71
c 41 48 10 12 122
c 18 24 60 77 46
c 54 57 1 4 143
c 59 60 53 60 49
c 69 70 0 78 168
c 76 17 81 31 98
c 55 61 63 57 72
c 72 97 71 72 175
c 22 28 93 94 92
c 6 10 24 30 108
c 11 15 21 24 72
c 39 41 69 51 148
c 94 40 99 0 150
c 89 94 40 47 99
c 49 46 74 81 86
c 13 19 87 92 47
c 19 93 59 63 134
c 61 67 23 85 75
c 64 65 44 41 137
c 21 28 35 36 26
c 59 64 80 71 161
c 79 80 10 13 195
c 60 65 50 13 48
c 36 41 41 34 105
c 18 3 43 49 75
c 7 9 59 0 157
c 69 51 59 65 118
c 47 52 58 90 138
c 15 22 80 83 133
c 26 32 88 1 88
c 0 54 98 59 38
c 75 76 55 56 94
c 79 72 61 80 181
c 99 1 72 78 158
c 28 31 64 63 146
c 0 7 59 61 95
c 49 45 33 50 102
c 85 66 54 78 34
c 51 58 61 80 121
c 66 57 51 52 25
c 94 96 10 94 184
c 11 13 57 64 50
c 50 54 39 12 176
c 78 79 81 85 27
c 39 46 2 4 50
c 8 14 54 58 35
c 38 40 64 17 52
c 43 45 48 50 132
c 39 41 79 81 49
c 52 29 32 63 77
c 81 87 19 24 117
c 39 43 72 73 67
c 44 90 41 46 84
c 22 25 69 76 195
c 44 96 41 48 155
c 99 24 14 15 57
c 23 67 32 33 33
c 92 65 73 81 151
c 92 99 9 8 26
c 63 98 15 26 85
c 68 73 37 38 181
c 55 39 53 60 66
c 80 87 8 15 79
c 21 36 54 78 28
c 29 35 62 67 150
c 2 6 34 89 171
c 26 73 22 23 134
c 7 9 77 18 67
c 90 96 35 39 98
c 23 39 93 94 82
c 42 43 14 85 28
c 82 85 95 98 124
c 26 79 56 58 141
c 7 8 75 24 63
c 44 50 27 33 198
c 84 98 31 33 164
c 87 34 72 78 119
c 31 38 82 85 171
c 47 44 14 16 64
c 59 72 38 0 194
c 30 35 6 8 147
c 14 97 51 53 199
c 46 49 6 7 142
c 97 48 19 93 30
c 2 6 43 49 75
c 49 94 45 50 87
c 8 16 6 7 122
c 29 36 40 45 185
c 35 38 86 93 198
c 85 87 98 99 133
c 25 27 83 90 86
c 39 45 46 50 168
c 99 5 47 48 30
c 99 57 75 24 195
c 51 55 62 67 196
c 5 10 17 19 81
c 42 0 60 64 124
c 30 34 28 29 60
c 9 12 26 28 107
c 87 92 75 86 38
c 18 21 70 90 30
c 18 19 59 60 74
c 52 55 44 49 65
c 14 85 28 29 109
c 99 6 45 49 66
c 56 63 92 96 176
c 81 31 28 53 188
c 4 6 87 34 198
c 47 52 62 67 30
c 44 51 75 4 114
c 32 33 93 99 188
c 64 65 77 79 191
c 89 93 57 61 117
c 85 91 34 39 176
c 12 96 8 10 105
c 64 82 95 18 26
c 11 13 55 61 195
c 52 29 14 85 168
c 15 18 18 3 187
c 14 15 15 18 191
c 49 55 81 31 166
c 60 65 28 29 185
c 53 58 3 7 195
c 41 57 78 83 42
c 48 55 87 47 118
c 70 12 63 64 105
c 73 78 90 97 135
c 42 48 13 26 151
c 64 68 99 5 150
c 79 82 78 24 110
c 53 55 30 77 150
c 0 1 28 29 182
c 57 64 3 6 113
c 93 97 85 48 199
c 70 76 76 17 141
c 39 12 86 93 88
c 94 96 6 11 196
c 88 1 41 92 154
c 47 49 76 80 130
c 90 18 5 82 82
c 93 9 49 51 111
c 69 71 21 23 99
c 4 6 55 57 142
c 41 57 99 72 70
c 20 30 42 44 135
c 50 1 69 70 27
c 25 73 72 79 69
c 64 63 73 25 191
c 23 28 40 46 48
c 52 67 71 30 96
c 67 71 40 43 86
c 99 0 82 83 37
c 16 0 93 99 72
c 55 57 30 33 43
c 40 4 76 17 171
c 65 68 35 39 103
c 58 63 52 59 117
c 14 19 38 32 104
c 81 67 35 39 135
c 25 73 64 68 112
c 44 52 98 0 80
c 52 55 91 24 180
c 41 45 71 73 120
c 95 33 67 56 69
c 16 61 83 84 56
c 30 37 24 30 56
c 69 27 81 82 156
c 81 85 27 29 56
c 62 65 35 36 169
c 36 43 50 71 105
c 44 96 57 96 54
c 66 74 69 27 190
c 58 27 20 22 155
c 43 47 6 8 169
c 24 28 79 62 63
c 7 66 89 46 102
c 47 41 68 1 94
c 57 96 31 37 182
c 91 24 2 3 94
c 31 47 55 61 144
c 84 90 19 20 133
c 19 23 88 95 185
c 50 71 32 35 35
c 82 85 25 31 65
c 80 81 80 26 190
c 28 31 34 95 169
c 28 53 24 30 59
c 9 16 49 43 35
c 86 89 75 80 76
c 79 82 83 66 38
c 76 80 75 4 131
c 36 38 56 59 78
c 58 25 95 66 168
c 64 63 1 6 67
c 21 36 68 74 95
c 28 38 44 48 176
c 85 91 21 28 181
c 85 92 70 77 155
c 89 93 8 9 158
c 13 77 31 35 93
c 82 36 53 55 123
c 11 17 16 22 198
c 42 43 64 20 72
c 77 81 72 73 186
c 9 14 44 47 120
c 85 0 45 46 177
c 71 74 15 26 65
c 48 51 18 21 33
c 0 3 85 86 51
c 93 11 15 22 96
c 1 6 63 65 196
c 80 50 30 37 199
c 16 54 51 78 63
c 2 11 8 51 163
c 82 86 37 42 143
c 85 7 30 34 101
c 1 5 23 30 142
c 11 16 86 89 110
c 86 90 51 58 67
c 25 31 65 67 169
c 10 16 76 39 131
c 37 79 7 24 54
c 98 99 88 93 118
c 93 11 51 54 54
c 59 60 68 70 153
c 93 95 16 18 61
c 94 18 5 7 159
c 97 8 10 14 86
c 8 16 64 63 72
c 86 87 72 88 120
c 31 35 35 36 100
c 16 23 29 34 147
c 6 99 80 71 190
c 60 63 95 96 137
c 48 50 15 21 40
c 17 22 11 17 160
c 94 40 6 8 32
c 60 96 11 17 26
c 24 29 35 51 59
c 81 84 55 39 120
c 33 40 71 78 43
c 90 96 88 33 37
c 61 38 24 31 61
c 71 72 85 89 54
c 69 73 12 17 106
c 46 15 25 31 60
c 6 9 83 89 100
c 41 42 26 75 145
c 37 79 46 95 27
c 3 5 97 1 136
c 71 79 17 24 32
c 3 8 35 36 112
c 89 90 16 20 33
c 50 13 68 5 111
c 42 49 7 10 127
c 61 68 40 60 70
c 8 79 67 73 59
c 44 51 77 79 137
c 33 36 53 56 127
c 53 55 69 27 89
c 44 51 70 74 199
c 4 9 88 95 92
c 30 35 71 18 127
c 77 81 79 62 178
c 45 49 88 36 34
c 98 99 8 16 102
c 25 31 15 26 135
c 21 24 25 58 31
c 81 85 99 4 94
c 23 67 39 40 169
c 18 24 82 86 66
c 95 96 19 21 193
c 70 12 50 57 142
c 49 62 14 76 172
c 24 30 74 76 173
c 34 95 8 16 107
c 34 39 23 39 153
c 66 1 55 13 159
c 62 72 89 93 71
c 93 97 38 40 75
c 61 23 74 75 85
c 66 1 96 1 198
c 83 90 77 87 190
c 9 16 81 16 109
c 57 61 50 57 149
c 5 6 47 54 70
c 31 47 51 53 72
c 54 58 51 55 161
c 72 79 86 93 74
c 84 89 95 18 115
c 61 85 36 40 49
c 4 23 44 90 45
c 81 84 25 24 112
c 57 58 79 64 148
c 11 16 44 45 132
c 6 64 49 54 198
c 37 79 57 61 47
c 46 53 32 63 26
c 48 49 69 75 154
c 25 16 76 82 69
c 0 3 1 4 192
c 89 91 18 22 176
c 65 66 85 87 156
c 30 33 64 63 142
c 98 59 71 79 85
c 76 68 93 99 199
c 62 69 31 33 90
c 26 28 53 21 96
c 18 66 81 87 58
c 48 10 88 33 52
c 64 69 82 36 79
c 52 67 66 68 41
c 91 97 95 18 119
c 81 85 81 82 77
c 99 57 80 87 53
c 21 23 11 40 159
c 66 70 18 25 82
c 60 0 28 30 44
c 48 10 82 84 82
c 72 66 58 99 88
c 12 13 50 52 117
c 25 31 48 51 127
c 89 46 85 0 52
c 46 95 28 30 58
c 41 48 46 10 107
c 63 69 68 5 157
c 72 66 35 36 124
c 90 94 63 70 73
c 60 61 52 67 41
c 83 26 25 52 183
c 69 27 58 25 62
c 91 89 31 33 69
c 49 45 28 35 87
c 25 16 40 4 41
c 9 16 43 45 185
c 63 69 88 92 49
c 41 48 78 57 48
c 50 51 48 10 85
c 33 39 91 97 187
c 66 1 20 21 193
c 24 33 45 48 173
c 25 29 48 10 76
c 17 18 32 36 96
c 36 37 0 1 172
c 62 69 52 58 133
c 7 10 75 80 111
c 4 10 18 25 33
c 50 56 25 58 61
c 29 40 25 24 163
c 14 16 5 6 100
c 93 0 58 27 63
c 49 51 67 76 155
c 12 85 44 41 45
c 75 80 53 55 101
c 15 31 47 11 193
c 45 50 95 0 27
c 90 46 30 34 107
c 27 29 97 93 163
c 94 89 40 45 69
c 29 33 76 39 29
c 39 33 66 74 138
c 92 94 72 12 108
c 0 4 33 50 137
c 15 20 35 38 80
c 26 27 1 64 49
c 18 21 4 9 78
c 51 50 72 74 51
c 35 41 30 34 191
c 11 14 28 96 127
c 72 88 0 6 90
c 13 77 5 10 49
c 91 95 32 69 34
c 81 84 23 27 111
c 90 97 27 32 104
c 78 96 96 98 199
c 69 45 29 87 199
c 3 7 78 81 141
c 21 28 99 2 103
c 31 34 35 51 97
c 95 2 76 82 59
c 23 67 16 54 84
c 73 77 15 17 54
c 70 72 19 26 70
c 59 0 81 31 87
c 47 49 38 18 171
c 73 74 5 10 184
c 40 60 35 42 154
c 99 3 61 62 84
c 46 48 32 36 139
c 99 24 23 26 150
c 60 67 84 90 89
c 29 49 76 82 61
c 10 12 99 1 142
c 24 27 78 24 153
c 85 48 26 27 191
c 11 15 14 17 167
c 94 1 22 51 62
c 15 20 71 59 74
c 32 34 17 66 199
c 63 69 90 97 158
c 35 37 26 28 181
c 0 4 12 14 169
c 96 0 19 25 42
c 15 21 69 75 119
c 93 96 37 44 98
c 69 51 76 77 76
c 49 45 24 27 93
c 49 54 33 35 143
c 45 35 8 13 184
c 17 66 54 61 42
c 21 25 40 44 157
c 47 53 23 63 197
c 51 57 60 0 144
c 1 8 41 46 102
c 48 55 69 73 72
c 97 98 79 85 90
c 90 46 47 52 90
c 79 82 26 79 154
c 94 1 47 50 163
c 59 61 33 34 110
c 66 69 19 21 163
c 68 86 28 33 58
c 36 39 94 98 90
c 81 85 94 1 172
c 76 78 96 35 139
c 91 92 68 1 155
c 99 72 83 87 69
c 15 16 28 33 96
c 25 26 11 18 78
c 65 31 61 66 61
c 9 8 8 14 94
c 56 57 5 10 117
c 57 76 47 53 176
c 57 64 30 36 81
c 5 7 83 26 188
c 64 82 63 64 116
c 65 64 85 90 56
c 40 60 79 83 95
c 94 95 99 1 163
c 76 78 47 48 131
c 80 84 21 22 182
c 48 10 58 25 168
c 38 42 23 24 173
c 32 35 0 2 149
c 12 13 62 63 138
c 45 52 37 42 66
c 16 20 43 48 150
c 34 89 47 41 27
c 13 46 68 86 89
c 25 73 80 86 104
c 69 27 33 34 58
c 68 71 19 5 54
c 31 47 84 86 156
c 76 39 66 70 26
c 25 52 33 34 169
c 54 78 3 4 116
c 23 67 95 33 39
c 18 66 47 44 57
c 62 67 75 78 106
c 53 70 1 4 49
c 12 14 66 72 118
c 97 99 30 37 130
c 75 78 69 72 149
c 41 34 94 56 164
c 55 62 63 98 118
c 29 34 95 16 182
c 87 89 59 66 46
c 84 90 92 96 120
c 58 65 95 33 189
c 32 66 72 79 171
c 6 11 47 51 178
c 76 17 24 71 79
c 76 78 14 18 154
c 13 17 59 63 158
c 79 72 90 94 151
c 16 23 84 91 196
c 73 46 22 62 192
c 24 26 26 29 119
c 85 36 38 40 122
c 89 93 3 6 26
c 62 66 69 36 181
c 9 15 31 32 98
c 63 68 12 99 173
c 11 16 19 93 80
c 66 1 23 26 186
c 16 61 91 95 190
c 12 19 82 86 83
c 97 88 15 17 64
c 1 64 55 22 166
c 34 38 28 29 96
c 38 40 90 46 90
c 66 68 24 71 139
c 51 7 26 75 175
c 49 46 85 87 84
c 7 24 88 95 47
c 96 35 58 59 49
c 64 66 74 3 174
c 49 94 63 69 121
c 20 26 13 37 114
c 58 27 36 3 184
c 99 5 18 21 101
c 5 8 14 15 140
c 41 92 68 69 184
c 66 1 71 60 122
c 27 29 22 27 188
c 87 88 86 96 66
c 91 95 2 71 182
c 26 28 96 35 56
c 97 8 73 78 113
c 78 81 26 32 191
c 48 50 71 60 171
c 16 17 92 96 143
c 21 26 48 10 48
c 31 37 36 39 193
c 68 75 73 46 61
c 45 33 61 63 199
c 1 3 14 16 39
c 67 71 99 24 45
c 0 1 58 64 101
c 5 99 83 86 167
c 44 65 46 51 103
c 25 29 1 4 36
c 5 11 93 11 109
c 47 48 59 72 74
c 93 97 41 47 67
c 68 73 38 44 27
c 19 5 85 0 155
c 50 52 24 23 167
c 56 33 87 94 158
c 33 4 67 74 37
c 23 24 90 42 102
c 70 73 73 75 147
c 98 4 25 26 154
c 46 10 10 13 184
c 10 14 25 30 193
c 60 26 28 34 173
c 28 31 89 93 134
c 24 28 4 83 101
c 60 0 15 21 105
c 51 54 62 72 156
c 75 79 97 48 72
c 94 98 58 64 145
c 87 93 55 22 121
c 9 8 43 49 89
c 89 90 62 65 93
c 32 63 31 47 114
c 53 57 21 36 42
c 27 28 18 21 171
c 43 55 14 97 164
c 61 68 26 55 78
c 25 16 61 66 189
c 65 66 24 27 153
c 57 96 17 23 195
c 43 55 99 0 53
c 5 6 83 90 79
c 83 89 50 55 192
c 51 53 83 66 100
c 76 79 64 63 151
c 75 82 41 42 199
c 79 80 66 70 106
c 37 38 60 20 94
c 45 49 37 44 156
c 35 41 94 97 84
c 29 87 46 52 170
c 49 53 62 65 58
c 61 23 77 87 115
c 32 35 32 63 93
c 3 4 66 71 73
c 47 49 29 33 150
c 30 31 68 5 136
c 49 55 72 66 184
c 91 95 70 75 136
c 9 12 21 22 80
c 75 80 58 38 178
c 5 8 66 73 170
c 64 28 25 30 155
c 6 11 63 68 169
c 4 6 66 36 43
c 79 81 87 88 125
c 96 99 69 36 106
c 13 77 26 30 171
c 54 61 52 55 168
c 49 53 94 99 184
c 34 37 96 25 32
c 1 8 89 67 134
c 64 68 20 26 194
c 73 25 98 42 113
c 88 90 48 49 27
c 65 66 10 15 48
c 83 88 83 86 96
c 85 86 61 43 184
c 21 24 87 89 193
c 60 66 97 8 71
c 92 96 78 79 101
c 83 89 36 3 196
c 7 13 30 31 102
c 79 83 93 96 90
c 28 32 77 79 107
c 67 70 69 45 192
c 61 62 75 80 148
c 83 87 97 1 168
c 17 66 86 93 142
c 73 9 94 0 51
c 12 17 68 73 37
c 40 43 58 46 187
c 95 97 46 50 188
c 95 98 68 72 104
c 99 6 49 45 170
c 95 0 60 26 138
c 86 93 84 90 31
c 21 72 11 15 150
c 42 43 44 49 78
c 44 96 84 85 126
c 96 98 90 94 52
c 97 8 54 61 89
c 92 98 33 72 117
c 12 16 51 50 176
c 46 95 89 11 56
c 20 26 68 86 127
c 27 32 50 56 42
c 79 84 22 26 31
c 2 5 15 21 130
c 47 41 95 16 98
c 67 68 50 56 110
c 13 16 85 89 37
c 55 61 22 62 165
c 56 53 42 43 188
c 56 62 80 84 150
c 25 32 36 40 125
c 2 11 20 1 41
c 46 50 28 35 33
c 75 76 54 58 42
c 50 13 66 73 79
c 36 41 13 20 30
c 19 20 44 90 145
c 24 23 62 67 175
c 52 35 54 55 52
c 3 7 85 89 102
c 49 50 71 59 59
c 17 66 25 73 27
c 49 53 48 55 165
c 16 87 79 81 78
c 59 91 53 70 97
c 47 11 75 79 110
c 68 5 39 33 109
c 82 83 83 84 98
c 39 43 18 20 73
c 49 51 1 64 70
c 61 62 58 27 125
c 49 53 13 46 47
c 99 72 66 70 48
c 70 73 70 74 83
c 90 95 66 36 179
c 26 55 54 59 61
c 13 16 95 33 152
c 29 34 5 7 158
c 13 46 3 6 52
c 91 98 3 64 199
c 17 22 28 31 106
c 78 96 32 36 87
c 70 75 69 75 136
c 62 69 90 92 113
c 3 5 20 1 50
c 9 59 61 23 62
c 44 90 59 60 143
c 55 59 56 61 125
c 19 5 13 14 179
c 64 28 70 92 145
c 8 11 96 0 69
c 39 58 5 82 85
c 47 54 92 93 143
c 43 44 85 56 31
c 98 5 17 66 109
c 69 74 83 87 86
c 79 47 25 52 112
c 5 12 93 97 198
c 56 58 2 3 182
c 8 14 89 11 74
c 8 9 97 88 98
c 29 87 94 0 170
c 65 22 82 64 84
c 12 14 21 87 171
c 52 54 56 60 186
c 96 99 6 7 132
c 16 17 8 10 52
c 22 29 26 33 102
c 29 94 9 15 145
c 68 70 10 11 152
c 63 64 99 2 95
c 30 32 73 78 41
c 49 54 67 69 114
c 89 93 70 90 134
c 42 0 45 49 63
c 23 63 66 57 68
c 55 58 13 37 41
c 26 33 69 72 74
c 76 78 68 97 162
c 82 86 57 71 113
c 99 24 62 72 60
c 39 40 79 86 53
c 61 62 86 89 25
c 3 8 13 14 173
c 83 66 52 53 151
c 30 34 44 51 87
c 63 98 36 41 196
c 68 72 40 46 164
c 14 97 13 37 71
