notes: n=200, m=3980, elb=1, eub=20, density=0.1, conf_density=0.0001, clb=25, cub= 125, seed= 7544
p spec 200 3980 791
s 0
t 199
a 0 1 6
a 0 102 15
a 0 3 6
a 0 24 19
a 0 117 10
a 0 156 12
a 0 107 5
a 0 44 15
a 0 128 16
a 0 5 8
a 0 48 2
a 0 147 9
a 0 191 1
a 0 82 4
a 0 136 12
a 0 196 16
a 0 84 3
a 0 169 1
a 0 50 3
a 0 52 1
a 1 2 15
a 1 118 2
a 1 100 10
a 1 90 8
a 1 48 2
a 1 6 9
a 1 121 5
a 1 27 9
a 1 81 9
a 1 88 18
a 1 105 15
a 1 172 17
a 1 130 7
a 1 95 8
a 1 136 5
a 1 73 2
a 1 36 9
a 2 3 5
a 2 173 1
a 2 179 11
a 2 33 17
a 2 197 10
a 2 99 6
a 2 12 5
a 2 26 1
a 2 36 1
a 2 10 15
a 2 148 10
a 2 62 16
a 2 127 19
a 2 165 5
a 2 80 10
a 2 182 12
a 2 60 8
a 3 4 3
a 3 168 7
a 3 40 8
a 3 7 15
a 3 175 17
a 3 159 9
a 3 198 5
a 3 21 7
a 3 47 10
a 3 38 13
a 3 90 16
a 3 156 19
a 3 126 6
a 3 169 13
a 3 74 10
a 3 108 16
a 3 143 17
a 3 34 15
a 3 51 1
a 4 5 9
a 4 65 10
a 4 106 3
a 4 153 4
a 4 184 10
a 4 146 9
a 4 83 4
a 4 92 7
a 4 90 13
a 4 111 2
a 4 147 3
a 4 196 16
a 4 43 9
a 4 31 10
a 4 164 9
a 4 194 1
a 4 44 17
a 4 116 12
a 4 70 16
a 4 119 6
a 4 105 16
a 4 195 8
a 4 86 18
a 4 80 6
a 5 6 15
a 5 173 12
a 5 117 16
a 5 58 15
a 5 89 18
a 5 125 18
a 5 152 8
a 5 166 17
a 5 108 6
a 5 105 14
a 5 55 5
a 5 144 6
a 5 37 5
a 5 20 7
a 5 157 15
a 5 115 11
a 5 28 18
a 6 7 19
a 6 189 14
a 6 36 7
a 6 167 17
a 6 33 4
a 6 186 10
a 6 38 17
a 6 80 2
a 6 196 13
a 6 155 3
a 6 173 7
a 6 55 11
a 6 3 1
a 7 8 4
a 7 26 12
a 7 132 1
a 7 61 14
a 7 176 4
a 7 114 10
a 7 107 19
a 7 5 8
a 7 178 3
a 7 43 7
a 7 127 13
a 7 9 18
a 7 1 12
a 7 118 14
a 7 22 9
a 7 180 10
a 7 63 14
a 7 92 6
a 7 105 3
a 7 198 16
a 7 125 17
a 7 128 7
a 7 117 6
a 8 9 17
a 8 54 19
a 8 70 8
a 8 122 17
a 8 123 2
a 8 143 14
a 8 85 12
a 8 174 10
a 8 11 19
a 8 6 10
a 8 91 17
a 8 160 14
a 8 179 16
a 8 163 10
a 8 61 2
a 8 193 12
a 8 10 5
a 8 32 19
a 8 101 4
a 8 198 8
a 9 10 12
a 9 199 19
a 9 162 10
a 9 186 10
a 9 77 4
a 9 140 9
a 9 4 2
a 9 113 15
a 9 192 16
a 9 58 19
a 9 146 14
a 9 179 6
a 9 100 5
a 9 42 17
a 9 71 14
a 9 147 5
a 9 75 11
a 9 5 9
a 9 121 16
a 9 97 10
a 9 133 14
a 9 131 15
a 9 161 1
a 9 135 7
a 9 72 8
a 9 120 1
a 10 11 15
a 10 153 19
a 10 142 8
a 10 26 3
a 10 24 12
a 10 128 4
a 10 144 12
a 10 125 11
a 10 51 3
a 10 115 16
a 10 96 12
a 10 150 18
a 10 54 3
a 10 13 11
a 10 197 6
a 10 157 11
a 10 78 11
a 10 92 12
a 11 12 9
a 11 197 19
a 11 98 12
a 11 180 5
a 11 96 5
a 11 49 8
a 11 2 8
a 11 20 16
a 11 6 16
a 11 3 1
a 11 47 14
a 11 101 17
a 11 149 19
a 11 31 8
a 11 147 17
a 11 74 7
a 11 81 3
a 11 86 17
a 11 17 19
a 11 134 2
a 11 27 13
a 11 186 11
a 11 196 13
a 11 143 1
a 11 53 12
a 12 13 1
a 12 21 11
a 12 97 1
a 12 186 13
a 12 34 17
a 12 46 1
a 12 102 2
a 12 144 1
a 12 171 18
a 12 123 10
a 12 59 3
a 12 188 1
a 12 197 9
a 12 101 10
a 12 36 3
a 12 51 16
a 12 38 9
a 12 91 17
a 12 37 6
a 13 14 19
a 13 60 4
a 13 130 12
a 13 126 5
a 13 141 18
a 13 185 7
a 13 45 9
a 13 129 15
a 13 123 14
a 13 137 2
a 13 165 8
a 13 115 14
a 13 162 16
a 13 21 19
a 13 189 7
a 13 193 18
a 13 149 17
a 13 77 19
a 13 44 13
a 13 35 5
a 13 125 1
a 13 26 16
a 14 15 17
a 14 74 4
a 14 32 5
a 14 171 13
a 14 179 9
a 14 23 17
a 14 127 19
a 14 108 7
a 14 114 8
a 14 17 6
a 14 124 7
a 14 177 4
a 14 48 12
a 14 27 4
a 14 105 6
a 14 147 2
a 14 125 6
a 15 16 10
a 15 46 3
a 15 138 10
a 15 60 15
a 15 129 11
a 15 73 4
a 15 125 11
a 15 174 7
a 15 13 2
a 15 22 13
a 15 110 11
a 15 106 2
a 15 48 6
a 15 35 7
a 16 17 7
a 16 10 1
a 16 166 15
a 16 116 13
a 16 8 4
a 16 74 15
a 16 14 3
a 16 26 6
a 16 103 17
a 16 146 9
a 16 177 14
a 16 145 6
a 16 114 6
a 16 77 10
a 16 105 4
a 16 34 9
a 16 71 6
a 16 162 7
a 16 107 4
a 16 15 17
a 16 122 10
a 17 18 13
a 17 196 11
a 17 6 2
a 17 41 12
a 17 142 7
a 17 159 9
a 17 108 19
a 17 36 19
a 17 90 14
a 17 11 15
a 17 57 14
a 17 70 11
a 17 152 12
a 17 124 12
a 17 67 12
a 17 122 8
a 17 180 2
a 17 128 7
a 17 170 19
a 17 198 14
a 17 106 9
a 17 87 2
a 17 30 5
a 17 15 16
a 17 68 12
a 18 19 7
a 18 63 19
a 18 146 9
a 18 24 14
a 18 113 11
a 18 72 19
a 18 60 4
a 18 189 18
a 18 140 18
a 18 50 18
a 18 103 9
a 18 57 5
a 18 5 10
a 18 170 16
a 18 138 4
a 18 114 11
a 18 185 10
a 18 93 4
a 19 20 16
a 19 196 3
a 19 106 4
a 19 119 16
a 19 82 9
a 19 10 10
a 19 61 12
a 19 57 7
a 19 6 3
a 19 173 1
a 19 141 16
a 19 143 3
a 19 85 6
a 19 139 6
a 19 121 9
a 19 102 3
a 19 144 17
a 19 161 7
a 19 134 16
a 20 21 7
a 20 172 19
a 20 163 15
a 20 48 16
a 20 7 6
a 20 194 18
a 20 40 19
a 20 81 7
a 20 76 11
a 20 12 14
a 20 118 1
a 20 179 4
a 20 113 10
a 20 34 17
a 20 134 9
a 20 29 1
a 20 126 9
a 20 117 15
a 20 114 13
a 20 116 5
a 20 23 17
a 20 178 16
a 20 101 1
a 20 39 16
a 21 22 9
a 21 151 11
a 21 78 11
a 21 63 19
a 21 73 13
a 21 9 9
a 21 88 18
a 21 19 18
a 21 18 16
a 21 105 4
a 21 144 8
a 21 2 17
a 21 86 2
a 21 76 5
a 21 5 13
a 21 166 5
a 21 143 11
a 21 131 12
a 21 177 2
a 21 42 9
a 21 92 12
a 21 196 7
a 21 138 3
a 21 49 17
a 21 85 12
a 21 145 8
a 21 132 3
a 21 165 17
a 22 23 2
a 22 7 1
a 22 132 3
a 22 84 11
a 22 181 5
a 22 45 16
a 22 116 3
a 22 121 1
a 22 67 16
a 22 90 7
a 22 81 18
a 22 172 17
a 22 68 13
a 22 63 11
a 22 179 16
a 22 66 8
a 22 129 2
a 22 16 1
a 22 119 7
a 22 158 13
a 22 12 2
a 22 33 3
a 23 24 7
a 23 22 1
a 23 175 18
a 23 66 12
a 23 74 10
a 23 171 8
a 23 111 8
a 23 26 4
a 23 191 8
a 23 134 17
a 23 4 19
a 23 88 14
a 23 121 4
a 23 72 3
a 23 10 11
a 23 100 16
a 23 13 16
a 23 97 14
a 23 168 18
a 24 25 4
a 24 165 16
a 24 118 12
a 24 67 15
a 24 91 5
a 24 188 18
a 24 63 3
a 24 156 12
a 24 74 17
a 24 11 6
a 24 192 13
a 24 90 13
a 24 17 10
a 24 35 12
a 24 43 12
a 24 55 2
a 24 7 19
a 24 51 17
a 24 134 19
a 24 32 18
a 24 119 4
a 24 86 18
a 25 26 4
a 25 152 4
a 25 195 3
a 25 145 4
a 25 66 16
a 25 38 17
a 25 131 9
a 25 63 13
a 25 137 4
a 25 192 2
a 25 52 14
a 25 20 18
a 25 119 12
a 25 186 13
a 25 80 16
a 25 184 8
a 25 28 16
a 25 117 4
a 25 126 2
a 25 82 13
a 25 37 14
a 25 7 11
a 25 142 1
a 25 71 13
a 25 36 13
a 25 47 1
a 25 62 4
a 26 27 5
a 26 141 9
a 26 43 5
a 26 157 19
a 26 20 13
a 26 66 15
a 26 168 5
a 26 194 15
a 26 36 13
a 26 112 7
a 26 125 7
a 26 76 4
a 26 182 12
a 26 145 14
a 26 59 10
a 26 143 13
a 26 190 18
a 26 164 16
a 26 2 3
a 26 93 14
a 26 21 17
a 26 136 6
a 26 138 19
a 26 81 19
a 26 123 13
a 26 15 19
a 27 28 6
a 27 46 18
a 27 18 7
a 27 125 2
a 27 198 3
a 27 158 9
a 27 36 17
a 27 176 12
a 27 71 17
a 27 98 4
a 27 33 1
a 27 193 16
a 27 3 19
a 27 127 19
a 27 56 6
a 27 100 8
a 27 19 15
a 27 161 8
a 27 8 13
a 27 157 14
a 28 29 5
a 28 186 10
a 28 22 11
a 28 143 17
a 28 85 3
a 28 192 7
a 28 106 17
a 28 109 5
a 28 89 3
a 28 131 9
a 28 150 9
a 28 118 18
a 28 165 4
a 28 124 12
a 28 105 17
a 28 98 15
a 28 32 1
a 28 156 13
a 28 112 10
a 28 84 16
a 28 40 4
a 29 30 4
a 29 176 2
a 29 197 17
a 29 32 17
a 29 89 7
a 29 160 1
a 29 162 5
a 29 16 5
a 29 42 9
a 29 83 15
a 29 65 17
a 29 194 2
a 29 133 10
a 29 46 6
a 29 53 7
a 29 104 11
a 29 179 2
a 29 195 17
a 29 77 7
a 29 115 1
a 30 31 11
a 30 120 13
a 30 127 5
a 30 37 15
a 30 190 15
a 30 9 16
a 30 48 16
a 30 28 1
a 30 58 19
a 30 188 6
a 30 6 9
a 30 106 8
a 30 141 5
a 30 193 19
a 30 86 1
a 30 102 14
a 30 185 8
a 31 32 9
a 31 53 10
a 31 78 2
a 31 153 3
a 31 155 3
a 31 135 6
a 31 166 6
a 31 82 11
a 31 2 14
a 31 140 16
a 31 85 5
a 31 181 15
a 31 188 13
a 31 80 19
a 31 41 18
a 31 11 10
a 31 191 8
a 31 34 5
a 32 33 1
a 32 15 1
a 32 76 12
a 32 178 6
a 32 184 9
a 32 129 13
a 32 62 4
a 32 123 13
a 32 143 15
a 32 155 14
a 32 2 2
a 32 70 5
a 32 131 18
a 32 199 13
a 32 112 19
a 32 190 6
a 32 35 13
a 32 68 17
a 32 43 3
a 32 105 11
a 32 194 4
a 32 42 7
a 32 193 6
a 32 65 13
a 33 34 14
a 33 106 9
a 33 141 14
a 33 152 12
a 33 59 19
a 33 31 1
a 33 36 9
a 33 58 9
a 33 118 18
a 33 48 15
a 33 144 9
a 33 43 6
a 33 167 19
a 33 196 9
a 33 119 9
a 33 113 17
a 33 10 6
a 33 72 10
a 33 40 9
a 33 65 13
a 33 194 18
a 33 46 17
a 33 77 18
a 33 100 2
a 33 69 18
a 33 160 19
a 33 101 10
a 33 73 15
a 33 127 5
a 33 99 6
a 34 35 8
a 34 179 14
a 34 118 9
a 34 173 1
a 34 161 19
a 34 138 12
a 34 166 12
a 34 1 18
a 34 120 15
a 34 185 5
a 34 5 9
a 34 183 10
a 34 21 5
a 34 198 17
a 34 31 4
a 34 41 3
a 34 20 8
a 35 36 5
a 35 55 7
a 35 34 7
a 35 173 10
a 35 28 6
a 35 26 12
a 35 122 7
a 35 141 4
a 35 40 7
a 35 199 16
a 35 12 7
a 35 72 9
a 35 118 11
a 35 119 4
a 35 151 14
a 35 20 5
a 35 133 15
a 35 60 13
a 35 70 14
a 35 87 17
a 35 190 11
a 35 169 16
a 35 39 3
a 35 21 13
a 36 37 9
a 36 173 15
a 36 61 16
a 36 178 15
a 36 199 7
a 36 116 8
a 36 45 10
a 36 1 11
a 36 40 13
a 36 129 7
a 36 165 17
a 36 32 5
a 36 86 12
a 36 172 13
a 36 186 13
a 36 159 8
a 36 84 14
a 36 99 4
a 36 12 11
a 36 83 3
a 36 115 3
a 36 192 5
a 37 38 15
a 37 140 1
a 37 62 15
a 37 105 9
a 37 144 13
a 37 151 3
a 37 72 1
a 37 124 8
a 37 57 9
a 37 171 19
a 37 99 1
a 37 4 17
a 37 165 9
a 37 96 1
a 37 13 8
a 37 107 10
a 38 39 18
a 38 77 4
a 38 5 7
a 38 170 6
a 38 186 3
a 38 112 5
a 38 104 15
a 38 173 14
a 38 73 5
a 38 144 5
a 38 68 15
a 38 131 6
a 38 18 17
a 38 182 15
a 38 133 7
a 38 37 14
a 39 40 13
a 39 118 6
a 39 181 13
a 39 136 14
a 39 96 17
a 39 8 4
a 39 75 3
a 39 114 2
a 39 60 15
a 39 43 19
a 39 139 1
a 39 195 9
a 39 27 1
a 39 54 5
a 39 9 3
a 39 86 15
a 39 37 14
a 40 41 17
a 40 90 9
a 40 49 4
a 40 173 15
a 40 62 8
a 40 92 10
a 40 91 10
a 40 59 18
a 40 160 1
a 40 88 18
a 40 98 3
a 40 149 3
a 40 64 1
a 40 147 17
a 40 158 2
a 40 193 4
a 40 77 5
a 40 146 18
a 41 42 13
a 41 113 8
a 41 117 19
a 41 187 3
a 41 96 14
a 41 97 13
a 41 152 18
a 41 40 19
a 41 86 12
a 41 26 4
a 41 158 9
a 41 25 8
a 41 90 12
a 41 193 12
a 42 43 14
a 42 24 15
a 42 92 12
a 42 83 8
a 42 71 16
a 42 109 16
a 42 29 7
a 42 13 19
a 42 126 7
a 42 112 2
a 42 115 1
a 42 10 18
a 42 164 11
a 42 74 5
a 42 114 1
a 43 44 4
a 43 45 15
a 43 28 11
a 43 46 9
a 43 61 8
a 43 101 15
a 43 109 11
a 43 53 19
a 43 174 11
a 43 26 5
a 43 107 3
a 43 98 10
a 43 80 14
a 43 7 9
a 44 45 4
a 44 172 7
a 44 54 3
a 44 90 9
a 44 43 2
a 44 164 11
a 44 131 1
a 44 128 17
a 44 101 9
a 44 106 7
a 44 39 10
a 44 103 10
a 44 182 14
a 44 83 10
a 44 37 13
a 44 24 10
a 44 160 9
a 44 47 3
a 44 146 1
a 44 118 6
a 44 23 13
a 44 150 19
a 44 151 9
a 44 199 13
a 44 3 19
a 44 198 15
a 44 48 7
a 44 17 11
a 45 46 6
a 45 142 18
a 45 67 18
a 45 148 8
a 45 3 12
a 45 133 16
a 45 98 19
a 45 125 15
a 45 195 14
a 45 161 4
a 45 194 17
a 45 52 12
a 45 183 8
a 45 32 2
a 45 190 14
a 45 147 18
a 45 22 14
a 46 47 8
a 46 84 3
a 46 4 11
a 46 194 8
a 46 78 7
a 46 118 15
a 46 77 18
a 46 3 19
a 46 18 3
a 46 26 11
a 46 66 12
a 46 95 9
a 46 15 6
a 46 197 6
a 46 136 4
a 46 2 17
a 46 93 1
a 46 5 14
a 46 70 14
a 46 71 1
a 46 43 4
a 46 12 8
a 46 195 6
a 47 48 14
a 47 158 4
a 47 111 5
a 47 49 2
a 47 56 18
a 47 31 11
a 47 177 14
a 47 52 11
a 47 102 19
a 47 179 17
a 47 142 3
a 47 161 1
a 47 125 19
a 47 28 19
a 48 49 18
a 48 20 16
a 48 108 7
a 48 56 14
a 48 172 13
a 48 161 5
a 48 111 7
a 48 121 15
a 48 199 14
a 48 105 4
a 48 135 11
a 48 33 16
a 48 103 1
a 49 50 7
a 49 78 3
a 49 57 15
a 49 177 16
a 49 111 10
a 49 134 7
a 49 141 4
a 49 156 12
a 49 192 10
a 49 123 4
a 49 64 2
a 49 188 7
a 49 169 14
a 49 139 14
a 49 10 7
a 49 5 18
a 49 59 9
a 49 198 15
a 49 71 4
a 49 189 16
a 49 84 10
a 49 105 1
a 49 4 13
a 50 51 1
a 50 126 18
a 50 128 19
a 50 187 1
a 50 198 12
a 50 67 8
a 50 35 10
a 50 59 9
a 50 194 8
a 50 159 6
a 50 140 2
a 50 196 2
a 50 33 9
a 50 161 11
a 50 166 7
a 50 118 14
a 50 81 6
a 50 123 15
a 51 52 6
a 51 181 6
a 51 54 12
a 51 172 8
a 51 29 18
a 51 179 10
a 51 137 7
a 51 39 14
a 51 164 5
a 51 43 3
a 51 67 6
a 51 21 4
a 51 170 1
a 51 199 4
a 51 178 7
a 51 176 17
a 51 169 3
a 52 53 8
a 52 169 13
a 52 56 13
a 52 100 15
a 52 25 14
a 52 68 16
a 52 132 6
a 52 36 4
a 52 130 15
a 52 3 3
a 52 29 11
a 52 172 19
a 52 104 1
a 52 194 14
a 52 87 15
a 52 90 18
a 52 147 2
a 52 63 3
a 52 128 8
a 52 28 1
a 52 143 1
a 53 54 13
a 53 171 13
a 53 114 10
a 53 170 10
a 53 135 2
a 53 165 15
a 53 32 15
a 53 4 3
a 53 82 18
a 53 125 9
a 53 175 7
a 53 173 10
a 53 2 15
a 53 113 16
a 53 152 6
a 53 168 3
a 53 155 3
a 53 158 14
a 53 142 10
a 53 106 13
a 53 133 15
a 53 21 19
a 53 80 10
a 54 55 18
a 54 127 10
a 54 158 18
a 54 146 6
a 54 140 16
a 54 44 9
a 54 114 4
a 54 163 6
a 54 177 14
a 54 143 9
a 54 145 13
a 54 3 6
a 54 171 5
a 54 105 4
a 54 152 3
a 54 169 12
a 54 63 1
a 54 71 13
a 54 113 3
a 54 166 9
a 54 69 11
a 54 119 8
a 55 56 12
a 55 124 14
a 55 178 5
a 55 12 12
a 55 59 2
a 55 47 11
a 55 58 9
a 55 132 13
a 55 16 9
a 55 116 1
a 55 8 9
a 55 105 19
a 55 13 3
a 55 44 18
a 55 75 12
a 56 57 19
a 56 66 10
a 56 89 9
a 56 36 5
a 56 99 15
a 56 171 5
a 56 94 13
a 56 124 18
a 56 109 2
a 56 178 6
a 56 167 8
a 56 20 7
a 56 2 6
a 56 64 18
a 56 5 19
a 56 31 7
a 56 115 7
a 56 193 2
a 56 179 11
a 57 58 15
a 57 51 5
a 57 99 14
a 57 142 9
a 57 147 17
a 57 186 6
a 57 24 6
a 57 100 4
a 57 115 2
a 57 66 14
a 57 52 17
a 57 11 9
a 57 104 11
a 57 191 3
a 57 164 3
a 57 40 15
a 57 48 19
a 57 81 11
a 57 73 7
a 58 59 3
a 58 57 1
a 58 47 1
a 58 192 8
a 58 100 8
a 58 148 12
a 58 95 1
a 58 82 14
a 58 69 1
a 58 81 13
a 58 92 12
a 58 51 10
a 58 62 4
a 58 68 3
a 58 181 12
a 58 157 10
a 58 73 14
a 58 178 15
a 58 104 11
a 58 182 6
a 58 77 2
a 58 86 17
a 58 147 3
a 58 84 5
a 58 66 3
a 58 164 16
a 58 186 2
a 58 175 13
a 59 60 1
a 59 100 14
a 59 143 4
a 59 186 18
a 59 131 5
a 59 84 16
a 59 180 1
a 59 94 10
a 59 25 14
a 59 113 19
a 59 45 2
a 59 156 4
a 59 81 19
a 59 110 6
a 59 47 13
a 59 34 8
a 59 36 9
a 59 192 5
a 59 56 8
a 59 132 5
a 59 183 4
a 59 137 12
a 59 191 17
a 60 61 6
a 60 11 18
a 60 196 1
a 60 38 6
a 60 117 6
a 60 148 5
a 60 103 7
a 60 45 8
a 60 99 18
a 60 136 18
a 60 29 4
a 60 43 18
a 60 107 3
a 60 171 7
a 61 62 18
a 61 58 17
a 61 24 15
a 61 126 10
a 61 181 16
a 61 33 16
a 61 48 18
a 61 196 8
a 61 83 15
a 61 8 8
a 61 110 8
a 61 85 7
a 61 94 12
a 61 170 15
a 61 122 12
a 61 1 14
a 61 124 9
a 61 91 15
a 61 147 1
a 61 65 8
a 61 185 3
a 61 22 5
a 61 86 2
a 62 63 11
a 62 187 18
a 62 132 19
a 62 191 17
a 62 171 7
a 62 4 19
a 62 114 6
a 62 44 19
a 62 58 11
a 62 2 17
a 62 97 14
a 62 67 15
a 62 96 3
a 62 147 1
a 62 101 8
a 62 103 3
a 62 6 15
a 62 152 7
a 62 139 17
a 62 186 18
a 63 64 17
a 63 133 5
a 63 6 11
a 63 127 5
a 63 197 4
a 63 98 3
a 63 52 11
a 63 87 15
a 63 28 18
a 63 85 5
a 63 145 3
a 63 78 18
a 63 199 13
a 63 149 15
a 63 159 8
a 63 192 4
a 63 9 10
a 63 81 16
a 63 5 17
a 63 135 8
a 63 183 3
a 63 173 3
a 63 22 15
a 63 83 3
a 63 163 9
a 63 104 1
a 64 65 3
a 64 175 13
a 64 110 18
a 64 25 3
a 64 176 10
a 64 30 19
a 64 10 12
a 64 198 11
a 64 36 4
a 64 54 18
a 64 173 16
a 64 49 14
a 64 79 15
a 64 12 16
a 64 8 13
a 64 88 10
a 64 15 15
a 64 152 18
a 64 23 4
a 64 179 14
a 65 66 18
a 65 41 2
a 65 159 10
a 65 120 4
a 65 27 7
a 65 96 19
a 65 119 9
a 65 34 5
a 65 93 10
a 65 79 13
a 65 53 7
a 65 187 13
a 65 72 10
a 65 190 8
a 65 54 19
a 66 67 8
a 66 159 10
a 66 39 6
a 66 92 15
a 66 86 10
a 66 173 4
a 66 21 7
a 66 146 16
a 66 195 16
a 66 127 5
a 66 83 6
a 66 126 19
a 66 74 7
a 66 181 13
a 66 125 2
a 66 158 17
a 66 190 11
a 66 84 7
a 66 139 10
a 66 161 19
a 66 104 3
a 66 73 2
a 67 68 9
a 67 131 7
a 67 181 17
a 67 5 4
a 67 136 12
a 67 75 17
a 67 58 14
a 67 81 15
a 67 102 1
a 67 149 3
a 67 119 2
a 67 15 14
a 67 3 1
a 67 121 8
a 67 168 6
a 67 73 15
a 67 114 9
a 67 133 2
a 67 126 10
a 68 69 8
a 68 92 5
a 68 170 3
a 68 105 19
a 68 164 9
a 68 96 19
a 68 27 14
a 68 62 19
a 68 135 15
a 68 36 8
a 68 9 13
a 68 73 4
a 68 7 4
a 68 198 19
a 69 70 6
a 69 51 18
a 69 24 6
a 69 76 5
a 69 164 15
a 69 130 9
a 69 190 7
a 69 95 11
a 69 146 15
a 69 171 13
a 69 157 12
a 69 18 17
a 69 29 14
a 69 178 2
a 69 57 11
a 69 25 19
a 69 77 15
a 69 154 3
a 69 163 3
a 69 41 15
a 69 88 2
a 70 71 1
a 70 89 19
a 70 175 6
a 70 1 5
a 70 167 5
a 70 141 5
a 70 93 13
a 70 116 14
a 70 68 8
a 70 171 8
a 70 161 11
a 70 145 4
a 70 95 6
a 70 194 14
a 70 176 10
a 70 19 9
a 70 86 17
a 70 83 6
a 70 94 13
a 70 186 4
a 70 180 16
a 71 72 11
a 71 16 3
a 71 46 6
a 71 132 1
a 71 163 13
a 71 83 13
a 71 125 5
a 71 199 16
a 71 49 11
a 71 114 2
a 71 134 12
a 71 30 1
a 71 64 15
a 71 52 6
a 71 135 4
a 71 171 5
a 71 42 2
a 71 10 8
a 71 45 15
a 71 24 5
a 72 73 6
a 72 8 4
a 72 148 4
a 72 136 8
a 72 93 5
a 72 134 8
a 72 154 2
a 72 178 19
a 72 135 12
a 72 100 17
a 72 129 4
a 72 190 17
a 72 175 18
a 72 24 14
a 72 18 10
a 72 96 4
a 72 39 6
a 72 121 18
a 72 191 14
a 72 179 15
a 72 106 10
a 72 104 13
a 73 74 9
a 73 51 5
a 73 199 12
a 73 196 14
a 73 99 4
a 73 19 3
a 73 142 16
a 73 3 10
a 73 82 12
a 73 37 4
a 73 70 19
a 73 54 18
a 73 36 17
a 73 143 7
a 73 41 8
a 73 128 2
a 73 5 2
a 73 174 3
a 73 2 2
a 73 97 9
a 73 93 8
a 73 24 2
a 73 170 15
a 74 75 9
a 74 129 1
a 74 113 16
a 74 33 17
a 74 80 4
a 74 25 1
a 74 140 16
a 74 161 8
a 74 24 5
a 74 2 15
a 74 143 16
a 74 121 12
a 74 35 8
a 74 14 8
a 74 110 3
a 74 52 5
a 74 152 18
a 74 63 19
a 74 147 18
a 74 60 13
a 75 76 19
a 75 183 5
a 75 127 1
a 75 22 15
a 75 68 9
a 75 51 6
a 75 187 17
a 75 179 4
a 75 82 12
a 75 50 12
a 75 8 5
a 75 32 18
a 75 84 15
a 75 161 1
a 76 77 4
a 76 39 10
a 76 38 13
a 76 92 1
a 76 198 4
a 76 106 4
a 76 12 14
a 76 136 10
a 76 171 9
a 76 74 2
a 76 183 9
a 76 24 12
a 76 51 12
a 76 42 19
a 76 131 12
a 76 11 3
a 76 184 3
a 76 15 16
a 76 109 18
a 76 41 3
a 76 36 3
a 76 110 4
a 76 79 14
a 76 176 17
a 77 78 2
a 77 109 4
a 77 86 6
a 77 72 17
a 77 197 19
a 77 11 2
a 77 180 10
a 77 106 11
a 77 3 17
a 77 71 9
a 77 135 1
a 77 149 4
a 77 172 1
a 77 133 6
a 77 37 8
a 77 36 5
a 77 178 17
a 77 82 15
a 77 25 2
a 77 196 13
a 77 116 15
a 77 158 13
a 77 175 5
a 77 48 7
a 77 102 14
a 78 79 7
a 78 58 19
a 78 147 16
a 78 96 7
a 78 184 9
a 78 137 16
a 78 43 7
a 78 6 14
a 78 86 8
a 78 30 13
a 78 54 4
a 78 173 15
a 78 105 2
a 78 107 1
a 78 114 19
a 78 88 11
a 78 112 8
a 78 32 8
a 78 83 16
a 78 108 18
a 78 68 14
a 78 141 4
a 79 80 14
a 79 128 3
a 79 62 1
a 79 152 19
a 79 99 1
a 79 150 17
a 79 14 7
a 79 179 16
a 79 7 11
a 79 186 13
a 79 70 17
a 79 139 19
a 79 65 8
a 79 119 19
a 79 67 10
a 79 126 16
a 79 35 2
a 79 160 9
a 79 109 10
a 79 4 17
a 79 42 16
a 80 81 19
a 80 47 18
a 80 78 11
a 80 9 1
a 80 158 11
a 80 14 6
a 80 162 2
a 80 122 6
a 80 137 19
a 80 99 19
a 80 105 19
a 80 34 5
a 80 100 13
a 80 90 8
a 80 94 8
a 80 95 17
a 80 102 14
a 81 82 9
a 81 197 1
a 81 154 16
a 81 175 5
a 81 12 3
a 81 35 1
a 81 76 13
a 81 56 15
a 81 199 14
a 81 193 15
a 81 54 14
a 81 31 11
a 81 115 8
a 81 22 9
a 81 164 14
a 81 43 10
a 81 9 6
a 81 24 18
a 81 71 19
a 81 73 14
a 81 189 4
a 81 112 12
a 81 186 9
a 82 83 13
a 82 66 16
a 82 81 4
a 82 157 19
a 82 14 9
a 82 193 11
a 82 29 1
a 82 47 6
a 82 134 18
a 82 176 12
a 82 132 11
a 82 122 11
a 83 84 17
a 83 73 13
a 83 130 4
a 83 189 5
a 83 117 14
a 83 53 8
a 83 92 14
a 83 144 3
a 83 70 13
a 83 183 1
a 83 16 17
a 83 150 6
a 83 75 3
a 84 85 3
a 84 16 9
a 84 152 1
a 84 23 11
a 84 171 19
a 84 176 15
a 84 19 3
a 84 108 13
a 84 135 12
a 84 50 6
a 84 184 7
a 84 53 16
a 84 196 12
a 85 86 7
a 85 54 16
a 85 125 10
a 85 109 11
a 85 88 2
a 85 112 13
a 85 149 6
a 85 172 11
a 85 63 19
a 85 190 18
a 85 114 17
a 85 77 10
a 85 34 8
a 85 69 3
a 85 33 4
a 86 87 17
a 86 127 18
a 86 182 19
a 86 76 11
a 86 124 11
a 86 104 5
a 86 192 17
a 86 159 12
a 86 148 17
a 86 14 5
a 86 132 14
a 86 113 1
a 86 39 1
a 86 26 9
a 86 5 4
a 87 88 7
a 87 111 9
a 87 108 6
a 87 45 16
a 87 186 12
a 87 44 16
a 87 197 13
a 87 65 14
a 87 16 6
a 87 147 16
a 87 64 5
a 87 148 3
a 87 158 8
a 87 82 8
a 87 116 19
a 87 48 6
a 87 31 10
a 87 107 5
a 87 25 13
a 87 39 1
a 87 143 7
a 87 171 9
a 87 8 12
a 88 89 18
a 88 131 19
a 88 40 13
a 88 48 11
a 88 55 13
a 88 45 3
a 88 192 6
a 88 144 5
a 88 12 18
a 88 140 12
a 88 37 12
a 88 100 18
a 88 34 13
a 88 132 19
a 88 182 9
a 88 70 3
a 88 196 12
a 89 90 11
a 89 145 17
a 89 164 18
a 89 190 7
a 89 33 6
a 89 91 19
a 89 169 3
a 89 182 12
a 89 1 3
a 89 99 11
a 89 78 16
a 89 165 5
a 89 156 17
a 89 41 19
a 89 196 11
a 89 102 19
a 89 152 13
a 89 160 8
a 90 91 4
a 90 197 7
a 90 100 4
a 90 94 3
a 90 111 15
a 90 167 5
a 90 79 1
a 90 88 18
a 90 80 10
a 90 43 17
a 90 196 7
a 90 157 12
a 90 173 5
a 90 123 13
a 90 176 17
a 90 101 14
a 90 45 18
a 90 109 12
a 90 6 3
a 90 8 7
a 90 162 11
a 90 117 15
a 90 9 19
a 91 92 15
a 91 136 19
a 91 31 14
a 91 96 13
a 91 48 1
a 91 45 14
a 91 71 7
a 91 55 15
a 91 186 19
a 91 143 6
a 91 81 10
a 91 39 6
a 91 34 12
a 91 62 13
a 91 111 18
a 91 176 12
a 92 93 16
a 92 4 19
a 92 50 16
a 92 191 4
a 92 16 13
a 92 164 2
a 92 19 17
a 92 51 9
a 92 108 15
a 92 122 17
a 92 196 8
a 92 193 4
a 92 90 18
a 92 34 4
a 92 28 12
a 92 142 4
a 92 88 17
a 92 128 6
a 92 27 10
a 92 171 6
a 92 24 10
a 92 137 17
a 92 56 5
a 93 94 8
a 93 155 4
a 93 70 16
a 93 96 7
a 93 189 3
a 93 185 5
a 93 149 3
a 93 4 19
a 93 151 1
a 93 103 2
a 93 161 12
a 93 41 8
a 93 198 18
a 93 128 11
a 93 91 18
a 94 95 11
a 94 78 7
a 94 63 18
a 94 81 1
a 94 40 9
a 94 64 12
a 94 160 6
a 94 180 10
a 94 195 17
a 94 141 3
a 94 39 18
a 94 80 16
a 94 61 2
a 94 100 12
a 94 38 4
a 94 170 15
a 94 41 12
a 94 88 1
a 94 82 16
a 94 43 5
a 94 97 3
a 94 36 12
a 94 179 14
a 95 96 5
a 95 52 18
a 95 100 2
a 95 11 13
a 95 168 2
a 95 102 4
a 95 123 14
a 95 120 14
a 95 77 18
a 95 152 6
a 95 58 6
a 95 93 15
a 95 26 6
a 95 48 3
a 95 133 4
a 95 181 16
a 95 43 8
a 95 9 3
a 96 97 17
a 96 39 16
a 96 120 16
a 96 177 4
a 96 161 8
a 96 52 14
a 96 35 7
a 96 135 19
a 96 43 11
a 96 95 15
a 96 49 6
a 96 153 10
a 96 88 7
a 96 23 7
a 96 168 8
a 96 66 7
a 97 98 14
a 97 55 16
a 97 1 13
a 97 118 12
a 97 138 8
a 97 195 16
a 97 162 5
a 97 68 15
a 97 130 1
a 97 27 18
a 97 112 17
a 97 47 11
a 97 121 8
a 97 155 13
a 97 140 4
a 97 172 13
a 97 188 16
a 97 63 19
a 97 182 16
a 97 20 17
a 97 64 14
a 97 41 3
a 98 99 18
a 98 168 14
a 98 150 11
a 98 148 11
a 98 195 18
a 98 47 16
a 98 91 9
a 98 109 8
a 98 181 19
a 98 153 4
a 98 165 18
a 98 151 16
a 98 169 5
a 98 80 6
a 98 3 10
a 98 104 3
a 98 145 18
a 98 179 6
a 98 26 11
a 99 100 12
a 99 134 3
a 99 108 13
a 99 17 8
a 99 7 14
a 99 31 5
a 99 120 18
a 99 143 19
a 99 106 7
a 99 14 5
a 99 167 18
a 99 112 10
a 99 186 4
a 99 184 1
a 99 36 11
a 99 119 15
a 99 64 15
a 99 163 3
a 99 85 7
a 99 51 7
a 99 44 4
a 99 79 17
a 99 45 2
a 99 50 4
a 100 101 12
a 100 142 10
a 100 130 7
a 100 1 2
a 100 125 6
a 100 164 17
a 100 174 10
a 100 137 14
a 100 83 4
a 100 14 9
a 100 20 1
a 100 129 7
a 100 88 12
a 100 171 2
a 100 169 12
a 100 106 7
a 100 138 9
a 100 148 12
a 100 74 11
a 100 95 19
a 100 189 2
a 100 177 15
a 101 102 5
a 101 61 8
a 101 197 7
a 101 11 5
a 101 120 11
a 101 67 6
a 101 140 15
a 101 54 18
a 101 188 1
a 101 121 14
a 101 96 19
a 101 62 16
a 101 66 12
a 101 97 16
a 101 154 16
a 101 117 16
a 101 12 11
a 102 103 2
a 102 98 15
a 102 117 11
a 102 31 7
a 102 72 9
a 102 26 1
a 102 119 14
a 102 23 2
a 102 110 9
a 102 175 17
a 102 18 6
a 102 63 19
a 102 7 19
a 102 106 1
a 102 164 5
a 102 174 4
a 102 124 9
a 102 169 2
a 102 9 18
a 102 45 10
a 102 163 16
a 102 180 5
a 102 87 9
a 102 25 3
a 102 107 13
a 102 17 10
a 102 67 2
a 102 191 13
a 102 176 7
a 103 104 14
a 103 12 2
a 103 36 19
a 103 175 5
a 103 6 5
a 103 58 2
a 103 163 12
a 103 100 8
a 103 116 16
a 103 56 17
a 103 78 13
a 103 66 19
a 103 117 16
a 103 5 17
a 103 57 19
a 104 105 15
a 104 111 6
a 104 160 13
a 104 177 4
a 104 147 6
a 104 138 14
a 104 11 3
a 104 32 16
a 104 15 3
a 104 94 6
a 104 6 17
a 104 120 10
a 104 92 8
a 104 185 14
a 104 199 4
a 104 176 8
a 104 140 13
a 104 30 17
a 104 184 7
a 104 26 2
a 104 186 18
a 105 106 7
a 105 178 7
a 105 190 7
a 105 176 13
a 105 125 10
a 105 137 15
a 105 152 10
a 105 8 1
a 105 101 12
a 105 81 2
a 105 195 1
a 105 188 15
a 105 27 15
a 105 121 2
a 105 67 16
a 105 29 6
a 105 76 4
a 105 163 5
a 105 126 14
a 106 107 8
a 106 11 15
a 106 170 18
a 106 58 8
a 106 102 18
a 106 163 5
a 106 25 19
a 106 13 19
a 106 24 15
a 106 157 10
a 106 87 1
a 106 52 5
a 106 142 19
a 106 147 9
a 106 63 16
a 106 110 18
a 106 94 7
a 106 196 6
a 106 5 15
a 106 155 2
a 106 129 10
a 106 190 15
a 106 130 8
a 107 108 13
a 107 79 10
a 107 8 17
a 107 138 6
a 107 119 6
a 107 30 8
a 107 93 15
a 107 183 4
a 107 2 2
a 107 13 9
a 107 196 2
a 107 105 7
a 107 174 11
a 108 109 14
a 108 103 4
a 108 58 12
a 108 159 13
a 108 138 17
a 108 149 16
a 108 182 10
a 108 180 10
a 108 47 19
a 108 123 14
a 108 49 16
a 108 133 19
a 108 2 1
a 108 57 7
a 108 15 18
a 108 54 2
a 108 167 4
a 108 195 19
a 109 110 6
a 109 135 9
a 109 15 5
a 109 137 19
a 109 9 19
a 109 199 3
a 109 156 7
a 109 136 14
a 109 124 13
a 109 170 14
a 109 65 9
a 109 27 5
a 109 60 5
a 109 97 11
a 109 70 11
a 110 111 12
a 110 48 9
a 110 29 12
a 110 168 13
a 110 178 12
a 110 46 6
a 110 117 5
a 110 82 15
a 110 92 12
a 110 131 12
a 110 21 15
a 110 188 14
a 110 31 1
a 110 51 5
a 110 37 16
a 110 11 2
a 110 104 7
a 110 78 5
a 110 108 1
a 110 161 3
a 110 14 2
a 110 143 13
a 110 6 12
a 110 100 12
a 111 112 3
a 111 59 12
a 111 132 1
a 111 103 6
a 111 87 3
a 111 177 14
a 111 28 4
a 111 192 5
a 111 171 6
a 111 182 5
a 111 162 14
a 111 40 11
a 111 109 11
a 111 131 12
a 111 152 18
a 111 41 3
a 111 2 2
a 111 81 7
a 111 76 19
a 112 113 10
a 112 5 17
a 112 31 9
a 112 57 9
a 112 145 14
a 112 67 18
a 112 198 15
a 112 162 6
a 112 12 4
a 112 116 4
a 112 51 19
a 112 179 1
a 112 165 7
a 112 59 5
a 112 43 17
a 112 135 15
a 112 177 14
a 112 6 13
a 112 159 6
a 112 28 4
a 112 65 16
a 112 147 8
a 112 30 13
a 112 137 8
a 112 18 14
a 113 114 15
a 113 55 8
a 113 43 17
a 113 110 5
a 113 38 16
a 113 179 13
a 113 158 7
a 113 119 2
a 113 32 19
a 113 65 12
a 113 115 13
a 113 54 10
a 113 8 8
a 113 40 8
a 113 129 7
a 113 36 6
a 113 182 7
a 114 115 19
a 114 110 5
a 114 104 12
a 114 32 17
a 114 93 17
a 114 158 7
a 114 17 13
a 114 74 1
a 114 50 16
a 114 59 9
a 114 156 6
a 114 92 14
a 114 182 10
a 114 48 14
a 114 137 3
a 114 189 15
a 114 105 2
a 114 96 19
a 114 89 16
a 114 188 11
a 114 64 2
a 114 131 7
a 115 116 19
a 115 51 6
a 115 141 1
a 115 44 10
a 115 76 7
a 115 185 17
a 115 16 11
a 115 163 3
a 115 22 16
a 115 181 18
a 115 170 14
a 115 21 8
a 115 112 12
a 115 48 6
a 115 160 10
a 115 195 5
a 115 31 16
a 115 162 19
a 115 198 1
a 115 188 10
a 115 33 11
a 115 199 18
a 115 117 6
a 116 117 7
a 116 187 13
a 116 80 8
a 116 102 16
a 116 43 13
a 116 178 16
a 116 156 10
a 116 147 4
a 116 96 15
a 116 198 10
a 116 79 2
a 116 58 6
a 116 69 2
a 116 179 10
a 116 171 11
a 116 168 9
a 116 127 5
a 116 23 6
a 116 72 9
a 116 42 4
a 116 124 14
a 117 118 14
a 117 57 14
a 117 64 14
a 117 187 13
a 117 80 4
a 117 159 16
a 117 19 15
a 117 34 17
a 117 98 8
a 117 184 6
a 117 160 8
a 117 140 13
a 117 56 8
a 117 138 13
a 117 173 19
a 117 58 11
a 117 50 10
a 117 163 11
a 117 46 19
a 117 162 13
a 118 119 11
a 118 4 6
a 118 77 19
a 118 32 8
a 118 123 14
a 118 6 13
a 118 44 14
a 118 97 8
a 118 37 12
a 118 19 13
a 118 85 17
a 118 96 7
a 118 22 17
a 118 122 14
a 118 187 10
a 118 169 7
a 118 157 18
a 118 89 6
a 119 120 14
a 119 29 18
a 119 68 19
a 119 108 7
a 119 198 2
a 119 186 10
a 119 17 11
a 119 98 16
a 119 188 3
a 119 47 8
a 119 93 14
a 119 71 15
a 119 176 11
a 119 34 11
a 119 48 5
a 119 30 19
a 119 149 7
a 119 5 14
a 120 121 15
a 120 134 15
a 120 23 17
a 120 199 8
a 120 100 17
a 120 122 10
a 120 76 4
a 120 29 18
a 120 151 1
a 120 52 9
a 120 88 3
a 120 57 16
a 120 116 16
a 120 91 1
a 120 139 9
a 120 64 17
a 120 71 12
a 120 138 16
a 120 50 8
a 120 111 13
a 120 158 3
a 120 16 12
a 120 181 8
a 121 122 6
a 121 164 2
a 121 185 8
a 121 46 12
a 121 29 11
a 121 160 7
a 121 159 3
a 121 140 14
a 121 64 19
a 121 28 12
a 121 172 19
a 121 94 17
a 121 90 1
a 121 147 7
a 121 8 7
a 121 96 7
a 121 114 9
a 121 18 18
a 121 52 14
a 121 86 11
a 121 195 17
a 121 106 19
a 121 173 5
a 121 70 19
a 121 141 2
a 121 117 2
a 121 49 14
a 122 123 18
a 122 196 5
a 122 83 12
a 122 81 7
a 122 163 10
a 122 141 8
a 122 86 13
a 122 20 13
a 122 49 17
a 123 124 10
a 123 90 12
a 123 52 6
a 123 99 15
a 123 40 14
a 123 162 6
a 123 25 2
a 123 29 2
a 123 103 4
a 123 71 8
a 123 96 6
a 123 163 9
a 123 195 14
a 123 27 13
a 123 70 18
a 123 166 17
a 123 49 1
a 123 6 7
a 123 125 12
a 124 125 15
a 124 42 17
a 124 156 8
a 124 146 9
a 124 2 7
a 124 123 9
a 124 22 13
a 124 174 12
a 124 142 7
a 124 70 7
a 124 134 1
a 124 20 15
a 125 126 17
a 125 17 15
a 125 56 1
a 125 34 16
a 125 42 9
a 125 63 13
a 125 108 16
a 125 73 13
a 125 37 2
a 125 164 6
a 125 38 5
a 125 133 15
a 125 30 7
a 125 96 15
a 125 106 13
a 125 77 1
a 125 66 18
a 125 20 5
a 125 8 17
a 125 157 14
a 125 139 13
a 125 109 14
a 125 69 13
a 125 167 1
a 125 158 15
a 126 127 3
a 126 67 15
a 126 94 11
a 126 160 1
a 126 29 16
a 126 136 5
a 126 1 4
a 126 162 10
a 126 4 19
a 126 78 6
a 126 35 8
a 126 10 12
a 126 62 11
a 126 148 3
a 126 36 16
a 126 28 8
a 126 65 12
a 126 17 10
a 126 196 9
a 127 128 6
a 127 96 14
a 127 91 8
a 127 108 16
a 127 66 18
a 127 176 18
a 127 178 3
a 127 18 10
a 127 92 18
a 127 16 15
a 127 174 12
a 127 133 17
a 127 9 9
a 127 47 9
a 127 68 10
a 127 79 14
a 128 129 8
a 128 19 9
a 128 41 10
a 128 3 17
a 128 71 1
a 128 1 6
a 128 76 11
a 128 126 17
a 128 160 19
a 128 9 10
a 128 188 9
a 128 57 12
a 128 132 15
a 128 31 19
a 128 100 4
a 128 72 19
a 128 97 16
a 128 170 17
a 128 36 13
a 128 13 9
a 128 37 6
a 128 82 13
a 128 155 17
a 128 138 1
a 129 130 17
a 129 159 18
a 129 197 15
a 129 73 8
a 129 2 8
a 129 114 19
a 129 185 6
a 129 82 18
a 129 1 16
a 129 52 4
a 129 120 5
a 129 125 5
a 129 78 3
a 129 155 14
a 129 88 13
a 129 182 1
a 129 176 12
a 129 37 5
a 129 16 11
a 130 131 1
a 130 100 12
a 130 161 3
a 130 144 9
a 130 190 14
a 130 8 7
a 130 193 5
a 130 43 8
a 130 187 1
a 130 148 6
a 130 178 9
a 130 175 1
a 130 186 4
a 130 184 3
a 130 81 13
a 130 114 19
a 130 153 8
a 130 119 13
a 130 7 2
a 130 194 11
a 130 123 15
a 130 89 14
a 131 132 1
a 131 152 19
a 131 62 8
a 131 17 13
a 131 48 15
a 131 144 13
a 131 161 13
a 131 83 18
a 131 30 16
a 131 95 17
a 131 109 16
a 131 77 10
a 131 69 18
a 131 160 8
a 131 76 1
a 131 156 15
a 131 111 14
a 131 14 14
a 131 164 7
a 131 36 16
a 131 179 1
a 131 94 11
a 131 24 18
a 131 140 17
a 131 166 17
a 132 133 9
a 132 147 4
a 132 76 7
a 132 92 5
a 132 80 15
a 132 68 1
a 132 41 14
a 132 25 16
a 132 193 2
a 132 112 7
a 132 160 8
a 132 13 19
a 132 74 14
a 132 128 16
a 132 24 3
a 133 134 6
a 133 29 7
a 133 40 13
a 133 191 8
a 133 148 2
a 133 88 4
a 133 169 6
a 133 176 16
a 133 72 15
a 133 199 18
a 133 14 15
a 133 124 14
a 133 184 5
a 133 96 6
a 133 119 16
a 133 149 14
a 133 183 15
a 133 12 12
a 133 25 1
a 133 187 17
a 133 111 7
a 134 135 15
a 134 76 3
a 134 161 2
a 134 111 10
a 134 123 7
a 134 40 3
a 134 39 5
a 134 20 11
a 134 170 14
a 134 4 12
a 134 29 7
a 134 53 1
a 134 174 2
a 134 133 15
a 134 62 2
a 134 96 14
a 134 104 4
a 134 83 12
a 135 136 3
a 135 66 8
a 135 89 6
a 135 87 14
a 135 55 3
a 135 188 12
a 135 95 2
a 135 43 2
a 135 103 2
a 135 33 6
a 135 123 3
a 135 42 4
a 135 97 18
a 135 132 4
a 135 62 8
a 135 171 16
a 136 137 6
a 136 71 8
a 136 50 10
a 136 103 9
a 136 101 11
a 136 4 1
a 136 185 3
a 136 120 2
a 136 170 4
a 136 76 16
a 136 160 10
a 136 175 12
a 136 60 7
a 136 42 3
a 136 152 12
a 136 34 9
a 136 149 12
a 137 138 3
a 137 74 14
a 137 148 7
a 137 42 13
a 137 21 15
a 137 125 7
a 137 56 12
a 137 152 16
a 137 91 4
a 137 105 3
a 137 9 12
a 137 193 1
a 137 28 7
a 137 30 16
a 137 179 14
a 137 149 13
a 137 35 16
a 137 23 10
a 137 46 15
a 137 44 19
a 137 126 10
a 137 45 4
a 138 139 5
a 138 14 4
a 138 22 9
a 138 113 16
a 138 69 14
a 138 41 17
a 138 172 16
a 138 156 6
a 138 166 7
a 138 108 4
a 138 46 17
a 138 195 15
a 138 60 2
a 138 158 2
a 138 168 16
a 138 74 8
a 138 81 11
a 138 43 9
a 138 180 11
a 139 140 18
a 139 185 9
a 139 90 19
a 139 181 10
a 139 137 15
a 139 29 11
a 139 37 6
a 139 105 5
a 139 142 2
a 139 118 13
a 139 115 9
a 139 4 2
a 139 186 8
a 139 53 11
a 139 195 5
a 139 154 16
a 139 14 19
a 139 179 7
a 139 83 14
a 140 141 9
a 140 129 5
a 140 33 6
a 140 161 3
a 140 195 16
a 140 179 1
a 140 135 11
a 140 37 10
a 140 6 14
a 140 199 5
a 140 139 8
a 140 111 5
a 140 123 4
a 140 34 9
a 140 164 5
a 140 181 7
a 140 64 5
a 140 65 5
a 140 48 12
a 140 137 15
a 141 142 10
a 141 61 17
a 141 47 2
a 141 85 2
a 141 84 19
a 141 177 7
a 141 97 14
a 141 92 2
a 141 167 7
a 141 78 19
a 141 188 6
a 141 173 16
a 141 145 18
a 141 192 18
a 141 161 14
a 141 9 7
a 141 25 16
a 141 45 15
a 141 108 16
a 141 128 1
a 141 149 14
a 141 69 15
a 141 182 10
a 142 143 4
a 142 38 2
a 142 190 8
a 142 136 7
a 142 75 3
a 142 29 15
a 142 130 3
a 142 15 16
a 142 177 11
a 142 117 7
a 142 102 7
a 142 66 13
a 142 91 10
a 142 35 8
a 142 153 9
a 142 116 3
a 142 33 16
a 142 25 4
a 142 178 13
a 142 1 12
a 142 56 3
a 142 74 19
a 143 144 8
a 143 1 18
a 143 8 17
a 143 73 10
a 143 5 10
a 143 101 17
a 143 102 16
a 143 183 17
a 143 193 15
a 143 119 15
a 143 184 16
a 143 71 2
a 143 70 9
a 143 35 18
a 143 75 19
a 143 185 1
a 143 74 18
a 143 28 11
a 143 96 2
a 143 186 9
a 144 145 17
a 144 21 11
a 144 36 10
a 144 26 16
a 144 96 4
a 144 155 9
a 144 152 13
a 144 6 14
a 144 158 15
a 144 38 13
a 144 57 16
a 144 65 15
a 144 30 6
a 144 142 19
a 144 153 15
a 144 70 18
a 144 136 12
a 144 32 1
a 144 4 4
a 144 160 1
a 144 90 19
a 144 185 18
a 144 8 5
a 145 146 16
a 145 76 17
a 145 30 14
a 145 63 2
a 145 134 13
a 145 188 4
a 145 113 4
a 145 46 10
a 145 6 1
a 145 172 8
a 145 14 14
a 145 104 14
a 145 81 6
a 145 116 7
a 145 165 18
a 145 33 3
a 145 119 2
a 145 96 13
a 145 114 4
a 145 155 15
a 145 194 13
a 145 184 7
a 146 147 8
a 146 134 1
a 146 143 2
a 146 150 14
a 146 140 6
a 146 50 6
a 146 4 4
a 146 174 16
a 146 184 6
a 146 10 2
a 146 188 14
a 146 9 4
a 146 160 18
a 146 75 16
a 146 102 1
a 146 61 1
a 146 63 18
a 146 117 16
a 146 131 7
a 146 179 7
a 147 148 2
a 147 66 5
a 147 57 16
a 147 138 5
a 147 134 4
a 147 199 1
a 147 45 16
a 147 123 18
a 147 145 13
a 147 195 5
a 147 20 2
a 147 149 9
a 147 150 8
a 147 151 6
a 147 157 1
a 147 89 10
a 147 64 9
a 147 71 5
a 147 73 2
a 147 117 13
a 147 54 4
a 148 149 10
a 148 61 2
a 148 192 5
a 148 150 3
a 148 11 8
a 148 186 6
a 148 31 7
a 148 23 17
a 148 38 12
a 148 115 16
a 148 146 1
a 148 14 1
a 148 143 9
a 148 36 19
a 148 180 11
a 148 43 1
a 148 158 10
a 148 96 2
a 149 150 11
a 149 198 3
a 149 104 11
a 149 32 11
a 149 110 16
a 149 5 4
a 149 46 16
a 149 133 17
a 149 120 13
a 149 78 18
a 149 96 15
a 149 188 18
a 149 23 8
a 149 132 9
a 149 20 15
a 149 193 16
a 149 112 12
a 149 179 17
a 149 84 5
a 149 97 14
a 149 21 7
a 150 151 19
a 150 53 3
a 150 182 6
a 150 66 16
a 150 20 6
a 150 32 17
a 150 107 19
a 150 74 3
a 150 58 17
a 150 69 3
a 150 171 19
a 150 41 6
a 150 128 11
a 150 116 6
a 150 166 14
a 150 188 16
a 150 23 12
a 150 157 9
a 150 145 2
a 150 164 17
a 150 192 2
a 150 85 19
a 151 152 17
a 151 139 12
a 151 103 18
a 151 119 4
a 151 48 17
a 151 85 10
a 151 130 8
a 151 77 19
a 151 94 12
a 151 18 6
a 151 33 6
a 151 42 12
a 151 162 9
a 151 169 13
a 151 185 9
a 151 193 10
a 151 106 15
a 151 91 3
a 151 93 11
a 152 153 7
a 152 188 14
a 152 20 16
a 152 141 17
a 152 84 3
a 152 82 4
a 152 96 3
a 152 154 8
a 152 97 10
a 152 93 19
a 152 60 16
a 152 50 2
a 152 54 5
a 152 27 16
a 152 33 12
a 152 180 10
a 152 116 16
a 152 26 16
a 153 154 6
a 153 176 10
a 153 190 5
a 153 13 3
a 153 195 14
a 153 155 11
a 153 9 13
a 153 104 2
a 153 17 11
a 153 145 9
a 153 189 16
a 153 138 4
a 153 122 2
a 153 98 8
a 153 108 6
a 153 23 17
a 153 89 14
a 153 75 7
a 153 161 17
a 153 199 9
a 153 157 8
a 153 29 7
a 154 155 6
a 154 3 10
a 154 32 15
a 154 69 4
a 154 76 16
a 154 198 12
a 154 151 18
a 154 104 18
a 154 14 9
a 154 22 13
a 154 51 16
a 154 7 2
a 154 128 15
a 154 65 18
a 154 191 10
a 154 134 7
a 154 41 17
a 154 117 3
a 154 102 1
a 154 5 13
a 154 53 18
a 154 173 2
a 155 156 9
a 155 64 16
a 155 167 4
a 155 101 3
a 155 172 14
a 155 196 19
a 155 26 11
a 155 80 19
a 155 41 16
a 155 98 9
a 155 38 2
a 155 136 12
a 155 188 14
a 155 116 5
a 155 165 12
a 155 29 15
a 155 170 8
a 155 128 19
a 155 129 15
a 155 149 19
a 156 157 11
a 156 81 7
a 156 145 19
a 156 8 19
a 156 9 18
a 156 76 5
a 156 85 8
a 156 36 7
a 156 198 13
a 156 61 11
a 156 191 19
a 156 123 14
a 156 90 9
a 156 138 6
a 156 100 6
a 156 22 6
a 156 41 2
a 156 21 2
a 156 3 12
a 157 158 8
a 157 120 13
a 157 33 14
a 157 19 6
a 157 112 19
a 157 54 3
a 157 155 16
a 157 160 1
a 157 78 18
a 157 89 4
a 157 137 8
a 157 100 9
a 157 7 11
a 157 199 10
a 157 29 10
a 157 35 15
a 157 188 13
a 157 1 14
a 157 21 11
a 157 92 16
a 157 178 13
a 157 39 11
a 157 15 19
a 157 30 6
a 157 99 16
a 157 93 6
a 157 174 12
a 157 67 14
a 157 101 7
a 157 142 16
a 158 159 19
a 158 86 7
a 158 119 7
a 158 153 18
a 158 5 5
a 158 54 1
a 158 61 17
a 158 140 9
a 158 46 4
a 158 118 14
a 158 191 12
a 158 121 8
a 158 41 13
a 158 196 17
a 158 182 4
a 158 78 12
a 158 60 2
a 158 99 11
a 158 113 19
a 158 83 9
a 158 26 16
a 158 35 3
a 158 161 13
a 158 157 3
a 158 55 15
a 158 188 5
a 158 93 18
a 158 13 16
a 159 160 19
a 159 22 2
a 159 23 15
a 159 69 11
a 159 31 1
a 159 102 19
a 159 121 5
a 159 1 5
a 159 41 5
a 159 128 1
a 159 133 11
a 159 70 6
a 159 49 10
a 159 78 10
a 159 91 6
a 159 37 15
a 159 140 4
a 159 120 2
a 159 35 14
a 159 38 12
a 160 161 10
a 160 21 19
a 160 182 18
a 160 81 2
a 160 41 16
a 160 89 1
a 160 113 19
a 160 142 1
a 160 162 18
a 160 8 17
a 160 35 16
a 160 166 9
a 160 132 19
a 160 57 11
a 160 30 4
a 161 162 9
a 161 75 6
a 161 192 9
a 161 134 17
a 161 52 11
a 161 169 12
a 161 27 12
a 161 176 4
a 161 112 12
a 161 186 10
a 161 110 1
a 161 113 7
a 161 22 12
a 161 38 10
a 161 39 15
a 161 28 17
a 161 41 12
a 161 56 6
a 162 163 7
a 162 56 2
a 162 147 6
a 162 50 7
a 162 55 16
a 162 19 15
a 162 136 6
a 162 92 19
a 162 39 16
a 162 78 7
a 162 91 1
a 162 67 12
a 162 41 12
a 162 150 16
a 162 159 3
a 162 80 10
a 162 126 4
a 162 189 6
a 162 173 5
a 162 132 7
a 162 77 12
a 162 29 9
a 162 184 16
a 162 175 10
a 163 164 1
a 163 155 11
a 163 48 8
a 163 75 15
a 163 73 2
a 163 124 19
a 163 37 12
a 163 16 13
a 163 173 14
a 163 141 2
a 163 8 1
a 163 184 11
a 163 115 11
a 163 158 4
a 163 85 7
a 163 169 1
a 163 110 1
a 163 28 17
a 164 165 10
a 164 99 4
a 164 49 2
a 164 64 9
a 164 156 7
a 164 27 16
a 164 20 14
a 164 159 5
a 164 38 14
a 164 168 3
a 164 102 15
a 164 146 18
a 164 75 3
a 164 193 9
a 164 72 9
a 164 181 16
a 164 79 17
a 164 118 18
a 164 110 18
a 164 157 11
a 164 120 12
a 164 2 13
a 165 166 15
a 165 168 10
a 165 83 9
a 165 110 8
a 165 75 6
a 165 42 14
a 165 34 17
a 165 11 19
a 165 84 1
a 165 197 19
a 165 94 2
a 165 156 14
a 165 133 8
a 165 73 6
a 165 71 9
a 165 120 15
a 165 138 7
a 165 199 14
a 165 174 4
a 165 170 6
a 165 13 16
a 165 26 6
a 166 167 8
a 166 134 16
a 166 159 9
a 166 52 9
a 166 108 12
a 166 147 11
a 166 193 13
a 166 130 10
a 166 61 18
a 166 157 11
a 166 28 4
a 166 24 5
a 166 177 10
a 166 185 3
a 166 199 7
a 166 91 15
a 166 174 11
a 166 131 13
a 166 93 2
a 166 13 17
a 166 98 1
a 167 168 12
a 167 72 11
a 167 16 19
a 167 75 13
a 167 87 7
a 167 53 5
a 167 120 15
a 167 103 5
a 167 30 16
a 167 93 16
a 167 179 7
a 167 34 5
a 167 109 3
a 167 97 16
a 167 48 16
a 167 183 6
a 168 169 5
a 168 94 3
a 168 87 3
a 168 69 18
a 168 52 17
a 168 180 6
a 168 12 1
a 168 9 8
a 168 10 9
a 168 84 12
a 168 30 8
a 168 136 15
a 168 83 11
a 168 157 2
a 169 170 7
a 169 19 11
a 169 14 15
a 169 196 11
a 169 141 11
a 169 76 14
a 169 190 18
a 169 174 10
a 169 54 4
a 169 146 2
a 169 7 11
a 169 37 2
a 169 90 17
a 169 193 6
a 169 103 5
a 169 104 5
a 169 180 9
a 169 183 10
a 169 93 13
a 169 32 3
a 169 135 16
a 169 79 19
a 169 187 19
a 170 171 7
a 170 183 2
a 170 174 15
a 170 56 1
a 170 197 18
a 170 99 15
a 170 193 18
a 170 95 1
a 170 54 13
a 170 134 3
a 170 163 9
a 170 31 2
a 171 172 2
a 171 193 12
a 171 169 14
a 171 75 19
a 171 195 5
a 171 70 16
a 171 197 15
a 171 86 8
a 171 187 16
a 171 180 9
a 171 21 16
a 171 102 1
a 171 16 17
a 171 149 15
a 171 44 5
a 171 79 11
a 171 14 1
a 171 162 2
a 171 142 2
a 171 101 5
a 171 30 11
a 171 29 1
a 171 92 3
a 172 173 1
a 172 9 4
a 172 195 6
a 172 35 7
a 172 118 19
a 172 134 17
a 172 148 18
a 172 139 19
a 172 82 8
a 172 55 7
a 172 44 11
a 172 104 19
a 172 186 15
a 172 191 14
a 172 156 4
a 172 80 5
a 172 60 11
a 172 11 13
a 172 49 19
a 172 66 8
a 172 98 12
a 173 174 14
a 173 34 14
a 173 177 17
a 173 9 4
a 173 47 9
a 173 131 9
a 173 69 3
a 173 118 15
a 173 109 2
a 173 42 7
a 173 30 14
a 173 127 12
a 173 3 14
a 173 194 8
a 173 66 14
a 173 27 14
a 173 110 18
a 173 59 16
a 174 175 14
a 174 65 4
a 174 96 16
a 174 118 15
a 174 42 15
a 174 109 5
a 174 40 14
a 174 181 14
a 174 144 14
a 174 178 4
a 174 105 19
a 174 132 1
a 174 168 3
a 174 166 4
a 174 158 13
a 174 78 15
a 174 147 14
a 174 116 18
a 174 170 14
a 174 138 14
a 174 69 15
a 174 94 4
a 174 33 12
a 174 163 9
a 174 169 17
a 174 145 14
a 174 180 18
a 174 4 11
a 175 176 3
a 175 171 12
a 175 127 12
a 175 29 17
a 175 84 12
a 175 149 6
a 175 12 15
a 175 145 14
a 175 140 3
a 175 88 2
a 175 132 1
a 175 120 1
a 175 104 11
a 175 41 16
a 175 81 7
a 175 195 18
a 175 38 8
a 175 68 5
a 175 76 17
a 175 142 6
a 175 62 7
a 175 59 13
a 175 173 15
a 176 177 13
a 176 185 8
a 176 88 3
a 176 92 16
a 176 99 9
a 176 20 12
a 176 107 9
a 176 51 7
a 176 120 15
a 176 183 18
a 176 54 13
a 176 84 15
a 176 121 16
a 176 79 10
a 176 110 10
a 176 82 17
a 176 31 13
a 176 41 6
a 176 145 17
a 176 190 9
a 176 119 14
a 176 42 15
a 177 178 13
a 177 130 7
a 177 136 7
a 177 166 12
a 177 194 11
a 177 25 3
a 177 103 12
a 177 58 16
a 177 100 8
a 177 189 6
a 177 14 1
a 177 93 12
a 177 74 19
a 177 90 12
a 177 199 10
a 177 52 10
a 177 119 15
a 177 47 1
a 177 113 6
a 177 102 7
a 177 154 13
a 177 56 7
a 177 32 3
a 177 173 10
a 177 98 13
a 177 60 6
a 178 179 7
a 178 14 18
a 178 177 16
a 178 72 3
a 178 103 5
a 178 173 3
a 178 62 8
a 178 13 18
a 178 111 5
a 178 81 13
a 178 28 16
a 178 77 6
a 178 49 18
a 178 97 5
a 178 139 9
a 178 55 14
a 178 191 18
a 178 141 14
a 178 32 8
a 178 79 5
a 178 147 14
a 178 25 4
a 178 172 14
a 178 85 2
a 178 75 16
a 179 180 15
a 179 98 19
a 179 184 8
a 179 94 17
a 179 169 10
a 179 111 13
a 179 73 15
a 179 53 4
a 179 181 3
a 179 62 3
a 179 19 4
a 179 189 8
a 179 57 2
a 179 12 7
a 179 11 7
a 179 97 10
a 179 63 9
a 180 181 4
a 180 31 7
a 180 190 18
a 180 43 1
a 180 3 17
a 180 150 14
a 180 116 5
a 180 25 10
a 180 198 10
a 180 66 3
a 180 139 15
a 180 189 12
a 180 17 12
a 180 193 13
a 180 137 1
a 180 125 1
a 180 55 2
a 180 81 5
a 180 70 19
a 180 195 2
a 180 7 14
a 181 182 7
a 181 166 15
a 181 127 3
a 181 100 7
a 181 99 12
a 181 68 13
a 181 13 6
a 181 168 19
a 181 67 7
a 181 62 11
a 181 25 13
a 181 186 5
a 181 196 3
a 181 15 1
a 181 152 9
a 181 21 19
a 181 31 4
a 181 96 6
a 181 104 12
a 182 183 7
a 182 84 15
a 182 12 6
a 182 51 9
a 182 166 4
a 182 195 6
a 182 126 19
a 182 174 6
a 182 131 13
a 182 180 19
a 182 6 12
a 182 178 13
a 182 70 8
a 182 44 10
a 182 66 3
a 182 57 4
a 182 89 18
a 182 119 18
a 183 184 15
a 183 26 15
a 183 91 2
a 183 173 7
a 183 78 10
a 183 12 4
a 183 121 7
a 183 52 16
a 183 155 8
a 183 90 17
a 183 5 4
a 183 54 17
a 183 101 17
a 183 165 13
a 183 126 17
a 183 133 2
a 183 58 12
a 183 27 11
a 183 117 18
a 183 39 5
a 183 149 14
a 183 68 4
a 184 185 19
a 184 182 17
a 184 192 16
a 184 23 3
a 184 36 6
a 184 161 9
a 184 188 5
a 184 87 13
a 184 93 14
a 184 52 14
a 184 122 19
a 184 113 9
a 184 168 6
a 184 43 16
a 184 64 7
a 184 105 2
a 184 34 16
a 184 98 18
a 184 181 6
a 184 78 6
a 184 142 16
a 184 5 10
a 184 33 5
a 184 82 13
a 184 147 15
a 185 186 12
a 185 3 16
a 185 4 4
a 185 183 11
a 185 66 14
a 185 132 1
a 185 69 14
a 185 148 19
a 185 167 14
a 185 97 1
a 185 82 1
a 185 124 16
a 185 150 2
a 185 151 8
a 185 27 14
a 185 119 3
a 185 99 9
a 185 9 11
a 185 189 3
a 185 174 17
a 186 187 18
a 186 122 7
a 186 156 5
a 186 86 19
a 186 14 19
a 186 129 4
a 186 190 14
a 186 76 15
a 186 124 9
a 186 24 9
a 186 85 11
a 186 51 13
a 187 188 15
a 187 189 2
a 187 61 7
a 187 166 16
a 187 113 16
a 187 39 16
a 187 135 4
a 187 174 11
a 187 16 7
a 187 35 3
a 187 136 1
a 187 15 1
a 187 84 1
a 187 12 14
a 187 144 5
a 187 120 1
a 187 96 10
a 187 1 18
a 187 107 9
a 187 6 14
a 187 38 15
a 187 181 7
a 187 11 5
a 187 69 8
a 188 189 9
a 188 68 16
a 188 96 18
a 188 195 13
a 188 86 13
a 188 38 9
a 188 163 2
a 188 18 17
a 188 106 12
a 188 88 16
a 188 177 10
a 188 176 5
a 189 190 3
a 189 58 12
a 189 42 8
a 189 176 12
a 189 48 3
a 189 135 10
a 189 153 19
a 189 184 12
a 189 90 4
a 189 32 12
a 189 95 1
a 189 56 18
a 189 62 17
a 189 57 16
a 189 89 8
a 189 92 2
a 189 63 6
a 189 22 14
a 189 107 6
a 190 191 11
a 190 185 6
a 190 58 19
a 190 123 8
a 190 95 15
a 190 148 10
a 190 135 3
a 190 112 11
a 190 195 16
a 190 86 5
a 190 7 15
a 190 31 16
a 190 157 13
a 190 101 4
a 190 162 9
a 190 125 18
a 190 163 14
a 190 196 13
a 190 158 13
a 190 39 3
a 191 192 8
a 191 137 12
a 191 148 18
a 191 60 19
a 191 104 11
a 191 90 1
a 191 167 5
a 191 93 12
a 191 45 4
a 191 10 2
a 191 33 1
a 191 35 13
a 191 54 10
a 191 27 19
a 191 26 6
a 191 141 5
a 191 97 6
a 191 15 9
a 191 41 18
a 191 199 18
a 191 52 6
a 191 9 1
a 191 71 11
a 192 193 2
a 192 40 4
a 192 141 18
a 192 118 16
a 192 89 17
a 192 149 16
a 192 189 9
a 192 21 10
a 192 143 3
a 192 87 3
a 192 20 6
a 192 77 1
a 192 185 10
a 192 74 11
a 192 7 17
a 192 36 5
a 192 169 16
a 192 82 3
a 192 165 17
a 192 158 9
a 192 190 14
a 193 194 6
a 193 129 4
a 193 102 6
a 193 28 13
a 193 70 14
a 193 54 11
a 193 35 19
a 193 189 13
a 193 75 14
a 193 80 19
a 193 27 1
a 193 91 17
a 193 176 1
a 193 100 6
a 193 76 11
a 193 15 2
a 193 2 4
a 194 195 18
a 194 175 17
a 194 72 3
a 194 64 13
a 194 148 16
a 194 4 19
a 194 190 2
a 194 186 6
a 194 10 3
a 194 134 11
a 194 101 17
a 194 37 9
a 194 48 14
a 194 179 9
a 194 68 13
a 194 147 2
a 194 132 12
a 194 36 11
a 194 86 16
a 194 125 11
a 194 20 13
a 194 15 2
a 194 158 6
a 194 59 6
a 195 196 18
a 195 124 8
a 195 87 10
a 195 62 19
a 195 190 9
a 195 194 12
a 195 189 14
a 195 157 9
a 195 48 18
a 195 133 9
a 195 72 16
a 195 101 7
a 195 119 10
a 195 148 14
a 195 28 6
a 195 112 12
a 195 37 18
a 195 180 18
a 196 197 4
a 196 190 13
a 196 170 3
a 196 143 16
a 196 16 1
a 196 167 11
a 196 121 19
a 196 90 9
a 196 68 3
a 196 83 14
a 196 19 8
a 196 10 11
a 196 75 18
a 196 27 7
a 196 150 18
a 196 101 14
a 196 2 6
a 196 88 2
a 196 36 4
a 196 84 18
a 197 198 19
a 197 66 11
a 197 103 8
a 197 61 1
a 197 79 17
a 197 95 2
a 197 80 6
a 197 15 15
a 197 93 5
a 197 181 19
a 197 67 10
a 197 47 11
a 197 184 7
a 197 35 16
a 197 191 18
a 197 114 13
a 197 4 4
a 197 6 6
a 197 187 7
a 197 125 15
a 197 155 15
a 197 146 13
a 197 64 19
a 198 199 14
a 198 92 5
a 198 102 17
a 198 56 2
a 198 80 2
a 198 191 19
a 198 13 13
a 198 39 6
a 198 180 7
a 198 181 14
a 198 73 2
a 198 100 9
a 198 16 9
a 198 162 10
a 198 51 10
a 198 17 10
a 198 50 17
a 198 130 2
a 198 34 12
c 3 126 126 160 87
c 39 9 66 127 71
c 86 104 89 160 80
c 143 35 148 186 41
c 112 31 114 131 121
c 63 87 111 2 45
c 93 155 146 102 42
c 166 61 14 48 36
c 157 99 152 96 97
c 42 13 41 96 30
c 124 20 165 110 82
c 126 65 66 161 123
c 196 101 103 116 30
c 5 37 164 2 113
c 19 143 6 3 34
c 95 133 156 9 67
c 106 107 121 94 51
c 7 1 192 82 95
c 123 96 44 199 54
c 97 118 88 140 25
c 33 10 52 143 63
c 126 36 35 26 45
c 38 170 42 10 99
c 188 96 21 131 55
c 82 193 170 197 38
c 140 33 198 80 67
c 90 9 67 133 100
c 91 45 149 97 92
c 46 43 185 174 50
c 99 17 120 16 67
c 115 31 88 45 64
c 171 29 131 109 87
c 153 75 168 94 65
c 181 67 88 55 104
c 197 35 82 29 105
c 130 178 172 55 27
c 83 150 6 167 38
c 32 76 169 187 120
c 125 126 127 96 79
c 83 16 147 148 72
c 11 17 49 50 33
c 72 154 70 175 34
c 189 190 50 126 90
c 16 10 58 175 38
c 69 88 130 193 55
c 148 43 67 68 110
c 3 169 158 61 74
c 77 11 175 173 34
c 69 77 144 136 51
c 153 9 93 128 103
c 143 183 4 86 77
c 163 75 19 139 70
c 185 151 75 51 110
c 85 77 152 20 76
c 177 136 10 125 75
c 59 56 190 195 60
c 143 75 44 164 49
c 6 36 110 6 43
c 77 25 162 173 91
c 99 45 112 113 40
c 57 73 164 99 73
c 29 162 59 131 52
c 100 74 133 176 113
c 17 57 196 10 103
c 122 123 130 81 85
c 1 48 92 142 84
c 92 128 87 16 72
c 59 100 35 55 26
c 188 176 4 86 53
c 161 56 20 134 106
c 146 188 197 15 30
c 162 175 34 5 75
c 4 80 17 67 94
c 70 180 185 189 101
c 59 131 73 99 56
c 54 171 137 42 38
c 170 95 61 83 120
c 72 175 124 134 85
c 146 143 152 33 73
c 27 18 95 168 39
c 3 108 145 116 123
c 20 29 84 23 90
c 145 14 151 85 95
c 173 194 44 198 60
c 44 103 99 45 58
c 70 186 170 31 73
c 115 188 85 172 67
c 16 26 103 66 121
c 89 1 19 57 40
c 123 52 52 147 114
c 28 98 132 24 65
c 135 33 163 28 56
c 189 58 106 107 54
c 123 195 112 30 50
c 129 37 67 126 85
c 190 196 87 143 37
c 36 1 138 74 89
c 56 109 50 198 74
c 95 52 146 150 100
c 7 127 165 138 83
c 25 26 158 86 47
c 75 50 49 198 67
c 183 90 140 111 93
c 24 35 67 102 74
c 21 19 68 69 119
c 140 199 52 53 32
c 174 65 58 175 114
c 73 199 157 33 120
c 121 164 28 29 55
c 114 189 115 31 68
c 99 44 16 146 108
c 41 152 58 59 67
c 50 187 106 25 112
c 42 126 26 2 49
c 186 14 65 79 83
c 0 156 190 148 71
c 160 21 87 148 57
c 39 181 118 122 103
c 112 6 19 139 45
c 106 5 33 144 49
c 117 19 29 16 83
c 38 18 130 148 34
c 47 28 143 119 90
c 73 5 192 149 56
c 55 58 62 147 62
c 58 82 160 30 108
c 95 96 185 189 63
c 189 89 106 94 58
c 66 74 115 44 28
c 20 7 44 43 87
c 12 38 129 73 41
c 124 2 29 195 114
c 124 123 154 65 82
c 125 56 117 19 69
c 177 98 105 29 62
c 126 196 57 104 69
c 15 129 71 10 91
c 123 125 64 110 92
c 26 164 50 33 26
c 21 49 71 45 90
c 189 90 122 20 106
c 2 148 189 107 31
c 36 199 52 87 74
c 123 124 112 162 26
c 51 52 44 164 77
c 57 81 32 155 66
c 147 148 192 158 111
c 191 54 78 108 120
c 195 37 136 4 93
c 97 121 176 51 28
c 12 197 167 97 88
c 174 78 56 109 76
c 99 51 99 112 77
c 164 75 128 36 84
c 31 53 182 166 112
c 180 55 66 139 121
c 168 87 126 4 30
c 60 38 113 38 55
c 187 189 171 44 96
c 19 20 111 182 105
c 69 178 112 51 103
c 87 116 130 194 49
c 30 127 12 36 114
c 169 90 70 145 76
c 22 45 141 85 28
c 19 57 89 145 121
c 58 104 116 178 40
c 104 160 111 112 97
c 147 150 46 4 48
c 118 77 38 77 105
c 40 158 95 9 120
c 125 77 11 197 38
c 76 109 67 126 92
c 33 113 29 83 25
c 20 113 70 116 72
c 83 84 146 117 95
c 25 20 18 24 72
c 76 109 17 41 78
c 154 3 62 139 79
c 144 136 29 179 28
c 86 5 121 86 123
c 156 90 176 51 69
c 182 183 63 98 120
c 58 192 68 96 87
c 153 190 37 57 117
c 77 86 176 82 101
c 137 23 59 192 30
c 94 38 24 51 95
c 24 32 120 199 98
c 193 70 191 60 90
c 61 22 141 78 27
c 158 113 22 172 46
c 54 113 80 81 124
c 74 113 1 2 83
c 97 121 77 3 41
c 161 169 101 62 99
c 102 9 87 45 100
c 183 165 76 74 30
c 168 136 185 174 107
c 197 4 53 114 35
c 185 189 7 178 30
c 50 128 29 195 37
c 184 168 194 158 98
c 173 27 67 81 93
c 104 140 175 88 101
c 112 65 37 72 111
c 147 199 186 14 56
c 51 181 138 195 42
c 33 167 187 135 25
c 164 102 197 47 41
c 60 38 178 14 106
c 4 90 80 78 77
c 67 75 49 78 55
c 177 32 100 129 96
c 167 53 76 41 114
c 120 91 2 60 33
c 145 14 191 10 89
c 166 108 102 87 110
c 144 142 98 109 85
c 156 76 192 189 29
c 60 136 63 6 58
c 177 189 146 143 89
c 10 92 30 193 95
c 185 167 198 34 40
c 137 30 84 135 58
c 113 40 167 75 75
c 195 87 134 39 93
c 143 70 27 158 83
c 27 33 27 36 30
c 175 62 76 109 77
c 125 20 121 70 105
c 60 11 104 147 77
c 22 181 139 181 70
c 58 57 103 78 61
c 134 135 185 167 32
c 118 32 24 51 27
c 118 6 187 96 79
c 166 91 27 3 30
c 164 120 115 188 89
c 128 160 59 94 37
c 191 52 32 194 80
c 165 170 21 166 69
c 112 6 148 61 84
c 151 152 95 120 120
c 102 106 136 42 30
c 115 163 81 71 103
c 80 94 19 57 38
c 138 156 90 94 92
c 103 66 19 102 49
c 140 179 149 198 59
c 156 76 4 194 102
c 10 54 0 196 50
c 180 193 32 65 73
c 0 102 101 117 110
c 3 108 39 139 63
c 75 84 183 12 81
c 172 55 171 172 94
c 176 51 173 127 96
c 167 53 18 113 46
c 99 143 34 21 47
c 63 83 48 161 94
c 79 152 32 178 68
c 177 189 60 99 114
c 196 88 135 89 44
c 195 124 111 2 44
c 155 29 81 56 107
c 21 5 195 180 70
c 42 164 56 179 49
c 144 70 164 157 34
c 141 173 88 70 107
c 3 4 188 176 74
c 89 41 71 135 115
c 192 87 10 115 61
c 91 136 180 17 72
c 90 9 97 118 59
c 187 15 139 140 42
c 121 52 125 108 102
c 51 172 95 58 88
c 143 73 195 62 124
c 188 176 74 24 112
c 141 85 10 144 34
c 129 176 120 138 59
c 158 191 190 86 116
c 193 100 178 28 123
c 146 147 47 161 123
c 133 124 76 176 41
c 132 68 18 170 53
c 20 178 150 171 76
c 74 110 115 44 70
c 90 88 135 55 124
c 3 47 196 143 76
c 44 128 128 36 47
c 141 85 177 60 49
c 175 59 57 142 72
c 97 112 99 184 119
c 47 177 90 100 83
c 87 186 180 3 25
c 30 102 78 79 75
c 111 87 192 118 57
c 146 179 11 98 37
c 130 186 7 26 35
c 193 194 33 106 107
c 148 150 145 188 84
c 121 18 69 164 63
c 178 103 59 186 118
c 170 95 5 105 105
c 189 42 27 18 70
c 32 131 157 199 70
c 56 36 66 84 115
c 194 175 23 74 58
c 162 41 156 21 61
c 77 102 89 160 88
c 168 69 167 179 90
c 22 129 4 86 43
c 166 147 52 130 66
c 110 29 77 133 99
c 112 159 121 173 25
c 170 134 22 119 26
c 35 70 38 170 106
c 106 107 114 32 116
c 158 99 43 61 80
c 143 1 47 111 66
c 25 195 13 60 114
c 153 195 115 185 26
c 123 29 55 44 113
c 148 143 83 130 62
c 42 109 96 135 30
c 197 61 198 13 121
c 85 63 21 166 91
c 114 115 69 95 29
c 114 188 157 7 68
c 100 20 9 10 109
c 144 57 16 177 96
c 114 158 113 38 117
c 44 103 183 184 80
c 137 46 144 155 109
c 67 81 16 15 37
c 112 18 147 57 56
c 154 104 118 37 59
c 20 23 114 93 74
c 74 25 198 13 95
c 98 47 157 160 78
c 0 136 125 17 116
c 25 71 94 170 120
c 62 187 154 134 100
c 195 189 1 118 78
c 91 55 16 166 76
c 58 57 142 74 46
c 138 46 156 81 55
c 27 19 15 174 111
c 135 123 49 134 105
c 106 163 4 44 73
c 34 198 89 164 27
c 95 93 169 180 81
c 171 79 141 45 34
c 86 5 68 170 31
c 18 113 147 150 36
c 102 169 77 180 34
c 48 20 35 122 93
c 112 65 62 132 53
c 144 21 86 159 28
c 171 16 128 132 63
c 53 21 130 89 96
c 0 136 141 25 78
c 21 2 91 45 124
c 166 177 145 116 28
c 12 188 32 33 34
c 39 139 160 81 26
c 29 30 101 67 79
c 33 10 100 164 26
c 141 85 133 149 64
c 19 196 151 103 72
c 77 82 68 27 100
c 154 3 157 93 49
c 67 126 140 161 103
c 86 132 10 54 99
c 195 157 155 172 42
c 82 132 197 125 30
c 1 121 44 17 64
c 194 101 146 143 114
c 173 34 49 141 80
c 148 43 194 72 82
c 100 88 14 125 106
c 155 129 31 191 43
c 44 48 0 191 111
c 145 114 11 143 122
c 168 30 96 168 77
c 26 143 157 21 38
c 133 12 44 146 83
c 133 184 82 14 98
c 174 42 36 178 77
c 55 58 131 69 56
c 92 128 24 134 86
c 167 72 32 112 97
c 104 140 99 108 64
c 190 135 157 30 43
c 80 94 151 193 43
c 10 115 130 193 55
c 157 21 116 178 71
c 184 52 0 24 92
c 111 152 7 26 123
c 61 94 5 117 29
c 65 41 198 34 117
c 9 131 12 37 40
c 94 179 20 163 89
c 30 185 119 29 67
c 67 121 105 137 48
c 77 196 72 8 101
c 57 24 6 155 112
c 71 135 93 70 69
c 137 46 97 195 41
c 154 69 72 129 119
c 34 41 153 161 26
c 72 154 36 40 121
c 84 171 0 156 98
c 94 88 164 38 98
c 157 160 156 145 78
c 142 74 133 199 62
c 174 168 68 69 104
c 57 99 189 63 44
c 156 36 18 185 81
c 193 28 22 12 71
c 77 3 149 112 120
c 159 49 131 83 42
c 162 92 72 106 95
c 16 71 32 2 92
c 81 175 158 119 46
c 27 127 195 196 31
c 166 108 56 124 89
c 164 168 161 162 99
c 64 79 192 141 47
c 76 15 154 14 40
c 184 23 91 31 55
c 58 59 131 48 25
c 52 104 8 54 28
c 166 13 39 27 97
c 146 9 116 69 76
c 147 151 18 24 124
c 72 8 96 97 81
c 79 4 107 105 56
c 25 80 11 20 50
c 128 1 169 104 41
c 153 13 163 73 122
c 194 59 74 14 123
c 103 175 185 9 32
c 162 80 122 49 30
c 58 182 17 11 115
c 49 64 11 12 41
c 7 107 118 6 34
c 179 189 118 119 43
c 158 119 184 98 57
c 188 163 44 118 108
c 32 199 184 93 46
c 75 179 45 190 47
c 152 153 116 171 78
c 129 155 171 101 88
c 166 61 94 64 56
c 175 173 120 111 82
c 178 28 33 167 40
c 192 40 3 40 61
c 21 85 0 3 111
c 105 152 102 110 113
c 0 48 33 100 70
c 191 35 168 9 30
c 65 27 168 83 93
c 170 99 134 29 83
c 56 124 108 2 52
c 3 38 87 88 72
c 146 75 7 117 97
c 169 190 167 97 103
c 31 181 181 13 100
c 150 20 166 13 115
c 156 9 149 5 27
c 30 37 17 90 67
c 136 170 156 85 43
c 161 176 90 157 44
c 37 171 177 52 65
c 92 16 157 99 53
c 187 181 180 3 79
c 67 5 136 120 117
c 37 72 144 6 51
c 26 43 12 51 25
c 165 166 165 120 58
c 173 174 126 78 114
c 124 142 163 37 81
c 191 41 49 141 93
c 101 96 173 131 92
c 128 57 106 58 56
c 129 114 158 119 103
c 8 10 187 35 52
c 78 105 187 69 124
c 43 101 71 163 39
c 128 57 16 10 106
c 64 8 18 103 25
c 179 111 25 20 26
c 152 60 156 3 119
c 95 100 110 14 65
c 47 31 192 36 70
c 166 157 186 124 108
c 173 69 70 116 48
c 66 86 33 65 93
c 48 103 97 121 52
c 121 117 191 54 123
c 122 196 128 100 36
c 7 92 155 165 91
c 19 144 79 150 98
c 58 164 116 58 26
c 11 49 133 183 87
c 70 180 109 60 92
c 154 22 36 1 101
c 145 81 114 131 118
c 171 169 99 14 74
c 119 17 58 77 105
c 84 53 167 87 111
c 132 68 110 100 60
c 74 63 10 96 106
c 169 103 134 111 82
c 117 140 19 102 30
c 147 54 155 167 119
c 106 110 128 97 90
c 197 146 141 145 92
c 76 15 23 88 34
c 121 46 92 93 119
c 106 190 51 170 116
c 142 102 110 31 66
c 186 86 161 112 67
c 40 98 171 193 114
c 175 120 185 186 96
c 60 11 157 78 50
c 95 168 117 98 113
c 148 36 190 39 25
c 176 107 18 93 45
c 133 40 25 186 37
c 165 11 29 104 79
c 66 158 165 34 101
c 153 13 123 25 113
c 128 97 11 147 118
c 79 119 154 5 81
c 129 82 196 2 99
c 179 53 9 146 40
c 182 183 180 7 80
c 198 100 157 33 107
c 101 154 56 124 44
c 19 139 91 81 66
c 128 155 24 63 111
c 174 40 2 80 105
c 115 16 42 71 79
c 110 161 78 173 28
c 193 27 135 55 112
c 152 153 11 186 83
c 151 193 47 56 35
c 99 119 6 3 119
c 87 25 33 73 117
c 69 88 38 77 122
c 70 68 141 167 72
c 165 166 187 12 47
c 77 86 104 30 96
c 109 70 18 60 100
c 146 75 116 171 72
c 34 138 137 44 43
c 152 27 195 62 102
c 32 123 162 126 65
c 43 101 81 154 104
c 76 36 69 77 37
c 176 54 100 189 112
c 111 131 85 86 43
c 0 82 82 29 44
c 189 95 97 182 26
c 117 57 52 128 47
c 44 150 166 91 70
c 68 198 123 103 84
c 108 123 40 173 76
c 41 25 87 82 78
c 74 147 3 143 71
c 178 62 136 34 71
c 105 176 163 8 28
c 178 14 140 48 117
c 110 111 13 45 121
c 130 43 26 138 124
c 80 81 125 109 28
c 100 129 9 72 28
c 174 96 141 167 62
c 89 160 119 93 43
c 69 41 130 123 100
c 190 112 150 107 62
c 130 43 2 173 112
c 134 53 49 111 52
c 129 73 176 190 89
c 71 83 134 4 30
c 140 111 81 82 70
c 50 59 180 31 45
c 149 188 99 44 68
c 179 94 179 57 107
c 164 27 53 142 38
c 174 147 192 40 76
c 98 148 147 134 105
c 155 196 141 47 71
c 45 3 79 99 33
c 188 177 13 165 103
c 114 110 140 33 75
c 129 197 72 24 124
c 52 3 69 157 40
c 148 38 52 169 124
c 133 191 162 56 118
c 85 125 36 40 86
c 180 81 116 124 64
c 74 152 10 153 102
c 174 96 146 9 115
c 9 161 169 193 49
c 125 42 16 26 107
c 153 17 175 88 60
c 118 157 106 63 73
c 104 111 168 10 25
c 121 86 3 90 89
c 127 16 87 44 40
c 104 92 194 10 84
c 152 180 183 117 62
c 179 19 40 147 38
c 112 165 80 105 108
c 127 92 45 125 27
c 98 104 124 70 77
c 110 6 71 132 66
c 97 41 125 37 53
c 150 53 107 119 95
c 138 168 196 10 106
c 104 176 172 80 110
c 156 191 6 55 120
c 102 45 187 166 35
c 26 190 169 170 56
c 90 117 42 92 77
c 66 139 93 155 122
c 73 170 189 153 61
c 193 80 194 147 47
c 162 67 138 180 107
c 72 100 166 185 79
c 116 96 45 190 80
c 55 105 156 8 99
c 31 41 43 61 35
c 190 112 184 142 25
c 169 135 9 113 37
c 179 111 1 48 115
c 124 146 123 195 26
c 90 167 110 92 110
c 58 68 56 99 119
c 121 8 166 174 112
c 70 71 81 76 90
c 11 147 158 5 86
c 182 70 189 57 64
c 22 129 130 186 101
c 90 109 111 40 40
c 106 196 96 39 71
c 117 98 34 166 46
c 0 147 124 125 32
c 31 32 77 36 51
c 22 116 155 129 67
c 70 167 109 9 91
c 50 126 160 41 32
c 56 193 90 197 92
c 90 9 42 115 39
c 68 170 193 75 104
c 40 91 88 144 31
c 190 196 159 49 29
c 91 176 171 187 78
c 112 12 102 174 102
c 180 139 172 118 97
c 142 38 125 42 57
c 40 147 45 67 104
c 141 61 67 68 83
c 89 99 63 192 94
c 78 108 103 36 50
c 3 198 110 143 74
c 147 150 24 90 77
c 10 13 3 159 79
c 60 103 89 91 120
c 57 104 79 109 82
c 112 116 120 64 44
c 151 85 111 41 97
c 137 45 102 175 100
c 163 173 97 155 69
c 94 63 115 170 47
c 34 31 139 4 31
c 195 62 190 86 32
c 139 53 92 137 72
c 122 123 178 81 53
c 123 163 10 144 62
c 110 14 105 176 30
c 164 110 111 87 88
c 131 24 147 54 97
c 148 96 80 14 31
c 66 146 105 81 79
c 99 120 164 146 51
c 168 52 1 172 115
c 175 59 85 69 112
c 153 23 27 157 123
c 44 45 157 7 37
c 68 27 156 36 81
c 101 66 53 113 92
c 120 71 32 68 76
c 10 157 151 91 42
c 168 83 136 160 85
c 80 102 57 51 122
c 166 24 65 54 81
c 148 96 87 48 66
c 177 32 113 55 63
c 32 35 112 6 71
c 50 126 4 111 37
c 76 12 123 163 35
c 108 58 190 123 122
c 72 24 65 66 117
c 184 122 126 17 34
c 85 69 160 8 88
c 59 45 138 158 107
c 33 31 59 143 48
c 99 50 57 115 99
c 186 122 24 63 51
c 22 132 171 30 69
c 137 125 9 179 70
c 28 22 95 100 105
c 23 26 106 102 57
c 10 144 142 66 34
c 198 17 150 151 69
c 158 99 86 132 42
c 112 137 177 52 58
c 61 1 187 181 54
c 99 119 179 169 60
c 67 149 172 9 114
c 176 185 11 98 68
c 85 112 98 150 32
c 149 193 188 176 53
c 49 5 161 113 71
c 187 84 175 81 66
c 118 97 92 137 53
c 70 89 99 100 59
c 143 1 28 186 32
c 49 169 146 102 83
c 141 192 33 113 54
c 161 56 50 166 98
c 59 100 5 144 72
c 99 134 50 51 103
c 8 11 166 167 112
c 177 25 118 97 36
c 161 27 71 83 65
c 176 177 35 199 73
c 0 196 121 117 58
c 195 194 149 32 65
c 91 176 90 43 66
c 138 69 1 121 102
c 53 165 65 53 112
c 72 148 51 199 48
c 19 6 21 49 68
c 58 73 126 127 93
c 16 122 81 82 49
c 194 64 176 121 37
c 146 188 53 2 106
c 195 157 162 39 29
c 110 168 180 7 101
c 46 47 16 145 44
c 51 137 163 155 55
c 19 6 19 57 120
c 66 159 156 85 37
c 79 139 94 141 29
c 8 11 85 190 95
c 116 147 165 94 86
c 55 8 7 118 79
c 156 21 41 26 103
c 88 132 70 116 49
c 65 72 132 76 41
c 178 172 172 11 39
c 59 183 120 122 69
c 139 137 84 16 60
c 94 63 129 52 95
c 74 113 108 49 78
c 26 112 97 140 86
c 40 88 57 48 38
c 189 92 165 42 110
c 78 58 191 10 86
c 117 50 84 171 111
c 11 196 73 143 76
c 130 81 147 148 109
c 12 37 151 91 28
c 159 37 42 24 98
c 36 99 54 177 124
c 116 198 79 126 54
c 116 42 30 120 109
c 174 163 37 62 55
c 135 62 91 62 92
c 186 190 144 57 60
c 135 132 173 127 95
c 198 199 150 41 87
c 43 44 14 179 37
c 198 56 147 54 78
