notes: n=200, m=3980, elb=1, eub=20, density=0.1, conf_density=0.0001, clb=25, cub= 125, seed= 5586
p spec 200 3980 791
s 0
t 199
a 0 1 17
a 0 122 16
a 0 86 10
a 0 11 7
a 0 155 14
a 0 191 10
a 0 95 1
a 0 163 2
a 0 143 18
a 0 134 12
a 0 52 12
a 0 132 18
a 0 76 7
a 0 48 6
a 0 117 11
a 0 171 4
a 0 121 19
a 0 79 5
a 0 153 4
a 0 42 2
a 0 98 3
a 0 173 7
a 0 12 19
a 0 70 6
a 1 2 18
a 1 97 13
a 1 188 11
a 1 179 8
a 1 145 2
a 1 105 9
a 1 108 6
a 1 91 15
a 1 93 17
a 1 55 17
a 1 123 4
a 1 196 14
a 1 147 1
a 1 132 18
a 1 10 6
a 1 189 17
a 1 37 10
a 1 115 12
a 1 84 10
a 1 128 3
a 1 51 1
a 2 3 3
a 2 56 1
a 2 57 8
a 2 28 2
a 2 142 3
a 2 143 19
a 2 149 6
a 2 24 5
a 2 41 18
a 2 109 19
a 2 179 19
a 2 8 14
a 2 32 17
a 2 113 9
a 2 164 4
a 2 199 13
a 2 168 9
a 2 115 4
a 2 185 16
a 3 4 7
a 3 129 7
a 3 82 15
a 3 33 19
a 3 8 15
a 3 140 5
a 3 59 15
a 3 97 4
a 3 68 2
a 3 113 12
a 3 144 15
a 3 121 13
a 3 143 4
a 3 134 16
a 3 155 13
a 3 55 7
a 3 6 11
a 3 126 8
a 3 32 6
a 3 182 10
a 3 152 13
a 3 166 7
a 3 95 4
a 3 28 5
a 3 110 6
a 3 36 3
a 4 5 17
a 4 20 15
a 4 37 9
a 4 105 9
a 4 56 19
a 4 164 14
a 4 146 1
a 4 72 11
a 4 86 18
a 4 172 3
a 4 170 8
a 4 155 14
a 4 52 1
a 4 15 13
a 4 121 19
a 4 139 9
a 4 195 10
a 4 140 17
a 4 84 17
a 5 6 19
a 5 31 19
a 5 47 10
a 5 157 15
a 5 46 6
a 5 68 19
a 5 156 16
a 5 7 2
a 5 143 12
a 5 53 1
a 5 85 18
a 5 185 18
a 5 174 9
a 5 193 3
a 5 102 2
a 5 153 16
a 5 138 1
a 5 24 1
a 5 61 5
a 5 9 2
a 5 162 13
a 5 41 14
a 6 7 3
a 6 136 9
a 6 164 12
a 6 28 15
a 6 151 14
a 6 138 18
a 6 119 15
a 6 183 17
a 6 113 14
a 6 105 17
a 6 170 17
a 6 43 2
a 6 95 15
a 6 167 12
a 6 185 15
a 6 37 2
a 6 106 6
a 6 88 7
a 6 153 7
a 6 160 1
a 7 8 19
a 7 156 18
a 7 10 17
a 7 173 7
a 7 113 1
a 7 30 7
a 7 23 19
a 7 170 7
a 7 176 4
a 7 70 18
a 7 104 1
a 7 189 17
a 7 62 1
a 7 122 17
a 7 121 5
a 7 168 2
a 7 179 18
a 8 9 16
a 8 181 2
a 8 113 16
a 8 126 9
a 8 36 7
a 8 92 6
a 8 43 6
a 8 51 4
a 8 29 12
a 8 180 3
a 8 31 16
a 8 186 3
a 8 84 6
a 8 168 11
a 8 19 5
a 8 136 6
a 8 95 14
a 8 120 11
a 8 183 7
a 9 10 13
a 9 110 12
a 9 85 5
a 9 73 10
a 9 22 9
a 9 163 2
a 9 164 14
a 9 40 5
a 9 191 3
a 9 96 3
a 9 67 11
a 9 48 12
a 9 117 10
a 9 62 10
a 9 128 17
a 9 135 12
a 10 11 8
a 10 190 5
a 10 73 4
a 10 170 19
a 10 16 2
a 10 180 5
a 10 93 16
a 10 68 17
a 10 136 15
a 10 43 7
a 10 49 14
a 10 40 18
a 10 171 1
a 10 36 8
a 10 128 19
a 10 94 2
a 10 116 12
a 10 24 6
a 10 161 6
a 11 12 2
a 11 62 10
a 11 129 10
a 11 82 11
a 11 99 14
a 11 134 3
a 11 138 18
a 11 112 13
a 11 70 16
a 11 131 3
a 11 132 7
a 11 8 4
a 11 38 16
a 11 94 2
a 11 68 9
a 11 47 1
a 11 5 7
a 11 198 13
a 11 177 7
a 11 182 3
a 11 95 7
a 11 158 7
a 11 146 11
a 11 74 11
a 11 2 8
a 11 100 15
a 11 31 5
a 11 141 10
a 11 171 11
a 12 13 14
a 12 45 17
a 12 68 8
a 12 156 10
a 12 142 9
a 12 170 19
a 12 7 5
a 12 77 17
a 12 53 13
a 12 4 7
a 12 93 17
a 12 41 7
a 12 116 11
a 12 86 17
a 13 14 9
a 13 96 3
a 13 161 13
a 13 132 2
a 13 198 14
a 13 177 13
a 13 1 14
a 13 158 17
a 13 39 11
a 13 51 19
a 13 130 17
a 13 147 3
a 13 50 7
a 13 78 19
a 13 125 8
a 13 38 1
a 13 10 4
a 14 15 1
a 14 59 9
a 14 101 3
a 14 100 19
a 14 131 13
a 14 20 1
a 14 34 4
a 14 176 9
a 14 12 17
a 14 194 19
a 14 36 16
a 14 117 15
a 14 53 1
a 14 168 16
a 14 144 8
a 14 171 1
a 14 86 2
a 14 147 15
a 14 112 5
a 14 106 4
a 14 115 19
a 14 4 1
a 14 164 3
a 14 156 13
a 14 1 15
a 14 198 7
a 14 73 13
a 14 123 5
a 14 136 6
a 14 183 15
a 14 195 16
a 15 16 4
a 15 182 7
a 15 81 14
a 15 197 17
a 15 33 8
a 15 99 18
a 15 2 15
a 15 171 1
a 15 113 9
a 15 20 18
a 15 52 14
a 15 114 19
a 15 60 2
a 15 166 9
a 15 150 17
a 15 105 14
a 15 63 2
a 15 95 1
a 15 163 11
a 15 89 5
a 15 29 2
a 15 87 5
a 16 17 9
a 16 6 17
a 16 46 8
a 16 105 11
a 16 30 12
a 16 61 4
a 16 197 14
a 16 180 5
a 16 196 10
a 16 195 17
a 16 168 17
a 16 55 16
a 16 181 15
a 16 185 15
a 16 117 17
a 16 120 10
a 16 98 14
a 16 189 9
a 16 178 9
a 16 72 6
a 16 122 17
a 16 35 18
a 16 77 1
a 17 18 10
a 17 95 3
a 17 150 8
a 17 180 4
a 17 162 9
a 17 4 19
a 17 5 2
a 17 33 16
a 17 71 19
a 17 120 19
a 17 108 8
a 17 135 2
a 17 10 12
a 17 128 15
a 17 164 4
a 17 142 19
a 17 167 1
a 17 43 15
a 17 172 15
a 17 31 14
a 17 110 8
a 17 38 9
a 17 81 9
a 17 26 10
a 17 169 19
a 17 127 10
a 17 89 13
a 17 53 2
a 17 151 13
a 18 19 4
a 18 178 7
a 18 39 7
a 18 34 9
a 18 190 3
a 18 10 2
a 18 140 7
a 18 139 5
a 18 125 19
a 18 45 10
a 18 31 8
a 18 192 3
a 18 161 10
a 18 24 1
a 18 197 18
a 18 23 18
a 18 81 7
a 18 179 15
a 18 118 8
a 18 150 13
a 18 181 17
a 18 3 17
a 18 187 1
a 19 20 17
a 19 39 4
a 19 149 8
a 19 166 17
a 19 66 6
a 19 26 9
a 19 180 4
a 19 144 4
a 19 185 13
a 19 36 4
a 19 158 18
a 19 7 10
a 19 92 1
a 19 58 18
a 19 181 19
a 19 141 3
a 19 120 18
a 19 88 15
a 20 21 18
a 20 97 15
a 20 169 19
a 20 27 3
a 20 30 1
a 20 187 4
a 20 35 6
a 20 37 6
a 20 67 12
a 20 176 3
a 20 64 14
a 20 143 12
a 20 45 13
a 20 9 7
a 20 113 1
a 20 162 15
a 20 136 7
a 20 174 3
a 20 36 15
a 20 24 5
a 20 186 7
a 20 178 16
a 20 131 9
a 20 112 13
a 20 189 6
a 20 147 1
a 20 88 12
a 21 22 16
a 21 79 15
a 21 169 6
a 21 80 2
a 21 158 19
a 21 150 12
a 21 88 18
a 21 199 8
a 21 114 5
a 21 194 5
a 21 28 14
a 21 54 6
a 21 191 12
a 21 123 7
a 21 86 2
a 21 103 3
a 21 38 18
a 21 131 10
a 21 107 5
a 21 139 2
a 21 135 16
a 21 99 11
a 21 31 11
a 21 33 17
a 21 5 11
a 22 23 9
a 22 134 12
a 22 25 13
a 22 156 19
a 22 79 12
a 22 37 2
a 22 186 6
a 22 125 16
a 22 29 16
a 23 24 15
a 23 80 12
a 23 37 8
a 23 135 13
a 23 167 11
a 23 103 12
a 23 160 18
a 23 180 19
a 23 69 18
a 23 47 17
a 23 109 1
a 23 198 17
a 23 182 13
a 23 189 13
a 23 81 8
a 23 153 19
a 23 192 4
a 23 140 2
a 23 68 4
a 23 30 19
a 24 25 17
a 24 193 4
a 24 78 18
a 24 165 4
a 24 81 7
a 24 168 13
a 24 140 13
a 24 54 15
a 24 12 6
a 24 145 7
a 24 163 19
a 24 191 13
a 24 40 10
a 24 87 12
a 24 83 16
a 24 151 7
a 24 96 6
a 24 86 1
a 25 26 9
a 25 189 4
a 25 160 7
a 25 124 18
a 25 169 6
a 25 142 4
a 25 77 9
a 25 19 6
a 25 190 12
a 25 116 16
a 25 43 18
a 25 144 13
a 25 114 2
a 25 99 2
a 25 41 13
a 25 28 15
a 25 100 11
a 25 152 3
a 25 23 4
a 25 57 6
a 25 188 19
a 25 21 9
a 26 27 14
a 26 123 19
a 26 43 6
a 26 103 15
a 26 84 12
a 26 45 8
a 26 146 17
a 26 15 9
a 26 85 14
a 26 97 1
a 26 99 5
a 26 82 18
a 26 6 5
a 26 188 15
a 26 180 14
a 26 49 17
a 26 87 15
a 26 148 9
a 26 34 4
a 26 126 17
a 26 62 9
a 27 28 7
a 27 75 6
a 27 69 12
a 27 97 5
a 27 68 15
a 27 61 9
a 27 98 3
a 27 5 4
a 27 12 5
a 27 178 13
a 27 116 13
a 27 118 15
a 27 193 12
a 27 195 3
a 27 117 17
a 27 32 19
a 27 25 10
a 27 123 10
a 27 22 7
a 27 67 1
a 27 107 10
a 27 199 1
a 27 42 14
a 27 145 12
a 27 108 9
a 28 29 9
a 28 63 8
a 28 87 10
a 28 106 10
a 28 89 12
a 28 193 17
a 28 110 14
a 28 118 2
a 28 166 18
a 28 120 3
a 28 6 9
a 28 180 11
a 28 149 4
a 28 52 13
a 28 181 13
a 28 69 6
a 28 55 3
a 28 143 12
a 29 30 10
a 29 65 17
a 29 87 13
a 29 134 11
a 29 98 6
a 29 95 6
a 29 66 14
a 29 16 3
a 29 70 13
a 29 89 8
a 29 174 10
a 29 111 16
a 29 41 13
a 29 105 17
a 29 191 3
a 29 184 8
a 29 142 17
a 29 31 7
a 29 84 7
a 29 146 3
a 29 77 17
a 29 194 3
a 29 167 13
a 29 163 17
a 29 15 2
a 29 104 17
a 29 59 10
a 30 31 6
a 30 135 7
a 30 77 14
a 30 166 14
a 30 151 6
a 30 36 17
a 30 45 14
a 30 132 14
a 30 8 11
a 30 156 4
a 30 147 1
a 30 198 5
a 30 170 13
a 30 92 10
a 30 144 2
a 30 51 1
a 31 32 16
a 31 186 16
a 31 133 8
a 31 148 8
a 31 141 3
a 31 121 14
a 31 85 6
a 31 178 10
a 31 192 8
a 31 59 2
a 31 75 6
a 31 167 11
a 31 48 12
a 31 40 3
a 31 183 11
a 31 149 1
a 32 33 1
a 32 20 11
a 32 69 7
a 32 177 16
a 32 21 18
a 32 100 18
a 32 163 14
a 32 86 5
a 32 153 9
a 32 123 17
a 32 198 18
a 32 195 5
a 32 51 4
a 32 174 7
a 32 82 17
a 32 132 5
a 32 196 17
a 32 142 18
a 32 144 1
a 32 190 1
a 32 47 11
a 32 161 11
a 33 34 18
a 33 56 16
a 33 32 8
a 33 50 16
a 33 191 6
a 33 13 10
a 33 73 5
a 33 54 9
a 33 19 13
a 33 102 8
a 33 193 4
a 33 104 1
a 33 151 10
a 33 170 2
a 33 150 9
a 34 35 5
a 34 84 14
a 34 56 9
a 34 179 19
a 34 24 2
a 34 147 2
a 34 9 2
a 34 44 15
a 34 138 17
a 34 117 5
a 34 62 13
a 34 26 8
a 34 167 2
a 34 4 8
a 34 73 8
a 34 37 16
a 34 136 12
a 34 11 7
a 35 36 4
a 35 91 8
a 35 42 15
a 35 5 17
a 35 65 13
a 35 153 17
a 35 176 12
a 35 33 19
a 35 57 7
a 35 58 19
a 35 100 6
a 35 178 18
a 35 1 10
a 35 78 8
a 35 136 9
a 35 192 17
a 35 162 6
a 35 30 12
a 35 133 4
a 36 37 2
a 36 34 6
a 36 12 15
a 36 154 6
a 36 25 16
a 36 128 4
a 36 18 19
a 36 30 3
a 36 40 15
a 36 23 14
a 36 138 7
a 36 150 6
a 36 80 8
a 36 47 5
a 36 72 16
a 37 38 13
a 37 107 6
a 37 2 19
a 37 70 15
a 37 140 13
a 37 84 19
a 37 137 5
a 37 42 2
a 37 174 2
a 37 196 16
a 37 158 12
a 37 19 1
a 37 10 2
a 37 16 16
a 37 116 17
a 37 39 14
a 37 189 16
a 37 150 6
a 37 29 14
a 37 186 8
a 37 23 15
a 37 45 1
a 37 192 12
a 38 39 16
a 38 123 16
a 38 118 13
a 38 159 2
a 38 121 12
a 38 6 17
a 38 24 9
a 38 7 18
a 38 2 10
a 38 113 6
a 38 126 8
a 38 158 14
a 38 25 13
a 38 132 7
a 38 131 4
a 38 147 9
a 38 183 16
a 38 43 14
a 38 87 4
a 38 188 8
a 38 9 5
a 38 167 15
a 38 99 15
a 38 55 12
a 38 46 4
a 38 23 18
a 39 40 2
a 39 13 9
a 39 163 9
a 39 15 13
a 39 128 11
a 39 54 7
a 39 19 1
a 39 90 15
a 39 140 12
a 39 149 15
a 39 3 15
a 39 157 1
a 39 199 1
a 39 18 1
a 39 23 19
a 39 116 19
a 39 93 4
a 39 60 9
a 39 7 15
a 39 91 2
a 40 41 10
a 40 114 6
a 40 145 9
a 40 189 19
a 40 73 19
a 40 197 3
a 40 137 8
a 40 38 8
a 40 49 4
a 40 31 7
a 40 84 12
a 40 81 17
a 40 108 14
a 40 172 1
a 40 166 1
a 40 64 4
a 40 109 11
a 40 77 15
a 40 44 15
a 40 168 10
a 40 92 8
a 41 42 15
a 41 189 10
a 41 51 9
a 41 112 14
a 41 88 12
a 41 180 11
a 41 157 4
a 41 135 11
a 41 3 9
a 41 161 19
a 41 68 13
a 41 133 1
a 41 80 9
a 41 107 8
a 41 170 3
a 42 43 12
a 42 36 16
a 42 130 15
a 42 152 4
a 42 112 16
a 42 126 16
a 42 184 13
a 42 60 12
a 42 193 10
a 42 34 16
a 42 26 17
a 42 55 17
a 42 186 16
a 42 77 8
a 42 165 15
a 42 132 8
a 42 108 11
a 42 18 6
a 42 45 16
a 42 175 17
a 42 197 18
a 42 156 18
a 42 178 15
a 43 44 5
a 43 184 8
a 43 117 9
a 43 152 12
a 43 165 2
a 43 65 3
a 43 135 8
a 43 87 7
a 43 132 19
a 43 189 6
a 43 191 5
a 43 158 7
a 43 141 1
a 43 166 2
a 43 41 3
a 43 4 13
a 43 96 14
a 44 45 15
a 44 148 14
a 44 63 3
a 44 132 13
a 44 56 9
a 44 191 13
a 44 180 7
a 44 187 12
a 44 142 17
a 44 86 8
a 44 77 12
a 44 176 2
a 44 192 17
a 44 76 14
a 44 158 1
a 44 134 12
a 44 173 2
a 44 116 18
a 44 123 16
a 44 25 4
a 44 53 17
a 44 111 16
a 44 39 12
a 45 46 1
a 45 111 7
a 45 167 18
a 45 24 7
a 45 146 18
a 45 113 7
a 45 168 16
a 45 118 4
a 45 134 8
a 45 187 19
a 45 63 1
a 45 18 4
a 45 48 15
a 45 73 17
a 45 58 16
a 45 57 8
a 46 47 8
a 46 79 13
a 46 176 10
a 46 171 1
a 46 101 17
a 46 125 16
a 46 65 3
a 46 1 5
a 46 119 6
a 46 182 10
a 46 153 9
a 46 86 5
a 46 32 3
a 46 13 2
a 46 74 7
a 46 128 4
a 46 57 7
a 46 59 11
a 47 48 5
a 47 32 12
a 47 135 19
a 47 64 9
a 47 99 1
a 47 117 1
a 47 177 2
a 47 150 12
a 47 15 7
a 47 100 19
a 47 60 16
a 47 149 13
a 47 129 4
a 47 110 3
a 47 9 6
a 47 133 16
a 47 14 5
a 47 151 15
a 48 49 11
a 48 113 3
a 48 159 16
a 48 146 8
a 48 149 7
a 48 185 1
a 48 7 1
a 48 192 10
a 48 147 2
a 48 82 11
a 48 35 13
a 48 142 17
a 48 76 7
a 48 111 10
a 48 168 9
a 48 118 6
a 48 124 13
a 48 42 6
a 48 88 15
a 48 1 19
a 48 72 5
a 49 50 15
a 49 77 15
a 49 74 11
a 49 109 17
a 49 80 15
a 49 25 6
a 49 88 5
a 49 174 11
a 49 112 18
a 49 168 8
a 49 145 1
a 49 188 1
a 49 94 9
a 49 15 4
a 49 29 9
a 49 70 13
a 50 51 5
a 50 105 9
a 50 19 11
a 50 33 7
a 50 190 15
a 50 145 2
a 50 40 3
a 50 2 18
a 50 161 17
a 50 92 10
a 50 7 18
a 50 124 10
a 50 178 8
a 50 1 7
a 50 186 17
a 50 41 7
a 50 52 5
a 50 130 10
a 50 46 19
a 50 165 3
a 50 108 12
a 50 114 10
a 50 22 13
a 50 34 4
a 50 96 8
a 50 59 12
a 51 52 16
a 51 159 3
a 51 26 10
a 51 144 8
a 51 124 7
a 51 186 10
a 51 192 8
a 51 56 15
a 51 174 13
a 51 98 5
a 51 37 5
a 51 194 4
a 51 29 3
a 51 132 10
a 51 48 13
a 51 44 1
a 51 188 4
a 52 53 17
a 52 41 1
a 52 112 7
a 52 43 16
a 52 28 19
a 52 27 15
a 52 152 10
a 52 172 6
a 52 117 5
a 52 1 10
a 52 189 19
a 52 142 4
a 53 54 7
a 53 42 6
a 53 166 10
a 53 161 16
a 53 82 8
a 53 172 6
a 53 182 9
a 53 60 7
a 53 131 8
a 53 176 14
a 53 43 16
a 53 32 6
a 53 127 1
a 53 139 8
a 53 40 19
a 53 123 10
a 53 160 3
a 53 26 17
a 53 83 8
a 53 72 10
a 53 22 4
a 53 55 16
a 53 35 17
a 54 55 14
a 54 17 9
a 54 107 4
a 54 105 9
a 54 82 11
a 54 133 18
a 54 191 5
a 54 4 5
a 54 145 1
a 54 23 12
a 54 108 13
a 54 127 4
a 54 90 18
a 54 151 18
a 54 99 12
a 54 59 2
a 54 8 13
a 54 74 13
a 54 41 5
a 54 176 9
a 54 37 13
a 54 20 6
a 54 47 11
a 54 120 14
a 55 56 1
a 55 154 10
a 55 129 17
a 55 99 16
a 55 112 14
a 55 123 16
a 55 169 10
a 55 66 1
a 55 54 3
a 55 58 13
a 55 29 2
a 55 10 14
a 55 71 3
a 55 98 8
a 56 57 17
a 56 112 3
a 56 73 7
a 56 63 16
a 56 171 5
a 56 39 4
a 56 86 9
a 56 5 6
a 56 156 13
a 56 140 16
a 56 83 3
a 56 74 11
a 56 154 1
a 56 6 19
a 56 173 6
a 56 36 12
a 56 18 1
a 57 58 2
a 57 131 11
a 57 144 19
a 57 132 1
a 57 86 15
a 57 109 11
a 57 8 7
a 57 41 2
a 57 56 7
a 57 110 2
a 57 20 18
a 57 30 14
a 57 114 11
a 57 4 8
a 57 21 13
a 57 28 11
a 57 45 14
a 57 75 1
a 57 179 4
a 57 149 4
a 57 181 15
a 57 22 11
a 57 197 16
a 58 59 2
a 58 114 17
a 58 138 3
a 58 65 2
a 58 94 3
a 58 4 3
a 58 96 16
a 58 77 1
a 58 130 4
a 58 61 2
a 58 198 15
a 58 165 19
a 58 188 10
a 58 28 7
a 58 16 5
a 58 169 13
a 58 160 2
a 58 154 15
a 58 110 14
a 59 60 16
a 59 72 2
a 59 130 15
a 59 163 19
a 59 190 16
a 59 156 15
a 59 71 9
a 59 189 1
a 59 178 14
a 59 46 3
a 59 85 12
a 59 66 8
a 59 11 18
a 59 36 14
a 59 52 13
a 59 152 12
a 59 75 9
a 59 139 12
a 59 49 4
a 59 74 8
a 59 89 8
a 60 61 12
a 60 58 14
a 60 191 6
a 60 27 5
a 60 79 8
a 60 64 10
a 60 72 15
a 60 157 2
a 60 135 1
a 60 98 18
a 60 142 12
a 60 59 13
a 60 103 1
a 60 87 7
a 60 99 10
a 61 62 7
a 61 4 9
a 61 55 4
a 61 90 12
a 61 150 15
a 61 42 10
a 61 156 10
a 61 89 12
a 61 109 2
a 61 38 9
a 61 45 18
a 61 137 4
a 61 32 11
a 61 124 8
a 61 123 15
a 61 77 8
a 61 129 8
a 61 179 19
a 62 63 8
a 62 64 12
a 62 182 10
a 62 70 5
a 62 85 15
a 62 45 2
a 62 18 10
a 62 127 4
a 62 135 17
a 62 33 19
a 62 158 10
a 62 27 13
a 62 15 6
a 62 145 12
a 62 97 2
a 62 30 6
a 63 64 15
a 63 90 1
a 63 101 18
a 63 123 15
a 63 132 15
a 63 106 12
a 63 173 14
a 63 103 2
a 63 170 10
a 63 157 3
a 63 186 6
a 63 45 4
a 63 29 19
a 63 92 12
a 63 112 11
a 63 78 18
a 63 145 11
a 64 65 7
a 64 116 2
a 64 139 17
a 64 63 11
a 64 136 7
a 64 112 3
a 64 8 10
a 64 194 9
a 64 61 7
a 64 71 2
a 64 22 17
a 64 58 7
a 64 18 6
a 64 147 7
a 64 21 2
a 64 109 2
a 64 167 4
a 65 66 4
a 65 115 3
a 65 148 19
a 65 26 15
a 65 16 13
a 65 197 17
a 65 141 10
a 65 15 6
a 65 10 15
a 65 171 19
a 65 142 7
a 65 117 16
a 65 116 7
a 65 133 16
a 65 130 6
a 65 23 5
a 65 73 8
a 65 152 19
a 65 87 19
a 65 82 16
a 65 195 14
a 65 60 12
a 65 189 9
a 65 101 12
a 65 85 16
a 66 67 1
a 66 13 19
a 66 82 15
a 66 72 5
a 66 149 11
a 66 79 8
a 66 127 5
a 66 106 7
a 66 50 11
a 66 75 7
a 66 59 8
a 66 10 18
a 66 179 11
a 66 27 11
a 66 95 9
a 66 188 12
a 66 153 14
a 66 99 17
a 66 101 6
a 66 111 19
a 66 74 17
a 66 44 9
a 66 193 12
a 66 21 14
a 66 1 17
a 66 121 17
a 66 49 3
a 66 122 2
a 66 130 17
a 67 68 16
a 67 61 15
a 67 47 15
a 67 146 4
a 67 4 7
a 67 156 14
a 67 94 6
a 67 92 3
a 67 20 9
a 67 54 8
a 67 83 2
a 67 42 16
a 67 40 3
a 67 171 12
a 67 190 1
a 67 104 11
a 68 69 1
a 68 129 8
a 68 41 10
a 68 151 12
a 68 88 17
a 68 89 17
a 68 133 2
a 68 29 5
a 68 31 16
a 68 145 2
a 68 113 6
a 68 87 9
a 68 179 7
a 68 51 11
a 68 44 5
a 68 131 13
a 68 18 1
a 68 17 9
a 68 138 2
a 68 116 1
a 68 189 7
a 69 70 15
a 69 43 4
a 69 114 3
a 69 51 1
a 69 59 13
a 69 77 14
a 69 79 17
a 69 102 11
a 69 8 7
a 69 85 10
a 69 150 15
a 69 21 12
a 69 196 4
a 69 68 19
a 69 96 12
a 69 64 3
a 69 117 3
a 69 168 11
a 69 182 4
a 69 197 9
a 69 46 13
a 69 4 16
a 69 83 7
a 69 49 3
a 69 129 19
a 70 71 14
a 70 199 2
a 70 114 11
a 70 188 9
a 70 4 15
a 70 169 16
a 70 91 12
a 70 155 11
a 70 72 17
a 70 131 14
a 70 198 14
a 70 161 14
a 70 127 9
a 70 48 7
a 70 162 6
a 70 151 16
a 70 30 12
a 71 72 7
a 71 20 16
a 71 53 15
a 71 9 19
a 71 66 16
a 71 89 15
a 71 113 9
a 71 80 14
a 71 187 17
a 71 126 16
a 71 43 3
a 71 34 16
a 71 172 14
a 71 11 9
a 71 30 3
a 71 1 17
a 71 90 12
a 71 62 15
a 71 124 13
a 72 73 17
a 72 70 17
a 72 100 1
a 72 63 8
a 72 64 13
a 72 43 5
a 72 162 18
a 72 141 11
a 72 188 4
a 72 89 19
a 72 195 13
a 72 176 12
a 72 68 18
a 72 122 17
a 72 76 13
a 72 60 8
a 72 85 19
a 73 74 16
a 73 125 3
a 73 198 15
a 73 111 1
a 73 23 18
a 73 180 7
a 73 136 5
a 73 12 8
a 73 15 1
a 73 30 5
a 73 179 1
a 73 107 8
a 73 46 19
a 73 169 5
a 73 185 5
a 73 71 9
a 73 28 19
a 73 171 13
a 73 53 1
a 73 49 2
a 73 3 6
a 74 75 9
a 74 164 13
a 74 46 1
a 74 180 8
a 74 114 4
a 74 95 8
a 74 11 4
a 74 199 16
a 74 96 8
a 74 175 10
a 74 66 18
a 74 15 11
a 74 108 11
a 75 76 2
a 75 11 6
a 75 9 15
a 75 161 16
a 75 140 4
a 75 32 3
a 75 118 7
a 75 145 3
a 75 23 18
a 75 79 8
a 75 127 8
a 75 149 12
a 75 121 2
a 75 137 17
a 75 146 19
a 75 136 19
a 75 56 16
a 75 189 5
a 75 19 2
a 75 128 6
a 75 175 15
a 75 113 15
a 75 188 19
a 75 94 13
a 75 167 12
a 75 144 16
a 75 78 19
a 75 125 1
a 75 81 4
a 75 72 7
a 76 77 17
a 76 95 12
a 76 153 2
a 76 105 9
a 76 3 13
a 76 6 3
a 76 55 18
a 76 157 18
a 76 46 14
a 76 146 14
a 76 176 6
a 76 40 17
a 76 181 8
a 76 88 18
a 76 21 12
a 76 160 15
a 76 10 16
a 76 147 6
a 76 151 13
a 76 33 19
a 76 174 9
a 77 78 17
a 77 134 9
a 77 130 10
a 77 64 12
a 77 43 1
a 77 60 12
a 77 168 6
a 77 169 3
a 77 96 3
a 77 110 5
a 77 8 8
a 77 135 4
a 77 46 11
a 77 18 13
a 77 118 10
a 77 20 18
a 77 89 17
a 77 127 3
a 77 1 13
a 77 125 17
a 77 73 16
a 78 79 10
a 78 191 8
a 78 50 3
a 78 16 11
a 78 41 6
a 78 116 18
a 78 96 3
a 78 100 11
a 78 164 17
a 78 123 13
a 78 85 7
a 78 21 7
a 78 33 13
a 78 196 11
a 78 188 3
a 78 148 4
a 78 126 1
a 78 3 17
a 78 97 6
a 78 150 5
a 78 4 18
a 78 37 14
a 78 95 7
a 78 13 9
a 79 80 11
a 79 137 2
a 79 122 16
a 79 153 6
a 79 84 13
a 79 56 13
a 79 98 16
a 79 8 4
a 79 108 3
a 79 43 17
a 79 150 19
a 79 13 18
a 79 9 14
a 79 40 4
a 79 73 3
a 79 38 9
a 79 61 16
a 79 69 16
a 79 1 16
a 79 184 14
a 79 39 1
a 79 160 3
a 79 50 4
a 79 99 2
a 79 24 16
a 79 191 2
a 80 81 14
a 80 41 9
a 80 90 8
a 80 12 15
a 80 6 4
a 80 8 4
a 80 60 16
a 80 150 13
a 80 161 15
a 80 153 14
a 80 172 6
a 80 140 2
a 80 186 13
a 80 52 1
a 80 85 8
a 80 141 16
a 80 46 16
a 80 48 14
a 80 159 13
a 80 87 3
a 81 82 12
a 81 108 1
a 81 98 3
a 81 155 18
a 81 95 6
a 81 166 17
a 82 83 9
a 82 196 6
a 82 41 15
a 82 171 10
a 82 17 17
a 82 105 13
a 82 141 6
a 82 132 16
a 82 40 3
a 82 128 9
a 82 66 11
a 82 39 2
a 82 53 2
a 82 36 12
a 82 74 4
a 82 91 10
a 82 96 8
a 82 22 13
a 82 45 4
a 82 59 15
a 83 84 6
a 83 23 14
a 83 175 11
a 83 108 1
a 83 82 5
a 83 189 8
a 83 31 3
a 83 194 7
a 83 182 17
a 83 21 9
a 83 25 6
a 83 125 10
a 83 51 11
a 83 114 6
a 83 53 1
a 83 54 9
a 83 19 1
a 83 152 4
a 83 9 16
a 83 106 15
a 83 132 4
a 83 141 6
a 83 32 12
a 83 180 6
a 83 98 3
a 83 71 19
a 84 85 2
a 84 93 1
a 84 47 14
a 84 76 19
a 84 6 18
a 84 124 12
a 84 48 13
a 84 104 10
a 84 118 18
a 84 174 6
a 84 142 10
a 84 168 10
a 84 193 11
a 84 170 18
a 84 135 5
a 84 95 14
a 84 130 16
a 84 108 10
a 84 66 18
a 84 27 10
a 84 188 3
a 85 86 5
a 85 171 10
a 85 196 4
a 85 174 18
a 85 30 17
a 85 103 15
a 85 197 10
a 85 13 19
a 85 81 19
a 85 149 7
a 85 34 10
a 85 46 2
a 85 125 1
a 85 75 15
a 85 94 15
a 85 165 6
a 85 117 18
a 85 160 16
a 85 138 13
a 85 194 11
a 85 57 10
a 85 109 3
a 85 164 18
a 85 139 13
a 85 41 19
a 86 87 2
a 86 195 15
a 86 25 1
a 86 102 8
a 86 95 14
a 86 85 11
a 86 42 7
a 86 106 9
a 86 68 1
a 86 35 16
a 86 16 5
a 86 117 19
a 86 115 11
a 86 172 3
a 86 77 11
a 86 142 1
a 86 1 5
a 86 66 3
a 86 180 7
a 86 67 17
a 86 199 19
a 86 164 5
a 86 131 9
a 87 88 5
a 87 121 10
a 87 167 3
a 87 153 10
a 87 101 2
a 87 117 4
a 87 152 3
a 87 103 19
a 87 40 3
a 87 29 2
a 87 15 1
a 87 61 16
a 87 8 9
a 87 52 17
a 88 89 17
a 88 193 15
a 88 82 2
a 88 41 8
a 88 158 5
a 88 25 17
a 88 63 8
a 88 142 19
a 88 110 18
a 88 56 13
a 88 14 12
a 88 20 4
a 88 112 4
a 88 132 18
a 88 16 12
a 88 51 16
a 88 57 5
a 89 90 15
a 89 149 4
a 89 35 12
a 89 183 3
a 89 78 8
a 89 95 8
a 89 56 10
a 89 175 10
a 89 172 8
a 89 57 7
a 89 31 9
a 89 73 7
a 89 105 10
a 89 70 10
a 89 47 13
a 89 1 11
a 89 34 17
a 89 179 11
a 90 91 12
a 90 138 4
a 90 175 12
a 90 131 10
a 90 124 14
a 90 120 4
a 90 163 12
a 90 65 1
a 90 128 7
a 90 179 17
a 90 26 2
a 90 33 8
a 90 119 8
a 90 196 13
a 90 22 15
a 90 192 7
a 90 186 15
a 90 5 19
a 91 92 13
a 91 167 10
a 91 45 11
a 91 134 12
a 91 111 19
a 91 13 19
a 91 33 7
a 91 83 1
a 91 152 9
a 91 62 12
a 91 15 16
a 91 126 7
a 91 7 6
a 91 178 17
a 91 35 6
a 91 40 15
a 91 154 11
a 91 6 15
a 92 93 3
a 92 91 17
a 92 15 9
a 92 40 14
a 92 14 5
a 92 101 2
a 92 76 17
a 92 165 18
a 92 30 18
a 92 95 7
a 92 77 13
a 92 123 9
a 92 163 17
a 92 26 13
a 93 94 16
a 93 151 3
a 93 56 16
a 93 44 10
a 93 67 14
a 93 69 6
a 93 186 9
a 93 28 11
a 93 45 4
a 93 152 9
a 93 74 15
a 93 2 17
a 93 39 14
a 93 182 16
a 93 159 4
a 93 140 7
a 93 124 6
a 93 177 1
a 94 95 19
a 94 127 19
a 94 24 9
a 94 191 8
a 94 40 10
a 94 139 8
a 94 70 16
a 94 171 4
a 94 156 2
a 94 12 6
a 94 112 7
a 94 85 5
a 94 27 14
a 94 159 3
a 94 5 3
a 94 105 16
a 94 84 11
a 95 96 14
a 95 128 16
a 95 21 12
a 95 62 11
a 95 101 13
a 95 94 19
a 95 81 14
a 95 51 19
a 95 26 6
a 95 9 3
a 95 10 5
a 95 114 1
a 95 121 17
a 95 36 3
a 95 113 6
a 95 125 11
a 96 97 8
a 96 12 4
a 96 155 4
a 96 125 10
a 96 158 5
a 96 19 4
a 96 126 11
a 96 11 1
a 96 133 8
a 96 174 18
a 96 37 14
a 96 111 10
a 96 24 9
a 96 138 4
a 96 129 8
a 96 58 9
a 96 101 9
a 96 190 5
a 96 137 3
a 96 115 6
a 96 92 19
a 97 98 19
a 97 34 4
a 97 177 6
a 97 162 10
a 97 167 6
a 97 170 4
a 97 110 2
a 97 151 2
a 97 114 6
a 97 42 10
a 97 56 18
a 97 52 14
a 97 26 1
a 97 19 8
a 97 5 16
a 97 60 1
a 98 99 11
a 98 51 14
a 98 180 8
a 98 22 1
a 98 67 10
a 98 183 5
a 98 197 16
a 98 73 7
a 98 182 18
a 98 45 7
a 98 85 3
a 98 101 15
a 98 38 10
a 98 84 7
a 98 151 3
a 98 159 19
a 98 26 11
a 98 178 5
a 99 100 16
a 99 127 15
a 99 10 11
a 99 198 3
a 99 146 16
a 99 33 2
a 99 161 15
a 99 29 3
a 99 159 9
a 99 182 12
a 99 162 12
a 99 42 13
a 99 167 13
a 99 5 16
a 99 121 12
a 99 192 3
a 99 129 6
a 99 39 3
a 99 73 8
a 99 115 9
a 99 41 16
a 99 181 5
a 99 145 4
a 100 101 4
a 100 21 17
a 100 90 10
a 100 188 12
a 100 146 11
a 100 166 7
a 100 182 19
a 100 198 12
a 100 77 9
a 100 197 3
a 100 60 16
a 100 174 12
a 100 27 1
a 100 66 14
a 100 127 18
a 100 51 15
a 100 8 18
a 100 122 12
a 100 12 3
a 101 102 16
a 101 6 17
a 101 18 6
a 101 157 10
a 101 28 13
a 101 142 2
a 101 57 3
a 101 21 2
a 101 170 9
a 101 19 7
a 101 43 10
a 101 127 18
a 101 48 12
a 101 50 7
a 101 87 7
a 101 159 3
a 101 169 15
a 101 29 5
a 101 22 12
a 102 103 4
a 102 60 8
a 102 49 16
a 102 97 12
a 102 79 19
a 102 98 7
a 102 165 8
a 102 117 13
a 102 193 1
a 102 107 11
a 102 19 11
a 102 65 2
a 102 24 12
a 102 89 7
a 102 7 10
a 102 84 13
a 102 163 9
a 102 34 11
a 102 9 19
a 102 141 3
a 102 199 11
a 102 126 11
a 102 188 8
a 102 145 2
a 102 35 1
a 103 104 12
a 103 169 1
a 103 35 16
a 103 80 19
a 103 171 17
a 103 29 10
a 103 135 2
a 103 62 16
a 103 89 10
a 103 136 5
a 103 74 14
a 103 82 16
a 103 25 10
a 103 22 5
a 103 7 14
a 103 99 10
a 103 131 11
a 103 138 15
a 103 165 7
a 103 10 1
a 103 116 6
a 103 91 11
a 104 105 17
a 104 129 10
a 104 102 3
a 104 171 9
a 104 174 14
a 104 50 12
a 104 31 6
a 104 110 6
a 104 2 16
a 104 117 7
a 104 152 14
a 104 106 16
a 104 178 12
a 105 106 19
a 105 162 13
a 105 46 1
a 105 85 5
a 105 77 6
a 105 6 10
a 105 185 11
a 105 149 13
a 105 34 6
a 105 68 18
a 105 129 9
a 105 33 11
a 105 167 1
a 105 182 9
a 105 165 11
a 105 154 2
a 105 144 15
a 105 76 17
a 105 141 14
a 105 170 17
a 105 58 9
a 106 107 15
a 106 49 10
a 106 74 5
a 106 20 4
a 106 111 10
a 106 187 11
a 106 109 13
a 106 15 5
a 106 69 10
a 106 116 5
a 106 61 6
a 106 163 5
a 106 60 8
a 106 38 14
a 106 139 9
a 106 183 2
a 106 121 16
a 106 52 4
a 106 32 3
a 106 9 9
a 106 131 10
a 107 108 11
a 107 65 9
a 107 27 11
a 107 22 17
a 107 14 11
a 107 193 12
a 107 172 5
a 107 154 6
a 107 103 15
a 107 25 16
a 107 63 14
a 107 33 5
a 107 121 12
a 107 97 5
a 107 6 7
a 108 109 11
a 108 112 18
a 108 95 7
a 108 25 15
a 108 1 16
a 108 171 11
a 108 44 6
a 108 142 12
a 108 132 15
a 108 75 7
a 108 88 9
a 108 180 4
a 108 35 5
a 108 140 11
a 108 22 5
a 108 80 3
a 108 90 9
a 108 4 18
a 108 32 10
a 108 126 10
a 109 110 4
a 109 35 4
a 109 148 11
a 109 14 6
a 109 57 13
a 109 29 5
a 109 141 11
a 109 36 4
a 109 47 13
a 109 102 2
a 109 8 5
a 109 129 14
a 109 58 10
a 109 117 7
a 109 9 17
a 109 115 19
a 109 186 13
a 109 116 19
a 109 191 5
a 109 128 4
a 109 50 1
a 109 124 15
a 109 111 9
a 109 168 15
a 110 111 5
a 110 3 16
a 110 63 7
a 110 76 1
a 110 181 5
a 110 124 3
a 110 39 11
a 110 22 18
a 110 104 17
a 110 154 14
a 110 186 4
a 110 20 19
a 110 107 4
a 110 51 8
a 110 94 16
a 110 125 14
a 110 87 6
a 110 30 3
a 110 102 19
a 110 71 12
a 111 112 2
a 111 191 12
a 111 67 11
a 111 134 12
a 111 45 14
a 111 123 13
a 111 101 3
a 111 69 4
a 111 177 16
a 111 82 5
a 111 55 7
a 111 114 8
a 111 27 11
a 111 39 12
a 111 184 14
a 111 158 19
a 111 174 5
a 111 25 4
a 111 30 1
a 111 57 17
a 111 138 6
a 112 113 10
a 112 193 12
a 112 161 9
a 112 23 16
a 112 78 14
a 112 117 5
a 112 101 16
a 112 26 14
a 112 146 2
a 112 171 3
a 112 166 3
a 112 154 8
a 112 175 3
a 112 135 6
a 112 28 8
a 113 114 13
a 113 59 10
a 113 122 12
a 113 154 12
a 113 99 15
a 113 44 2
a 113 9 17
a 113 176 2
a 113 92 7
a 113 58 15
a 113 76 4
a 113 53 11
a 113 3 2
a 113 102 7
a 113 131 3
a 113 94 14
a 113 121 8
a 113 173 3
a 113 48 9
a 113 111 11
a 113 120 3
a 113 79 16
a 113 194 6
a 113 73 7
a 113 140 17
a 114 115 7
a 114 196 3
a 114 134 11
a 114 9 19
a 114 166 1
a 114 139 17
a 114 63 17
a 114 18 15
a 114 111 6
a 114 154 6
a 114 13 9
a 114 87 18
a 114 65 5
a 114 1 4
a 114 33 19
a 114 152 7
a 114 199 6
a 114 11 11
a 114 191 12
a 114 79 12
a 114 185 3
a 114 145 7
a 114 160 11
a 114 82 7
a 114 46 3
a 114 155 8
a 114 52 2
a 115 116 18
a 115 117 17
a 115 190 15
a 115 19 15
a 115 16 14
a 115 82 19
a 115 135 5
a 115 2 4
a 115 114 17
a 115 87 15
a 115 49 7
a 115 37 3
a 115 132 13
a 115 141 16
a 115 64 16
a 115 27 15
a 115 178 3
a 115 122 14
a 116 117 14
a 116 25 1
a 116 196 4
a 116 90 17
a 116 52 9
a 116 92 19
a 116 1 12
a 116 60 14
a 116 33 1
a 116 93 2
a 116 128 18
a 116 72 14
a 116 111 9
a 116 135 14
a 116 184 17
a 116 157 12
a 116 85 19
a 116 120 18
a 116 32 6
a 116 44 15
a 116 178 19
a 117 118 16
a 117 184 3
a 117 96 13
a 117 146 13
a 117 73 9
a 117 17 2
a 117 191 7
a 117 116 3
a 117 5 16
a 117 144 8
a 117 2 5
a 117 89 16
a 117 128 19
a 117 21 7
a 117 156 16
a 117 158 19
a 117 51 7
a 117 171 8
a 117 100 17
a 118 119 17
a 118 105 19
a 118 144 4
a 118 170 1
a 118 65 14
a 118 41 16
a 118 196 9
a 118 61 6
a 118 198 4
a 118 143 12
a 118 67 11
a 118 124 7
a 118 156 9
a 118 120 9
a 118 34 14
a 118 70 13
a 118 92 12
a 118 137 14
a 118 19 17
a 119 120 4
a 119 53 16
a 119 159 6
a 119 189 1
a 119 63 10
a 119 166 5
a 119 184 11
a 119 168 17
a 119 20 15
a 119 16 6
a 119 150 13
a 119 5 19
a 119 86 4
a 119 96 19
a 119 125 9
a 119 64 11
a 119 10 8
a 119 173 13
a 120 121 8
a 120 145 17
a 120 194 15
a 120 155 12
a 120 35 13
a 120 87 15
a 120 183 9
a 120 16 5
a 120 123 14
a 120 70 14
a 120 163 19
a 120 27 19
a 120 148 5
a 120 153 19
a 120 129 11
a 120 88 5
a 120 191 11
a 120 18 3
a 120 6 9
a 120 36 12
a 121 122 19
a 121 40 4
a 121 33 5
a 121 166 17
a 121 172 13
a 121 154 8
a 121 112 9
a 121 74 4
a 121 127 16
a 121 72 7
a 121 2 18
a 121 150 15
a 121 120 15
a 121 39 10
a 121 157 3
a 121 4 5
a 121 181 4
a 121 59 7
a 121 62 9
a 121 193 1
a 121 168 17
a 121 136 6
a 121 9 5
a 121 142 3
a 121 67 18
a 121 165 5
a 121 90 8
a 121 86 14
a 122 123 7
a 122 44 1
a 122 78 16
a 122 70 17
a 122 62 12
a 122 161 10
a 122 150 14
a 122 133 17
a 122 14 7
a 122 60 14
a 122 75 11
a 122 54 5
a 122 195 15
a 123 124 19
a 123 2 19
a 123 20 3
a 123 84 10
a 123 43 7
a 123 156 9
a 123 83 9
a 123 24 13
a 123 96 11
a 123 64 1
a 123 180 9
a 123 86 1
a 123 101 15
a 123 12 18
a 123 175 6
a 124 125 5
a 124 32 17
a 124 191 18
a 124 173 11
a 124 192 18
a 124 170 13
a 124 16 16
a 124 137 19
a 124 94 18
a 124 95 2
a 124 109 3
a 124 97 9
a 124 179 1
a 124 139 5
a 124 96 9
a 124 22 5
a 124 196 15
a 124 177 5
a 125 126 15
a 125 79 12
a 125 153 18
a 125 151 12
a 125 152 11
a 125 65 6
a 125 16 4
a 125 59 5
a 125 191 18
a 125 55 3
a 125 53 5
a 125 54 2
a 125 163 18
a 125 141 11
a 125 147 18
a 125 97 13
a 125 185 9
a 125 63 4
a 125 41 17
a 125 92 17
a 126 127 15
a 126 119 15
a 126 100 12
a 126 79 7
a 126 114 4
a 126 27 13
a 126 62 6
a 126 71 5
a 126 153 11
a 126 116 12
a 126 184 13
a 126 70 13
a 126 102 5
a 126 84 16
a 126 171 6
a 126 149 1
a 126 174 3
a 126 115 16
a 126 186 8
a 126 104 7
a 126 156 16
a 126 77 14
a 126 120 8
a 127 128 5
a 127 17 18
a 127 161 1
a 127 5 17
a 127 78 19
a 127 69 3
a 127 82 19
a 127 65 17
a 127 166 10
a 127 165 16
a 127 35 11
a 127 34 2
a 127 8 15
a 128 129 12
a 128 60 5
a 128 134 18
a 128 144 10
a 128 18 7
a 128 66 1
a 128 177 16
a 128 59 1
a 128 8 16
a 128 171 8
a 128 40 16
a 128 12 13
a 128 44 2
a 128 70 2
a 128 168 3
a 128 51 1
a 128 76 13
a 128 92 17
a 128 196 4
a 128 103 3
a 128 130 12
a 128 117 16
a 128 153 11
a 128 143 14
a 128 20 3
a 129 130 2
a 129 186 2
a 129 44 5
a 129 121 7
a 129 137 9
a 129 118 7
a 129 86 4
a 129 92 5
a 129 174 1
a 129 65 1
a 129 156 12
a 129 5 7
a 129 40 19
a 129 59 3
a 129 24 13
a 129 93 16
a 129 168 9
a 129 136 18
a 129 151 4
a 129 171 2
a 129 188 14
a 129 125 18
a 129 172 7
a 129 112 16
a 129 185 5
a 130 131 10
a 130 193 1
a 130 62 14
a 130 180 18
a 130 120 7
a 130 122 6
a 130 2 11
a 130 166 11
a 130 81 12
a 130 49 1
a 130 173 19
a 131 132 3
a 131 83 19
a 131 41 14
a 131 149 2
a 131 129 6
a 131 48 4
a 131 46 9
a 131 20 6
a 131 144 14
a 131 127 9
a 131 173 3
a 131 136 12
a 131 71 4
a 131 51 3
a 131 8 1
a 131 175 11
a 131 85 2
a 131 69 17
a 131 112 13
a 131 120 17
a 131 177 9
a 132 133 11
a 132 134 4
a 132 160 16
a 132 79 15
a 132 184 4
a 132 33 19
a 132 40 7
a 132 141 3
a 132 162 2
a 132 82 12
a 132 187 3
a 132 151 18
a 132 66 6
a 132 26 3
a 132 60 3
a 132 104 11
a 132 118 4
a 132 130 14
a 132 149 18
a 132 19 7
a 132 85 1
a 132 107 17
a 132 57 18
a 132 109 7
a 132 65 18
a 132 152 11
a 132 188 5
a 132 95 10
a 132 10 15
a 132 129 5
a 132 137 17
a 133 134 18
a 133 2 2
a 133 18 14
a 133 105 11
a 133 152 18
a 133 110 13
a 133 109 4
a 133 45 3
a 133 51 17
a 133 10 14
a 133 16 10
a 133 43 8
a 133 8 11
a 133 138 10
a 133 39 12
a 133 148 2
a 133 15 2
a 133 135 16
a 134 135 19
a 134 73 8
a 134 185 4
a 134 14 18
a 134 55 14
a 134 148 8
a 134 72 13
a 134 40 18
a 134 62 12
a 134 64 8
a 134 140 4
a 134 155 15
a 134 105 18
a 134 151 5
a 134 164 9
a 134 132 12
a 134 108 10
a 134 63 2
a 134 23 16
a 134 173 10
a 134 48 11
a 134 119 1
a 134 121 16
a 134 193 5
a 135 136 1
a 135 7 12
a 135 145 15
a 135 13 14
a 135 119 5
a 135 77 19
a 135 199 1
a 135 140 17
a 135 23 3
a 135 98 6
a 135 178 7
a 135 164 8
a 135 183 3
a 135 124 14
a 135 170 16
a 135 50 17
a 135 160 6
a 135 114 4
a 135 163 5
a 136 137 14
a 136 41 9
a 136 88 17
a 136 111 18
a 136 120 7
a 136 190 15
a 136 150 6
a 136 83 8
a 136 118 3
a 136 191 17
a 136 93 3
a 136 139 18
a 136 53 3
a 136 180 17
a 136 59 18
a 136 193 14
a 136 170 13
a 136 160 14
a 136 66 2
a 136 49 9
a 136 11 18
a 136 42 19
a 136 119 6
a 137 138 17
a 137 143 13
a 137 44 16
a 137 132 12
a 137 31 15
a 137 33 17
a 137 57 13
a 137 103 6
a 137 165 10
a 137 149 11
a 137 118 5
a 137 70 10
a 137 86 12
a 137 175 12
a 137 90 15
a 137 100 7
a 137 12 14
a 137 129 6
a 137 117 8
a 137 197 7
a 137 168 4
a 137 123 1
a 137 11 9
a 137 157 9
a 138 139 17
a 138 77 2
a 138 124 3
a 138 192 19
a 138 22 9
a 138 26 9
a 138 69 3
a 138 31 8
a 138 101 3
a 138 10 11
a 138 97 8
a 138 41 19
a 138 86 8
a 138 36 2
a 138 193 17
a 138 135 17
a 138 102 18
a 138 47 7
a 138 118 10
a 138 117 6
a 139 140 9
a 139 178 18
a 139 192 4
a 139 78 10
a 139 79 12
a 139 113 3
a 139 40 1
a 139 90 8
a 139 179 10
a 139 196 16
a 139 136 10
a 139 48 8
a 139 84 16
a 139 168 17
a 139 5 18
a 139 166 15
a 139 159 18
a 139 61 17
a 140 141 19
a 140 14 17
a 140 119 8
a 140 78 1
a 140 102 15
a 140 24 5
a 140 38 7
a 140 99 17
a 140 66 16
a 140 186 10
a 140 149 8
a 140 156 4
a 140 104 6
a 140 58 14
a 140 52 1
a 140 15 14
a 140 164 19
a 140 137 18
a 140 19 15
a 140 184 17
a 141 142 4
a 141 187 5
a 141 115 3
a 141 53 13
a 141 116 9
a 141 29 17
a 141 105 13
a 141 31 10
a 141 167 4
a 141 63 11
a 141 91 15
a 141 150 17
a 141 28 12
a 141 119 12
a 141 66 7
a 141 169 15
a 142 143 2
a 142 103 10
a 142 2 14
a 142 97 9
a 142 87 5
a 142 149 4
a 142 26 1
a 142 158 19
a 142 33 4
a 142 56 15
a 142 32 1
a 142 85 2
a 142 4 12
a 142 124 15
a 142 71 17
a 142 161 14
a 142 75 3
a 142 82 15
a 142 27 9
a 142 123 12
a 142 145 15
a 142 130 3
a 142 69 15
a 142 102 19
a 142 155 19
a 142 47 9
a 142 115 14
a 143 144 1
a 143 18 1
a 143 16 17
a 143 50 11
a 143 116 16
a 143 102 14
a 143 69 2
a 143 63 12
a 143 85 10
a 143 97 6
a 143 165 12
a 143 139 12
a 143 168 11
a 143 90 9
a 143 131 5
a 143 64 5
a 143 82 9
a 143 80 18
a 144 145 2
a 144 150 1
a 144 136 15
a 144 102 2
a 144 89 13
a 144 167 18
a 144 131 3
a 144 81 17
a 144 77 9
a 144 7 7
a 144 86 15
a 144 88 16
a 144 119 15
a 144 18 14
a 144 124 14
a 144 29 5
a 144 46 4
a 144 21 18
a 144 4 11
a 144 6 10
a 144 122 11
a 145 146 8
a 145 36 18
a 145 82 18
a 145 34 3
a 145 90 13
a 145 31 10
a 145 124 16
a 145 41 4
a 145 110 4
a 145 140 19
a 145 129 9
a 145 45 17
a 145 56 13
a 146 147 1
a 146 64 18
a 146 39 3
a 146 155 15
a 146 104 19
a 146 42 12
a 146 185 18
a 146 71 16
a 146 44 8
a 146 84 9
a 146 6 18
a 146 33 16
a 146 180 5
a 146 160 15
a 146 13 11
a 147 148 2
a 147 115 2
a 147 91 19
a 147 146 18
a 147 38 19
a 147 66 6
a 147 46 1
a 147 190 19
a 147 13 18
a 147 37 4
a 147 181 2
a 147 31 13
a 147 4 6
a 147 68 15
a 147 145 12
a 147 151 8
a 147 3 18
a 147 189 4
a 148 149 7
a 148 49 7
a 148 134 8
a 148 68 7
a 148 147 3
a 148 32 15
a 148 53 1
a 148 175 10
a 148 106 2
a 148 125 9
a 148 74 1
a 148 73 16
a 148 197 18
a 148 99 12
a 148 171 16
a 148 189 6
a 148 44 5
a 148 139 11
a 148 164 10
a 148 37 7
a 149 150 3
a 149 84 11
a 149 134 15
a 149 97 9
a 149 148 14
a 149 56 7
a 149 172 6
a 149 135 15
a 149 48 3
a 149 85 12
a 149 138 16
a 149 63 3
a 149 17 3
a 149 196 6
a 149 171 10
a 149 106 5
a 149 7 19
a 149 121 1
a 150 151 12
a 150 101 15
a 150 67 18
a 150 92 14
a 150 178 10
a 150 84 9
a 150 29 13
a 150 9 18
a 150 93 19
a 150 5 15
a 150 39 6
a 150 79 10
a 150 173 6
a 150 102 4
a 150 130 4
a 150 115 4
a 150 131 11
a 150 99 12
a 150 31 6
a 150 144 3
a 150 195 4
a 150 160 12
a 151 152 19
a 151 67 8
a 151 109 17
a 151 189 15
a 151 45 16
a 151 35 11
a 151 57 14
a 151 62 7
a 151 105 4
a 151 38 17
a 151 3 9
a 151 42 11
a 151 82 3
a 151 147 2
a 151 2 1
a 151 86 8
a 151 173 8
a 151 95 11
a 151 198 13
a 151 185 7
a 151 41 18
a 152 153 11
a 152 125 18
a 152 73 13
a 152 141 7
a 152 193 7
a 152 123 9
a 152 40 13
a 152 82 18
a 152 109 1
a 152 113 9
a 152 93 18
a 152 180 10
a 152 157 18
a 152 71 3
a 152 120 17
a 152 111 11
a 152 38 9
a 152 176 6
a 152 124 16
a 152 66 10
a 152 1 7
a 152 162 14
a 152 85 1
a 152 30 11
a 153 154 8
a 153 40 19
a 153 22 7
a 153 134 10
a 153 102 15
a 153 179 18
a 153 37 11
a 153 25 18
a 153 21 5
a 153 143 9
a 153 67 5
a 153 118 1
a 153 28 8
a 153 88 6
a 153 68 19
a 153 34 10
a 153 119 4
a 153 131 7
a 153 135 16
a 153 74 1
a 153 77 2
a 153 120 3
a 153 156 9
a 153 48 8
a 154 155 13
a 154 150 8
a 154 133 10
a 154 28 10
a 154 69 6
a 154 29 4
a 154 169 5
a 154 60 19
a 154 141 14
a 154 144 7
a 154 72 10
a 154 167 15
a 155 156 8
a 155 22 1
a 155 161 1
a 155 185 17
a 155 12 17
a 155 147 6
a 155 169 7
a 155 114 10
a 155 19 4
a 155 111 15
a 155 42 19
a 155 129 10
a 155 195 7
a 155 123 18
a 155 78 7
a 155 95 15
a 156 157 14
a 156 177 17
a 156 120 7
a 156 73 5
a 156 40 11
a 156 25 17
a 156 89 14
a 156 158 16
a 156 121 16
a 156 185 6
a 156 126 8
a 156 32 17
a 156 77 2
a 156 87 4
a 156 67 11
a 156 63 11
a 156 26 10
a 156 125 15
a 156 109 14
a 156 34 18
a 157 158 3
a 157 42 7
a 157 180 5
a 157 171 6
a 157 127 14
a 157 9 3
a 157 25 16
a 157 66 9
a 157 106 16
a 157 172 13
a 157 40 8
a 157 120 4
a 157 98 4
a 157 13 3
a 157 176 11
a 157 72 13
a 157 67 3
a 157 18 13
a 157 93 13
a 157 47 13
a 157 64 7
a 157 100 8
a 157 184 1
a 157 20 5
a 157 173 4
a 157 84 16
a 157 45 15
a 157 148 19
a 157 110 17
a 157 189 19
a 157 16 10
a 157 4 9
a 157 166 15
a 158 159 4
a 158 87 18
a 158 161 6
a 158 15 13
a 158 19 16
a 158 130 16
a 158 111 12
a 158 45 12
a 158 61 3
a 158 100 8
a 158 185 9
a 158 112 4
a 158 154 2
a 158 35 5
a 158 133 4
a 158 124 6
a 158 148 2
a 158 118 5
a 158 64 18
a 158 44 16
a 158 147 16
a 158 195 19
a 159 160 5
a 159 144 6
a 159 17 15
a 159 188 9
a 159 136 16
a 159 33 19
a 159 120 1
a 159 122 4
a 159 15 9
a 159 148 4
a 159 32 13
a 159 116 17
a 159 67 9
a 159 107 3
a 159 93 9
a 160 161 18
a 160 143 13
a 160 27 11
a 160 76 15
a 160 30 18
a 160 79 3
a 160 52 9
a 160 141 16
a 160 81 11
a 160 162 8
a 160 19 14
a 160 86 6
a 160 12 11
a 160 165 19
a 160 114 16
a 160 137 14
a 160 129 11
a 160 84 14
a 160 92 4
a 160 9 17
a 160 89 13
a 160 172 10
a 160 130 5
a 161 162 10
a 161 46 6
a 161 93 2
a 161 52 10
a 161 21 18
a 161 186 11
a 161 136 19
a 161 189 16
a 161 3 18
a 161 196 9
a 161 73 10
a 161 180 12
a 161 142 15
a 161 42 8
a 161 188 9
a 161 55 9
a 161 120 6
a 161 35 14
a 161 94 12
a 161 125 6
a 161 131 3
a 161 85 18
a 162 163 16
a 162 191 13
a 162 109 9
a 162 101 7
a 162 60 9
a 162 196 12
a 162 116 17
a 162 145 17
a 162 133 6
a 162 147 5
a 162 15 7
a 162 81 1
a 162 199 5
a 162 126 8
a 162 84 8
a 162 17 15
a 162 171 6
a 162 86 18
a 162 118 9
a 162 183 2
a 162 5 17
a 162 153 6
a 162 154 14
a 162 189 2
a 163 164 2
a 163 166 5
a 163 135 11
a 163 76 18
a 163 49 11
a 163 155 17
a 163 136 8
a 163 81 7
a 163 86 10
a 163 150 1
a 163 58 12
a 163 103 15
a 163 6 6
a 163 102 7
a 163 120 15
a 163 51 3
a 163 194 5
a 163 156 12
a 163 139 5
a 164 165 12
a 164 90 12
a 164 183 19
a 164 118 12
a 164 77 5
a 164 105 6
a 164 133 11
a 164 72 10
a 164 194 5
a 164 45 16
a 164 139 4
a 164 149 4
a 164 182 1
a 164 53 6
a 164 198 18
a 164 113 16
a 164 135 6
a 164 88 4
a 164 122 13
a 164 175 11
a 164 171 5
a 165 166 15
a 165 174 15
a 165 12 12
a 165 164 12
a 165 99 4
a 165 195 17
a 165 145 18
a 165 62 8
a 165 82 12
a 165 191 2
a 165 45 10
a 165 134 3
a 165 156 14
a 165 67 19
a 165 72 9
a 165 17 16
a 165 112 18
a 165 90 2
a 165 132 16
a 165 109 6
a 165 103 5
a 165 124 5
a 165 77 6
a 165 10 4
a 165 84 5
a 165 91 15
a 166 167 9
a 166 47 8
a 166 12 12
a 166 115 17
a 166 25 5
a 166 169 13
a 166 114 1
a 166 89 12
a 166 191 17
a 166 11 5
a 166 26 15
a 166 33 16
a 166 109 19
a 166 102 5
a 166 14 14
a 166 156 14
a 166 35 13
a 166 123 19
a 166 183 10
a 166 106 3
a 166 165 1
a 166 190 13
a 167 168 3
a 167 96 7
a 167 54 16
a 167 69 11
a 167 128 14
a 167 41 15
a 167 132 16
a 167 173 2
a 167 34 14
a 167 129 19
a 167 188 4
a 167 71 1
a 167 192 4
a 167 28 14
a 167 182 19
a 167 174 4
a 167 20 7
a 168 169 14
a 168 160 8
a 168 179 3
a 168 41 8
a 168 130 1
a 168 42 19
a 168 122 13
a 168 153 6
a 168 84 6
a 168 77 7
a 168 158 5
a 168 24 5
a 168 53 14
a 168 150 18
a 168 167 3
a 168 193 18
a 168 29 19
a 169 170 2
a 169 133 5
a 169 25 3
a 169 193 6
a 169 11 17
a 169 154 6
a 169 3 17
a 169 161 6
a 169 164 11
a 169 6 6
a 169 116 3
a 169 101 4
a 169 189 9
a 169 60 15
a 169 108 1
a 170 171 4
a 170 153 6
a 170 186 8
a 170 55 2
a 170 24 16
a 170 191 19
a 170 112 17
a 170 154 12
a 170 96 13
a 170 183 16
a 170 83 6
a 170 132 2
a 170 114 5
a 170 116 12
a 170 68 18
a 170 169 17
a 171 172 16
a 171 3 11
a 171 101 3
a 171 58 3
a 171 132 8
a 171 149 2
a 171 8 8
a 171 60 8
a 171 78 8
a 171 164 19
a 171 184 4
a 171 66 12
a 171 187 10
a 171 96 5
a 171 146 13
a 171 143 19
a 171 155 19
a 171 124 10
a 171 166 17
a 172 173 17
a 172 155 6
a 172 56 18
a 172 104 2
a 172 115 15
a 172 84 4
a 172 144 5
a 172 158 16
a 172 127 6
a 172 132 5
a 172 163 7
a 172 189 15
a 172 57 7
a 172 7 12
a 172 30 3
a 172 171 5
a 172 66 7
a 172 124 5
a 173 174 4
a 173 169 12
a 173 145 6
a 173 167 17
a 173 18 3
a 173 129 18
a 173 82 15
a 173 103 19
a 173 137 3
a 173 11 7
a 173 172 5
a 173 6 3
a 173 198 2
a 173 40 19
a 173 55 14
a 173 175 3
a 173 67 14
a 173 20 9
a 173 151 7
a 173 109 15
a 173 99 18
a 174 175 9
a 174 170 12
a 174 129 18
a 174 56 14
a 174 65 10
a 174 144 12
a 174 44 4
a 174 42 15
a 174 189 11
a 174 146 6
a 174 164 8
a 174 187 2
a 174 152 9
a 174 184 4
a 174 125 11
a 174 190 8
a 174 96 13
a 174 141 14
a 174 32 12
a 174 179 6
a 174 59 17
a 174 68 8
a 174 104 16
a 174 52 8
a 175 176 3
a 175 69 12
a 175 131 6
a 175 136 5
a 175 119 9
a 175 111 15
a 175 33 16
a 175 88 5
a 175 195 1
a 175 164 8
a 175 191 12
a 175 135 8
a 175 149 6
a 175 4 9
a 176 177 1
a 176 7 12
a 176 92 2
a 176 158 4
a 176 146 8
a 176 105 5
a 176 44 7
a 176 91 8
a 176 47 16
a 176 106 7
a 176 165 19
a 176 152 16
a 176 196 5
a 176 93 5
a 176 124 1
a 177 178 16
a 177 30 3
a 177 77 18
a 177 191 4
a 177 102 5
a 177 146 19
a 177 194 5
a 177 171 2
a 177 15 17
a 177 8 5
a 177 7 3
a 177 65 12
a 177 18 14
a 177 156 19
a 178 179 7
a 178 85 18
a 178 32 11
a 178 134 19
a 178 63 6
a 178 92 5
a 178 165 12
a 178 189 7
a 178 6 3
a 178 132 12
a 178 170 16
a 178 148 7
a 178 39 17
a 178 161 8
a 178 97 1
a 178 21 7
a 178 5 4
a 178 58 12
a 178 26 15
a 178 104 10
a 178 37 8
a 178 187 7
a 179 180 7
a 179 171 5
a 179 115 12
a 179 166 2
a 179 33 4
a 179 73 1
a 179 146 19
a 179 112 10
a 179 93 19
a 179 192 4
a 179 41 5
a 179 51 13
a 179 83 13
a 179 121 19
a 179 126 15
a 179 130 3
a 179 63 10
a 179 176 15
a 179 27 15
a 179 138 5
a 179 18 7
a 180 181 9
a 180 27 8
a 180 128 10
a 180 154 8
a 180 80 2
a 180 169 9
a 180 146 6
a 180 167 12
a 180 38 17
a 180 62 19
a 180 58 11
a 180 115 2
a 180 57 16
a 180 69 13
a 180 4 16
a 180 121 17
a 180 84 5
a 180 107 14
a 180 44 4
a 180 83 6
a 180 120 10
a 180 127 10
a 180 7 12
a 180 151 5
a 181 182 2
a 181 189 9
a 181 187 19
a 181 68 19
a 181 82 8
a 181 10 9
a 181 148 5
a 181 149 16
a 181 79 13
a 181 141 15
a 181 85 19
a 181 50 18
a 182 183 17
a 182 143 16
a 182 60 3
a 182 185 9
a 182 88 11
a 182 96 4
a 182 180 8
a 182 71 9
a 182 7 1
a 182 77 9
a 182 1 1
a 182 111 14
a 182 161 15
a 182 116 19
a 182 98 10
a 182 42 5
a 182 166 17
a 182 196 9
a 182 33 3
a 182 188 2
a 182 154 13
a 182 91 15
a 183 184 4
a 183 28 3
a 183 152 13
a 183 185 14
a 183 120 5
a 183 118 12
a 183 109 18
a 183 148 2
a 183 48 4
a 183 97 3
a 183 14 3
a 183 134 9
a 183 13 2
a 183 121 9
a 183 161 7
a 183 49 19
a 183 9 3
a 183 50 6
a 183 168 15
a 183 114 19
a 183 143 7
a 183 83 6
a 183 81 8
a 183 147 8
a 183 40 16
a 183 60 16
a 184 185 1
a 184 102 9
a 184 88 3
a 184 21 15
a 184 120 11
a 184 25 10
a 184 193 1
a 184 39 6
a 184 172 13
a 184 5 15
a 184 40 8
a 184 83 4
a 184 91 6
a 184 50 2
a 184 11 4
a 184 52 18
a 184 145 11
a 184 195 1
a 184 66 7
a 185 186 1
a 185 57 8
a 185 178 16
a 185 7 8
a 185 118 14
a 185 43 11
a 185 129 9
a 185 183 8
a 185 2 13
a 185 24 5
a 185 46 6
a 185 127 7
a 185 42 9
a 185 174 14
a 185 150 12
a 185 92 2
a 185 100 19
a 185 77 12
a 185 120 2
a 185 25 1
a 186 187 10
a 186 134 19
a 186 5 4
a 186 21 19
a 186 130 2
a 186 104 1
a 186 37 14
a 186 39 10
a 186 13 15
a 186 138 18
a 186 50 8
a 186 71 13
a 186 79 8
a 186 74 9
a 186 46 9
a 186 162 10
a 186 111 4
a 186 88 4
a 186 44 7
a 187 188 5
a 187 76 2
a 187 64 1
a 187 196 2
a 187 28 6
a 187 36 12
a 187 166 1
a 187 130 6
a 187 37 15
a 187 17 16
a 187 3 14
a 187 162 7
a 187 54 1
a 187 43 13
a 187 67 7
a 187 159 9
a 187 116 10
a 187 2 13
a 187 174 18
a 188 189 17
a 188 170 18
a 188 164 9
a 188 43 19
a 188 54 12
a 188 55 7
a 188 107 6
a 188 180 14
a 188 1 15
a 188 38 10
a 188 191 2
a 188 184 10
a 188 116 17
a 188 130 8
a 188 8 2
a 188 177 14
a 188 11 16
a 188 83 14
a 188 68 19
a 188 167 16
a 188 171 1
a 188 2 1
a 188 166 6
a 188 51 14
a 188 134 19
a 188 165 13
a 189 190 12
a 189 117 11
a 189 137 17
a 189 2 19
a 189 121 8
a 189 127 16
a 189 192 8
a 189 34 9
a 189 38 8
a 189 18 4
a 189 4 11
a 189 170 19
a 189 85 14
a 189 112 19
a 189 54 2
a 189 145 1
a 189 197 15
a 189 55 2
a 189 13 12
a 189 177 12
a 189 43 6
a 189 99 6
a 189 62 19
a 189 97 3
a 190 191 17
a 190 56 15
a 190 36 11
a 190 48 15
a 190 122 11
a 190 99 15
a 190 12 17
a 190 107 19
a 190 111 19
a 190 39 1
a 190 29 19
a 190 1 1
a 190 121 19
a 190 157 10
a 190 126 6
a 190 179 8
a 190 198 5
a 190 124 11
a 190 137 13
a 190 51 13
a 190 197 11
a 190 95 14
a 190 66 7
a 191 192 18
a 191 75 10
a 191 164 8
a 191 79 5
a 191 178 9
a 191 17 9
a 191 163 12
a 191 142 13
a 191 196 8
a 191 118 10
a 191 49 16
a 191 30 12
a 191 104 19
a 191 40 13
a 191 112 9
a 191 61 15
a 191 65 1
a 191 78 19
a 191 62 11
a 191 48 14
a 191 198 17
a 191 21 1
a 191 80 14
a 191 150 17
a 192 193 3
a 192 76 5
a 192 178 1
a 192 30 3
a 192 182 1
a 192 38 19
a 192 5 16
a 192 164 2
a 192 156 9
a 192 194 4
a 192 122 4
a 192 58 8
a 192 35 12
a 192 61 2
a 192 28 18
a 192 185 5
a 192 36 12
a 192 11 19
a 192 148 10
a 192 10 12
a 192 191 6
a 193 194 2
a 193 117 6
a 193 113 7
a 193 10 9
a 193 187 3
a 193 138 3
a 193 116 16
a 193 159 10
a 193 54 8
a 193 87 4
a 193 192 5
a 193 136 19
a 193 20 12
a 193 151 8
a 193 58 16
a 193 7 15
a 193 165 13
a 193 146 10
a 193 106 14
a 193 188 19
a 193 70 13
a 193 104 12
a 194 195 15
a 194 53 15
a 194 15 7
a 194 64 17
a 194 169 8
a 194 4 16
a 194 175 17
a 194 186 6
a 194 35 13
a 194 52 6
a 194 91 2
a 195 196 12
a 195 57 10
a 195 60 16
a 195 127 16
a 195 183 7
a 195 101 4
a 195 108 14
a 195 169 12
a 195 112 13
a 195 28 3
a 195 185 11
a 195 165 8
a 195 93 19
a 195 99 1
a 195 18 2
a 195 187 5
a 195 49 8
a 195 158 10
a 195 144 6
a 195 25 15
a 196 197 3
a 196 116 10
a 196 195 1
a 196 114 10
a 196 71 12
a 196 156 9
a 196 41 2
a 196 164 16
a 196 60 4
a 196 22 11
a 196 10 4
a 196 148 7
a 196 187 14
a 196 9 19
a 196 49 8
a 196 37 1
a 196 199 13
a 196 157 19
a 196 18 16
a 196 190 14
a 197 198 19
a 197 171 11
a 197 134 16
a 197 124 19
a 197 131 7
a 197 196 5
a 197 59 2
a 197 190 4
a 197 145 8
a 197 101 5
a 197 149 15
a 197 49 9
a 197 51 5
a 197 148 9
a 197 140 4
a 197 156 7
a 198 199 4
a 198 147 5
a 198 193 14
a 198 136 4
a 198 64 1
a 198 185 3
a 198 11 1
a 198 80 12
a 198 48 4
a 198 132 5
a 198 16 7
a 198 55 9
a 198 151 6
a 198 72 10
a 198 81 3
a 198 45 6
a 198 85 16
a 198 24 14
a 198 71 9
a 198 122 10
a 198 69 15
a 198 95 5
a 198 37 12
a 198 156 18
a 198 94 19
c 126 62 99 146 68
c 11 158 50 124 100
c 37 196 16 117 94
c 174 68 194 91 97
c 78 100 15 63 120
c 77 169 78 33 56
c 117 146 118 92 74
c 45 146 15 20 84
c 100 8 94 171 31
c 100 127 183 134 116
c 130 120 90 26 37
c 21 194 179 33 53
c 141 116 79 50 107
c 196 10 8 120 120
c 54 191 114 33 108
c 157 72 189 13 68
c 144 21 54 4 95
c 18 161 27 32 117
c 61 90 33 54 75
c 89 35 64 112 93
c 35 42 183 118 49
c 115 27 178 58 102
c 6 28 28 110 52
c 164 149 28 63 46
c 96 133 27 118 57
c 126 62 115 116 73
c 96 92 2 185 92
c 30 170 96 126 31
c 99 100 151 198 90
c 124 196 182 183 42
c 137 70 183 28 58
c 50 40 87 88 110
c 63 64 70 199 80
c 71 90 170 154 104
c 133 10 75 78 85
c 174 125 157 16 90
c 8 126 84 48 63
c 137 123 29 167 56
c 62 27 191 198 111
c 57 56 93 39 72
c 103 99 45 48 56
c 25 142 100 12 36
c 77 127 149 7 120
c 198 11 15 2 112
c 181 148 111 101 63
c 79 61 190 99 81
c 173 175 65 87 121
c 66 82 18 150 39
c 27 32 20 27 85
c 118 196 168 169 98
c 15 60 114 185 45
c 38 55 178 97 36
c 5 47 26 43 99
c 161 142 16 185 84
c 105 68 152 113 71
c 114 191 118 156 109
c 181 79 35 78 124
c 190 197 49 145 84
c 34 11 111 69 88
c 29 142 145 36 61
c 83 180 66 153 74
c 128 134 183 161 100
c 168 130 3 36 82
c 70 162 132 130 107
c 3 36 18 19 43
c 152 157 75 146 34
c 103 138 97 167 94
c 96 138 49 25 38
c 108 35 85 125 37
c 195 57 103 7 61
c 128 51 20 36 93
c 21 199 183 109 48
c 4 15 126 77 88
c 118 144 192 148 73
c 190 95 10 49 115
c 195 99 131 20 51
c 106 60 25 23 46
c 7 62 40 168 56
c 198 24 136 41 90
c 27 97 148 134 103
c 141 150 191 196 58
c 83 51 144 4 123
c 88 57 46 79 49
c 175 111 24 78 48
c 86 117 25 169 28
c 51 188 17 31 60
c 189 170 8 36 117
c 74 11 112 23 113
c 90 120 80 52 33
c 28 193 71 172 74
c 117 144 86 85 112
c 161 52 147 13 90
c 63 90 132 160 63
c 35 33 189 43 83
c 114 63 42 60 107
c 143 63 183 134 120
c 71 34 41 80 98
c 11 198 38 121 44
c 172 127 37 16 65
c 179 73 188 8 28
c 148 125 77 127 33
c 185 46 83 180 104
c 36 12 161 136 115
c 136 120 156 125 69
c 102 145 172 171 74
c 32 33 190 124 114
c 177 30 90 33 33
c 16 180 50 186 38
c 0 155 32 20 31
c 181 10 0 155 39
c 88 16 86 35 112
c 189 127 30 156 64
c 53 42 77 64 43
c 174 190 2 32 80
c 26 84 61 4 93
c 75 145 97 34 84
c 169 154 182 166 42
c 41 157 59 152 61
c 51 186 192 76 101
c 127 34 135 7 92
c 196 41 34 84 40
c 133 134 18 24 108
c 107 172 143 64 27
c 121 4 29 65 104
c 30 31 103 169 121
c 169 161 83 106 75
c 35 153 191 78 118
c 49 109 10 180 96
c 101 159 175 195 37
c 175 191 147 31 116
c 21 114 177 8 95
c 158 111 180 62 37
c 126 104 91 7 27
c 174 96 98 22 62
c 126 77 22 125 110
c 95 21 45 24 27
c 150 130 194 4 94
c 64 61 111 191 33
c 169 164 160 86 54
c 62 97 17 135 27
c 99 145 138 31 109
c 102 107 24 193 116
c 106 49 40 197 76
c 105 170 135 136 88
c 24 86 132 104 42
c 187 166 59 11 67
c 71 30 129 44 77
c 23 68 131 127 42
c 40 189 168 193 76
c 163 51 111 39 27
c 111 134 28 106 106
c 0 1 58 16 100
c 87 15 188 189 40
c 170 114 181 85 48
c 62 45 151 45 99
c 16 122 35 153 78
c 191 178 155 42 113
c 162 101 189 97 30
c 103 22 117 171 116
c 54 120 45 113 46
c 144 7 136 170 112
c 93 186 121 150 82
c 196 9 124 170 77
c 59 72 13 132 122
c 166 14 105 165 39
c 85 46 37 84 114
c 56 171 45 118 33
c 188 2 178 134 70
c 10 24 80 12 66
c 118 144 153 134 54
c 161 35 194 52 119
c 42 34 76 153 34
c 135 124 114 139 65
c 127 35 13 125 42
c 15 163 150 29 54
c 166 25 130 180 91
c 151 67 137 149 94
c 51 44 13 198 69
c 88 25 56 140 68
c 148 106 195 101 86
c 78 164 117 146 54
c 107 27 25 100 82
c 161 142 88 110 43
c 16 17 186 46 108
c 144 86 171 124 105
c 35 42 109 110 59
c 122 161 188 167 100
c 57 181 173 40 65
c 22 186 176 92 109
c 184 66 15 166 105
c 94 156 3 121 114
c 187 196 59 72 103
c 90 33 16 46 103
c 130 49 21 199 117
c 132 129 58 61 89
c 131 41 40 92 62
c 126 119 110 186 29
c 118 198 11 38 43
c 123 24 114 9 44
c 58 96 159 17 27
c 182 60 66 79 97
c 25 23 68 138 115
c 194 175 184 11 97
c 160 129 198 71 81
c 29 142 38 121 33
c 157 98 85 46 45
c 55 99 0 1 70
c 188 191 32 132 92
c 78 164 55 99 99
c 91 111 142 87 69
c 110 111 109 9 105
c 155 147 16 189 72
c 133 43 124 97 58
c 188 180 88 20 33
c 87 101 152 162 101
c 19 120 75 113 68
c 118 144 71 1 98
c 188 107 17 151 79
c 34 9 70 161 68
c 156 109 189 117 120
c 118 41 99 146 106
c 149 196 196 195 27
c 126 71 37 137 57
c 47 32 15 114 115
c 87 152 142 56 108
c 44 187 140 137 118
c 129 130 159 15 41
c 166 14 196 114 85
c 78 37 134 135 96
c 34 35 91 62 66
c 29 163 111 177 104
c 80 8 140 164 44
c 39 157 66 50 30
c 0 98 35 1 77
c 53 83 151 173 103
c 177 30 17 5 86
c 140 186 84 108 36
c 157 67 15 182 62
c 86 164 133 16 63
c 91 13 65 142 54
c 7 176 40 168 77
c 15 60 54 17 30
c 77 64 89 70 35
c 4 140 102 9 62
c 188 116 157 42 59
c 0 117 25 99 73
c 146 6 184 11 118
c 14 86 30 144 122
c 47 150 72 195 69
c 165 84 102 163 84
c 79 50 56 140 78
c 129 86 0 155 47
c 32 174 162 153 123
c 99 181 189 34 51
c 189 170 54 55 63
c 183 143 185 186 113
c 136 120 168 150 44
c 105 33 28 166 76
c 120 194 135 199 105
c 82 53 157 42 29
c 70 4 188 43 64
c 114 82 0 173 53
c 108 126 166 14 107
c 70 114 71 124 87
c 187 188 147 115 115
c 180 121 193 70 52
c 79 56 59 11 112
c 100 101 140 15 30
c 86 35 30 198 78
c 165 10 21 123 124
c 12 170 3 126 38
c 178 5 12 4 42
c 5 193 184 52 45
c 146 104 89 172 120
c 72 63 2 3 123
c 171 3 161 35 57
c 166 35 89 172 75
c 137 149 33 32 35
c 72 141 72 70 86
c 135 164 17 135 88
c 181 189 102 84 123
c 75 81 158 118 64
c 8 31 136 139 56
c 56 171 40 64 69
c 190 51 135 50 73
c 94 95 132 104 34
c 90 91 172 189 41
c 101 43 96 111 105
c 100 174 137 157 89
c 124 22 39 128 27
c 185 77 163 76 31
c 12 86 167 174 63
c 164 139 50 40 32
c 170 96 40 109 114
c 156 109 123 20 33
c 10 73 106 32 106
c 21 33 54 191 122
c 151 109 125 152 94
c 30 132 178 134 111
c 47 14 124 22 48
c 77 60 135 98 76
c 66 21 40 197 54
c 92 123 27 5 109
c 79 98 4 139 121
c 86 195 69 43 98
c 41 68 63 112 54
c 18 39 174 190 77
c 184 88 49 168 63
c 122 78 161 42 114
c 190 107 56 112 58
c 92 30 141 63 54
c 123 101 187 162 73
c 136 53 96 129 112
c 118 198 73 15 80
c 191 49 182 96 66
c 185 57 106 109 55
c 34 24 106 32 72
c 91 33 162 133 64
c 168 158 5 47 79
c 101 29 13 1 83
c 115 49 52 1 48
c 9 62 113 94 73
c 53 54 179 121 112
c 72 68 94 112 77
c 183 114 113 111 116
c 3 28 144 7 102
c 14 15 170 83 52
c 134 164 35 133 52
c 82 17 188 83 27
c 147 68 118 170 103
c 119 173 81 98 38
c 124 170 36 34 118
c 74 75 198 122 51
c 190 124 74 46 53
c 79 56 178 63 78
c 161 196 44 134 102
c 73 23 75 23 98
c 132 95 35 33 106
c 54 108 136 118 86
c 34 4 165 84 70
c 179 180 28 118 122
c 37 19 23 37 94
c 116 92 65 133 34
c 173 109 44 63 29
c 152 109 147 91 108
c 161 125 82 128 98
c 47 64 128 153 38
c 155 22 48 72 35
c 149 135 37 84 106
c 189 2 128 144 100
c 13 132 97 5 112
c 174 144 75 145 81
c 166 109 59 163 72
c 119 5 33 151 122
c 1 115 117 118 117
c 168 41 173 20 61
c 157 25 197 149 40
c 174 189 49 168 87
c 68 89 150 84 26
c 133 138 72 85 59
c 43 141 136 137 101
c 182 111 140 156 27
c 99 115 37 186 97
c 14 117 58 94 49
c 129 151 110 30 35
c 192 185 182 71 123
c 131 112 42 112 118
c 132 184 10 43 123
c 54 41 125 191 62
c 120 148 148 68 28
c 197 196 146 104 40
c 84 142 183 97 115
c 44 45 41 80 107
c 93 151 113 3 67
c 91 6 77 46 110
c 121 142 136 118 122
c 24 40 70 91 76
c 7 173 6 183 65
c 57 20 5 185 113
c 58 154 1 128 57
c 30 31 136 119 66
c 195 93 101 19 93
c 100 188 79 160 58
c 109 116 140 156 52
c 92 26 79 13 111
c 91 154 117 96 55
c 135 160 95 62 67
c 55 98 150 130 87
c 90 131 153 134 37
c 189 4 106 116 69
c 141 31 46 171 105
c 38 7 100 197 75
c 66 111 66 44 87
c 185 92 193 10 106
c 60 98 90 124 69
c 108 44 141 167 57
c 32 132 13 161 26
c 27 123 187 196 87
c 148 139 108 142 39
c 158 124 64 139 83
c 155 12 91 62 80
c 62 15 117 171 120
c 134 40 194 15 36
c 56 171 54 105 53
c 192 36 19 7 37
c 164 53 32 100 85
c 137 103 61 32 91
c 166 47 128 177 62
c 173 67 4 86 99
c 89 179 97 34 117
c 47 100 180 44 28
c 64 61 96 129 96
c 86 106 39 116 30
c 126 71 143 64 91
c 31 133 132 149 83
c 114 155 151 57 86
c 124 16 113 58 97
c 5 46 70 188 32
c 165 84 166 114 99
c 181 149 97 110 70
c 112 26 191 17 46
c 17 26 26 6 83
c 79 150 56 6 104
c 31 167 109 58 102
c 157 13 131 177 92
c 165 124 160 165 33
c 65 148 40 38 57
c 141 169 192 156 90
c 86 102 169 193 53
c 54 120 45 134 48
c 97 5 187 67 90
c 134 140 30 198 68
c 80 150 21 103 84
c 148 164 110 76 33
c 189 18 43 189 48
c 144 46 153 22 67
c 196 195 172 30 63
c 2 57 7 113 110
c 77 43 14 36 78
c 96 19 190 36 116
c 142 33 13 1 48
c 65 66 33 13 82
c 75 11 38 46 95
c 22 79 46 125 117
c 197 59 135 13 88
c 111 69 97 42 35
c 160 84 62 182 118
c 118 70 162 196 73
c 117 144 152 85 55
c 120 87 142 124 116
c 86 102 91 35 92
c 123 24 151 35 85
c 87 15 158 147 67
c 98 67 107 97 49
c 69 64 148 44 77
c 79 13 70 162 94
c 143 80 0 70 86
c 145 82 89 90 72
c 69 168 32 190 120
c 69 59 30 31 37
c 114 155 66 188 124
c 27 118 142 115 44
c 126 119 126 71 106
c 120 194 14 164 52
c 132 19 37 16 113
c 166 89 134 193 28
c 172 7 75 146 98
c 53 176 135 124 78
c 38 7 84 76 79
c 163 6 74 164 42
c 111 55 88 56 121
c 162 60 180 83 87
c 61 124 161 188 97
c 28 106 99 181 109
c 134 173 10 11 73
c 125 151 181 149 36
c 140 119 41 80 35
c 187 116 25 114 67
c 4 15 55 129 40
c 150 195 98 85 107
c 159 107 73 185 74
c 97 34 61 4 112
c 113 120 103 104 117
c 169 6 96 137 78
c 114 134 83 25 76
c 148 147 6 106 108
c 105 154 184 40 59
c 148 197 132 82 116
c 182 98 85 30 65
c 21 114 165 166 53
c 106 139 196 190 117
c 197 140 32 82 37
c 40 64 194 52 80
c 91 6 191 163 82
c 136 160 161 196 88
c 110 154 64 139 86
c 58 130 155 19 52
c 85 125 75 32 77
c 86 142 121 142 74
c 126 27 103 82 87
c 64 112 159 136 99
c 43 166 161 131 109
c 188 38 112 113 87
c 195 57 151 189 57
c 22 186 162 15 65
c 75 113 144 131 28
c 51 132 33 150 69
c 78 116 29 184 54
c 84 47 4 5 45
c 155 169 28 180 52
c 78 96 121 62 119
c 157 67 172 155 71
c 97 151 193 187 50
c 180 38 47 151 105
c 77 1 102 34 90
c 91 134 94 95 25
c 88 57 76 147 47
c 150 39 71 126 36
c 17 33 66 10 71
c 157 72 60 99 89
c 5 143 74 114 100
c 6 183 0 143 73
c 54 151 48 118 51
c 41 88 80 8 49
c 116 72 152 125 64
c 146 104 24 151 42
c 96 19 196 157 110
c 75 161 1 91 113
c 197 49 169 6 107
c 103 62 42 193 47
c 97 5 23 189 67
c 100 51 169 170 42
c 174 68 20 67 31
c 114 191 183 49 25
c 25 116 114 152 82
c 166 11 73 3 122
c 40 49 101 102 71
c 175 119 53 60 104
c 107 33 31 32 71
c 144 77 61 4 80
c 80 81 91 7 52
c 161 21 190 197 78
c 152 162 152 82 69
c 24 191 38 126 65
c 159 67 88 51 27
c 79 61 86 199 75
c 67 54 2 164 100
c 189 38 69 182 121
c 76 40 153 37 85
c 126 153 26 97 62
c 74 96 57 86 113
c 106 69 142 102 34
c 26 188 48 111 59
c 113 111 122 54 110
c 198 11 184 25 103
c 121 168 120 16 75
c 149 148 38 158 89
c 84 104 135 13 106
c 135 160 34 167 54
c 107 154 169 161 85
c 80 52 145 36 45
c 25 152 189 54 41
c 47 15 114 160 69
c 95 96 114 13 49
c 105 144 189 55 97
c 141 115 24 163 90
c 189 62 59 75 103
c 143 82 74 66 89
c 59 66 129 156 59
c 182 180 69 102 102
c 140 38 149 84 64
c 74 11 53 123 50
c 32 123 61 89 92
c 121 181 172 189 42
c 83 21 83 132 84
c 93 186 119 173 40
c 163 120 148 32 60
c 172 189 33 102 26
c 34 35 148 149 66
c 131 136 40 84 106
c 173 82 89 56 114
c 142 4 160 130 57
c 109 116 40 168 102
c 87 153 197 124 38
c 183 114 179 166 25
c 40 41 143 131 101
c 135 7 120 145 115
c 125 153 128 144 83
c 180 181 99 161 118
c 110 3 137 149 114
c 153 77 157 173 79
c 134 63 195 57 93
c 119 120 152 193 109
c 163 135 58 130 34
c 162 126 132 26 65
c 109 58 66 111 79
c 186 74 19 39 78
c 7 173 143 69 118
c 140 58 166 115 69
c 15 105 176 158 26
c 144 145 84 130 68
c 48 149 56 156 49
c 0 70 14 194 83
c 70 114 77 118 68
c 46 65 160 165 49
c 113 194 63 78 123
c 26 27 82 91 68
c 198 11 62 70 49
c 148 44 162 101 50
c 102 188 61 38 62
c 1 84 79 73 44
c 184 193 191 164 27
c 140 19 17 43 111
c 103 22 44 25 53
c 109 111 193 87 93
c 93 151 108 25 58
c 139 159 111 174 91
c 62 15 198 136 100
c 96 58 5 53 54
c 78 16 154 28 68
c 190 39 118 105 95
c 34 24 96 190 104
c 20 88 76 88 113
c 134 23 58 110 89
c 47 9 105 185 94
c 131 175 146 84 55
c 152 162 59 46 113
c 143 69 90 138 59
c 46 65 146 180 60
c 26 45 27 68 93
c 163 166 185 150 48
c 35 192 49 25 78
c 124 173 93 45 37
c 174 42 166 183 78
c 47 135 28 143 81
c 101 22 66 188 58
c 142 155 131 8 36
c 172 171 105 85 81
c 193 187 17 128 33
c 140 78 114 115 44
c 175 131 152 93 49
c 91 126 164 53 82
c 3 36 137 90 83
c 190 12 4 195 61
c 117 73 8 36 85
c 88 193 184 195 25
c 137 44 105 162 63
c 45 57 15 99 96
c 4 146 29 163 36
c 149 134 45 24 40
c 36 150 14 147 30
c 3 28 71 172 91
c 84 135 147 37 58
c 136 11 48 142 108
c 142 123 191 78 72
c 119 189 198 156 49
c 136 160 123 12 113
c 177 194 99 41 59
c 179 33 14 36 87
c 105 68 134 193 45
c 157 148 120 129 109
c 185 43 87 29 113
c 164 149 15 16 68
c 134 23 82 196 73
c 188 165 159 160 73
c 186 37 132 40 72
c 69 168 21 99 87
c 131 85 40 49 111
c 85 196 99 29 53
c 10 16 4 140 32
c 148 53 116 1 45
c 109 9 140 58 49
c 61 123 165 103 51
c 44 63 41 135 111
c 109 129 105 33 83
c 42 45 85 46 31
c 0 98 92 30 79
c 167 174 176 158 35
c 74 199 135 145 117
c 11 94 174 96 85
c 104 152 144 81 123
c 10 190 58 138 50
c 109 8 172 173 27
c 179 180 63 170 48
c 198 156 184 88 95
c 107 108 144 7 67
c 137 86 118 19 109
c 132 79 82 91 45
c 14 144 194 35 36
c 90 5 28 193 35
c 34 62 100 122 114
c 165 91 14 117 90
c 75 118 11 171 119
c 174 32 115 16 76
c 68 113 158 100 107
c 54 74 183 28 118
c 67 156 29 66 89
c 106 20 188 164 100
c 184 50 164 45 73
c 195 28 80 153 106
c 144 167 40 108 32
c 158 124 65 60 39
c 3 134 5 41 95
c 116 1 174 189 57
c 185 174 14 147 61
c 114 13 47 15 72
c 136 139 32 174 57
c 82 141 36 18 120
c 179 166 66 188 118
c 13 96 128 134 90
c 126 127 18 81 114
c 115 27 158 154 98
c 77 18 163 49 31
c 26 97 198 132 60
c 101 43 131 129 63
c 63 78 154 141 58
c 137 44 40 166 97
c 105 58 190 121 65
c 83 132 65 116 96
c 144 18 185 25 109
c 53 82 169 60 39
c 195 18 20 64 113
c 90 65 183 121 99
c 140 119 26 34 103
c 1 128 73 136 32
c 68 18 10 94 43
c 27 22 129 172 61
c 97 34 192 182 87
c 136 160 107 33 88
c 92 163 35 57 34
c 159 136 153 40 109
c 138 118 163 120 26
c 85 30 79 13 124
c 11 2 196 18 110
c 82 17 75 9 87
c 145 45 176 93 49
c 47 150 160 86 31
c 195 108 137 86 95
c 78 148 196 187 26
c 52 1 189 18 89
c 125 126 163 49 85
c 29 146 68 179 31
c 58 65 168 153 111
c 85 171 142 130 104
c 1 179 61 137 35
c 1 55 124 109 63
c 6 37 64 147 123
c 120 194 171 132 69
c 83 21 104 2 96
c 191 142 57 110 81
c 171 149 144 18 105
c 174 32 114 145 114
c 150 5 10 16 124
c 11 70 157 166 51
c 40 64 84 174 33
c 158 148 82 96 80
c 159 136 182 71 46
c 196 116 125 152 59
c 36 40 21 131 104
c 165 132 55 112 58
c 39 15 10 190 34
c 21 5 193 106 83
c 180 44 78 150 121
c 53 35 136 59 80
c 191 48 42 186 122
c 113 131 117 89 72
c 16 17 111 138 44
c 102 84 92 77 98
c 196 114 41 51 111
c 198 147 120 18 95
c 134 193 164 105 60
c 63 103 105 154 31
c 103 74 96 58 73
c 184 145 143 90 101
c 11 8 145 41 60
c 182 1 141 28 68
c 109 9 136 120 52
c 76 3 135 163 75
c 5 193 103 10 85
c 9 191 65 26 60
c 58 165 172 124 53
c 162 101 78 116 38
c 67 54 68 51 59
c 1 51 143 139 81
c 67 146 109 129 117
c 131 20 84 193 47
c 161 21 121 142 59
c 1 128 70 151 46
c 40 81 65 130 119
c 24 81 10 73 40
c 5 61 191 62 33
