notes: n=200, m=3980, elb=1, eub=20, density=0.1, conf_density=0.0003, clb=100, cub= 200, seed= 3829
p spec 200 3980 2375
s 0
t 199
a 0 1 15
a 0 65 3
a 0 154 18
a 0 98 17
a 0 84 11
a 0 26 19
a 0 75 3
a 0 126 7
a 0 117 16
a 0 120 3
a 0 165 16
a 0 11 11
a 1 2 3
a 1 177 8
a 1 75 14
a 1 85 7
a 1 81 8
a 1 96 6
a 1 97 9
a 1 37 6
a 1 45 16
a 1 149 11
a 1 39 3
a 1 20 7
a 1 43 10
a 1 82 8
a 1 7 18
a 1 195 4
a 1 53 4
a 1 73 16
a 1 185 9
a 1 56 17
a 2 3 5
a 2 184 18
a 2 163 10
a 2 32 4
a 2 159 15
a 2 86 19
a 2 94 7
a 2 129 18
a 2 124 13
a 2 189 16
a 2 110 5
a 2 144 13
a 2 177 4
a 2 75 10
a 2 192 13
a 2 140 17
a 2 102 5
a 2 105 8
a 2 70 6
a 2 48 1
a 2 180 5
a 2 5 10
a 3 4 8
a 3 24 14
a 3 55 17
a 3 98 4
a 3 177 15
a 3 80 17
a 3 17 16
a 3 100 1
a 3 173 10
a 3 40 13
a 3 144 2
a 3 143 9
a 3 192 11
a 3 183 3
a 3 197 12
a 3 96 4
a 3 7 12
a 3 198 16
a 3 196 15
a 3 150 5
a 3 36 5
a 3 25 18
a 3 145 10
a 4 5 18
a 4 199 6
a 4 137 6
a 4 60 5
a 4 53 15
a 4 21 12
a 4 189 10
a 4 82 16
a 4 141 13
a 4 131 10
a 4 115 1
a 4 81 9
a 4 85 8
a 4 36 9
a 4 125 19
a 4 170 13
a 4 133 17
a 4 152 2
a 5 6 16
a 5 145 10
a 5 62 15
a 5 69 12
a 5 148 15
a 5 60 6
a 5 26 5
a 5 146 19
a 5 61 12
a 5 137 4
a 5 71 1
a 5 120 13
a 5 96 14
a 5 186 5
a 5 43 14
a 5 166 9
a 5 159 15
a 5 100 18
a 5 11 6
a 6 7 9
a 6 162 7
a 6 92 14
a 6 176 5
a 6 37 9
a 6 166 2
a 6 53 18
a 6 30 9
a 6 44 12
a 6 79 9
a 6 67 19
a 6 20 17
a 6 125 16
a 6 137 1
a 6 24 19
a 6 180 19
a 6 183 5
a 6 72 18
a 6 78 15
a 6 21 3
a 6 59 1
a 6 138 13
a 6 95 1
a 7 8 8
a 7 71 4
a 7 40 19
a 7 132 17
a 7 32 7
a 7 168 14
a 7 151 1
a 7 30 12
a 7 190 7
a 7 68 5
a 7 184 9
a 7 74 4
a 7 43 13
a 7 13 15
a 7 66 12
a 8 9 4
a 8 46 3
a 8 103 4
a 8 20 7
a 8 123 9
a 8 137 10
a 8 143 16
a 8 67 4
a 8 133 12
a 8 27 14
a 8 147 10
a 8 74 17
a 8 189 6
a 8 59 18
a 8 199 18
a 8 146 1
a 8 50 16
a 8 132 15
a 8 140 15
a 8 129 8
a 9 10 8
a 9 138 6
a 9 54 8
a 9 23 4
a 9 57 3
a 9 24 5
a 9 76 9
a 9 152 12
a 9 44 8
a 9 154 4
a 9 153 13
a 9 84 7
a 9 3 17
a 9 130 9
a 9 195 2
a 9 112 7
a 9 27 6
a 9 140 3
a 9 62 1
a 9 101 19
a 9 148 17
a 9 60 16
a 9 118 4
a 10 11 12
a 10 77 12
a 10 99 18
a 10 26 14
a 10 130 18
a 10 32 11
a 10 72 1
a 10 147 15
a 10 141 13
a 10 84 7
a 10 190 5
a 10 69 7
a 10 106 2
a 10 138 5
a 10 165 18
a 10 129 9
a 10 122 9
a 10 103 18
a 11 12 10
a 11 163 7
a 11 72 1
a 11 155 15
a 11 142 8
a 11 85 6
a 11 119 6
a 11 48 10
a 11 145 8
a 11 88 14
a 11 57 14
a 11 78 1
a 11 99 10
a 11 84 5
a 11 77 18
a 11 173 10
a 11 54 18
a 11 152 9
a 11 41 6
a 11 103 3
a 11 37 18
a 12 13 15
a 12 103 15
a 12 106 16
a 12 194 5
a 12 199 4
a 12 9 15
a 12 32 8
a 12 155 6
a 12 146 8
a 12 97 6
a 12 178 17
a 12 132 13
a 12 62 12
a 12 145 9
a 12 172 1
a 12 127 16
a 12 139 7
a 12 124 16
a 12 136 6
a 12 46 11
a 12 111 10
a 12 36 4
a 12 125 13
a 12 91 11
a 12 130 3
a 12 61 14
a 13 14 13
a 13 168 18
a 13 163 6
a 13 145 2
a 13 80 18
a 13 189 18
a 13 65 7
a 13 5 13
a 13 51 1
a 13 98 1
a 13 57 3
a 13 6 11
a 13 72 17
a 13 83 12
a 13 147 18
a 13 186 1
a 13 125 7
a 13 141 9
a 13 122 15
a 13 150 9
a 13 68 12
a 14 15 2
a 14 142 18
a 14 65 13
a 14 84 11
a 14 63 5
a 14 43 18
a 14 80 16
a 14 178 8
a 14 138 11
a 14 93 2
a 14 125 19
a 14 52 19
a 14 170 7
a 14 120 1
a 14 126 9
a 14 49 10
a 14 141 16
a 14 157 13
a 14 47 4
a 14 103 15
a 14 137 17
a 14 156 7
a 14 8 2
a 15 16 5
a 15 1 4
a 15 127 11
a 15 82 16
a 15 3 15
a 15 170 13
a 15 61 19
a 15 49 17
a 15 104 14
a 15 22 7
a 15 174 12
a 15 99 7
a 15 199 18
a 15 109 5
a 16 17 12
a 16 140 3
a 16 155 6
a 16 99 17
a 16 40 5
a 16 96 15
a 16 111 9
a 16 60 16
a 16 186 17
a 16 124 18
a 16 30 9
a 16 75 8
a 16 59 14
a 16 86 8
a 16 158 3
a 16 192 10
a 16 64 10
a 16 90 9
a 16 3 3
a 17 18 10
a 17 175 8
a 17 57 19
a 17 170 6
a 17 93 18
a 17 34 8
a 17 146 9
a 17 168 2
a 17 49 8
a 17 46 8
a 17 180 16
a 17 159 8
a 17 3 9
a 17 9 10
a 17 21 10
a 17 44 6
a 17 143 3
a 17 190 11
a 17 106 17
a 17 197 7
a 17 74 2
a 17 28 14
a 17 130 9
a 18 19 4
a 18 124 6
a 18 74 10
a 18 24 5
a 18 114 17
a 18 173 11
a 18 90 19
a 18 184 2
a 18 97 7
a 18 137 14
a 18 53 6
a 18 113 11
a 18 175 17
a 18 153 2
a 18 93 17
a 18 192 6
a 19 20 14
a 19 162 8
a 19 99 19
a 19 159 19
a 19 137 3
a 19 195 2
a 19 5 2
a 19 194 16
a 19 161 12
a 19 15 1
a 19 199 13
a 19 75 3
a 19 85 6
a 19 59 1
a 19 48 5
a 19 96 2
a 19 170 17
a 20 21 1
a 20 72 15
a 20 187 1
a 20 97 15
a 20 103 19
a 20 125 16
a 20 51 16
a 20 33 3
a 20 14 11
a 20 39 8
a 20 151 13
a 20 138 18
a 20 70 4
a 20 109 9
a 20 144 19
a 20 16 9
a 20 153 16
a 20 158 13
a 21 22 4
a 21 86 17
a 21 119 15
a 21 49 19
a 21 175 18
a 21 142 9
a 21 196 12
a 21 39 11
a 21 35 12
a 21 132 7
a 21 149 8
a 21 3 3
a 21 172 6
a 21 15 3
a 21 38 8
a 21 135 15
a 21 127 19
a 21 55 14
a 21 190 7
a 21 36 10
a 21 125 1
a 21 166 14
a 21 191 8
a 21 188 5
a 21 121 14
a 21 40 2
a 22 23 4
a 22 164 7
a 22 185 15
a 22 103 11
a 22 148 8
a 22 41 16
a 22 178 11
a 22 89 19
a 22 154 18
a 22 136 19
a 22 20 7
a 22 196 15
a 22 187 8
a 22 94 10
a 22 24 15
a 22 73 16
a 22 166 19
a 22 162 3
a 22 15 8
a 22 55 18
a 23 24 18
a 23 184 19
a 23 96 11
a 23 69 11
a 23 171 13
a 23 146 10
a 23 5 6
a 23 105 5
a 23 164 11
a 23 188 19
a 23 172 19
a 23 83 5
a 23 89 1
a 23 92 13
a 23 197 4
a 23 112 17
a 23 80 14
a 23 161 2
a 24 25 10
a 24 188 9
a 24 2 6
a 24 83 17
a 24 12 6
a 24 43 9
a 24 126 13
a 24 66 9
a 24 64 8
a 24 142 15
a 24 135 7
a 24 16 1
a 24 36 5
a 24 175 10
a 24 159 19
a 25 26 16
a 25 28 16
a 25 177 17
a 25 198 3
a 25 144 6
a 25 193 9
a 25 82 11
a 25 84 7
a 25 27 10
a 25 10 10
a 25 31 19
a 25 67 12
a 25 21 17
a 25 185 13
a 25 182 4
a 25 37 6
a 25 110 14
a 25 159 18
a 25 145 18
a 25 61 13
a 25 149 19
a 25 179 4
a 26 27 6
a 26 37 18
a 26 152 7
a 26 147 2
a 26 67 5
a 26 71 8
a 26 74 17
a 26 9 11
a 26 124 16
a 26 170 7
a 26 47 11
a 26 131 11
a 26 19 4
a 26 88 14
a 26 64 6
a 26 179 11
a 26 151 15
a 26 119 18
a 26 33 16
a 26 166 8
a 26 11 17
a 26 39 12
a 26 178 9
a 27 28 8
a 27 144 9
a 27 146 16
a 27 104 17
a 27 116 18
a 27 134 13
a 27 186 5
a 27 157 7
a 27 50 14
a 27 190 18
a 27 3 15
a 27 124 9
a 27 83 12
a 27 5 4
a 27 111 8
a 27 174 16
a 27 2 10
a 28 29 16
a 28 111 7
a 28 32 2
a 28 31 8
a 28 21 15
a 28 153 17
a 28 77 5
a 28 56 14
a 28 108 9
a 28 177 7
a 28 19 16
a 28 25 12
a 28 86 14
a 28 104 7
a 28 65 7
a 28 88 15
a 28 11 19
a 29 30 14
a 29 73 3
a 29 25 19
a 29 160 5
a 29 198 8
a 29 34 7
a 29 85 8
a 29 170 6
a 29 168 13
a 29 125 19
a 29 23 8
a 29 169 10
a 29 180 16
a 29 53 11
a 29 46 13
a 29 37 11
a 30 31 15
a 30 83 8
a 30 140 3
a 30 14 9
a 30 51 11
a 30 100 6
a 30 152 5
a 30 173 1
a 30 119 10
a 30 111 19
a 30 133 8
a 30 49 18
a 30 21 2
a 30 33 6
a 30 44 4
a 30 179 15
a 30 42 8
a 30 36 19
a 30 80 9
a 31 32 13
a 31 191 12
a 31 25 13
a 31 146 11
a 31 64 4
a 31 132 8
a 31 198 4
a 31 62 12
a 31 3 8
a 31 46 15
a 31 18 15
a 31 126 17
a 31 148 13
a 31 117 18
a 31 104 2
a 31 77 5
a 31 74 9
a 31 143 6
a 32 33 11
a 32 82 9
a 32 98 10
a 32 137 2
a 32 157 1
a 32 186 3
a 32 166 6
a 32 20 15
a 32 76 16
a 32 75 6
a 32 167 11
a 32 109 16
a 32 72 2
a 32 24 10
a 32 11 3
a 32 4 17
a 32 83 1
a 32 185 18
a 32 63 9
a 32 38 13
a 32 93 9
a 33 34 6
a 33 97 9
a 33 121 4
a 33 173 3
a 33 115 16
a 33 77 5
a 33 101 17
a 33 50 13
a 33 170 7
a 33 71 17
a 33 108 7
a 33 87 3
a 33 126 5
a 33 107 19
a 33 89 17
a 33 16 9
a 33 124 9
a 33 67 18
a 33 136 6
a 33 20 10
a 33 64 3
a 33 38 9
a 34 35 3
a 34 64 7
a 34 10 13
a 34 194 6
a 34 3 12
a 34 5 5
a 34 42 12
a 34 186 4
a 34 166 3
a 34 114 14
a 34 71 10
a 34 89 15
a 34 182 12
a 35 36 12
a 35 121 6
a 35 197 14
a 35 173 19
a 35 16 11
a 35 68 3
a 35 134 10
a 35 70 17
a 35 162 10
a 35 150 18
a 35 112 13
a 35 174 15
a 35 158 12
a 35 177 10
a 35 195 7
a 35 115 18
a 35 73 5
a 36 37 3
a 36 22 15
a 36 82 18
a 36 13 16
a 36 146 16
a 36 177 7
a 36 46 8
a 36 185 9
a 36 50 14
a 36 103 12
a 36 186 10
a 36 65 3
a 36 152 10
a 36 20 2
a 36 6 8
a 37 38 13
a 37 49 10
a 37 31 8
a 37 161 19
a 37 171 12
a 37 1 5
a 37 46 14
a 37 20 8
a 37 22 12
a 37 73 17
a 37 103 14
a 37 93 3
a 37 141 14
a 37 198 1
a 37 85 13
a 37 89 12
a 37 8 9
a 37 91 6
a 37 30 11
a 37 124 18
a 37 189 11
a 37 153 17
a 37 60 9
a 37 43 4
a 37 154 3
a 37 61 18
a 37 113 3
a 37 122 14
a 38 39 7
a 38 46 2
a 38 19 11
a 38 76 15
a 38 146 14
a 38 150 14
a 38 136 15
a 38 199 3
a 38 83 9
a 38 93 15
a 38 25 13
a 38 62 8
a 38 41 3
a 38 114 6
a 38 34 13
a 38 14 8
a 38 166 15
a 38 71 2
a 39 40 2
a 39 160 13
a 39 38 7
a 39 123 17
a 39 58 17
a 39 131 8
a 39 129 2
a 39 28 17
a 39 90 13
a 39 12 6
a 39 47 3
a 39 5 16
a 39 119 9
a 39 151 14
a 39 64 12
a 39 161 19
a 39 159 5
a 39 189 16
a 39 116 14
a 39 83 1
a 39 111 2
a 39 136 9
a 39 13 15
a 40 41 5
a 40 116 9
a 40 18 7
a 40 102 19
a 40 157 5
a 40 53 1
a 40 1 11
a 40 80 3
a 40 101 6
a 40 104 7
a 40 168 3
a 40 115 3
a 40 71 1
a 40 68 9
a 40 13 2
a 40 127 16
a 40 77 17
a 40 55 14
a 41 42 17
a 41 198 11
a 41 101 13
a 41 62 17
a 41 12 15
a 41 168 9
a 41 85 12
a 41 182 3
a 41 34 18
a 41 114 5
a 41 13 6
a 41 2 9
a 41 189 16
a 41 112 11
a 41 79 10
a 41 175 5
a 41 104 6
a 41 14 14
a 41 172 13
a 41 83 13
a 41 113 7
a 41 118 12
a 42 43 19
a 42 143 16
a 42 132 2
a 42 83 3
a 42 138 11
a 42 178 19
a 42 119 15
a 42 50 6
a 42 188 4
a 42 53 15
a 42 109 16
a 42 116 3
a 42 179 7
a 42 51 5
a 42 146 11
a 42 159 9
a 42 147 12
a 42 27 15
a 42 193 13
a 42 162 2
a 42 86 3
a 42 176 2
a 43 44 9
a 43 76 12
a 43 111 5
a 43 135 6
a 43 159 1
a 43 157 3
a 43 93 9
a 43 87 17
a 43 141 1
a 43 109 7
a 43 160 4
a 43 145 6
a 43 151 6
a 43 17 2
a 43 37 17
a 43 82 18
a 43 116 18
a 43 32 13
a 43 40 8
a 43 69 9
a 44 45 12
a 44 25 13
a 44 42 14
a 44 109 3
a 44 122 15
a 44 105 10
a 44 191 12
a 44 165 15
a 44 34 3
a 44 153 6
a 44 46 14
a 44 168 7
a 44 107 3
a 44 72 16
a 44 5 15
a 44 116 8
a 44 71 17
a 44 141 15
a 44 55 4
a 44 29 5
a 45 46 8
a 45 139 1
a 45 49 5
a 45 9 15
a 45 10 12
a 45 50 15
a 45 38 15
a 45 84 15
a 45 120 15
a 45 18 8
a 45 67 4
a 45 152 9
a 45 146 4
a 45 128 10
a 45 118 17
a 45 173 5
a 45 106 10
a 45 127 12
a 45 132 16
a 45 93 7
a 45 175 15
a 45 111 12
a 45 25 4
a 45 180 4
a 45 185 6
a 45 33 4
a 45 174 12
a 45 145 18
a 46 47 3
a 46 29 2
a 46 71 18
a 46 190 19
a 46 85 1
a 46 134 2
a 46 94 4
a 46 131 6
a 46 166 1
a 46 139 13
a 46 31 3
a 46 23 11
a 46 95 4
a 46 168 18
a 46 34 2
a 46 24 6
a 46 162 16
a 46 89 9
a 46 113 16
a 46 144 8
a 46 2 9
a 46 77 7
a 46 199 11
a 46 93 4
a 47 48 17
a 47 12 2
a 47 26 16
a 47 170 15
a 47 160 16
a 47 182 10
a 47 76 11
a 47 197 16
a 47 109 18
a 47 70 14
a 47 118 1
a 47 168 4
a 47 142 6
a 47 150 9
a 47 157 10
a 47 189 4
a 47 163 2
a 47 34 4
a 47 133 1
a 47 64 17
a 47 128 19
a 48 49 1
a 48 152 13
a 48 117 11
a 48 173 13
a 48 79 13
a 48 174 18
a 48 148 12
a 48 103 16
a 48 118 6
a 48 95 1
a 48 73 3
a 48 77 6
a 48 135 14
a 48 92 13
a 48 185 4
a 48 61 11
a 48 101 19
a 48 111 5
a 48 66 12
a 48 22 19
a 49 50 17
a 49 164 15
a 49 90 19
a 49 55 19
a 49 24 11
a 49 40 8
a 49 38 13
a 49 42 8
a 49 52 12
a 49 149 10
a 49 9 6
a 49 116 2
a 49 171 13
a 49 64 3
a 49 67 17
a 49 150 19
a 49 115 15
a 49 113 9
a 49 7 9
a 49 182 13
a 50 51 5
a 50 90 7
a 50 69 7
a 50 120 11
a 50 28 17
a 50 20 5
a 50 17 13
a 50 109 12
a 50 33 6
a 50 54 17
a 50 178 7
a 50 145 7
a 50 106 14
a 50 162 8
a 50 47 9
a 50 143 18
a 50 66 10
a 50 68 16
a 50 115 9
a 50 76 5
a 50 112 18
a 50 165 10
a 50 147 16
a 50 175 8
a 50 139 19
a 50 7 5
a 50 108 15
a 51 52 16
a 51 152 12
a 51 143 17
a 51 156 2
a 51 117 8
a 51 93 14
a 51 132 4
a 51 12 16
a 51 57 9
a 51 78 3
a 51 181 19
a 51 14 11
a 51 150 5
a 51 155 9
a 51 171 12
a 51 38 15
a 52 53 10
a 52 80 1
a 52 3 17
a 52 57 19
a 52 167 6
a 52 150 9
a 52 69 17
a 52 174 9
a 52 114 19
a 52 155 14
a 52 99 6
a 52 177 1
a 52 179 8
a 52 36 12
a 52 166 6
a 52 13 10
a 52 131 11
a 52 186 18
a 52 28 13
a 52 118 15
a 52 29 6
a 52 77 18
a 52 43 8
a 53 54 11
a 53 73 5
a 53 173 13
a 53 123 18
a 53 150 16
a 53 162 5
a 53 106 11
a 53 87 6
a 53 83 6
a 53 45 1
a 53 158 17
a 53 62 4
a 53 129 9
a 53 142 19
a 53 74 13
a 53 143 18
a 53 35 15
a 53 86 7
a 53 6 15
a 53 99 1
a 53 98 3
a 53 176 4
a 53 32 8
a 54 55 12
a 54 104 4
a 54 98 16
a 54 157 17
a 54 100 8
a 54 62 7
a 54 133 17
a 54 25 1
a 54 93 13
a 54 96 4
a 54 46 3
a 54 47 14
a 54 78 16
a 54 161 11
a 54 23 3
a 54 183 16
a 54 88 6
a 54 69 17
a 54 124 4
a 54 191 10
a 55 56 10
a 55 130 5
a 55 70 16
a 55 123 11
a 55 15 12
a 55 111 1
a 55 29 4
a 55 179 7
a 55 172 16
a 55 59 8
a 55 144 19
a 55 39 10
a 55 24 5
a 55 18 18
a 55 173 2
a 55 13 7
a 55 77 18
a 55 176 13
a 55 131 11
a 56 57 7
a 56 58 5
a 56 120 9
a 56 69 8
a 56 150 19
a 56 71 18
a 56 67 9
a 56 39 5
a 56 152 9
a 56 18 12
a 56 60 12
a 56 194 18
a 56 88 6
a 56 190 11
a 56 2 7
a 56 55 17
a 56 8 8
a 56 61 3
a 56 15 17
a 56 72 9
a 56 196 8
a 56 160 3
a 56 149 10
a 56 63 16
a 56 101 12
a 57 58 1
a 57 143 6
a 57 110 11
a 57 112 9
a 57 25 16
a 57 181 17
a 57 41 7
a 57 34 7
a 57 51 13
a 57 196 3
a 57 3 1
a 57 113 2
a 57 197 9
a 57 93 4
a 57 166 14
a 57 146 3
a 57 141 15
a 57 192 15
a 57 35 6
a 57 69 13
a 57 131 4
a 57 77 15
a 57 63 14
a 57 126 11
a 57 82 5
a 58 59 19
a 58 97 7
a 58 171 5
a 58 32 8
a 58 177 1
a 58 179 8
a 58 73 15
a 58 112 16
a 58 183 19
a 58 17 15
a 58 186 5
a 58 37 3
a 58 69 14
a 58 83 14
a 58 14 19
a 58 106 15
a 58 21 19
a 58 121 15
a 58 31 1
a 58 184 12
a 58 42 8
a 58 93 11
a 58 150 8
a 58 132 16
a 58 162 2
a 58 6 10
a 59 60 15
a 59 185 8
a 59 139 1
a 59 153 10
a 59 160 6
a 59 51 2
a 59 12 2
a 59 73 4
a 59 127 7
a 59 183 1
a 59 169 16
a 59 4 5
a 59 137 12
a 59 198 1
a 59 87 8
a 59 125 9
a 59 24 8
a 59 43 2
a 59 46 11
a 59 107 12
a 59 103 17
a 59 11 5
a 59 34 14
a 59 168 2
a 59 66 8
a 59 182 18
a 60 61 9
a 60 131 2
a 60 129 2
a 60 52 7
a 60 34 4
a 60 62 11
a 60 192 11
a 60 186 8
a 60 104 10
a 60 142 8
a 60 118 1
a 60 22 4
a 60 75 11
a 60 17 18
a 60 4 12
a 60 65 7
a 60 105 13
a 60 123 4
a 60 15 3
a 61 62 3
a 61 104 18
a 61 152 6
a 61 191 1
a 61 136 13
a 61 101 10
a 61 154 19
a 61 8 2
a 61 130 8
a 62 63 10
a 62 13 19
a 62 198 2
a 62 55 18
a 62 17 1
a 62 197 3
a 62 99 16
a 62 184 18
a 62 42 15
a 62 124 14
a 62 39 4
a 62 46 5
a 62 135 9
a 62 139 11
a 62 6 12
a 62 138 13
a 62 9 7
a 62 146 11
a 63 64 19
a 63 170 13
a 63 72 7
a 63 93 4
a 63 70 3
a 63 24 15
a 63 53 4
a 63 8 3
a 63 87 11
a 63 51 15
a 63 26 18
a 63 199 12
a 63 86 12
a 63 141 3
a 63 104 2
a 63 166 9
a 63 136 9
a 63 29 11
a 63 132 9
a 63 105 19
a 64 65 6
a 64 115 15
a 64 123 3
a 64 157 11
a 64 161 3
a 64 181 17
a 64 194 11
a 64 128 6
a 64 31 16
a 64 18 3
a 64 41 2
a 64 61 19
a 64 160 16
a 64 100 2
a 64 168 19
a 64 131 9
a 64 71 19
a 64 133 8
a 64 94 16
a 64 73 5
a 64 15 11
a 64 88 12
a 65 66 8
a 65 168 4
a 65 188 6
a 65 176 8
a 65 189 4
a 65 72 3
a 65 27 17
a 65 53 19
a 65 173 12
a 65 102 13
a 65 164 15
a 65 88 1
a 65 71 12
a 65 41 10
a 65 121 5
a 65 78 4
a 65 149 8
a 65 143 3
a 66 67 1
a 66 108 3
a 66 9 13
a 66 61 19
a 66 41 10
a 66 50 7
a 66 197 19
a 66 186 4
a 66 27 12
a 66 73 7
a 66 10 11
a 66 37 6
a 66 172 9
a 66 64 3
a 66 171 4
a 66 123 5
a 66 65 5
a 66 142 15
a 66 63 7
a 66 26 14
a 66 28 4
a 66 106 3
a 67 68 2
a 67 81 1
a 67 47 18
a 67 94 2
a 67 24 11
a 67 164 3
a 67 70 18
a 67 103 4
a 67 121 11
a 67 197 16
a 67 139 2
a 67 22 2
a 67 8 14
a 67 3 15
a 67 141 12
a 68 69 16
a 68 155 17
a 68 60 15
a 68 185 8
a 68 38 13
a 68 119 13
a 68 66 2
a 68 52 1
a 68 92 2
a 68 23 4
a 68 169 2
a 68 183 6
a 68 42 16
a 68 25 17
a 68 22 6
a 68 147 7
a 68 109 15
a 68 197 4
a 68 187 5
a 68 21 1
a 68 51 1
a 68 82 18
a 68 124 11
a 68 18 3
a 68 1 6
a 68 146 2
a 68 80 13
a 68 87 18
a 68 65 15
a 68 107 7
a 68 156 6
a 68 133 19
a 68 194 19
a 68 188 2
a 68 49 15
a 68 62 1
a 69 70 4
a 69 148 5
a 69 24 18
a 69 160 19
a 69 151 9
a 69 161 5
a 69 177 10
a 69 145 6
a 69 32 13
a 69 173 8
a 69 159 11
a 69 99 5
a 69 29 2
a 69 52 2
a 69 77 19
a 70 71 10
a 70 2 19
a 70 85 10
a 70 104 3
a 70 192 18
a 70 161 14
a 70 91 4
a 70 36 2
a 70 13 15
a 70 170 6
a 70 75 13
a 70 158 10
a 70 86 17
a 70 142 10
a 70 15 3
a 70 95 5
a 70 166 15
a 70 22 9
a 70 152 18
a 70 59 17
a 71 72 16
a 71 149 7
a 71 4 3
a 71 28 9
a 71 77 3
a 71 133 3
a 71 97 1
a 71 33 13
a 71 173 15
a 71 74 12
a 71 25 19
a 71 105 8
a 71 32 13
a 71 116 13
a 71 83 15
a 71 11 14
a 71 181 14
a 71 22 12
a 71 174 19
a 71 41 9
a 71 134 1
a 71 124 7
a 71 88 14
a 71 161 7
a 71 8 10
a 71 110 6
a 71 16 5
a 71 89 11
a 72 73 14
a 72 117 11
a 72 128 12
a 72 80 18
a 72 97 10
a 72 39 18
a 72 189 6
a 72 125 7
a 72 4 12
a 72 152 18
a 72 16 3
a 72 169 6
a 72 48 18
a 72 160 13
a 72 28 11
a 72 187 7
a 72 145 9
a 72 163 11
a 72 113 5
a 72 50 16
a 72 167 6
a 72 175 7
a 73 74 7
a 73 65 2
a 73 28 13
a 73 10 9
a 73 98 12
a 73 120 2
a 73 107 9
a 73 13 9
a 73 49 16
a 73 146 18
a 73 188 6
a 73 52 17
a 73 174 6
a 73 31 4
a 73 100 8
a 73 2 14
a 73 47 18
a 73 153 3
a 73 137 2
a 73 57 4
a 73 101 2
a 73 77 11
a 73 67 14
a 73 140 7
a 74 75 17
a 74 61 14
a 74 35 2
a 74 188 2
a 74 101 17
a 74 16 12
a 74 90 8
a 74 28 11
a 74 52 14
a 74 10 5
a 74 4 7
a 74 197 3
a 75 76 9
a 75 136 9
a 75 12 10
a 75 1 11
a 75 30 1
a 75 60 11
a 75 197 5
a 75 98 5
a 75 140 4
a 75 49 1
a 75 171 18
a 75 79 1
a 75 176 13
a 75 190 16
a 75 123 12
a 75 86 7
a 75 121 4
a 75 3 18
a 75 31 3
a 76 77 13
a 76 87 18
a 76 108 2
a 76 21 19
a 76 156 10
a 76 112 13
a 76 69 4
a 76 148 13
a 76 99 6
a 76 18 5
a 76 4 4
a 76 88 16
a 76 198 6
a 76 145 3
a 76 75 12
a 76 83 4
a 76 185 3
a 76 85 18
a 76 16 13
a 76 67 1
a 76 158 19
a 76 150 16
a 76 5 8
a 76 151 19
a 76 103 18
a 76 174 2
a 76 124 8
a 76 80 4
a 76 142 3
a 77 78 12
a 77 37 19
a 77 180 16
a 77 132 10
a 77 184 5
a 77 127 13
a 77 121 8
a 77 124 17
a 77 29 4
a 77 140 12
a 77 70 15
a 77 187 1
a 77 107 12
a 77 38 16
a 77 71 1
a 77 177 2
a 77 128 2
a 77 183 19
a 77 90 5
a 77 105 12
a 77 11 12
a 77 26 14
a 78 79 14
a 78 128 4
a 78 122 1
a 78 107 18
a 78 121 18
a 78 130 17
a 78 49 7
a 78 154 15
a 78 77 16
a 78 147 17
a 78 3 17
a 78 174 19
a 78 61 11
a 78 24 15
a 78 82 2
a 78 137 2
a 78 73 12
a 78 2 3
a 78 14 1
a 78 179 17
a 78 6 10
a 78 125 12
a 78 95 1
a 78 132 2
a 78 68 8
a 78 131 1
a 78 42 17
a 78 38 10
a 79 80 11
a 79 135 9
a 79 196 19
a 79 148 11
a 79 104 6
a 79 160 8
a 79 41 5
a 79 68 6
a 79 145 19
a 79 19 18
a 79 99 6
a 79 98 9
a 79 193 14
a 79 2 3
a 79 9 2
a 79 88 15
a 79 125 14
a 79 165 8
a 79 116 10
a 79 162 15
a 79 82 14
a 79 103 5
a 79 71 18
a 79 157 14
a 79 179 7
a 79 44 2
a 79 184 17
a 80 81 19
a 80 77 2
a 80 122 18
a 80 150 3
a 80 61 6
a 80 1 1
a 80 89 11
a 80 175 3
a 80 29 3
a 80 143 11
a 80 27 10
a 80 12 12
a 80 99 9
a 80 14 4
a 80 2 4
a 80 48 1
a 81 82 7
a 81 1 5
a 81 21 3
a 81 162 17
a 81 68 15
a 81 55 16
a 81 46 13
a 81 122 17
a 81 76 4
a 81 105 11
a 81 127 11
a 81 71 8
a 81 102 11
a 81 43 10
a 81 103 8
a 81 123 19
a 81 38 16
a 81 23 13
a 81 190 3
a 81 191 15
a 81 41 4
a 81 96 13
a 82 83 17
a 82 156 12
a 82 62 18
a 82 137 18
a 82 77 14
a 82 184 4
a 82 152 14
a 82 20 14
a 82 154 6
a 82 92 5
a 82 30 17
a 82 183 5
a 82 74 12
a 82 128 13
a 82 171 5
a 82 167 17
a 82 160 15
a 82 102 6
a 82 18 11
a 82 86 19
a 82 66 19
a 82 24 3
a 82 1 5
a 82 181 6
a 83 84 7
a 83 129 7
a 83 25 17
a 83 17 16
a 83 112 10
a 83 111 19
a 83 62 7
a 83 81 13
a 83 69 15
a 83 46 7
a 83 160 4
a 83 35 10
a 83 18 6
a 83 187 5
a 83 113 8
a 83 181 13
a 83 185 19
a 83 28 17
a 83 98 2
a 83 121 16
a 83 90 11
a 84 85 18
a 84 107 19
a 84 96 17
a 84 134 6
a 84 31 15
a 84 126 7
a 84 45 6
a 84 52 6
a 84 7 8
a 84 120 3
a 84 90 13
a 84 30 2
a 84 165 8
a 84 25 17
a 84 191 17
a 84 117 12
a 84 47 7
a 84 145 6
a 84 158 12
a 84 2 7
a 84 138 2
a 84 51 10
a 84 122 14
a 84 81 5
a 84 94 18
a 84 59 14
a 84 58 7
a 84 193 5
a 84 28 6
a 84 26 4
a 84 41 8
a 84 172 11
a 84 154 19
a 85 86 2
a 85 36 17
a 85 62 19
a 85 170 11
a 85 71 13
a 85 93 1
a 85 42 17
a 85 136 1
a 85 121 18
a 85 120 11
a 85 15 7
a 85 129 19
a 85 165 17
a 85 75 2
a 85 2 11
a 85 180 17
a 85 17 7
a 85 39 8
a 86 87 12
a 86 15 7
a 86 145 9
a 86 38 2
a 86 55 14
a 86 25 12
a 86 43 7
a 86 122 17
a 86 134 8
a 86 48 13
a 86 107 12
a 86 31 3
a 86 195 13
a 87 88 6
a 87 84 6
a 87 96 5
a 87 169 5
a 87 54 5
a 87 18 5
a 87 69 16
a 87 3 6
a 87 94 18
a 87 177 11
a 87 142 16
a 87 150 15
a 87 5 11
a 87 52 14
a 87 124 18
a 87 100 4
a 87 188 2
a 87 117 6
a 87 71 16
a 88 89 17
a 88 49 6
a 88 55 1
a 88 169 12
a 88 22 11
a 88 115 11
a 88 116 5
a 88 84 18
a 88 106 2
a 88 119 1
a 88 34 13
a 88 192 11
a 88 65 9
a 88 150 7
a 88 107 3
a 88 85 7
a 88 100 14
a 88 183 13
a 88 195 14
a 88 135 6
a 88 172 9
a 88 185 13
a 89 90 12
a 89 159 9
a 89 139 2
a 89 9 9
a 89 72 18
a 89 184 12
a 89 15 10
a 89 84 2
a 89 11 2
a 89 7 15
a 89 33 16
a 89 189 1
a 89 168 18
a 89 31 17
a 89 82 8
a 89 113 8
a 89 55 2
a 90 91 9
a 90 143 7
a 90 39 8
a 90 145 13
a 90 171 2
a 90 78 12
a 90 155 1
a 90 13 8
a 90 69 7
a 90 115 5
a 90 93 3
a 90 45 2
a 90 71 2
a 90 59 11
a 90 187 7
a 90 27 15
a 90 99 9
a 91 92 15
a 91 97 8
a 91 77 8
a 91 135 2
a 91 32 10
a 91 136 19
a 91 134 7
a 91 112 13
a 91 94 13
a 91 21 11
a 91 89 3
a 91 184 18
a 91 161 14
a 91 152 17
a 91 10 5
a 91 181 10
a 91 70 8
a 91 36 3
a 91 59 1
a 91 169 16
a 91 159 4
a 91 104 4
a 91 113 2
a 91 16 12
a 92 93 11
a 92 50 7
a 92 133 10
a 92 174 15
a 92 16 4
a 92 7 1
a 92 18 7
a 92 32 19
a 92 177 10
a 92 157 11
a 92 85 2
a 92 62 2
a 92 89 6
a 92 65 5
a 92 135 2
a 92 159 3
a 92 36 10
a 92 110 18
a 92 21 9
a 92 178 3
a 92 77 6
a 92 144 19
a 92 24 19
a 92 141 11
a 93 94 5
a 93 49 12
a 93 104 9
a 93 42 3
a 93 85 13
a 93 43 8
a 93 107 7
a 93 83 11
a 93 78 9
a 93 181 9
a 93 105 7
a 93 135 3
a 93 52 14
a 93 103 4
a 93 50 15
a 93 188 2
a 93 62 7
a 93 89 15
a 93 7 13
a 93 116 10
a 93 123 15
a 93 21 12
a 93 8 19
a 93 99 10
a 93 132 18
a 94 95 3
a 94 38 12
a 94 21 17
a 94 115 15
a 94 1 13
a 94 164 8
a 94 167 11
a 94 65 2
a 94 70 19
a 94 35 14
a 94 20 15
a 94 52 13
a 94 177 17
a 94 165 2
a 94 178 18
a 94 199 17
a 94 87 18
a 94 171 2
a 94 6 19
a 94 16 17
a 94 155 12
a 94 88 11
a 94 53 19
a 94 74 11
a 94 106 3
a 94 43 14
a 94 159 12
a 94 23 19
a 94 67 10
a 94 78 10
a 94 19 15
a 94 103 6
a 95 96 15
a 95 156 4
a 95 52 13
a 95 67 4
a 95 48 7
a 95 74 17
a 95 39 6
a 95 124 4
a 95 40 14
a 95 64 8
a 95 79 7
a 95 70 16
a 95 192 2
a 95 33 7
a 95 91 7
a 95 85 10
a 95 3 18
a 95 128 9
a 96 97 17
a 96 143 5
a 96 80 5
a 96 107 11
a 96 163 12
a 96 87 7
a 96 197 3
a 96 182 17
a 96 6 3
a 96 192 15
a 96 172 8
a 96 37 17
a 96 44 17
a 96 124 12
a 96 132 4
a 96 121 11
a 96 82 10
a 96 60 8
a 96 51 5
a 96 190 8
a 96 113 3
a 97 98 8
a 97 140 4
a 97 175 8
a 97 48 7
a 97 186 10
a 97 74 12
a 97 161 3
a 97 44 7
a 97 178 9
a 97 129 4
a 97 22 14
a 97 91 6
a 97 116 4
a 97 127 18
a 97 160 5
a 98 99 18
a 98 13 1
a 98 138 2
a 98 7 14
a 98 41 16
a 98 51 6
a 98 92 8
a 98 166 4
a 98 173 8
a 98 171 2
a 98 144 7
a 98 86 10
a 98 89 19
a 98 35 9
a 98 102 5
a 98 38 7
a 98 130 1
a 98 157 1
a 99 100 12
a 99 107 18
a 99 39 12
a 99 133 16
a 99 198 15
a 99 46 6
a 99 71 6
a 99 183 1
a 99 18 13
a 99 19 2
a 99 182 11
a 99 17 13
a 99 162 12
a 99 196 7
a 99 172 5
a 99 137 19
a 99 126 6
a 99 123 17
a 99 117 15
a 100 101 17
a 100 182 15
a 100 49 16
a 100 170 6
a 100 119 14
a 100 41 16
a 100 59 16
a 100 118 7
a 100 155 17
a 100 18 6
a 100 123 6
a 100 177 18
a 100 131 4
a 100 142 19
a 100 181 13
a 100 77 17
a 100 66 1
a 100 134 16
a 100 104 7
a 100 111 14
a 100 163 3
a 100 89 2
a 100 107 6
a 100 190 7
a 101 102 10
a 101 50 19
a 101 1 4
a 101 111 12
a 101 193 1
a 101 146 18
a 101 184 18
a 101 91 15
a 101 47 3
a 101 14 17
a 101 175 13
a 101 181 9
a 101 52 12
a 101 125 19
a 101 114 17
a 102 103 7
a 102 7 1
a 102 197 19
a 102 100 4
a 102 153 8
a 102 30 1
a 102 152 6
a 102 123 10
a 102 8 6
a 102 1 7
a 102 79 19
a 102 117 11
a 102 20 16
a 102 146 10
a 102 75 18
a 102 112 14
a 102 192 9
a 103 104 9
a 103 95 17
a 103 13 16
a 103 196 13
a 103 82 15
a 103 147 19
a 103 46 7
a 103 119 5
a 103 157 14
a 103 30 10
a 103 19 10
a 103 185 16
a 103 180 10
a 103 193 10
a 103 166 8
a 103 50 5
a 103 7 6
a 103 9 5
a 103 26 1
a 103 80 16
a 103 189 9
a 103 145 12
a 104 105 4
a 104 199 12
a 104 26 7
a 104 82 3
a 104 108 6
a 104 48 5
a 104 167 14
a 104 121 8
a 104 115 17
a 104 44 7
a 104 77 6
a 104 35 13
a 104 69 18
a 104 135 8
a 104 183 2
a 104 172 12
a 104 184 14
a 104 92 9
a 105 106 14
a 105 113 7
a 105 185 6
a 105 103 16
a 105 71 3
a 105 142 10
a 105 7 19
a 105 98 5
a 105 81 12
a 105 159 4
a 105 83 7
a 105 171 13
a 105 1 2
a 105 80 8
a 105 137 6
a 106 107 6
a 106 87 19
a 106 140 7
a 106 166 2
a 106 120 3
a 106 164 2
a 106 77 4
a 106 45 7
a 106 130 3
a 106 10 19
a 106 27 15
a 106 101 14
a 106 28 7
a 106 19 1
a 106 51 16
a 106 22 5
a 106 5 15
a 106 175 9
a 106 110 9
a 106 173 16
a 106 163 5
a 106 16 18
a 106 37 6
a 106 174 19
a 106 29 19
a 106 72 13
a 107 108 5
a 107 98 13
a 107 170 9
a 107 41 2
a 107 77 16
a 107 122 12
a 107 20 1
a 107 24 11
a 107 113 10
a 107 186 6
a 107 195 7
a 107 143 6
a 107 197 1
a 107 79 8
a 107 166 14
a 107 125 1
a 107 121 11
a 107 134 2
a 107 46 2
a 107 90 14
a 107 59 5
a 107 9 4
a 107 22 12
a 108 109 14
a 108 17 18
a 108 118 6
a 108 88 17
a 108 84 16
a 108 136 6
a 108 1 3
a 108 39 6
a 108 19 14
a 108 9 16
a 108 101 4
a 108 42 19
a 108 54 19
a 108 24 5
a 108 193 14
a 108 41 10
a 108 60 16
a 108 183 18
a 108 68 4
a 108 25 10
a 108 185 9
a 108 74 11
a 108 169 9
a 108 156 6
a 108 31 7
a 108 144 4
a 109 110 18
a 109 127 6
a 109 181 11
a 109 172 16
a 109 38 15
a 109 94 16
a 109 13 15
a 109 134 14
a 109 197 11
a 109 83 5
a 109 145 15
a 109 114 14
a 109 190 4
a 109 153 3
a 109 47 7
a 109 41 6
a 109 187 12
a 109 144 17
a 109 176 6
a 109 6 19
a 110 111 3
a 110 149 17
a 110 140 7
a 110 9 10
a 110 58 2
a 110 199 3
a 110 76 9
a 110 119 17
a 110 139 19
a 110 187 4
a 110 48 7
a 110 190 19
a 111 112 18
a 111 180 12
a 111 126 9
a 111 194 16
a 111 31 1
a 111 72 17
a 111 41 8
a 111 53 18
a 111 87 17
a 111 42 15
a 111 60 14
a 111 105 3
a 111 186 16
a 111 102 8
a 111 193 2
a 111 124 9
a 111 59 2
a 111 17 19
a 111 55 10
a 111 11 14
a 111 7 6
a 111 117 1
a 111 122 15
a 111 173 7
a 112 113 6
a 112 115 13
a 112 54 13
a 112 178 6
a 112 87 8
a 112 35 2
a 112 56 19
a 112 177 12
a 112 88 11
a 112 29 18
a 112 140 3
a 112 32 17
a 112 156 4
a 112 143 8
a 112 28 10
a 112 13 18
a 113 114 5
a 113 54 16
a 113 72 16
a 113 50 16
a 113 52 4
a 113 27 12
a 113 82 9
a 113 131 1
a 113 154 6
a 113 179 19
a 113 180 15
a 113 193 14
a 113 21 5
a 113 136 12
a 113 20 14
a 113 174 4
a 113 92 2
a 113 23 14
a 114 115 14
a 114 1 9
a 114 103 15
a 114 148 17
a 114 166 13
a 114 74 15
a 114 60 7
a 114 29 11
a 114 189 4
a 114 136 8
a 114 75 3
a 114 72 10
a 114 197 5
a 114 13 7
a 114 84 11
a 114 62 11
a 114 178 9
a 114 185 6
a 114 99 19
a 115 116 5
a 115 159 19
a 115 71 5
a 115 40 5
a 115 172 1
a 115 165 2
a 115 45 18
a 115 174 12
a 115 20 17
a 115 81 9
a 115 15 3
a 115 192 11
a 115 85 5
a 115 49 2
a 115 23 1
a 116 117 18
a 116 99 7
a 116 156 10
a 116 46 10
a 116 65 15
a 116 170 5
a 116 45 17
a 116 107 5
a 116 198 15
a 116 75 3
a 116 152 18
a 116 5 17
a 116 16 18
a 116 28 10
a 116 112 15
a 116 199 17
a 116 91 19
a 116 95 12
a 116 54 2
a 117 118 16
a 117 90 4
a 117 149 18
a 117 120 16
a 117 80 15
a 117 122 6
a 117 85 14
a 117 54 3
a 117 93 12
a 117 18 16
a 117 6 9
a 117 3 16
a 117 63 17
a 117 92 15
a 118 119 12
a 118 198 9
a 118 8 1
a 118 107 15
a 118 197 16
a 118 105 15
a 118 45 3
a 118 100 4
a 118 154 1
a 118 110 17
a 118 63 2
a 118 175 10
a 118 32 10
a 118 22 10
a 118 184 9
a 118 62 18
a 118 10 1
a 118 30 10
a 118 20 18
a 118 129 13
a 118 83 9
a 118 1 15
a 119 120 16
a 119 71 12
a 119 69 16
a 119 56 17
a 119 197 9
a 119 47 11
a 119 175 3
a 119 164 19
a 119 88 14
a 119 52 11
a 119 94 12
a 119 48 12
a 119 113 3
a 119 188 5
a 120 121 9
a 120 31 8
a 120 181 2
a 120 177 1
a 120 70 4
a 120 2 5
a 120 193 17
a 120 119 6
a 120 89 14
a 120 198 10
a 120 159 15
a 120 14 6
a 120 115 14
a 120 87 19
a 120 192 2
a 121 122 11
a 121 41 9
a 121 5 2
a 121 151 4
a 121 174 14
a 121 166 1
a 121 165 18
a 121 111 8
a 121 85 13
a 121 11 14
a 121 131 13
a 121 16 16
a 121 161 1
a 121 186 9
a 121 183 8
a 121 182 14
a 121 25 8
a 121 147 6
a 121 58 3
a 121 179 16
a 122 123 19
a 122 185 7
a 122 24 15
a 122 75 12
a 122 43 9
a 122 116 9
a 122 97 2
a 122 71 1
a 122 22 7
a 122 138 8
a 122 135 3
a 122 56 3
a 122 77 17
a 123 124 3
a 123 172 1
a 123 41 7
a 123 196 10
a 123 166 6
a 123 70 14
a 123 58 7
a 123 7 9
a 123 174 11
a 123 125 14
a 123 122 1
a 123 39 6
a 123 119 2
a 123 112 2
a 123 55 9
a 123 88 17
a 123 59 19
a 123 92 8
a 123 111 4
a 123 199 2
a 124 125 12
a 124 52 12
a 124 71 14
a 124 38 15
a 124 79 18
a 124 163 14
a 124 179 17
a 124 114 9
a 124 101 11
a 124 14 2
a 124 141 10
a 124 54 11
a 124 198 7
a 124 161 16
a 124 85 8
a 124 60 7
a 124 168 19
a 124 149 11
a 124 178 12
a 124 16 15
a 124 185 16
a 125 126 3
a 125 33 9
a 125 54 14
a 125 66 2
a 125 10 5
a 125 163 4
a 125 193 16
a 125 183 9
a 125 94 17
a 125 70 16
a 125 72 16
a 125 89 17
a 125 118 13
a 125 12 1
a 125 160 19
a 125 84 17
a 125 71 15
a 125 162 13
a 125 100 18
a 126 127 8
a 126 6 10
a 126 136 19
a 126 120 1
a 126 188 11
a 126 44 19
a 126 10 1
a 126 18 18
a 126 91 12
a 126 158 11
a 126 194 11
a 126 166 14
a 126 128 13
a 126 105 4
a 126 151 12
a 126 60 4
a 127 128 14
a 127 35 15
a 127 89 4
a 127 126 15
a 127 63 11
a 127 188 12
a 127 16 8
a 127 165 1
a 127 47 3
a 127 98 17
a 127 139 15
a 127 8 2
a 127 22 11
a 127 71 5
a 128 129 12
a 128 74 13
a 128 63 6
a 128 145 1
a 128 156 9
a 128 98 5
a 128 27 15
a 128 20 6
a 128 23 16
a 128 2 16
a 128 176 5
a 128 101 1
a 128 55 16
a 128 46 11
a 128 199 13
a 128 198 3
a 128 184 9
a 128 88 15
a 128 126 14
a 128 30 19
a 128 141 10
a 128 56 6
a 129 130 5
a 129 163 13
a 129 10 19
a 129 149 14
a 129 159 4
a 129 191 12
a 129 38 7
a 129 87 17
a 129 8 19
a 129 18 10
a 129 75 8
a 129 23 9
a 129 182 9
a 129 158 19
a 129 178 13
a 129 175 12
a 129 145 17
a 129 107 17
a 130 131 7
a 130 10 13
a 130 140 6
a 130 37 10
a 130 106 9
a 130 142 18
a 130 179 15
a 130 31 6
a 130 54 11
a 130 4 12
a 130 108 7
a 130 153 16
a 130 33 10
a 130 26 11
a 130 29 5
a 130 30 7
a 130 137 19
a 130 145 18
a 130 157 5
a 130 115 1
a 130 59 11
a 130 110 1
a 130 2 5
a 130 123 17
a 130 138 3
a 130 166 18
a 130 135 1
a 131 132 7
a 131 103 10
a 131 142 19
a 131 171 16
a 131 17 16
a 131 106 14
a 131 13 17
a 131 186 17
a 131 128 13
a 131 110 15
a 131 26 12
a 131 150 2
a 131 64 8
a 131 196 13
a 131 182 8
a 132 133 5
a 132 8 3
a 132 78 6
a 132 190 7
a 132 30 14
a 132 124 11
a 132 46 17
a 132 136 10
a 132 106 8
a 132 163 18
a 132 178 9
a 132 70 5
a 132 57 13
a 132 173 16
a 132 93 16
a 132 3 19
a 132 149 4
a 132 16 8
a 133 134 16
a 133 28 19
a 133 88 7
a 133 178 1
a 133 53 13
a 133 167 18
a 133 165 7
a 133 89 2
a 133 100 18
a 133 45 18
a 133 57 10
a 133 44 6
a 133 26 1
a 133 4 5
a 134 135 17
a 134 27 17
a 134 8 5
a 134 132 16
a 134 197 13
a 134 43 5
a 134 167 11
a 134 179 2
a 134 129 7
a 134 141 11
a 134 195 1
a 134 7 2
a 134 112 6
a 134 72 11
a 134 154 11
a 134 188 5
a 134 103 15
a 134 171 14
a 134 152 9
a 134 11 15
a 134 9 1
a 134 39 3
a 134 21 9
a 135 136 5
a 135 2 11
a 135 90 11
a 135 184 16
a 135 109 17
a 135 111 10
a 135 100 3
a 135 166 12
a 135 156 4
a 135 85 9
a 135 87 8
a 135 106 3
a 135 3 1
a 135 11 2
a 135 69 8
a 135 176 1
a 135 1 12
a 135 152 4
a 135 81 19
a 135 137 6
a 136 137 3
a 136 77 18
a 136 42 15
a 136 82 15
a 136 2 12
a 136 106 7
a 136 128 11
a 136 116 18
a 136 192 6
a 136 91 8
a 136 197 10
a 136 57 10
a 136 65 18
a 136 28 15
a 136 130 12
a 136 146 16
a 136 198 11
a 136 56 4
a 136 50 12
a 136 52 2
a 136 147 12
a 136 111 16
a 136 124 8
a 136 46 15
a 136 16 19
a 136 172 10
a 136 160 4
a 136 112 17
a 137 138 17
a 137 158 7
a 137 124 8
a 137 105 19
a 137 192 19
a 137 48 19
a 137 10 15
a 137 173 13
a 137 197 2
a 137 50 19
a 137 2 11
a 137 94 14
a 137 115 16
a 137 59 15
a 137 36 11
a 137 73 10
a 137 30 12
a 137 99 8
a 137 132 18
a 137 89 7
a 137 107 11
a 137 153 19
a 137 131 10
a 138 139 5
a 138 100 18
a 138 111 18
a 138 85 15
a 138 152 7
a 138 79 14
a 138 161 13
a 138 80 17
a 138 156 5
a 138 136 16
a 138 55 9
a 138 25 2
a 138 36 15
a 138 109 9
a 138 129 7
a 139 140 10
a 139 178 7
a 139 21 12
a 139 47 17
a 139 130 19
a 139 94 6
a 139 27 17
a 139 20 10
a 139 32 12
a 139 80 11
a 139 146 8
a 139 30 18
a 139 192 4
a 139 156 11
a 139 126 11
a 139 142 1
a 139 71 12
a 139 89 8
a 140 141 7
a 140 65 7
a 140 150 18
a 140 2 12
a 140 74 18
a 140 153 4
a 140 147 9
a 140 132 16
a 140 89 3
a 140 40 14
a 140 171 8
a 140 192 9
a 140 13 12
a 140 180 14
a 140 198 18
a 140 188 8
a 140 124 14
a 141 142 3
a 141 68 15
a 141 81 8
a 141 162 7
a 141 124 14
a 141 167 14
a 141 85 4
a 141 41 6
a 141 99 1
a 141 102 11
a 141 158 2
a 141 36 12
a 141 25 19
a 141 133 15
a 141 52 9
a 141 44 8
a 141 196 10
a 141 15 6
a 141 164 16
a 141 149 8
a 142 143 13
a 142 8 17
a 142 67 19
a 142 54 11
a 142 144 1
a 142 130 16
a 142 47 12
a 142 41 12
a 142 85 2
a 142 108 3
a 142 89 6
a 142 39 12
a 142 190 19
a 142 5 9
a 142 145 12
a 142 165 15
a 142 120 1
a 143 144 16
a 143 43 13
a 143 159 2
a 143 29 9
a 143 28 14
a 143 152 9
a 143 96 2
a 143 101 17
a 143 100 3
a 143 166 11
a 143 157 16
a 143 55 19
a 143 119 9
a 143 10 13
a 143 18 2
a 143 164 3
a 143 47 8
a 143 40 3
a 143 72 3
a 143 147 18
a 144 145 6
a 144 61 18
a 144 197 3
a 144 47 17
a 144 174 14
a 144 121 16
a 144 63 17
a 144 119 11
a 144 154 10
a 144 125 8
a 144 166 17
a 144 77 12
a 144 134 9
a 144 141 3
a 144 60 11
a 144 1 3
a 144 51 14
a 144 35 17
a 144 182 3
a 144 189 7
a 144 196 18
a 144 117 3
a 144 124 7
a 144 50 7
a 144 86 19
a 145 146 14
a 145 164 15
a 145 82 9
a 145 33 1
a 145 16 16
a 145 140 6
a 145 36 8
a 145 63 7
a 145 198 3
a 145 111 3
a 145 80 3
a 145 45 10
a 145 122 6
a 145 42 12
a 145 92 4
a 145 15 1
a 145 133 12
a 145 102 16
a 145 76 6
a 145 120 16
a 145 136 12
a 145 169 18
a 146 147 6
a 146 24 19
a 146 162 17
a 146 41 7
a 146 61 16
a 146 174 17
a 146 192 11
a 146 5 12
a 146 53 6
a 146 188 11
a 146 117 19
a 146 113 3
a 146 22 17
a 146 93 8
a 146 43 9
a 146 28 12
a 146 45 13
a 146 68 17
a 146 104 7
a 146 59 8
a 146 142 8
a 146 159 13
a 146 42 13
a 147 148 5
a 147 156 10
a 147 122 4
a 147 34 1
a 147 180 7
a 147 80 13
a 147 65 4
a 147 67 17
a 147 1 11
a 147 22 15
a 147 38 4
a 147 171 4
a 147 62 3
a 147 29 5
a 147 16 8
a 147 71 8
a 147 63 11
a 147 72 15
a 147 138 9
a 147 125 9
a 147 57 14
a 147 54 17
a 147 75 15
a 147 132 19
a 148 149 10
a 148 102 14
a 148 129 7
a 148 117 8
a 148 31 3
a 148 72 13
a 148 52 12
a 148 99 4
a 148 124 15
a 148 126 10
a 148 171 18
a 148 133 16
a 148 180 9
a 149 150 6
a 149 73 1
a 149 102 17
a 149 106 9
a 149 100 16
a 149 191 18
a 149 70 15
a 149 156 5
a 149 27 11
a 149 103 10
a 149 139 11
a 149 133 5
a 149 147 2
a 149 115 8
a 149 186 13
a 149 5 15
a 149 187 14
a 149 118 12
a 149 192 1
a 149 82 19
a 150 151 6
a 150 87 10
a 150 57 13
a 150 189 14
a 150 93 13
a 150 100 13
a 150 168 14
a 150 199 6
a 150 75 19
a 150 28 8
a 150 68 5
a 150 73 19
a 150 79 16
a 150 33 4
a 150 52 16
a 150 38 18
a 150 99 18
a 150 172 8
a 150 51 7
a 150 13 13
a 150 183 2
a 150 10 11
a 150 136 17
a 150 105 9
a 150 25 12
a 150 64 10
a 150 34 17
a 150 94 18
a 150 190 16
a 150 193 8
a 150 46 15
a 150 29 12
a 150 71 17
a 151 152 5
a 151 72 15
a 151 167 4
a 151 103 3
a 151 189 17
a 151 159 16
a 151 124 19
a 151 138 17
a 151 140 15
a 151 9 7
a 151 173 12
a 151 184 16
a 151 53 16
a 151 32 5
a 151 117 1
a 151 12 12
a 151 191 11
a 151 98 8
a 151 44 16
a 151 89 13
a 151 5 19
a 152 153 4
a 152 57 6
a 152 19 2
a 152 40 3
a 152 66 7
a 152 78 11
a 152 68 1
a 152 32 19
a 152 88 4
a 152 135 15
a 152 59 10
a 152 42 5
a 152 161 5
a 152 52 10
a 152 95 15
a 152 96 16
a 152 184 2
a 153 154 17
a 153 119 18
a 153 106 9
a 153 52 16
a 153 81 7
a 153 155 12
a 153 150 1
a 153 145 12
a 153 66 14
a 153 147 14
a 153 47 7
a 153 3 2
a 153 99 5
a 154 155 11
a 154 181 18
a 154 107 15
a 154 171 8
a 154 73 2
a 154 161 15
a 154 140 15
a 154 114 6
a 154 42 5
a 154 68 7
a 154 121 6
a 154 62 19
a 154 130 18
a 154 48 14
a 154 152 16
a 154 150 12
a 154 79 6
a 155 156 8
a 155 24 12
a 155 127 18
a 155 197 14
a 155 143 4
a 155 74 4
a 155 55 2
a 155 122 1
a 155 2 13
a 155 190 2
a 155 16 7
a 155 38 13
a 155 171 7
a 155 172 17
a 155 185 17
a 155 48 13
a 155 45 9
a 155 170 3
a 155 136 5
a 155 163 6
a 156 157 17
a 156 34 7
a 156 2 16
a 156 40 9
a 156 13 1
a 156 67 12
a 156 15 1
a 156 169 5
a 156 36 13
a 156 140 11
a 156 17 10
a 156 151 3
a 156 193 17
a 156 27 16
a 156 110 12
a 156 125 13
a 156 145 4
a 156 85 15
a 156 64 4
a 157 158 16
a 157 193 3
a 157 68 11
a 157 174 2
a 157 4 13
a 157 61 12
a 157 197 1
a 157 137 12
a 157 183 13
a 157 113 15
a 157 131 5
a 157 50 10
a 157 114 8
a 157 159 4
a 157 149 16
a 157 181 14
a 157 103 12
a 157 97 8
a 158 159 11
a 158 116 18
a 158 14 4
a 158 165 13
a 158 55 4
a 158 69 3
a 158 89 19
a 158 156 17
a 158 161 15
a 158 97 7
a 158 79 4
a 158 37 18
a 158 171 10
a 158 113 14
a 158 178 1
a 158 194 18
a 158 176 12
a 158 141 15
a 158 148 5
a 158 13 13
a 159 160 12
a 159 90 6
a 159 25 9
a 159 185 7
a 159 180 7
a 159 42 5
a 159 18 14
a 159 189 10
a 159 142 3
a 159 109 5
a 159 36 14
a 159 40 3
a 159 85 11
a 159 182 6
a 159 104 19
a 159 37 18
a 159 95 16
a 159 7 9
a 159 86 13
a 159 22 18
a 159 127 15
a 159 187 19
a 159 176 9
a 159 31 13
a 160 161 8
a 160 111 15
a 160 80 12
a 160 42 4
a 160 132 6
a 160 92 11
a 160 104 2
a 160 31 5
a 160 10 3
a 160 15 8
a 160 86 11
a 160 77 10
a 160 90 2
a 160 107 11
a 160 129 1
a 160 61 15
a 160 73 2
a 160 52 10
a 160 85 6
a 160 65 19
a 160 188 18
a 160 169 10
a 161 162 4
a 161 67 15
a 161 29 1
a 161 15 7
a 161 163 12
a 161 27 4
a 161 98 18
a 161 62 6
a 161 168 5
a 161 179 11
a 161 49 6
a 161 141 3
a 161 8 10
a 161 187 5
a 161 42 10
a 161 157 1
a 161 88 7
a 161 158 6
a 161 55 3
a 161 6 8
a 161 95 4
a 161 109 12
a 162 163 4
a 162 48 12
a 162 134 5
a 162 24 8
a 162 161 9
a 162 133 13
a 162 55 14
a 162 4 11
a 162 59 14
a 162 8 5
a 162 13 10
a 162 50 13
a 162 100 7
a 162 196 2
a 162 149 2
a 162 20 1
a 162 78 19
a 163 164 14
a 163 131 9
a 163 115 2
a 163 140 4
a 163 43 6
a 163 116 4
a 163 59 16
a 163 106 9
a 163 95 19
a 163 143 16
a 163 196 9
a 163 102 11
a 163 91 3
a 163 78 16
a 163 183 18
a 163 3 4
a 164 165 16
a 164 136 13
a 164 59 17
a 164 129 2
a 164 170 18
a 164 72 5
a 164 107 5
a 164 4 10
a 164 124 3
a 164 8 4
a 164 115 19
a 164 46 4
a 164 48 8
a 164 101 11
a 164 90 1
a 164 151 18
a 164 63 9
a 164 194 2
a 164 28 19
a 164 181 14
a 164 122 4
a 164 87 14
a 165 166 2
a 165 16 17
a 165 157 6
a 165 52 7
a 165 149 11
a 165 46 9
a 165 195 15
a 165 177 11
a 165 153 1
a 165 129 4
a 165 18 7
a 165 39 12
a 165 156 10
a 165 95 8
a 165 173 6
a 165 81 9
a 165 164 2
a 166 167 14
a 166 141 14
a 166 30 19
a 166 83 14
a 166 72 4
a 166 51 11
a 166 147 19
a 166 33 13
a 166 139 9
a 166 115 9
a 166 151 6
a 166 157 11
a 166 148 15
a 166 69 1
a 166 144 1
a 166 26 14
a 166 181 5
a 166 164 7
a 166 185 2
a 166 101 16
a 166 57 11
a 166 78 13
a 167 168 10
a 167 33 18
a 167 135 18
a 167 5 7
a 167 119 19
a 167 87 3
a 167 1 11
a 167 197 2
a 167 110 12
a 167 172 12
a 167 20 19
a 167 192 6
a 167 76 9
a 167 149 18
a 167 94 3
a 167 129 16
a 167 75 5
a 167 3 19
a 167 67 13
a 167 44 3
a 167 15 10
a 167 58 5
a 167 128 3
a 167 62 2
a 167 130 3
a 168 169 12
a 168 100 10
a 168 116 13
a 168 106 3
a 168 196 4
a 168 64 3
a 168 154 12
a 168 132 14
a 168 18 13
a 168 52 3
a 168 41 8
a 168 122 7
a 168 157 17
a 168 1 4
a 168 146 7
a 168 151 13
a 168 80 12
a 168 65 8
a 168 139 15
a 168 79 19
a 168 181 14
a 168 70 19
a 168 124 16
a 168 125 6
a 168 130 9
a 168 167 19
a 169 170 3
a 169 91 9
a 169 12 7
a 169 74 12
a 169 113 4
a 169 134 1
a 169 31 18
a 169 81 10
a 169 13 15
a 169 162 17
a 169 197 8
a 169 106 5
a 169 184 9
a 169 56 5
a 169 138 18
a 169 195 11
a 170 171 9
a 170 83 16
a 170 118 8
a 170 1 6
a 170 108 12
a 170 67 2
a 170 136 3
a 170 11 13
a 170 104 4
a 170 72 17
a 170 3 19
a 170 13 3
a 170 50 4
a 170 101 9
a 170 156 4
a 170 66 6
a 170 71 7
a 170 194 7
a 170 77 2
a 170 177 5
a 170 103 13
a 170 137 19
a 170 192 6
a 170 199 11
a 171 172 12
a 171 5 14
a 171 194 10
a 171 192 19
a 171 150 14
a 171 182 18
a 171 121 1
a 171 89 10
a 171 157 10
a 171 169 14
a 171 8 1
a 171 59 7
a 171 166 13
a 171 185 5
a 171 129 9
a 171 77 17
a 171 53 18
a 171 24 15
a 171 120 9
a 171 76 9
a 171 10 19
a 171 91 10
a 171 23 16
a 172 173 10
a 172 63 15
a 172 162 7
a 172 6 19
a 172 192 11
a 172 2 8
a 172 90 1
a 172 7 11
a 172 181 16
a 172 117 2
a 172 62 6
a 172 70 10
a 172 167 7
a 172 150 8
a 172 106 7
a 172 11 5
a 173 174 9
a 173 130 9
a 173 91 14
a 173 128 1
a 173 23 17
a 173 157 13
a 173 85 5
a 173 69 14
a 173 161 1
a 173 9 11
a 173 24 16
a 173 117 15
a 173 51 4
a 173 61 11
a 173 28 13
a 173 2 19
a 173 66 9
a 173 100 2
a 173 143 10
a 173 142 19
a 173 64 3
a 173 147 4
a 173 97 16
a 173 125 7
a 174 175 4
a 174 144 10
a 174 15 2
a 174 54 7
a 174 147 13
a 174 85 8
a 174 136 18
a 174 138 4
a 174 146 2
a 174 199 3
a 174 113 14
a 174 37 17
a 174 108 13
a 174 152 9
a 174 31 14
a 174 61 5
a 174 45 13
a 174 170 1
a 174 38 14
a 174 79 13
a 174 53 1
a 175 176 12
a 175 62 8
a 175 32 17
a 175 163 5
a 175 141 6
a 175 30 12
a 175 134 1
a 175 10 9
a 175 40 13
a 175 152 15
a 175 44 4
a 175 3 17
a 175 113 10
a 175 127 19
a 175 101 19
a 175 120 13
a 175 162 12
a 175 65 19
a 175 89 1
a 175 61 17
a 176 177 11
a 176 27 9
a 176 120 3
a 176 41 15
a 176 88 12
a 176 190 10
a 176 82 2
a 176 141 9
a 176 6 3
a 176 38 11
a 176 148 6
a 176 117 4
a 176 161 14
a 176 194 4
a 176 22 8
a 176 16 10
a 176 160 13
a 176 29 8
a 176 122 13
a 176 198 5
a 176 100 1
a 177 178 16
a 177 125 16
a 177 179 9
a 177 34 14
a 177 108 3
a 177 192 6
a 177 114 11
a 177 146 17
a 177 172 10
a 177 166 2
a 177 169 14
a 177 141 8
a 177 66 16
a 177 171 2
a 177 155 8
a 177 156 1
a 177 58 18
a 177 2 14
a 177 103 1
a 178 179 12
a 178 58 1
a 178 80 7
a 178 134 13
a 178 151 16
a 178 163 6
a 178 84 10
a 178 33 4
a 178 137 19
a 178 138 7
a 178 43 13
a 178 102 3
a 178 127 14
a 178 158 11
a 178 88 19
a 178 153 3
a 178 14 8
a 178 142 3
a 178 4 7
a 179 180 7
a 179 102 19
a 179 73 14
a 179 97 17
a 179 7 17
a 179 19 18
a 179 188 3
a 179 133 12
a 179 32 12
a 179 81 3
a 179 75 10
a 179 108 5
a 179 129 18
a 179 177 6
a 180 181 9
a 180 46 1
a 180 193 13
a 180 64 4
a 180 115 8
a 180 126 3
a 180 56 10
a 180 152 10
a 180 197 7
a 180 168 8
a 180 150 9
a 180 110 6
a 180 74 19
a 180 122 4
a 180 90 11
a 180 82 13
a 180 68 5
a 180 93 4
a 180 34 1
a 180 116 1
a 181 182 18
a 181 110 4
a 181 77 17
a 181 120 6
a 181 166 3
a 181 189 9
a 181 34 18
a 181 93 9
a 181 103 9
a 181 192 9
a 181 84 15
a 181 168 16
a 181 5 6
a 181 48 18
a 181 118 11
a 181 18 9
a 181 122 8
a 181 24 11
a 181 137 17
a 181 128 11
a 181 70 8
a 181 9 11
a 181 16 7
a 182 183 1
a 182 163 9
a 182 175 10
a 182 85 4
a 182 34 7
a 182 87 12
a 182 146 17
a 182 17 19
a 182 117 8
a 182 39 17
a 182 59 14
a 182 79 13
a 182 90 15
a 182 123 4
a 182 151 4
a 182 152 14
a 182 86 14
a 182 40 8
a 183 184 19
a 183 77 14
a 183 110 2
a 183 88 18
a 183 195 7
a 183 129 17
a 183 186 3
a 183 165 16
a 183 12 19
a 183 34 8
a 183 52 1
a 183 8 17
a 183 133 10
a 184 185 4
a 184 140 12
a 184 146 17
a 184 48 9
a 184 165 10
a 184 58 18
a 184 10 11
a 184 72 2
a 184 15 16
a 184 11 3
a 184 152 4
a 184 173 2
a 184 127 13
a 184 8 8
a 184 30 3
a 184 42 4
a 184 139 5
a 184 26 10
a 185 186 10
a 185 6 18
a 185 73 2
a 185 50 13
a 185 133 2
a 185 103 15
a 185 32 11
a 185 184 13
a 185 84 8
a 185 41 8
a 185 114 8
a 185 19 4
a 185 179 12
a 185 113 14
a 185 120 15
a 185 82 3
a 185 62 19
a 186 187 15
a 186 26 18
a 186 96 2
a 186 146 6
a 186 161 17
a 186 139 3
a 186 38 13
a 186 114 16
a 186 31 18
a 186 162 12
a 186 154 18
a 186 82 1
a 186 53 17
a 186 19 1
a 186 169 11
a 186 199 9
a 186 16 1
a 186 59 10
a 186 102 3
a 186 86 3
a 186 2 2
a 186 23 5
a 186 32 11
a 187 188 13
a 187 185 1
a 187 193 4
a 187 11 8
a 187 51 16
a 187 38 12
a 187 18 19
a 187 198 17
a 187 25 17
a 187 48 9
a 187 142 10
a 187 136 12
a 187 88 3
a 187 104 8
a 187 36 16
a 187 150 10
a 188 189 19
a 188 23 5
a 188 16 7
a 188 47 16
a 188 64 6
a 188 80 16
a 188 29 9
a 188 92 13
a 188 96 15
a 188 108 10
a 188 159 6
a 188 82 17
a 188 102 14
a 188 129 2
a 188 21 5
a 188 2 1
a 188 97 5
a 188 8 7
a 189 190 11
a 189 178 6
a 189 43 11
a 189 177 11
a 189 60 4
a 189 92 8
a 189 61 13
a 189 38 2
a 189 139 8
a 189 6 10
a 189 185 12
a 189 155 3
a 189 145 18
a 189 156 6
a 189 187 1
a 189 170 17
a 189 120 10
a 189 150 14
a 189 106 11
a 189 151 16
a 190 191 10
a 190 197 15
a 190 117 5
a 190 98 3
a 190 106 8
a 190 90 3
a 190 169 6
a 190 187 17
a 190 157 8
a 190 11 12
a 190 195 1
a 190 49 16
a 191 192 10
a 191 7 13
a 191 70 7
a 191 105 14
a 191 32 19
a 191 78 5
a 191 176 17
a 191 52 14
a 191 66 1
a 191 130 7
a 191 143 19
a 191 99 17
a 191 57 3
a 191 121 2
a 191 148 11
a 191 112 13
a 191 37 10
a 192 193 4
a 192 186 2
a 192 91 13
a 192 169 11
a 192 106 18
a 192 153 11
a 192 55 13
a 192 92 14
a 192 49 17
a 192 165 19
a 192 166 17
a 192 143 19
a 192 134 4
a 192 175 18
a 192 102 3
a 192 67 11
a 193 194 19
a 193 172 11
a 193 119 6
a 193 19 6
a 193 148 17
a 193 120 14
a 193 135 13
a 193 20 3
a 193 115 14
a 193 33 9
a 193 32 3
a 193 17 5
a 193 99 15
a 193 92 5
a 193 66 10
a 193 154 8
a 193 138 16
a 193 195 5
a 193 63 18
a 193 54 12
a 193 167 17
a 194 195 6
a 194 13 7
a 194 178 3
a 194 18 14
a 194 8 6
a 194 34 18
a 194 192 16
a 194 177 4
a 194 72 8
a 194 163 8
a 194 150 18
a 194 154 14
a 194 5 13
a 194 73 12
a 194 119 2
a 195 196 14
a 195 50 17
a 195 197 14
a 195 66 13
a 195 47 9
a 195 23 18
a 195 153 9
a 195 29 15
a 195 191 3
a 195 82 3
a 195 3 18
a 195 120 13
a 195 104 16
a 195 199 4
a 195 193 11
a 195 116 13
a 195 171 14
a 195 162 9
a 195 79 3
a 196 197 13
a 196 154 14
a 196 91 17
a 196 14 8
a 196 143 3
a 196 140 8
a 196 2 10
a 196 190 8
a 196 84 10
a 196 144 17
a 196 126 6
a 196 31 12
a 196 95 18
a 196 106 10
a 196 117 17
a 196 129 8
a 196 64 7
a 197 198 12
a 197 86 4
a 197 100 14
a 197 90 5
a 197 47 7
a 197 40 7
a 197 171 6
a 197 83 18
a 197 4 14
a 197 15 2
a 197 192 3
a 197 115 3
a 197 168 3
a 197 128 14
a 197 26 15
a 197 122 8
a 197 42 14
a 197 60 8
a 197 32 11
a 197 136 7
a 197 50 11
a 197 139 1
a 197 112 1
a 198 199 18
a 198 195 14
a 198 79 10
a 198 134 16
a 198 186 9
a 198 117 13
a 198 105 10
a 198 5 3
a 198 184 7
a 198 169 1
a 198 154 2
a 198 176 6
a 198 36 15
a 198 1 5
a 198 116 8
a 198 175 12
a 198 139 4
a 198 181 13
a 198 84 7
a 198 6 15
c 185 113 134 141 184
c 150 29 102 123 178
c 26 74 6 95 111
c 102 103 97 48 140
c 91 112 30 42 186
c 9 154 20 125 188
c 80 61 58 73 139
c 8 27 168 52 121
c 124 161 175 176 162
c 76 87 182 163 140
c 144 154 173 174 177
c 108 19 132 133 167
c 68 187 180 93 116
c 31 18 108 118 143
c 173 100 192 134 152
c 142 108 171 192 102
c 45 38 155 24 130
c 95 52 42 143 191
c 178 14 56 194 110
c 84 94 131 26 128
c 87 69 26 166 179
c 111 31 170 13 159
c 72 4 136 112 102
c 130 106 6 125 108
c 83 185 17 44 107
c 154 107 83 113 124
c 175 44 24 159 132
c 181 77 167 15 185
c 65 71 2 110 112
c 177 34 161 157 123
c 132 124 177 178 131
c 38 146 186 31 148
c 25 84 81 41 122
c 31 46 138 139 146
c 135 90 1 75 176
c 137 30 98 173 121
c 174 170 54 98 158
c 163 91 184 165 133
c 102 7 61 152 156
c 40 127 74 90 176
c 26 74 192 193 178
c 88 116 81 38 186
c 155 122 40 1 111
c 150 93 187 25 148
c 111 31 171 120 174
c 94 19 57 113 100
c 79 135 153 155 114
c 117 149 123 122 100
c 50 66 96 121 190
c 177 108 35 158 157
c 149 187 29 53 196
c 6 20 89 84 114
c 35 115 72 152 105
c 179 81 123 125 179
c 171 185 193 154 192
c 14 120 48 92 193
c 94 177 170 13 168
c 56 160 3 150 109
c 32 109 110 76 199
c 86 145 137 30 155
c 24 64 168 64 185
c 123 119 101 91 144
c 11 48 136 91 102
c 145 42 143 18 146
c 133 165 46 94 179
c 18 90 159 142 151
c 38 146 46 77 191
c 82 152 167 119 183
c 96 132 57 58 194
c 151 184 6 7 135
c 91 77 138 79 146
c 48 117 141 142 194
c 3 100 90 143 143
c 98 138 159 185 176
c 109 153 166 157 111
c 86 145 13 186 106
c 169 195 166 141 121
c 56 67 123 112 163
c 170 192 118 20 122
c 76 103 145 169 184
c 164 194 131 106 135
c 39 5 71 116 106
c 58 14 176 148 100
c 128 56 87 71 139
c 139 21 143 100 113
c 12 172 2 144 170
c 42 119 167 5 109
c 49 171 135 137 120
c 89 189 173 51 168
c 166 151 52 131 137
c 142 89 14 170 153
c 144 51 52 69 122
c 75 176 69 160 148
c 58 97 108 156 106
c 193 63 21 40 116
c 95 33 22 162 143
c 92 7 175 152 153
c 146 192 197 171 138
c 72 97 55 179 102
c 96 172 123 196 155
c 190 195 113 114 110
c 110 48 104 48 117
c 98 171 71 124 184
c 83 187 171 76 130
c 53 143 53 123 152
c 162 134 55 29 101
c 57 197 33 71 145
c 2 5 106 51 185
c 158 69 77 132 137
c 17 3 55 70 106
c 40 127 128 27 172
c 170 103 134 132 146
c 113 174 130 138 100
c 164 87 150 136 126
c 189 178 2 5 163
c 75 76 58 21 108
c 102 100 13 168 184
c 171 157 162 50 114
c 66 50 43 44 130
c 24 43 30 51 145
c 14 93 145 169 126
c 38 76 77 177 101
c 59 160 5 100 195
c 133 88 48 66 199
c 97 186 157 149 191
c 130 179 159 127 111
c 65 189 158 176 129
c 87 96 171 89 134
c 82 183 98 51 175
c 139 80 161 62 127
c 114 197 8 132 167
c 68 38 109 197 153
c 96 44 142 165 197
c 112 13 167 197 106
c 54 157 149 70 115
c 176 177 19 99 184
c 18 173 11 48 108
c 136 124 157 197 175
c 146 192 174 45 162
c 158 171 105 137 177
c 150 33 55 123 165
c 73 65 195 171 132
c 7 190 185 179 116
c 154 130 156 2 110
c 29 73 53 45 174
c 189 185 132 8 153
c 40 55 57 166 131
c 30 173 37 20 168
c 88 135 168 132 132
c 46 134 171 23 104
c 3 17 70 166 178
c 41 79 174 85 126
c 162 24 196 64 179
c 13 141 171 77 131
c 111 59 9 76 196
c 49 64 168 154 196
c 21 22 24 83 116
c 31 126 170 137 122
c 5 43 54 62 136
c 78 38 65 78 138
c 163 3 180 34 129
c 101 111 45 127 119
c 108 24 107 9 192
c 155 197 133 57 102
c 94 52 58 21 106
c 142 190 135 90 115
c 37 31 180 64 104
c 61 101 73 65 122
c 79 179 14 178 156
c 9 27 87 188 147
c 168 41 99 196 168
c 4 133 168 64 195
c 164 181 84 41 102
c 93 83 165 156 111
c 158 55 1 82 149
c 33 115 68 49 115
c 21 190 33 101 112
c 160 132 154 107 144
c 44 34 115 45 198
c 30 33 67 68 188
c 149 118 119 175 192
c 41 42 132 136 182
c 169 195 77 105 120
c 150 71 101 184 190
c 178 179 187 142 197
c 40 80 39 151 154
c 134 8 76 75 121
c 95 3 186 139 135
c 81 46 173 51 195
c 59 137 182 123 157
c 123 92 92 65 107
c 25 10 118 175 184
c 9 140 55 15 170
c 35 158 8 9 146
c 91 89 189 145 140
c 173 142 194 150 117
c 13 141 7 132 116
c 128 184 170 1 162
c 107 79 181 137 160
c 30 119 186 102 110
c 84 145 190 195 168
c 56 15 149 5 154
c 112 13 94 177 158
c 179 32 137 132 129
c 53 87 48 185 117
c 92 77 160 31 125
c 75 86 93 52 141
c 181 77 64 94 183
c 126 60 135 137 194
c 143 147 186 96 154
c 63 86 68 65 137
c 134 112 83 111 142
c 64 133 13 145 106
c 39 47 62 17 197
c 63 24 186 26 114
c 95 67 179 108 184
c 181 120 191 99 150
c 30 14 5 6 148
c 75 121 189 177 181
c 100 163 124 14 102
c 193 115 17 9 176
c 180 64 56 160 143
c 62 124 140 2 122
c 68 1 139 146 133
c 111 31 39 116 140
c 24 64 128 184 151
c 48 111 64 41 146
c 192 166 138 136 142
c 40 41 69 145 143
c 88 84 88 49 135
c 136 124 146 53 123
c 46 85 153 47 163
c 183 52 81 123 120
c 84 158 22 15 141
c 39 123 12 172 105
c 143 47 117 120 152
c 1 56 85 62 147
c 56 71 38 19 122
c 11 37 67 68 162
c 8 137 20 33 141
c 176 190 156 169 182
c 195 120 4 199 151
c 11 78 57 131 198
c 171 194 105 1 160
c 46 144 49 7 102
c 47 182 123 92 128
c 188 23 172 7 104
c 46 139 75 171 184
c 42 27 81 43 132
c 146 61 158 69 132
c 12 124 170 77 179
c 93 132 49 64 169
c 45 33 120 31 132
c 35 197 76 148 104
c 160 169 97 116 119
c 89 84 64 128 102
c 44 122 132 57 193
c 171 129 80 14 121
c 93 94 177 156 176
c 96 197 159 160 133
c 117 85 166 72 106
c 136 77 87 177 102
c 185 186 8 132 121
c 25 67 50 147 103
c 161 29 65 41 118
c 1 185 145 42 185
c 159 86 74 4 120
c 138 139 76 148 184
c 166 30 51 12 172
c 71 77 109 187 162
c 153 106 162 50 175
c 107 59 103 7 141
c 46 31 66 108 183
c 193 54 10 84 187
c 11 119 9 54 199
c 15 127 160 80 178
c 130 135 109 47 161
c 166 139 146 159 185
c 64 161 43 82 105
c 195 104 121 16 194
c 52 53 81 190 144
c 140 188 135 166 132
c 197 86 74 10 171
c 143 100 170 50 152
c 116 95 88 185 195
c 182 183 174 147 139
c 106 101 30 100 170
c 114 75 19 194 198
c 78 137 42 138 121
c 152 135 132 3 191
c 159 31 150 68 163
c 19 137 57 126 139
c 144 182 29 46 134
c 138 79 173 157 177
c 72 39 39 159 159
c 27 124 62 17 171
c 107 113 76 142 152
c 54 100 110 111 100
c 141 124 150 10 178
c 79 160 105 81 189
c 130 166 154 155 167
c 182 151 67 141 188
c 125 126 1 75 107
c 9 195 41 85 158
c 134 171 32 82 175
c 129 145 68 124 155
c 175 134 120 192 144
c 151 53 2 3 172
c 175 3 131 110 169
c 71 173 78 42 175
c 147 72 25 185 113
c 20 144 137 73 197
c 118 32 94 95 120
c 3 4 173 51 138
c 96 87 84 90 111
c 161 109 43 93 162
c 52 80 42 193 109
c 160 104 98 41 164
c 7 132 135 152 102
c 54 98 167 44 162
c 103 180 158 37 146
c 83 17 95 52 187
c 44 191 17 180 131
c 23 146 117 63 154
c 52 53 49 42 107
c 134 39 6 30 176
c 182 123 189 38 113
c 98 166 148 133 102
c 6 67 106 164 199
c 153 3 163 102 161
c 1 7 156 36 159
c 48 152 88 150 166
c 9 195 107 24 110
c 147 63 52 166 119
c 185 133 193 119 188
c 144 117 33 121 181
c 79 104 150 52 106
c 150 105 89 90 109
c 105 7 96 87 122
c 182 175 4 141 129
c 197 15 165 153 199
c 60 129 63 51 142
c 98 89 56 63 177
c 74 197 108 17 161
c 5 11 180 152 184
c 49 116 164 115 155
c 109 187 174 53 182
c 65 188 21 127 159
c 22 162 168 100 128
c 94 74 178 102 157
c 13 122 127 139 192
c 51 155 52 77 188
c 36 82 42 146 163
c 8 143 65 168 181
c 100 18 136 42 159
c 56 72 59 127 128
c 169 81 126 194 178
c 185 103 105 185 139
c 78 125 78 122 168
c 91 89 23 197 193
c 170 171 50 20 138
c 40 1 83 62 139
c 118 62 101 114 168
c 197 112 130 145 123
c 118 129 60 131 147
c 28 29 113 21 194
c 63 170 75 30 144
c 83 35 43 141 143
c 188 16 193 33 171
c 114 84 125 89 170
c 143 18 100 177 160
c 186 59 82 171 156
c 143 157 193 167 102
c 91 92 197 139 144
c 150 68 15 1 196
c 104 199 2 102 119
c 13 72 10 122 128
c 152 153 92 18 170
c 57 82 157 97 192
c 174 199 58 59 122
c 94 155 177 114 112
c 108 68 85 136 109
c 189 120 163 59 105
c 128 176 98 38 174
c 171 169 26 39 114
c 40 77 71 16 191
c 132 190 187 142 116
c 141 167 45 120 101
c 154 130 22 89 195
c 20 103 107 197 141
c 49 113 102 146 166
c 174 170 175 163 177
c 156 67 150 99 121
c 168 122 21 135 160
c 167 75 146 188 164
c 33 34 155 171 180
c 146 147 182 86 116
c 97 48 44 165 196
c 131 132 53 35 109
c 131 196 196 14 175
c 182 117 71 41 148
c 12 62 148 180 127
c 45 146 96 192 128
c 189 190 54 25 123
c 58 179 179 97 173
c 176 38 179 102 196
c 174 54 191 66 146
c 101 193 161 6 132
c 122 22 126 158 153
c 145 16 187 185 140
c 174 152 165 149 198
c 1 2 83 187 178
c 149 82 119 197 119
c 78 130 146 45 130
c 147 16 94 19 106
c 23 112 152 66 142
c 145 92 59 153 179
c 49 116 44 191 169
c 161 29 193 20 180
c 104 105 97 44 150
c 103 9 44 168 132
c 129 159 74 90 129
c 128 63 95 192 133
c 50 28 135 111 137
c 132 78 25 185 156
c 29 25 153 155 190
c 19 195 83 113 183
c 145 42 43 160 180
c 76 5 152 88 131
c 93 52 123 125 108
c 132 3 50 112 148
c 91 152 180 110 130
c 147 1 107 20 100
c 118 100 46 162 165
c 118 175 106 174 169
c 169 162 118 105 157
c 117 93 6 24 144
c 30 42 125 100 151
c 61 101 80 14 145
c 86 134 11 163 142
c 76 80 46 89 192
c 138 79 6 92 119
c 124 14 36 146 194
c 150 168 67 3 126
c 80 61 38 136 109
c 183 12 160 42 115
c 113 154 48 61 132
c 192 186 19 137 139
c 110 76 162 134 181
c 55 15 60 142 133
c 159 109 131 142 158
c 161 67 56 15 168
c 75 136 186 86 113
c 195 153 20 103 152
c 108 183 121 111 133
c 128 2 193 33 135
c 142 47 175 62 170
c 153 106 106 140 116
c 17 57 112 115 166
c 183 52 47 189 132
c 44 107 171 77 181
c 157 50 33 126 156
c 195 191 80 61 174
c 113 82 42 50 110
c 175 40 7 71 109
c 177 192 124 185 137
c 84 126 136 82 169
c 96 107 71 134 119
c 118 10 60 61 101
c 20 16 168 18 118
c 91 104 14 8 135
c 46 71 89 55 196
c 171 169 137 50 139
c 50 28 162 78 170
c 121 5 95 96 194
c 31 132 177 171 172
c 139 30 85 15 129
c 100 18 160 86 137
c 50 120 167 135 159
c 31 77 44 107 161
c 129 178 111 186 140
c 6 24 184 30 100
c 42 147 54 88 154
c 132 124 86 31 122
c 161 168 155 143 100
c 185 120 166 115 114
c 94 177 181 18 155
c 185 103 66 142 187
c 112 54 133 134 161
c 5 159 193 32 172
c 159 189 102 20 164
c 123 111 51 171 161
c 156 140 184 139 190
c 190 187 66 41 148
c 67 103 75 197 117
c 75 12 10 11 152
c 194 5 10 147 173
c 85 15 148 117 175
c 166 144 43 82 183
c 189 156 168 70 163
c 58 73 5 186 181
c 63 170 12 103 141
c 182 85 159 22 181
c 92 144 44 72 196
c 125 183 23 171 161
c 21 125 91 16 144
c 69 148 37 122 122
c 160 42 169 195 181
c 57 63 162 24 143
c 173 51 88 185 143
c 24 16 23 171 108
c 93 103 8 140 107
c 100 111 45 106 176
c 70 15 10 103 187
c 32 83 171 185 171
c 29 160 70 95 122
c 10 32 12 155 136
c 43 157 55 173 113
c 154 73 56 150 118
c 136 52 158 148 115
c 162 50 1 185 106
c 55 15 111 186 135
c 84 81 198 116 171
c 119 47 103 193 182
c 80 14 107 113 115
c 189 106 162 8 141
c 79 71 178 151 172
c 176 29 21 40 183
c 111 53 87 169 179
c 134 197 76 99 164
c 28 77 73 28 176
c 161 157 70 71 172
c 82 66 164 124 149
c 26 179 148 133 111
c 133 26 76 148 193
c 7 66 130 106 172
c 186 32 111 194 129
c 78 125 70 59 137
c 156 40 105 185 129
c 139 21 161 49 151
c 193 135 42 143 134
c 176 198 188 82 159
c 180 56 172 167 193
c 72 48 22 20 148
c 128 88 78 132 112
c 104 184 106 107 110
c 105 98 92 65 155
c 159 25 81 23 120
c 71 89 106 173 100
c 81 43 135 176 180
c 119 120 141 85 143
c 63 199 41 168 127
c 90 39 167 110 121
c 60 15 89 82 189
c 71 74 88 100 147
c 7 40 198 195 143
c 167 110 66 9 173
c 104 183 21 22 105
c 190 117 16 30 162
c 8 132 194 72 160
c 174 175 198 195 178
c 89 184 76 18 114
c 131 64 83 62 114
c 173 142 21 135 176
c 156 193 176 117 154
c 115 174 71 72 135
c 55 131 42 109 164
c 110 187 181 70 152
c 149 187 27 116 181
c 166 78 147 54 140
c 44 153 19 170 197
c 193 154 80 150 180
c 128 156 34 35 115
c 74 10 70 13 115
c 111 186 188 189 166
c 16 17 6 92 154
c 193 99 76 5 184
c 124 38 106 174 184
c 76 103 169 113 170
c 197 198 21 175 107
c 159 187 180 56 151
c 124 14 161 179 106
c 178 163 65 168 119
c 121 122 111 122 108
c 5 145 178 4 132
c 52 177 25 198 183
c 162 20 47 197 117
c 148 52 103 82 117
c 161 62 51 38 130
c 153 81 0 26 173
c 99 19 35 134 186
c 123 199 136 50 159
c 15 16 95 48 189
c 29 73 109 13 184
c 121 131 80 48 150
c 164 101 66 108 133
c 168 122 139 140 161
c 71 33 93 8 127
c 126 158 174 144 105
c 124 125 167 129 150
c 66 64 145 140 146
c 100 66 197 122 160
c 98 99 53 143 142
c 168 65 35 197 134
c 21 172 117 6 156
c 188 82 122 185 120
c 160 90 162 20 162
c 11 85 84 31 160
c 128 2 112 28 164
c 18 19 152 184 134
c 11 88 166 72 179
c 171 24 72 113 143
c 160 65 84 59 133
c 95 39 182 90 185
c 111 11 14 138 164
c 159 18 92 7 169
c 170 50 112 177 144
c 132 8 48 173 170
c 164 46 4 85 101
c 137 10 15 49 170
c 186 16 4 199 156
c 131 186 171 129 177
c 39 90 32 93 105
c 15 127 162 24 143
c 27 3 198 36 192
c 0 165 54 183 141
c 38 39 146 104 153
c 181 84 62 13 133
c 39 189 189 38 168
c 105 103 70 71 134
c 51 57 93 132 145
c 124 161 101 125 172
c 84 51 46 95 147
c 62 39 189 185 135
c 24 175 37 31 182
c 89 139 55 18 143
c 118 119 99 137 120
c 54 69 36 185 190
c 109 190 83 69 154
c 13 163 181 118 136
c 77 37 37 60 103
c 193 154 46 190 153
c 133 100 97 48 122
c 142 89 82 171 120
c 34 5 10 141 129
c 58 42 36 13 168
c 4 141 182 59 111
c 17 28 144 174 123
c 76 16 80 99 125
c 147 72 31 74 183
c 1 39 174 146 108
c 65 143 89 7 184
c 160 52 11 54 199
c 17 197 63 53 111
c 34 71 8 199 142
c 17 34 83 160 179
c 146 5 120 121 178
c 135 106 82 24 145
c 136 198 102 20 148
c 52 80 78 128 122
c 154 130 34 194 156
c 7 132 190 191 167
c 165 157 30 33 176
c 129 182 196 14 137
c 104 199 46 113 190
c 11 145 14 93 107
c 44 105 171 157 144
c 140 147 147 67 126
c 77 90 12 127 172
c 31 18 170 50 169
c 89 168 97 116 136
c 68 42 159 95 153
c 146 28 175 40 117
c 151 98 37 171 116
c 127 8 183 195 104
c 70 36 169 195 163
c 109 153 109 110 140
c 156 67 164 63 138
c 170 66 16 186 123
c 165 18 156 157 122
c 127 63 141 162 171
c 143 55 82 137 180
c 115 23 68 107 115
c 58 14 145 198 165
c 57 3 91 36 103
c 14 63 7 13 158
c 55 59 177 172 133
c 41 2 181 93 170
c 75 86 125 84 193
c 86 87 9 3 107
c 7 13 153 3 189
c 65 71 12 125 103
c 2 94 84 122 108
c 82 86 83 160 188
c 158 161 137 105 136
c 139 27 35 68 128
c 140 198 41 34 176
c 5 60 2 5 113
c 35 197 64 161 114
c 47 48 80 61 166
c 23 5 59 125 168
c 162 134 154 48 156
c 118 45 107 79 146
c 0 120 21 86 195
c 80 143 78 61 102
c 162 100 134 195 154
c 146 174 21 39 192
c 103 196 1 185 156
c 155 170 152 32 147
c 130 179 8 74 198
c 129 158 189 187 153
c 28 56 21 188 137
c 137 131 89 9 102
c 83 35 168 139 145
c 54 55 58 112 194
c 30 100 176 38 116
c 3 196 141 133 148
c 78 3 173 9 161
c 150 25 119 48 186
c 64 128 116 199 197
c 4 199 38 93 149
c 145 92 93 116 131
c 136 146 21 49 191
c 126 120 177 141 173
c 186 139 159 127 163
c 167 110 8 140 101
c 28 111 141 85 193
c 151 140 76 112 116
c 148 72 43 109 171
c 70 36 98 7 130
c 137 132 135 111 154
c 96 121 126 166 158
c 72 80 13 83 120
c 107 98 124 198 137
c 48 101 156 140 149
c 145 133 93 132 101
c 106 107 68 62 152
c 17 159 25 21 150
c 92 32 128 199 102
c 34 42 40 168 138
c 54 46 80 122 170
c 85 129 135 87 191
c 92 144 42 143 141
c 136 146 136 172 168
c 114 62 47 168 147
c 193 20 121 58 178
c 145 15 193 138 129
c 94 88 21 190 121
c 8 189 50 51 193
c 82 86 168 106 117
c 117 18 161 98 188
c 159 36 5 186 132
c 116 152 68 1 112
c 17 130 65 143 174
c 192 102 184 26 134
c 71 134 94 178 126
c 108 169 152 161 158
c 171 77 83 113 119
c 150 34 96 97 192
c 173 157 174 146 167
c 46 93 194 195 182
c 111 42 145 82 186
c 189 92 116 156 177
c 185 184 141 99 134
c 157 183 149 5 147
c 76 103 139 47 122
c 53 62 83 111 180
c 167 44 71 25 147
c 170 13 142 144 119
c 149 115 168 124 150
c 158 14 41 114 173
c 36 6 106 19 105
c 133 100 156 2 161
c 77 11 140 65 140
c 178 127 9 138 182
c 125 89 71 83 160
c 147 125 13 163 156
c 55 144 189 60 109
c 4 60 95 128 118
c 90 27 196 31 145
c 151 32 175 65 169
c 153 81 118 1 166
c 55 39 9 60 165
c 140 132 151 32 152
c 8 20 41 14 189
c 135 100 178 163 168
c 87 150 35 162 178
c 60 142 39 47 150
c 34 42 94 106 191
c 108 24 179 73 121
c 36 20 9 27 179
c 52 29 54 62 141
c 26 152 26 67 101
c 179 7 95 40 136
c 25 193 134 8 124
c 53 62 193 63 125
c 100 123 190 169 174
c 125 70 71 173 101
c 14 49 184 152 108
c 34 3 132 124 128
c 192 169 22 164 120
c 163 164 93 116 105
c 42 146 128 74 149
c 165 18 130 140 151
c 59 24 146 41 159
c 34 186 33 20 181
c 115 15 31 25 122
c 140 153 5 61 113
c 2 32 127 188 161
c 81 76 127 35 172
c 141 102 164 170 123
c 123 58 83 113 187
c 66 27 129 107 107
c 146 45 78 42 131
c 28 19 184 58 103
c 195 196 134 154 196
c 57 113 97 98 189
c 132 106 57 196 109
c 116 45 138 79 135
c 143 55 135 1 187
c 126 128 62 63 118
c 166 185 13 51 164
c 45 146 142 120 163
c 143 40 170 3 171
c 93 52 47 34 165
c 150 168 166 30 133
c 45 10 89 84 162
c 47 133 10 26 153
c 172 11 26 124 117
c 20 97 1 85 187
c 59 139 151 103 117
c 114 103 61 101 147
c 75 31 125 66 194
c 57 181 140 147 107
c 170 177 70 104 185
c 69 29 43 82 130
c 112 56 113 180 112
c 103 157 165 195 153
c 180 90 116 117 138
c 24 2 116 117 131
c 68 169 47 133 167
c 70 15 82 171 156
c 39 47 128 46 147
c 113 54 63 64 151
c 176 6 18 192 118
c 175 44 155 127 177
c 48 22 5 146 121
c 106 163 101 50 197
c 141 149 39 38 182
c 166 147 58 112 156
c 91 104 98 138 182
c 149 100 173 117 186
c 20 103 37 73 149
c 50 120 94 165 117
c 20 109 6 59 114
c 145 92 90 59 140
c 84 90 165 156 102
c 182 79 93 62 159
c 193 99 178 153 122
c 178 137 49 42 139
c 144 182 70 91 105
c 105 142 84 126 118
c 192 106 51 156 152
c 170 171 56 58 152
c 67 3 77 70 112
c 8 147 41 113 120
c 181 5 161 179 106
c 73 28 81 68 110
c 130 138 120 177 190
c 129 10 0 84 140
c 81 162 115 20 113
c 142 39 51 155 196
c 103 30 21 175 101
c 183 165 58 132 192
c 87 71 128 98 179
c 194 5 155 190 198
c 6 30 189 38 112
c 50 108 59 66 144
c 108 109 107 122 115
c 113 20 52 177 134
c 178 14 99 19 144
c 51 171 106 174 158
c 138 25 65 173 112
c 71 105 97 161 169
c 81 55 126 158 134
c 197 40 45 152 128
c 163 143 93 21 144
c 155 190 14 93 103
c 185 133 113 23 131
c 116 156 55 13 192
c 9 153 55 179 175
c 116 45 174 113 163
c 134 72 61 154 136
c 18 74 115 172 152
c 116 91 134 132 139
c 166 83 102 30 163
c 78 132 120 159 133
c 145 76 96 87 113
c 107 134 20 187 186
c 42 147 75 31 168
c 156 140 80 29 131
c 136 57 126 188 178
c 189 139 130 108 108
c 94 70 57 146 100
c 45 174 36 13 171
c 87 188 96 190 141
c 164 63 20 125 175
c 55 172 136 106 108
c 8 199 82 24 141
c 93 83 37 198 199
c 97 48 45 174 174
c 73 77 159 37 198
c 143 28 135 100 182
c 77 184 152 59 173
c 25 110 165 95 126
c 152 153 41 12 126
c 91 36 48 118 195
c 122 97 11 152 159
c 29 180 39 38 151
c 106 5 63 70 186
c 57 166 62 39 149
c 19 20 80 14 139
c 26 67 136 106 165
c 38 136 129 145 161
c 160 111 136 147 149
c 161 67 158 141 174
c 40 115 114 60 119
c 31 62 53 35 155
c 179 73 12 103 196
c 8 9 69 29 142
c 93 83 161 168 127
c 169 134 147 148 148
c 99 123 93 104 144
c 150 64 53 35 191
c 44 165 62 198 148
c 130 31 149 118 140
c 76 75 165 16 169
c 149 82 195 171 123
c 31 74 161 163 114
c 53 158 186 26 150
c 173 2 59 60 154
c 18 97 151 189 124
c 11 88 179 133 156
c 170 104 6 176 187
c 181 77 10 141 126
c 197 15 94 35 175
c 34 71 19 199 194
c 85 62 28 65 188
c 82 156 178 137 176
c 65 173 171 5 139
c 196 64 142 5 197
c 116 28 188 96 118
c 110 139 174 37 145
c 42 109 118 83 127
c 116 16 124 149 191
c 89 90 182 17 103
c 40 53 18 124 122
c 56 149 134 72 192
c 12 127 181 128 137
c 30 152 135 152 199
c 28 11 30 140 125
c 191 130 131 26 120
c 48 135 52 174 155
c 151 138 96 80 148
c 173 174 174 38 124
c 77 121 51 155 171
c 116 91 146 45 184
c 58 31 149 187 178
c 140 192 123 124 130
c 172 106 40 71 127
c 78 147 108 185 178
c 80 122 50 17 183
c 150 168 49 150 163
c 55 131 39 83 186
c 188 80 64 100 101
c 84 122 49 40 133
c 167 67 193 92 103
c 164 136 179 133 181
c 143 47 191 143 129
c 111 55 6 137 115
c 152 135 5 146 166
c 80 77 50 115 116
c 94 199 85 170 193
c 68 156 92 93 128
c 72 169 110 140 187
c 51 143 100 155 178
c 82 1 118 105 162
c 15 49 123 58 179
c 93 42 111 122 121
c 153 81 82 160 113
c 194 72 131 142 116
c 128 55 64 115 147
c 143 96 142 165 118
c 9 138 130 153 132
c 6 21 44 153 117
c 51 181 29 34 161
c 49 113 57 110 140
c 62 139 173 24 146
c 180 64 39 40 102
c 144 166 166 115 173
c 161 49 181 182 139
c 146 142 173 2 171
c 30 119 196 117 149
c 177 179 184 152 136
c 50 147 167 76 101
c 174 136 34 186 137
c 4 53 99 71 188
c 57 131 84 31 126
c 173 97 28 56 189
c 98 171 59 168 119
c 39 28 37 141 141
c 128 176 83 98 158
c 162 100 182 183 178
c 168 1 172 63 139
c 125 54 131 150 171
c 102 75 76 99 105
c 163 91 182 146 103
c 133 178 93 83 177
c 87 124 94 165 123
c 186 38 50 54 124
c 53 150 109 47 112
c 19 20 144 117 117
c 123 196 58 17 198
c 81 102 40 41 163
c 42 138 57 113 120
c 18 19 68 38 193
c 186 38 188 96 146
c 183 195 77 107 120
c 92 18 157 50 131
c 71 41 86 122 164
c 29 23 147 57 112
c 30 42 4 141 124
c 107 98 123 122 106
c 44 191 100 41 140
c 80 1 62 197 132
c 134 11 197 86 134
c 37 22 28 19 194
c 154 140 21 55 103
c 125 162 101 102 125
c 124 179 68 156 187
c 172 70 17 9 110
c 20 103 154 155 142
c 125 100 118 107 121
c 132 136 76 4 191
c 82 137 76 18 188
c 104 82 187 185 104
c 97 22 128 126 150
c 187 18 94 88 182
c 66 65 50 54 124
c 88 185 73 28 173
c 155 185 6 7 143
c 62 17 23 96 149
c 173 85 92 144 104
c 109 83 133 26 125
c 25 28 72 50 183
c 64 161 40 116 145
c 149 70 28 177 122
c 49 116 48 135 180
c 129 182 91 94 101
c 135 90 90 187 161
c 194 34 77 90 146
c 76 80 78 77 128
c 118 198 60 129 132
c 67 141 41 34 159
c 196 190 92 159 102
c 57 77 174 138 172
c 145 45 21 38 172
c 183 195 125 183 130
c 129 87 65 102 147
c 136 56 23 69 187
c 140 13 75 86 166
c 186 19 140 171 123
c 114 74 113 21 182
c 178 14 49 67 137
c 20 109 102 30 159
c 78 3 3 192 153
c 117 3 164 115 185
c 39 161 155 190 131
c 71 77 59 153 125
c 62 139 58 6 100
c 68 107 156 145 111
c 114 72 189 38 128
c 60 52 26 67 113
c 195 193 117 120 190
c 101 184 111 59 100
c 165 81 144 154 104
c 5 100 36 185 180
c 57 25 177 114 162
c 180 68 64 133 165
c 68 169 161 15 145
c 195 193 33 87 159
c 194 195 134 103 164
c 12 46 9 10 163
c 176 41 13 68 169
c 3 7 56 2 144
c 177 155 52 28 176
c 117 63 60 75 111
c 19 159 193 194 193
c 175 3 38 62 142
c 103 95 51 52 190
c 93 135 93 188 197
c 166 164 140 2 146
c 27 116 136 111 136
c 1 43 94 16 172
c 145 76 39 40 166
c 76 108 54 98 110
c 2 163 121 16 140
c 87 124 8 140 133
c 106 28 150 51 136
c 91 70 147 38 186
c 109 144 98 51 187
c 9 57 19 162 104
c 104 108 80 143 179
c 26 170 118 45 118
c 184 146 178 33 155
c 2 159 16 111 134
c 191 66 5 148 148
c 180 93 35 36 140
c 53 106 77 78 119
c 5 96 26 11 140
c 19 194 175 163 187
c 72 128 32 157 197
c 182 85 124 179 189
c 173 85 136 42 188
c 38 199 134 7 197
c 118 110 12 103 157
c 60 34 184 139 117
c 73 140 64 161 128
c 70 152 139 80 196
c 194 177 166 157 162
c 130 123 68 38 100
c 127 22 30 179 136
c 13 145 58 184 169
c 105 171 185 82 110
c 41 85 18 93 185
c 163 196 132 173 142
c 142 89 9 118 146
c 92 65 59 125 171
c 190 117 160 61 161
c 144 119 20 97 106
c 153 154 169 138 146
c 94 87 119 69 181
c 153 81 130 37 184
c 165 52 76 158 139
c 116 91 185 103 114
c 51 132 78 3 199
c 132 46 60 123 134
c 175 101 127 126 143
c 112 56 14 126 151
c 4 5 189 150 174
c 168 124 82 1 193
c 16 17 110 76 149
c 3 198 86 31 150
c 64 161 72 163 191
c 198 184 87 100 171
c 79 196 111 31 178
c 167 172 147 71 101
c 192 106 106 87 176
c 74 28 97 160 125
c 140 2 25 185 144
c 95 40 72 73 128
c 164 124 181 192 178
c 107 77 163 95 122
c 10 84 80 2 102
c 130 106 95 156 186
c 197 128 116 28 169
c 47 76 53 6 115
c 175 101 124 54 155
c 195 162 94 16 153
c 112 87 189 170 140
c 82 184 106 174 174
c 185 114 192 102 113
c 13 51 115 20 115
c 116 75 160 86 132
c 116 99 47 182 169
c 158 148 73 2 135
c 93 123 82 181 134
c 183 77 150 57 129
c 11 12 39 159 149
c 58 150 173 91 103
c 28 77 75 31 165
c 160 188 41 2 162
c 95 48 19 199 121
c 130 10 135 85 144
c 126 127 35 36 114
c 124 163 108 19 152
c 124 60 44 168 129
c 56 88 60 131 180
c 116 107 138 55 151
c 83 28 177 171 122
c 159 142 12 32 193
c 115 15 58 171 116
c 13 68 92 85 189
c 142 41 23 89 100
c 0 1 113 72 101
c 94 177 53 176 108
c 17 34 39 151 193
c 56 152 84 117 175
c 116 99 197 50 125
c 135 156 32 4 178
c 178 163 158 171 104
c 10 77 148 133 162
c 138 129 5 159 102
c 182 40 108 193 122
c 7 132 108 9 142
c 180 74 43 109 123
c 25 145 94 65 143
c 153 119 131 26 199
c 153 99 149 70 177
c 166 147 70 75 182
c 160 52 18 124 120
c 38 114 42 86 142
c 43 93 39 161 194
c 39 40 66 28 158
c 32 72 20 138 159
c 63 51 21 127 175
c 5 145 175 10 106
c 140 192 106 163 127
c 44 153 164 87 186
c 139 178 95 39 136
c 96 172 44 55 165
c 171 192 84 51 111
c 23 96 142 39 121
c 26 74 32 24 148
c 168 124 78 137 145
c 41 113 136 147 126
c 116 156 43 151 153
c 147 22 122 135 172
c 182 86 9 101 116
c 159 95 93 103 163
c 107 108 7 184 138
c 84 122 65 78 173
c 147 38 124 125 176
c 46 190 130 30 100
c 102 192 122 77 189
c 34 89 132 190 165
c 26 147 109 127 122
c 129 163 56 72 113
c 80 175 159 95 100
c 194 192 58 121 198
c 94 155 63 87 155
c 78 154 18 184 104
c 57 166 190 197 110
c 167 168 185 184 155
c 9 60 57 25 156
c 6 7 120 14 187
c 85 42 1 96 121
c 27 174 79 41 181
c 187 51 33 126 159
c 112 35 151 138 159
c 3 192 194 119 149
c 133 44 103 119 127
c 156 64 190 106 165
c 140 124 11 12 195
c 14 103 144 174 148
c 143 119 127 35 115
c 145 16 36 82 139
c 190 197 157 61 110
c 166 147 37 8 167
c 14 138 113 52 145
c 90 155 187 142 183
c 171 166 160 42 146
c 115 159 125 183 172
c 93 116 164 48 127
c 191 52 152 19 164
c 187 11 43 82 147
c 14 65 104 199 181
c 76 5 143 18 133
c 99 182 96 163 137
c 67 3 2 3 123
c 21 55 16 86 178
c 177 171 125 118 121
c 29 170 131 103 141
c 152 184 145 15 179
c 152 153 36 65 111
c 35 115 56 57 156
c 157 131 150 52 108
c 42 119 114 84 169
c 179 75 160 90 137
c 129 159 111 194 190
c 104 135 16 3 129
c 132 136 84 94 175
c 194 178 133 53 116
c 107 197 190 49 101
c 24 188 81 68 184
c 3 196 128 2 147
c 98 13 51 156 116
c 38 19 158 165 183
c 177 178 3 177 125
c 79 2 75 98 133
c 158 69 136 46 185
c 111 55 43 82 130
c 129 145 72 80 120
c 137 153 144 121 183
c 70 91 44 29 172
c 189 120 168 1 163
c 113 20 163 143 166
c 142 8 45 145 190
c 98 157 174 54 144
c 4 53 65 41 145
c 38 136 39 161 168
c 108 88 73 100 146
c 106 87 177 169 136
c 112 54 176 100 110
c 7 132 181 166 148
c 14 141 191 192 122
c 80 175 47 128 113
c 20 72 62 42 196
c 76 124 76 67 199
c 145 164 178 151 128
c 127 47 59 43 168
c 51 181 195 82 167
c 113 54 151 138 126
c 170 137 196 197 196
c 174 147 183 88 115
c 71 32 6 180 127
c 22 178 123 122 158
c 103 193 36 6 166
c 174 175 179 73 154
c 84 122 49 164 161
c 37 93 50 162 153
c 80 14 35 16 123
c 137 36 152 57 157
c 60 61 130 153 102
c 140 198 32 38 121
c 42 138 21 196 127
c 147 34 131 128 197
c 21 127 186 82 133
c 29 46 20 103 176
c 99 123 90 171 130
c 124 16 185 114 100
c 54 25 111 17 139
c 124 79 156 140 176
c 43 93 114 197 163
c 87 117 198 105 117
c 178 33 46 89 174
c 176 22 141 158 135
c 111 180 22 94 109
c 163 131 197 122 117
c 41 2 47 157 111
c 23 89 125 163 130
c 182 175 71 8 182
c 9 62 27 28 131
c 135 90 125 10 182
c 2 70 102 192 191
c 42 86 3 25 188
c 189 150 26 71 104
c 14 178 66 61 144
c 130 29 21 172 199
c 87 3 33 121 100
c 187 198 47 34 142
c 131 132 58 97 139
c 141 52 82 74 109
c 18 153 189 145 196
c 130 54 65 143 163
c 194 72 100 41 135
c 42 179 102 7 112
c 103 80 178 127 187
c 16 99 6 21 139
c 108 19 45 120 180
c 101 125 46 89 106
c 113 20 35 70 185
c 167 119 52 177 185
c 144 61 136 16 163
c 22 55 158 116 116
c 96 163 193 99 130
c 17 130 129 18 125
c 18 124 39 159 196
c 41 175 50 106 198
c 42 146 113 193 129
c 70 15 41 182 136
c 78 174 153 106 175
c 118 20 94 199 174
c 171 182 106 101 129
c 45 46 17 168 155
c 122 138 65 164 129
c 120 70 118 45 188
c 19 137 45 146 108
c 84 94 77 187 140
c 164 107 47 182 106
c 85 39 37 8 110
c 2 144 39 161 114
c 47 182 30 179 169
c 57 143 77 71 110
c 168 154 142 89 134
c 43 82 76 87 138
c 90 93 160 169 190
c 37 73 139 94 127
c 132 106 74 188 170
c 141 196 116 152 151
c 145 169 109 6 189
c 0 75 120 181 123
c 113 20 112 87 138
c 196 190 12 136 198
c 35 195 13 72 118
c 46 77 82 66 127
c 49 55 150 151 149
c 56 149 68 65 187
c 152 66 35 115 119
c 167 197 184 48 154
c 130 59 120 2 137
c 114 72 96 172 137
c 8 189 88 49 105
c 129 145 70 36 120
c 192 67 130 54 108
c 141 41 184 42 150
c 120 121 122 185 116
c 173 23 0 117 121
c 17 159 59 66 175
c 5 166 73 65 140
c 3 4 24 126 173
c 49 113 140 141 183
c 75 76 123 41 142
c 2 189 114 178 115
c 32 98 147 75 130
c 195 47 52 155 119
c 125 118 86 87 148
c 187 51 187 142 116
c 24 64 149 192 118
c 105 98 69 29 118
c 126 158 140 65 137
c 31 32 44 105 178
c 1 82 162 100 100
c 112 88 96 82 141
c 82 74 111 126 189
c 100 118 172 63 173
c 86 134 96 6 114
c 11 103 89 15 179
c 66 9 149 118 195
c 98 89 60 192 157
c 64 128 137 138 123
c 124 141 187 142 120
c 160 85 133 167 175
c 71 72 76 148 138
c 103 50 111 173 153
c 164 115 186 38 122
c 11 173 56 63 199
c 125 100 75 1 179
c 147 65 32 24 122
c 24 16 101 14 152
c 69 173 77 38 145
c 123 125 18 184 149
c 31 117 130 153 174
c 186 187 108 183 113
c 21 119 169 197 180
c 17 175 161 163 107
c 37 49 149 186 134
c 94 87 33 108 171
c 78 68 22 187 182
c 8 147 106 110 114
c 15 1 141 102 136
c 38 39 160 92 189
c 17 175 14 138 180
c 43 141 136 42 156
c 80 1 160 161 182
c 176 6 77 177 132
c 22 178 163 196 166
c 172 106 31 132 151
c 14 157 108 169 101
c 26 39 150 136 131
c 189 61 64 128 184
c 185 184 184 58 184
c 43 145 45 185 118
c 92 16 157 131 125
c 136 192 94 53 120
c 41 34 130 166 180
c 58 14 173 142 134
c 173 9 78 107 136
c 116 198 91 112 137
c 43 87 95 39 140
c 122 138 137 105 124
c 80 175 170 50 157
c 122 185 7 13 166
c 47 150 162 50 119
c 112 56 119 69 155
c 61 152 17 159 143
c 102 112 74 90 106
c 155 55 17 3 118
c 20 70 66 64 109
c 62 197 149 150 164
c 28 31 160 85 199
c 50 90 137 94 100
c 49 50 83 113 106
c 159 37 137 105 132
c 94 53 37 20 168
c 193 172 186 53 116
c 78 61 11 84 181
c 192 134 50 115 124
c 179 180 102 79 193
c 156 140 12 145 181
c 102 30 7 190 102
c 190 187 112 143 190
c 30 83 7 168 184
c 47 168 10 69 122
c 84 126 41 112 103
c 113 27 115 85 199
c 96 82 76 18 120
c 95 79 94 6 125
c 94 38 69 177 145
c 34 71 70 91 113
c 64 65 95 192 135
c 198 199 171 23 184
c 180 56 187 198 134
c 44 5 188 129 170
c 18 192 30 33 127
c 152 57 16 186 178
c 59 139 98 130 178
c 177 169 43 69 144
c 152 42 130 54 105
c 92 93 25 84 104
c 107 79 187 11 143
c 6 30 154 68 158
c 137 131 6 166 182
c 74 188 198 175 168
c 156 64 58 69 183
c 95 48 50 147 199
c 46 113 109 127 154
c 101 91 147 1 174
c 106 28 131 106 146
c 156 67 166 115 128
c 42 188 108 88 119
c 144 77 29 23 181
c 148 126 136 46 150
c 54 100 47 142 163
c 13 68 29 198 194
c 46 85 72 39 186
c 84 165 134 8 142
c 75 31 33 77 159
c 21 125 124 149 156
c 110 58 100 181 152
c 145 45 122 77 186
c 99 172 25 179 161
c 45 49 16 90 196
c 92 159 123 124 109
c 66 64 189 106 108
c 7 40 182 175 112
c 126 158 33 136 171
c 43 157 176 141 174
c 62 138 126 194 115
c 197 26 76 16 185
c 98 102 30 119 181
c 58 106 12 194 185
c 6 67 173 64 191
c 150 57 87 188 187
c 190 98 158 14 179
c 26 151 62 198 131
c 149 187 175 89 184
c 84 191 96 163 114
c 111 72 54 25 132
c 142 89 130 4 123
c 141 102 43 135 110
c 76 151 56 8 100
c 187 185 51 181 168
c 144 145 132 57 133
c 44 34 36 22 168
c 189 190 39 83 109
c 27 104 42 132 151
c 16 3 126 105 123
c 194 150 144 166 104
c 38 146 45 84 158
c 124 79 159 95 105
c 22 24 56 69 117
c 142 165 94 165 197
c 192 165 117 85 143
c 14 178 154 161 191
c 180 150 70 170 126
c 23 184 85 129 107
c 119 94 8 50 196
c 46 47 99 126 149
c 21 149 53 99 159
c 54 100 104 172 145
c 90 115 182 183 133
c 1 45 10 138 109
c 16 64 45 146 153
c 171 24 176 38 127
c 102 152 98 173 175
c 127 47 16 40 133
c 34 182 106 10 170
c 131 182 101 193 137
c 91 112 147 29 177
c 175 65 68 119 191
c 83 28 29 30 197
c 44 122 68 69 146
c 33 97 133 178 143
c 76 85 56 190 130
c 126 166 30 33 148
c 4 170 0 75 153
c 175 120 100 190 176
c 53 35 102 152 120
c 59 160 96 37 192
c 68 62 6 92 181
c 117 149 113 54 163
c 160 52 106 45 114
c 77 11 108 74 116
c 174 147 177 192 131
c 10 130 86 38 176
c 124 141 137 197 100
c 11 163 92 32 146
c 5 146 186 32 105
c 5 61 158 159 130
c 99 100 68 66 189
c 155 74 50 20 176
c 67 121 5 146 141
c 25 144 154 161 108
c 195 197 101 125 115
c 79 19 159 180 196
c 189 170 114 60 127
c 13 168 4 85 106
c 81 21 152 32 145
c 114 103 68 49 118
c 102 79 97 48 177
c 62 139 66 10 113
c 85 62 120 119 184
c 58 177 158 55 144
c 46 199 145 33 198
c 22 187 191 78 119
c 193 167 152 59 138
c 58 162 148 180 148
c 68 80 180 115 122
c 190 195 158 194 122
c 50 109 112 56 197
c 67 94 77 184 194
c 44 165 85 170 105
c 115 174 167 3 171
c 150 10 71 149 192
c 9 195 123 58 119
c 152 40 90 145 125
c 163 95 6 138 170
c 156 67 137 50 188
c 25 159 97 140 169
c 128 199 73 47 117
c 153 47 184 26 158
c 136 197 136 65 181
c 159 180 30 100 111
c 173 130 84 120 146
c 82 86 3 173 152
c 185 186 84 126 168
c 8 9 162 163 164
c 12 9 9 153 148
c 147 34 45 173 104
c 164 46 59 169 106
c 16 59 44 105 188
c 180 93 62 135 138
c 129 158 17 57 170
c 20 158 93 89 164
c 155 185 76 83 153
c 16 30 104 69 149
c 168 169 181 118 133
c 150 68 132 173 121
c 42 138 12 132 152
c 66 123 192 91 146
c 138 109 79 125 122
c 49 182 69 99 133
c 146 43 124 178 170
c 7 168 132 93 123
c 171 172 17 168 160
c 123 122 109 94 139
c 72 39 49 9 191
c 28 29 136 2 151
c 59 103 63 24 184
c 57 69 176 88 166
c 145 102 159 42 114
c 47 76 22 94 160
c 8 129 122 138 148
c 134 141 70 152 132
c 88 115 75 12 106
c 138 136 8 133 125
c 77 124 81 105 192
c 118 8 28 56 117
c 96 97 189 61 193
c 94 87 11 57 135
c 118 1 19 137 134
c 111 59 2 140 166
c 49 55 128 27 136
c 51 181 43 32 130
c 198 154 10 130 116
c 158 14 106 87 186
c 87 124 160 92 174
c 74 197 140 180 138
c 151 191 6 24 155
c 128 56 54 46 117
c 159 185 170 177 185
c 161 187 143 28 168
c 89 9 37 49 148
c 68 60 125 12 109
c 127 16 54 23 143
c 122 116 178 151 156
c 71 134 178 14 193
c 51 155 48 95 111
c 59 182 64 61 105
c 172 173 13 98 102
c 156 140 143 164 119
c 98 130 32 167 163
c 21 49 41 83 150
c 92 24 42 147 128
c 7 151 135 111 123
c 167 87 93 188 157
c 194 178 139 71 123
c 11 142 37 61 126
c 122 138 67 103 171
c 24 2 49 24 145
c 29 73 116 170 114
c 116 117 9 27 153
c 0 84 65 72 183
c 140 171 38 150 129
c 125 12 173 147 129
c 106 45 128 198 161
c 114 103 169 113 139
c 73 174 54 23 110
c 152 57 192 153 153
c 21 38 153 81 121
c 133 45 81 122 199
c 68 62 161 62 135
c 132 173 127 139 191
c 182 34 38 150 155
c 26 71 76 80 197
c 137 2 119 48 107
c 147 138 145 136 105
c 69 161 8 50 125
c 99 18 93 85 105
c 22 185 179 133 137
c 116 198 44 105 168
c 85 62 194 150 177
c 31 74 43 69 168
c 168 18 25 159 161
c 158 14 131 106 181
c 139 21 64 161 158
c 143 152 178 80 106
c 35 174 100 190 159
c 97 160 50 143 159
c 151 191 117 120 186
c 169 12 55 179 121
c 54 47 173 51 110
c 8 67 36 82 177
c 189 61 29 34 111
c 143 152 29 37 136
c 186 162 104 82 132
c 76 77 102 103 114
c 175 61 88 119 140
c 148 117 96 143 175
c 148 149 14 142 143
c 22 185 115 159 131
c 91 152 50 51 118
c 143 47 28 32 175
c 8 50 5 71 180
c 145 136 37 113 156
c 58 42 67 3 121
c 130 110 134 9 175
c 149 187 187 142 146
c 43 87 159 189 141
c 113 20 65 71 151
c 114 197 41 13 104
c 38 14 58 171 186
c 192 153 187 104 149
c 88 55 46 77 165
c 194 178 141 25 110
c 116 5 124 198 144
c 81 102 175 176 146
c 164 107 50 143 128
c 9 140 96 143 101
c 84 26 148 180 197
c 131 142 13 51 171
c 71 83 41 13 105
c 179 102 78 147 127
c 164 129 14 137 139
c 87 69 106 120 129
c 95 91 14 80 103
c 125 163 191 112 102
c 8 59 165 149 113
c 157 158 108 169 157
c 76 67 1 96 103
c 57 63 25 149 149
c 78 137 162 134 134
c 115 81 188 64 190
c 188 23 155 38 176
c 16 40 50 90 150
c 134 8 94 178 106
c 91 97 22 162 174
c 58 59 104 92 128
c 150 33 132 70 198
c 66 171 149 106 131
c 104 172 26 170 110
c 156 110 107 121 156
c 49 9 68 87 127
c 132 124 27 104 156
c 174 38 90 99 122
c 17 175 108 54 120
c 133 178 65 53 131
c 127 139 104 44 133
c 104 77 56 152 147
c 178 4 56 101 184
c 106 120 190 90 124
c 81 76 90 93 107
c 181 103 63 86 146
c 102 146 132 46 150
c 31 148 162 196 127
c 29 180 46 95 113
c 39 58 5 60 181
c 130 179 166 144 133
c 136 116 147 148 196
c 15 1 186 102 190
c 158 165 131 106 190
c 32 20 28 19 178
c 4 170 111 180 165
c 6 67 105 113 120
c 103 193 171 89 193
c 27 190 130 30 113
c 18 97 25 144 177
c 103 9 187 18 127
c 168 169 152 40 139
c 11 77 119 88 178
c 143 166 185 186 140
c 198 139 151 53 134
c 84 191 116 28 170
c 182 90 25 145 106
c 141 44 116 28 118
c 17 93 166 33 199
c 72 28 39 129 144
c 158 116 2 110 137
c 71 8 154 140 156
c 3 196 12 124 192
c 19 170 39 40 191
c 105 98 58 150 194
c 160 85 38 46 169
c 6 44 97 140 167
c 143 101 169 12 185
c 136 42 83 69 140
c 73 140 26 27 175
c 81 46 141 196 148
c 144 117 43 44 102
c 96 97 171 172 199
c 188 21 172 11 170
c 67 94 137 30 145
c 100 190 109 114 196
c 94 115 95 48 183
c 197 4 190 106 133
c 93 7 198 186 164
c 59 24 59 34 110
c 168 52 147 138 175
c 151 32 107 186 140
c 18 90 186 96 113
c 52 57 11 12 159
c 68 185 95 39 152
c 147 54 4 152 104
c 75 136 188 189 149
c 121 85 170 118 173
c 188 64 74 61 120
c 109 83 53 99 130
c 103 147 58 106 187
c 176 88 104 92 132
c 124 14 168 41 140
c 197 128 79 2 130
c 190 195 176 27 128
c 45 93 191 192 126
c 132 190 93 135 159
c 195 196 38 166 161
c 138 156 69 177 176
c 76 4 138 25 135
c 29 125 120 198 131
c 157 50 170 136 114
c 44 105 83 46 160
c 102 30 198 169 121
c 8 27 67 47 122
c 176 100 187 51 152
c 112 28 162 196 155
c 84 25 32 33 124
c 77 29 71 124 144
c 168 64 87 69 126
c 90 59 37 60 105
c 120 87 129 163 185
c 18 53 51 38 136
c 68 22 157 158 176
c 160 104 75 121 145
c 122 71 130 123 170
c 17 44 195 171 112
c 53 98 20 125 179
c 50 162 77 184 128
c 150 105 20 103 161
c 115 174 66 61 104
c 78 73 26 9 180
c 11 145 6 53 126
c 145 133 115 159 186
c 91 89 76 158 196
c 111 55 157 183 187
c 84 28 67 22 130
c 152 96 121 41 177
c 39 40 44 105 153
c 123 166 56 57 180
c 117 85 195 196 160
c 170 137 92 62 163
c 163 95 26 71 125
c 14 84 49 150 133
c 56 57 135 137 162
c 158 89 167 15 118
c 138 36 180 34 149
c 164 63 98 7 149
c 164 107 49 67 183
c 158 113 30 100 141
c 36 103 29 30 116
c 52 150 23 105 104
c 124 185 69 173 172
c 65 121 132 16 167
c 40 53 141 164 198
c 53 74 40 68 171
c 22 187 29 37 155
c 44 5 106 130 156
c 1 96 141 36 144
c 75 1 184 72 100
c 150 38 60 192 150
c 174 175 86 38 108
c 129 163 187 11 184
c 198 6 53 106 171
c 40 80 169 113 169
c 78 14 76 16 157
c 170 103 16 124 173
c 107 41 84 126 171
c 132 124 158 55 124
c 173 9 53 62 171
c 32 185 44 29 142
c 24 83 55 24 137
c 55 24 94 70 197
c 130 108 156 85 145
c 39 83 40 168 197
c 26 37 129 145 144
c 55 130 44 71 177
c 168 41 83 187 140
c 37 22 79 179 191
c 175 30 95 156 113
c 81 191 91 94 104
c 94 78 178 102 154
c 14 103 20 16 127
c 92 77 121 25 107
c 58 150 17 74 130
c 165 177 136 197 127
c 157 183 149 73 104
c 39 5 82 102 198
c 26 179 44 165 140
c 51 155 92 65 145
c 124 168 174 144 105
c 25 61 107 20 185
c 157 174 130 137 124
c 57 146 94 177 155
c 175 176 99 117 115
c 168 122 67 3 157
c 58 106 51 156 164
c 50 165 56 88 175
c 114 75 23 146 144
c 68 25 70 142 111
c 80 81 77 180 191
c 44 46 197 4 144
c 21 40 170 101 198
c 121 5 3 98 128
c 83 90 26 88 126
c 130 26 45 127 117
c 154 48 152 161 133
c 152 96 198 36 189
c 173 161 100 181 186
c 132 163 159 182 108
c 181 18 9 3 155
c 26 131 72 175 136
c 171 76 196 106 116
c 83 129 87 3 171
c 66 65 121 41 161
c 21 15 174 113 115
c 44 71 14 80 120
c 40 18 59 137 159
c 191 121 152 32 196
c 138 85 7 132 147
c 13 57 186 19 134
c 93 49 80 99 173
c 118 107 118 105 168
c 125 89 187 38 132
c 11 119 146 188 148
c 132 46 104 92 149
c 88 84 125 162 174
c 41 168 159 40 142
c 94 1 88 85 134
c 52 186 20 70 159
c 79 179 195 66 156
c 88 22 66 63 151
c 194 8 125 163 141
c 94 199 57 58 171
c 23 96 52 167 173
c 68 92 71 32 107
c 190 11 112 115 164
c 82 30 25 10 185
c 13 68 24 2 174
c 3 173 4 125 104
c 70 95 57 34 119
c 98 35 67 68 129
c 17 159 18 93 156
c 12 91 64 160 190
c 63 64 82 160 142
c 100 170 171 23 180
c 16 3 71 110 139
c 29 125 96 192 109
c 76 112 13 186 109
c 62 184 20 151 175
c 151 117 12 199 155
c 180 34 117 118 196
c 134 167 50 28 199
c 94 103 96 87 197
c 6 59 178 151 151
c 146 61 173 130 120
c 8 50 148 52 183
c 198 116 25 28 141
c 89 31 95 156 107
c 60 4 15 109 161
c 28 65 103 157 115
c 158 141 189 156 129
c 166 185 75 49 172
c 170 83 168 169 168
c 163 115 143 164 100
c 85 71 21 39 153
c 173 117 88 183 186
c 144 47 132 149 132
c 31 32 7 132 182
c 176 22 133 26 174
c 81 191 78 128 110
c 123 112 86 15 117
c 74 197 78 6 148
c 16 140 166 101 136
c 41 13 82 66 179
c 138 100 25 110 121
c 58 32 90 39 120
c 56 149 3 145 146
c 60 186 129 38 117
c 119 120 168 146 110
c 184 152 190 195 175
c 151 152 176 141 138
c 30 51 13 57 119
c 117 93 134 9 130
c 114 1 68 92 147
c 88 65 181 34 152
c 0 117 148 52 178
c 156 17 148 133 157
c 138 79 90 99 134
c 64 65 94 67 172
c 120 181 134 129 120
c 111 60 40 13 165
c 18 114 23 83 186
c 187 38 91 32 168
c 58 150 37 93 137
c 56 196 68 92 192
c 43 111 160 161 117
c 159 182 121 41 167
c 64 31 190 11 114
c 2 110 42 159 133
c 111 180 37 154 155
c 142 5 88 195 102
c 76 156 97 175 144
c 51 93 66 172 104
c 28 88 178 80 124
c 53 73 18 90 140
c 59 24 56 39 111
c 45 46 164 8 174
c 177 103 52 131 129
c 46 77 86 43 138
c 27 3 131 150 168
c 91 94 76 156 133
c 84 47 16 124 181
c 35 177 145 133 167
c 170 171 94 43 157
c 68 146 159 182 194
c 20 144 157 181 164
c 13 80 6 59 113
c 64 94 67 197 182
c 116 156 2 124 120
c 181 9 89 84 168
c 74 10 81 96 174
c 170 83 114 166 137
c 50 147 45 127 141
c 169 81 31 18 193
c 124 14 60 4 187
c 65 27 120 192 150
c 46 31 73 77 190
c 98 35 67 164 105
c 82 18 152 19 196
c 67 197 87 96 118
c 36 65 123 55 182
c 195 50 144 189 124
c 120 193 43 116 171
c 55 179 142 39 165
c 106 174 155 190 136
c 56 15 123 39 199
c 32 109 96 121 109
c 135 106 87 142 161
c 186 162 182 151 196
c 31 146 118 62 131
c 15 3 39 13 100
c 151 173 43 159 100
c 4 36 64 131 187
c 163 102 63 199 106
c 21 86 1 39 160
c 153 154 78 147 199
c 11 48 167 94 176
c 106 51 87 124 141
c 63 132 96 37 111
c 11 85 153 119 178
c 23 161 1 20 128
c 123 112 94 178 123
c 95 3 154 121 165
c 26 9 164 181 100
c 161 168 44 165 183
c 12 124 45 46 191
c 123 124 18 74 154
c 99 183 102 103 111
c 59 4 12 199 179
c 83 185 79 116 136
c 129 149 161 67 150
c 12 127 79 135 139
c 75 30 32 76 164
c 145 133 170 192 170
c 41 83 168 181 140
c 143 164 108 17 179
c 56 196 71 124 193
c 167 119 164 28 184
c 88 34 20 187 164
c 15 174 19 159 138
c 127 98 3 25 157
c 12 139 31 126 105
c 166 78 23 92 109
c 79 116 128 55 180
c 53 99 56 60 182
c 57 141 50 69 122
c 18 97 96 82 147
c 105 103 156 34 194
c 170 72 177 179 147
c 127 16 198 175 166
c 4 133 80 175 118
c 23 171 42 51 144
c 30 173 94 53 125
c 15 82 148 72 128
c 32 137 22 164 148
c 19 161 84 81 151
c 114 84 173 174 146
c 174 144 59 34 180
c 165 177 109 94 120
c 174 152 188 97 116
c 180 122 16 59 109
c 12 127 134 103 148
c 174 61 176 198 139
c 17 34 1 73 113
c 68 65 33 124 111
c 16 96 174 53 141
c 16 99 190 106 159
c 1 97 134 11 130
c 128 27 78 174 162
c 198 1 71 173 131
c 4 60 165 166 157
c 133 88 53 123 176
c 112 178 62 9 167
c 102 7 4 21 119
c 100 41 113 54 179
c 3 7 10 190 140
c 130 179 70 85 160
c 1 53 6 166 161
c 136 111 179 188 164
c 125 183 158 37 121
c 30 33 193 135 152
c 128 176 197 112 102
c 110 149 25 84 191
c 126 44 150 168 164
c 7 168 146 42 138
c 182 17 160 10 105
c 100 181 15 1 174
c 37 61 145 82 142
c 21 22 50 175 124
c 169 56 72 187 194
c 24 43 14 103 191
c 146 142 37 1 139
c 107 134 137 73 106
c 189 185 27 3 112
c 76 85 0 126 157
c 176 41 116 46 157
c 69 24 33 107 144
c 95 192 47 128 158
c 17 93 20 70 177
c 99 117 115 81 130
c 150 34 132 78 185
c 27 174 47 170 142
c 52 179 128 55 188
c 64 194 195 66 127
c 184 127 7 40 129
c 149 156 38 71 131
c 96 37 86 25 132
c 111 180 5 146 135
c 22 15 94 43 156
c 17 168 172 63 136
c 189 61 5 120 140
c 69 177 79 82 166
c 26 88 78 137 152
c 17 21 163 183 139
c 92 144 37 1 149
c 170 177 137 105 147
c 141 36 144 141 162
c 13 125 46 139 135
c 107 125 35 150 168
c 116 54 176 29 182
c 97 161 137 73 107
c 151 103 194 154 172
c 171 120 20 14 156
c 182 163 176 160 120
c 88 119 56 149 102
c 15 170 143 119 131
c 132 46 11 41 159
c 102 152 197 171 117
c 168 64 146 59 125
c 53 99 130 110 175
c 73 174 188 159 104
c 103 80 73 47 163
c 92 62 136 77 168
c 85 165 94 164 197
c 149 82 184 26 121
c 50 120 166 185 107
c 176 29 140 188 146
c 137 138 167 87 121
c 193 99 10 130 194
c 177 103 40 68 181
c 100 190 170 13 184
c 195 196 56 88 121
c 169 12 50 76 145
c 198 139 37 171 162
c 51 14 44 109 161
c 193 92 59 51 176
c 169 113 23 112 147
c 119 69 145 42 104
c 180 64 91 94 168
c 79 2 56 152 150
c 37 124 112 35 174
c 67 8 42 143 112
c 115 71 131 171 132
c 41 101 18 97 189
c 36 13 164 124 164
c 137 124 159 95 163
c 41 175 176 38 187
c 30 33 115 81 149
c 139 142 107 108 184
c 76 103 196 84 189
c 69 77 3 7 161
c 104 82 128 74 125
c 149 115 145 36 192
c 108 68 125 66 119
c 156 140 6 7 190
c 156 36 26 179 122
c 44 71 169 195 142
c 85 165 136 56 125
c 175 32 63 105 126
c 1 81 117 3 121
c 174 79 166 148 170
c 14 15 102 100 117
c 169 195 32 137 179
c 11 72 17 168 141
c 191 37 37 113 161
c 187 25 99 107 154
c 20 70 114 148 189
c 34 10 9 10 141
c 154 114 88 84 113
c 142 190 179 180 102
c 35 177 24 2 182
c 140 180 88 89 146
c 171 5 128 2 166
c 129 87 125 10 166
c 137 132 166 164 180
c 32 157 75 136 160
c 47 34 94 6 126
c 109 13 39 13 173
c 173 9 54 98 145
c 147 67 99 71 140
c 25 177 56 190 134
c 134 21 146 43 118
c 75 49 144 124 104
c 41 13 136 147 196
c 41 13 84 47 149
c 70 142 65 27 191
c 25 185 5 186 180
c 123 172 127 71 152
c 110 48 128 101 128
c 84 172 178 127 194
c 51 156 173 143 178
c 74 10 133 44 161
c 9 60 106 27 197
c 76 103 17 21 169
c 79 98 51 93 165
c 124 52 177 156 154
c 137 192 108 9 158
c 13 83 84 134 172
c 56 101 174 31 181
c 134 132 3 197 156
c 172 6 185 41 149
c 151 124 62 42 106
c 89 189 82 86 187
c 26 71 129 182 183
c 124 161 187 185 114
c 140 132 139 156 116
c 32 98 75 197 121
c 115 174 49 38 100
c 193 154 50 175 154
c 52 43 60 17 116
c 153 147 194 178 173
c 76 198 144 125 187
c 186 38 134 179 180
c 22 162 102 103 182
c 56 152 94 6 164
c 195 171 30 152 168
c 30 31 138 36 130
c 126 136 40 127 152
c 171 89 119 47 117
c 60 123 136 46 144
c 143 10 145 92 150
c 3 192 76 103 176
c 185 82 66 26 171
c 47 12 71 4 182
c 100 131 147 22 180
c 186 26 151 32 176
c 58 21 93 78 126
c 126 194 114 99 176
c 2 105 63 29 180
c 165 149 197 86 118
c 47 109 135 176 173
c 123 199 170 72 183
c 130 29 23 5 169
c 168 130 48 173 147
c 124 161 134 154 162
c 115 174 79 9 170
c 66 67 193 17 184
c 98 92 72 169 120
c 195 3 14 63 171
c 95 64 197 26 165
c 101 50 58 6 120
c 50 147 94 106 126
c 21 40 188 80 123
c 64 115 189 43 169
c 50 66 15 109 113
c 42 83 22 166 114
c 198 36 158 165 157
c 101 184 110 190 185
c 149 5 136 198 157
c 6 21 76 99 136
c 197 198 80 1 188
c 163 43 179 19 182
c 133 45 104 69 192
c 1 56 180 122 177
c 106 166 13 189 179
c 152 184 50 109 161
c 117 63 23 184 135
c 36 103 194 5 155
c 39 90 52 174 139
c 31 3 50 69 118
c 73 13 134 129 125
c 143 18 159 22 157
c 110 111 93 132 102
c 80 29 126 91 184
c 116 16 62 13 181
c 78 107 149 133 110
c 156 140 145 15 158
c 149 70 195 199 109
c 59 169 46 23 110
c 111 59 174 45 130
c 95 124 76 151 111
c 49 171 125 94 157
c 136 2 163 78 152
c 153 3 52 53 111
c 150 94 130 4 189
c 193 148 87 84 193
c 90 115 105 137 198
c 172 70 174 147 118
c 178 4 167 168 115
c 51 150 21 166 149
c 170 1 58 93 125
c 66 41 162 100 193
c 49 150 76 151 196
c 174 138 67 121 196
c 103 95 102 192 103
c 103 82 24 25 183
