notes: n=100, m=1980, elb=1, eub=20, density=0.2, conf_density=0.001, clb=50, cub= 150, seed= 3062
p spec 100 1980 1959
s 0
t 99
a 0 1 11
a 0 19 5
a 0 32 3
a 0 74 3
a 0 50 8
a 0 36 7
a 0 83 2
a 0 34 12
a 0 70 9
a 0 73 18
a 0 11 1
a 0 47 1
a 0 20 9
a 0 98 10
a 0 79 17
a 0 76 12
a 0 52 15
a 0 26 8
a 1 2 10
a 1 8 10
a 1 27 7
a 1 26 4
a 1 19 19
a 1 43 5
a 1 21 18
a 1 14 3
a 1 67 13
a 1 49 18
a 1 52 2
a 1 38 14
a 1 68 1
a 1 15 18
a 1 33 1
a 1 3 5
a 1 53 18
a 1 36 13
a 1 29 9
a 1 84 14
a 1 20 14
a 1 63 4
a 1 61 7
a 1 71 18
a 1 37 6
a 1 13 16
a 1 62 9
a 1 48 11
a 1 59 4
a 2 3 13
a 2 89 4
a 2 97 6
a 2 64 13
a 2 67 14
a 2 62 10
a 2 84 11
a 2 41 11
a 2 8 13
a 2 79 13
a 2 21 8
a 3 4 12
a 3 43 10
a 3 15 16
a 3 85 17
a 3 88 6
a 3 86 1
a 3 1 10
a 3 59 13
a 3 55 15
a 3 74 14
a 3 72 2
a 3 51 1
a 3 20 3
a 3 45 6
a 3 65 10
a 3 32 17
a 3 77 19
a 3 90 11
a 3 46 15
a 3 83 4
a 3 56 11
a 3 7 14
a 4 5 11
a 4 66 4
a 4 37 4
a 4 58 10
a 4 9 19
a 4 10 15
a 4 74 15
a 4 44 15
a 4 3 13
a 4 41 1
a 4 7 3
a 4 91 16
a 4 69 19
a 4 62 11
a 4 53 14
a 4 57 16
a 4 76 19
a 4 48 11
a 4 93 10
a 4 54 10
a 5 6 8
a 5 40 16
a 5 57 11
a 5 60 16
a 5 99 5
a 5 34 5
a 5 12 15
a 5 75 7
a 5 47 18
a 5 4 17
a 5 54 8
a 5 95 2
a 5 20 2
a 5 35 8
a 5 53 6
a 5 63 5
a 5 77 10
a 5 30 7
a 5 26 14
a 6 7 4
a 6 12 8
a 6 81 17
a 6 11 19
a 6 64 1
a 6 95 6
a 6 63 2
a 6 98 4
a 6 5 16
a 6 35 12
a 6 61 9
a 6 59 2
a 6 19 14
a 6 20 17
a 6 84 12
a 6 38 14
a 6 27 18
a 6 92 1
a 6 34 4
a 6 2 16
a 7 8 2
a 7 77 10
a 7 92 12
a 7 87 3
a 7 83 9
a 7 3 8
a 7 28 19
a 7 47 19
a 7 15 2
a 7 38 5
a 7 86 19
a 8 9 13
a 8 41 12
a 8 23 6
a 8 60 17
a 8 45 1
a 8 69 17
a 8 12 16
a 8 31 1
a 8 89 14
a 8 44 13
a 8 11 3
a 8 55 10
a 8 15 6
a 8 16 7
a 8 83 16
a 8 26 12
a 8 71 4
a 8 62 9
a 8 77 13
a 9 10 3
a 9 20 13
a 9 97 19
a 9 81 19
a 9 32 15
a 9 55 9
a 9 45 9
a 9 86 7
a 9 31 15
a 9 87 13
a 9 3 4
a 9 14 2
a 9 23 11
a 9 90 6
a 9 54 13
a 9 47 19
a 9 34 8
a 10 11 1
a 10 7 9
a 10 67 13
a 10 37 14
a 10 42 7
a 10 4 18
a 10 62 9
a 10 72 19
a 10 51 17
a 10 25 10
a 10 55 13
a 10 58 15
a 10 2 6
a 10 97 17
a 10 68 4
a 10 8 9
a 10 96 6
a 10 40 18
a 10 61 16
a 10 1 3
a 10 87 4
a 10 44 18
a 10 66 17
a 10 99 4
a 10 38 4
a 10 17 3
a 10 64 10
a 10 12 5
a 10 84 4
a 10 74 3
a 11 12 12
a 11 67 14
a 11 74 8
a 11 98 18
a 11 33 6
a 11 34 8
a 11 15 17
a 11 21 7
a 11 41 4
a 11 56 2
a 11 13 10
a 11 73 14
a 11 14 7
a 11 61 12
a 11 29 1
a 11 97 10
a 11 86 17
a 11 55 15
a 11 44 1
a 11 23 17
a 11 8 2
a 11 50 9
a 11 54 4
a 11 2 11
a 11 85 19
a 11 72 6
a 11 89 7
a 12 13 15
a 12 76 13
a 12 42 6
a 12 6 11
a 12 84 6
a 12 93 7
a 12 66 8
a 12 74 10
a 12 82 8
a 12 67 4
a 12 51 15
a 12 96 10
a 12 1 18
a 12 38 9
a 12 52 7
a 12 33 2
a 12 17 9
a 12 35 16
a 12 62 19
a 12 89 10
a 12 97 1
a 13 14 5
a 13 11 6
a 13 84 3
a 13 71 18
a 13 96 8
a 13 60 9
a 13 77 13
a 13 91 10
a 13 67 17
a 13 19 8
a 13 24 11
a 13 68 14
a 13 48 4
a 13 40 4
a 13 37 16
a 13 33 7
a 13 87 4
a 13 75 13
a 13 32 8
a 13 38 18
a 13 73 12
a 13 2 6
a 13 82 18
a 13 72 12
a 13 45 18
a 14 15 12
a 14 77 4
a 14 84 11
a 14 24 13
a 14 68 18
a 14 71 3
a 14 53 3
a 14 97 4
a 14 58 19
a 14 36 18
a 14 74 15
a 14 96 3
a 14 65 9
a 14 33 1
a 14 17 12
a 14 80 1
a 14 63 14
a 14 99 9
a 14 43 14
a 14 23 1
a 14 69 11
a 14 51 3
a 14 10 4
a 15 16 16
a 15 87 19
a 15 33 2
a 15 86 9
a 15 3 15
a 15 55 11
a 15 9 19
a 15 61 14
a 15 73 9
a 15 7 14
a 15 51 4
a 15 40 2
a 15 43 8
a 15 18 12
a 15 91 6
a 15 5 1
a 15 81 11
a 15 50 3
a 15 70 11
a 15 64 15
a 15 67 2
a 15 76 17
a 15 46 2
a 15 34 13
a 15 72 2
a 15 22 16
a 16 17 9
a 16 70 4
a 16 87 3
a 16 19 18
a 16 43 7
a 16 11 19
a 16 60 7
a 16 31 14
a 16 44 7
a 16 14 16
a 16 67 19
a 16 95 10
a 16 82 11
a 16 91 9
a 16 5 4
a 16 47 3
a 16 77 12
a 16 9 15
a 16 97 10
a 16 98 7
a 17 18 8
a 17 63 18
a 17 1 1
a 17 79 9
a 17 10 14
a 17 37 6
a 17 45 4
a 17 97 2
a 17 78 15
a 17 41 4
a 17 95 10
a 17 76 11
a 17 50 5
a 17 30 11
a 17 57 10
a 18 19 15
a 18 61 13
a 18 29 14
a 18 2 2
a 18 90 6
a 18 56 2
a 18 14 3
a 18 98 8
a 18 44 18
a 18 1 3
a 18 83 13
a 18 76 17
a 18 32 14
a 18 62 3
a 18 70 15
a 18 33 4
a 19 20 7
a 19 85 4
a 19 41 13
a 19 96 15
a 19 42 6
a 19 30 12
a 19 10 7
a 19 13 17
a 19 63 9
a 19 92 18
a 19 22 8
a 19 4 17
a 19 83 1
a 19 81 14
a 19 95 16
a 19 60 14
a 19 25 15
a 19 97 8
a 20 21 3
a 20 52 19
a 20 53 12
a 20 41 9
a 20 85 19
a 20 40 15
a 20 1 8
a 20 88 18
a 20 12 8
a 20 43 14
a 20 4 16
a 20 99 5
a 20 45 9
a 20 73 12
a 20 54 9
a 20 64 4
a 20 39 5
a 20 82 14
a 20 66 7
a 20 15 15
a 20 90 19
a 20 92 4
a 20 36 19
a 20 78 5
a 21 22 8
a 21 54 13
a 21 87 10
a 21 42 19
a 21 59 19
a 21 68 1
a 21 80 3
a 21 74 8
a 21 20 19
a 21 69 16
a 21 71 19
a 21 43 15
a 21 91 13
a 21 85 12
a 21 61 11
a 21 98 8
a 21 17 15
a 21 9 4
a 21 78 11
a 22 23 8
a 22 36 5
a 22 65 13
a 22 59 4
a 22 91 11
a 22 41 17
a 22 92 11
a 22 74 8
a 22 9 6
a 22 78 6
a 22 95 14
a 22 30 2
a 22 43 8
a 22 90 17
a 22 26 9
a 22 1 2
a 22 14 6
a 22 84 6
a 22 52 2
a 22 62 12
a 22 98 16
a 22 29 11
a 22 10 15
a 23 24 9
a 23 14 1
a 23 61 9
a 23 44 9
a 23 45 12
a 23 57 15
a 23 46 2
a 23 96 1
a 23 60 3
a 23 78 3
a 23 69 17
a 23 98 2
a 23 17 4
a 23 84 17
a 23 2 18
a 23 73 19
a 23 85 10
a 23 13 16
a 23 86 17
a 23 67 12
a 23 92 5
a 24 25 15
a 24 81 11
a 24 97 10
a 24 2 14
a 24 68 9
a 24 69 10
a 24 52 12
a 24 8 7
a 24 71 8
a 24 65 12
a 24 72 2
a 24 1 18
a 25 26 12
a 25 56 16
a 25 86 19
a 25 71 1
a 25 74 2
a 25 2 15
a 25 90 18
a 25 93 3
a 25 88 13
a 25 78 1
a 25 34 10
a 25 27 8
a 25 75 12
a 25 46 17
a 25 33 10
a 25 5 14
a 26 27 19
a 26 93 19
a 26 77 11
a 26 39 13
a 26 46 9
a 26 91 12
a 26 50 4
a 26 70 14
a 26 76 4
a 26 14 5
a 26 33 12
a 26 19 3
a 26 16 7
a 26 4 1
a 26 44 14
a 26 32 4
a 26 80 6
a 26 23 7
a 26 72 1
a 26 87 2
a 26 30 7
a 26 11 9
a 26 22 6
a 26 90 8
a 26 21 16
a 26 1 8
a 26 82 8
a 26 47 19
a 26 84 7
a 26 40 10
a 27 28 10
a 27 24 2
a 27 43 15
a 27 6 16
a 27 59 11
a 27 73 10
a 27 12 1
a 27 15 16
a 27 98 11
a 27 86 13
a 27 63 10
a 27 26 4
a 27 42 8
a 27 91 13
a 27 75 11
a 27 34 14
a 27 94 5
a 27 4 9
a 27 96 15
a 27 29 2
a 27 97 16
a 27 66 11
a 27 48 12
a 27 53 14
a 28 29 11
a 28 42 2
a 28 91 14
a 28 56 11
a 28 32 7
a 28 65 4
a 28 25 19
a 28 43 18
a 28 35 10
a 28 82 2
a 28 84 2
a 28 34 1
a 28 90 11
a 28 45 8
a 28 27 5
a 28 1 12
a 28 40 10
a 28 39 2
a 28 3 14
a 28 38 19
a 28 12 17
a 29 30 11
a 29 21 17
a 29 7 19
a 29 60 13
a 29 44 1
a 29 99 18
a 29 43 4
a 29 62 10
a 29 4 19
a 29 82 9
a 29 53 5
a 29 41 5
a 29 77 5
a 29 33 8
a 29 65 1
a 30 31 19
a 30 9 5
a 30 89 17
a 30 19 11
a 30 59 19
a 30 46 2
a 30 98 12
a 30 34 13
a 30 47 2
a 30 61 1
a 30 25 9
a 30 6 10
a 30 14 19
a 30 65 7
a 30 62 6
a 30 2 14
a 30 75 11
a 30 55 4
a 30 68 2
a 30 27 7
a 30 79 4
a 31 32 9
a 31 80 19
a 31 68 7
a 31 65 10
a 31 16 18
a 31 30 9
a 31 75 11
a 31 26 11
a 31 72 7
a 31 19 7
a 31 76 4
a 31 27 8
a 31 2 16
a 31 7 10
a 31 53 14
a 31 98 16
a 31 85 11
a 31 91 13
a 31 50 5
a 31 46 9
a 31 64 8
a 31 95 19
a 31 17 1
a 32 33 16
a 32 76 16
a 32 82 7
a 32 16 13
a 32 55 1
a 32 15 8
a 32 90 16
a 32 97 14
a 32 86 7
a 32 47 3
a 32 8 14
a 32 52 19
a 32 80 5
a 32 38 18
a 32 37 7
a 32 59 10
a 32 43 19
a 32 5 19
a 32 28 14
a 32 67 12
a 32 2 7
a 32 9 13
a 32 99 14
a 33 34 17
a 33 57 12
a 33 54 14
a 33 2 4
a 33 76 11
a 33 67 8
a 33 13 11
a 33 46 6
a 33 20 9
a 33 77 6
a 33 37 12
a 33 35 19
a 33 72 8
a 33 52 4
a 33 73 6
a 34 35 6
a 34 68 13
a 34 9 4
a 34 29 14
a 34 47 1
a 34 63 9
a 34 57 5
a 34 51 8
a 34 62 8
a 34 37 11
a 34 31 13
a 34 55 12
a 34 43 14
a 34 21 4
a 34 16 5
a 34 27 3
a 34 3 4
a 34 46 17
a 34 28 5
a 34 42 15
a 34 56 7
a 34 71 5
a 34 26 13
a 35 36 5
a 35 93 9
a 35 78 9
a 35 69 9
a 35 10 1
a 35 45 13
a 35 8 15
a 35 98 10
a 35 28 15
a 35 38 19
a 35 42 18
a 35 52 4
a 35 63 4
a 35 70 2
a 35 82 7
a 35 13 15
a 35 59 1
a 35 86 17
a 35 3 11
a 35 85 6
a 35 41 2
a 36 37 9
a 36 56 8
a 36 3 18
a 36 64 14
a 36 85 6
a 36 67 11
a 36 91 14
a 36 87 1
a 36 40 17
a 36 38 18
a 36 13 3
a 36 51 4
a 36 32 3
a 36 78 17
a 36 89 16
a 36 93 11
a 36 39 19
a 36 5 18
a 36 66 8
a 36 15 6
a 37 38 15
a 37 89 4
a 37 4 8
a 37 2 15
a 37 93 15
a 37 59 1
a 37 55 5
a 37 58 18
a 37 78 10
a 37 84 13
a 37 21 17
a 37 75 16
a 37 24 14
a 37 95 11
a 37 99 12
a 37 63 10
a 38 39 4
a 38 11 8
a 38 60 17
a 38 21 15
a 38 69 2
a 38 34 17
a 38 79 4
a 38 40 9
a 38 93 16
a 38 62 1
a 38 67 16
a 38 88 8
a 38 25 9
a 38 71 14
a 39 40 2
a 39 5 8
a 39 46 5
a 39 98 5
a 39 73 6
a 39 24 13
a 39 80 6
a 39 59 10
a 39 66 8
a 39 93 12
a 39 33 8
a 39 10 6
a 39 81 14
a 39 51 1
a 39 6 10
a 39 60 19
a 39 74 15
a 39 70 7
a 39 14 7
a 39 75 2
a 39 3 12
a 39 48 13
a 39 76 11
a 39 41 14
a 39 31 11
a 40 41 9
a 40 77 17
a 40 35 14
a 40 59 15
a 40 20 3
a 40 21 13
a 40 6 8
a 40 30 1
a 40 32 17
a 40 71 15
a 40 29 19
a 40 88 15
a 40 89 17
a 40 96 4
a 40 86 1
a 40 62 2
a 40 50 10
a 40 98 10
a 40 39 19
a 40 78 10
a 40 70 5
a 40 72 16
a 40 11 13
a 41 42 7
a 41 35 13
a 41 24 4
a 41 5 11
a 41 18 13
a 41 61 2
a 41 26 18
a 41 47 15
a 41 71 9
a 41 14 18
a 41 68 9
a 41 12 11
a 41 89 5
a 41 3 4
a 41 48 17
a 41 62 8
a 41 87 8
a 41 11 11
a 41 54 17
a 41 16 3
a 41 28 8
a 41 32 14
a 42 43 11
a 42 87 17
a 42 2 1
a 42 23 4
a 42 3 15
a 42 80 12
a 42 12 6
a 42 59 10
a 42 83 16
a 42 29 13
a 42 15 2
a 42 9 6
a 42 17 14
a 42 45 1
a 42 82 13
a 43 44 16
a 43 12 2
a 43 64 5
a 43 17 14
a 43 66 1
a 43 45 18
a 43 35 11
a 43 81 17
a 43 52 18
a 43 79 18
a 43 53 16
a 43 96 5
a 43 36 10
a 43 58 14
a 43 47 14
a 43 26 14
a 43 37 1
a 43 85 3
a 43 61 6
a 43 22 5
a 43 28 3
a 43 88 14
a 43 86 19
a 43 68 11
a 44 45 6
a 44 79 2
a 44 71 6
a 44 91 4
a 44 3 15
a 44 98 1
a 44 28 12
a 44 52 2
a 44 4 11
a 44 57 13
a 44 36 10
a 44 12 13
a 44 7 12
a 44 61 4
a 44 69 18
a 44 13 19
a 44 56 4
a 44 96 4
a 44 10 11
a 44 21 8
a 44 5 17
a 45 46 16
a 45 68 5
a 45 53 8
a 45 7 5
a 45 17 18
a 45 51 1
a 45 33 8
a 45 40 2
a 45 65 8
a 45 31 13
a 45 95 2
a 45 24 16
a 45 59 10
a 45 66 1
a 45 79 15
a 45 64 4
a 45 80 18
a 45 97 5
a 45 47 14
a 45 58 17
a 45 14 17
a 45 99 12
a 45 5 16
a 46 47 10
a 46 91 17
a 46 63 19
a 46 39 10
a 46 73 19
a 46 89 19
a 46 44 5
a 46 66 11
a 46 20 8
a 46 4 8
a 46 31 14
a 46 36 18
a 46 78 3
a 46 43 5
a 46 23 19
a 46 7 10
a 46 35 9
a 46 6 19
a 46 57 16
a 47 48 2
a 47 82 6
a 47 56 6
a 47 44 4
a 47 54 15
a 47 53 10
a 47 78 9
a 47 74 1
a 47 3 3
a 47 92 14
a 47 20 3
a 47 86 16
a 47 67 16
a 47 87 12
a 47 55 5
a 47 89 18
a 47 33 1
a 48 49 12
a 48 29 13
a 48 99 15
a 48 91 10
a 48 40 13
a 48 8 1
a 48 67 7
a 48 4 5
a 48 62 8
a 48 33 9
a 48 15 10
a 48 65 5
a 48 26 17
a 48 68 6
a 48 19 1
a 48 81 8
a 48 28 10
a 48 16 15
a 48 72 6
a 48 80 11
a 48 78 6
a 48 7 11
a 48 30 3
a 48 37 15
a 48 27 18
a 48 35 12
a 49 50 13
a 49 9 11
a 49 92 3
a 49 69 10
a 49 22 9
a 49 19 16
a 49 71 8
a 49 51 10
a 49 58 9
a 49 26 4
a 49 20 7
a 49 86 11
a 49 96 2
a 49 35 17
a 49 90 16
a 49 87 10
a 49 94 15
a 49 14 19
a 49 27 6
a 50 51 10
a 50 86 1
a 50 77 16
a 50 8 9
a 50 25 11
a 50 2 9
a 50 18 6
a 50 73 9
a 50 70 1
a 50 94 4
a 50 62 13
a 50 21 11
a 50 45 11
a 50 49 4
a 50 46 16
a 50 28 16
a 50 16 2
a 50 34 17
a 50 27 7
a 51 52 13
a 51 10 3
a 51 27 18
a 51 24 9
a 51 47 11
a 51 41 13
a 51 5 3
a 51 79 9
a 51 16 19
a 51 26 15
a 51 22 2
a 51 81 2
a 51 57 15
a 51 83 3
a 51 56 3
a 51 21 10
a 51 58 3
a 51 31 9
a 51 77 5
a 51 7 5
a 51 97 4
a 51 20 1
a 51 17 1
a 51 99 5
a 51 8 5
a 51 62 4
a 52 53 19
a 52 31 9
a 52 40 6
a 52 39 6
a 52 77 5
a 52 80 12
a 52 21 4
a 52 15 14
a 52 16 1
a 52 14 13
a 52 22 19
a 52 76 9
a 52 84 1
a 52 98 10
a 52 64 9
a 52 82 6
a 52 37 8
a 52 18 7
a 52 42 8
a 52 19 8
a 52 87 3
a 52 57 2
a 52 6 15
a 52 78 16
a 52 27 18
a 52 85 4
a 53 54 7
a 53 5 2
a 53 66 3
a 53 11 17
a 53 21 6
a 53 61 7
a 53 62 13
a 53 23 4
a 53 19 15
a 53 38 9
a 53 76 5
a 53 77 8
a 53 40 7
a 53 56 7
a 54 55 18
a 54 67 7
a 54 28 16
a 54 46 15
a 54 74 12
a 54 3 8
a 54 57 18
a 54 37 4
a 54 33 11
a 54 23 18
a 54 91 19
a 54 53 16
a 54 27 4
a 54 24 4
a 54 16 9
a 54 61 13
a 55 56 18
a 55 15 14
a 55 6 16
a 55 63 5
a 55 48 17
a 55 81 17
a 55 71 18
a 55 34 10
a 55 61 3
a 55 1 12
a 55 58 15
a 55 35 11
a 55 69 12
a 55 28 18
a 55 95 12
a 55 44 6
a 55 82 2
a 55 33 3
a 55 66 7
a 56 57 14
a 56 53 4
a 56 26 19
a 56 38 8
a 56 18 11
a 56 1 12
a 56 45 4
a 56 4 2
a 56 44 15
a 56 10 2
a 56 97 16
a 56 30 12
a 56 75 11
a 56 20 13
a 56 90 7
a 56 73 2
a 56 76 17
a 56 23 3
a 56 98 14
a 56 58 9
a 56 40 3
a 56 91 11
a 56 83 8
a 56 63 18
a 57 58 10
a 57 86 2
a 57 91 9
a 57 7 19
a 57 55 5
a 57 62 6
a 57 84 11
a 57 82 19
a 57 13 10
a 57 48 5
a 57 77 18
a 57 66 16
a 57 35 14
a 57 47 5
a 57 54 3
a 57 31 11
a 57 12 8
a 57 32 11
a 57 30 12
a 57 9 15
a 57 46 13
a 57 97 12
a 58 59 11
a 58 35 11
a 58 2 19
a 58 77 14
a 58 30 6
a 58 52 9
a 58 81 18
a 58 23 9
a 58 71 1
a 58 73 11
a 58 1 3
a 58 65 1
a 58 21 7
a 58 6 3
a 58 54 6
a 58 57 18
a 58 47 13
a 58 90 1
a 58 76 6
a 59 60 14
a 59 28 2
a 59 35 9
a 59 58 15
a 59 15 13
a 59 2 17
a 59 65 6
a 59 44 14
a 59 42 7
a 59 70 17
a 59 82 4
a 59 96 3
a 59 11 2
a 59 5 11
a 59 95 18
a 59 56 10
a 59 88 5
a 59 62 17
a 59 33 18
a 59 8 4
a 59 45 16
a 59 1 14
a 59 78 14
a 59 4 19
a 60 61 13
a 60 3 19
a 60 48 16
a 60 73 19
a 60 59 14
a 60 24 8
a 60 71 1
a 60 27 10
a 60 50 8
a 60 26 6
a 60 98 14
a 61 62 7
a 61 60 19
a 61 93 18
a 61 98 12
a 61 16 16
a 61 92 13
a 61 13 4
a 61 17 5
a 61 57 5
a 61 94 1
a 61 85 2
a 61 65 1
a 61 81 19
a 62 63 6
a 62 80 13
a 62 2 10
a 62 61 13
a 62 87 19
a 62 81 5
a 62 22 8
a 62 15 7
a 62 7 17
a 62 71 15
a 62 46 18
a 62 25 11
a 62 27 8
a 62 18 14
a 62 41 18
a 62 16 19
a 63 64 13
a 63 91 3
a 63 99 11
a 63 69 1
a 63 81 11
a 63 74 17
a 63 83 9
a 63 56 18
a 63 53 15
a 63 6 1
a 63 77 11
a 63 34 4
a 63 4 1
a 63 42 4
a 63 7 9
a 63 44 16
a 63 86 16
a 63 13 16
a 63 5 18
a 63 65 19
a 63 21 5
a 64 65 18
a 64 43 18
a 64 44 17
a 64 92 7
a 64 27 4
a 64 84 9
a 64 93 16
a 64 76 8
a 64 9 14
a 64 39 1
a 64 81 15
a 64 15 8
a 64 86 15
a 64 58 4
a 64 75 2
a 64 57 14
a 64 2 18
a 64 42 3
a 64 72 16
a 64 88 7
a 64 35 17
a 64 46 7
a 64 63 19
a 64 23 5
a 64 90 3
a 64 96 18
a 64 80 8
a 64 32 12
a 65 66 11
a 65 87 13
a 65 6 17
a 65 45 1
a 65 39 11
a 65 1 4
a 65 53 8
a 65 33 4
a 65 84 1
a 65 57 5
a 65 54 17
a 65 72 9
a 65 93 17
a 65 91 17
a 65 69 5
a 66 67 2
a 66 24 2
a 66 63 16
a 66 8 15
a 66 56 1
a 66 57 10
a 66 80 3
a 66 85 19
a 66 37 10
a 66 6 16
a 66 94 10
a 66 95 19
a 66 49 10
a 66 33 10
a 66 77 12
a 66 25 10
a 66 96 18
a 66 31 17
a 66 3 17
a 66 86 4
a 66 27 5
a 66 4 14
a 67 68 14
a 67 30 12
a 67 95 11
a 67 53 10
a 67 84 8
a 67 76 1
a 67 66 6
a 67 36 8
a 67 37 17
a 67 56 4
a 67 77 6
a 67 96 17
a 67 46 1
a 67 92 6
a 67 70 15
a 67 33 1
a 67 89 15
a 67 79 11
a 68 69 2
a 68 35 3
a 68 51 12
a 68 42 10
a 68 8 9
a 68 21 3
a 68 5 17
a 68 41 18
a 68 88 14
a 68 31 13
a 68 87 2
a 68 83 16
a 68 66 14
a 68 15 7
a 68 81 4
a 68 70 16
a 68 74 17
a 68 84 17
a 69 70 6
a 69 36 13
a 69 86 2
a 69 11 15
a 69 51 15
a 69 73 18
a 69 87 10
a 69 54 8
a 69 25 14
a 69 60 14
a 69 47 17
a 69 57 5
a 69 24 5
a 69 18 14
a 69 23 16
a 69 6 10
a 69 15 12
a 69 16 8
a 69 22 2
a 69 82 17
a 69 85 16
a 70 71 7
a 70 61 13
a 70 79 6
a 70 92 18
a 70 97 1
a 70 22 5
a 70 72 11
a 70 15 1
a 70 29 10
a 70 48 1
a 70 13 5
a 70 99 15
a 70 81 12
a 70 65 18
a 70 62 16
a 70 66 15
a 70 54 18
a 70 46 17
a 71 72 7
a 71 74 7
a 71 89 18
a 71 98 9
a 71 95 1
a 71 39 19
a 71 60 15
a 71 51 5
a 71 21 9
a 71 11 1
a 71 7 6
a 71 86 2
a 71 15 9
a 71 66 4
a 71 41 18
a 71 82 10
a 71 13 15
a 71 62 3
a 71 20 13
a 71 50 12
a 71 76 15
a 71 91 3
a 71 52 8
a 71 4 18
a 72 73 14
a 72 63 8
a 72 25 1
a 72 59 8
a 72 20 6
a 72 79 1
a 72 58 4
a 72 23 15
a 72 24 6
a 72 2 3
a 72 95 9
a 72 45 9
a 72 57 1
a 72 85 15
a 72 33 14
a 72 26 10
a 72 28 17
a 72 86 12
a 72 93 16
a 72 9 16
a 73 74 2
a 73 96 5
a 73 63 13
a 73 80 1
a 73 88 13
a 73 10 5
a 73 44 14
a 73 27 3
a 73 65 19
a 73 32 4
a 73 40 9
a 73 31 9
a 73 29 11
a 73 36 19
a 73 69 3
a 73 34 10
a 73 66 18
a 73 25 3
a 73 28 15
a 73 16 16
a 73 51 6
a 74 75 2
a 74 79 8
a 74 46 10
a 74 62 12
a 74 66 2
a 74 1 8
a 74 45 7
a 74 17 19
a 74 40 2
a 74 82 6
a 74 83 4
a 74 15 9
a 74 50 19
a 74 21 13
a 74 5 17
a 74 47 19
a 74 38 2
a 74 94 10
a 74 64 9
a 74 77 10
a 75 76 19
a 75 67 17
a 75 42 3
a 75 94 7
a 75 14 10
a 75 1 19
a 75 32 11
a 75 46 6
a 75 19 12
a 75 21 18
a 75 78 15
a 75 83 3
a 75 47 14
a 75 84 3
a 75 51 18
a 75 52 10
a 75 98 9
a 75 71 3
a 75 48 3
a 75 26 13
a 75 24 2
a 76 77 15
a 76 84 4
a 76 65 1
a 76 23 10
a 76 39 7
a 76 53 6
a 76 74 14
a 76 50 17
a 76 90 16
a 76 47 1
a 76 3 13
a 76 66 16
a 76 99 15
a 76 67 14
a 76 86 15
a 76 15 9
a 76 25 9
a 76 6 16
a 76 28 19
a 77 78 18
a 77 47 10
a 77 7 12
a 77 82 6
a 77 76 1
a 77 14 7
a 77 28 19
a 77 53 9
a 77 69 13
a 77 36 6
a 77 79 17
a 77 57 4
a 77 67 9
a 77 33 16
a 78 79 1
a 78 35 1
a 78 22 10
a 78 96 14
a 78 1 19
a 78 38 3
a 78 87 18
a 78 74 10
a 78 68 4
a 78 86 1
a 78 10 15
a 78 76 3
a 78 25 12
a 78 5 8
a 78 69 3
a 78 70 4
a 78 53 13
a 78 15 10
a 78 26 8
a 79 80 5
a 79 99 17
a 79 49 2
a 79 51 15
a 79 52 8
a 79 71 2
a 79 62 14
a 79 33 14
a 79 16 6
a 79 18 3
a 79 63 7
a 79 7 10
a 79 87 16
a 79 96 10
a 79 36 3
a 79 11 19
a 79 97 4
a 79 75 11
a 79 17 18
a 80 81 18
a 80 22 9
a 80 93 9
a 80 59 14
a 80 37 8
a 80 64 16
a 80 44 13
a 80 68 16
a 80 51 5
a 80 8 1
a 80 36 11
a 80 42 15
a 80 16 13
a 80 67 1
a 80 83 1
a 80 5 6
a 80 45 1
a 80 23 14
a 80 4 14
a 80 2 14
a 80 96 16
a 80 82 14
a 80 48 10
a 80 54 7
a 81 82 17
a 81 55 8
a 81 27 15
a 81 39 15
a 81 5 8
a 81 60 6
a 81 29 17
a 81 67 18
a 81 40 3
a 81 6 12
a 81 49 1
a 81 59 1
a 81 10 9
a 81 37 15
a 81 71 9
a 81 88 2
a 81 69 9
a 82 83 6
a 82 49 19
a 82 18 18
a 82 44 18
a 82 45 2
a 82 54 12
a 82 2 6
a 82 75 18
a 82 35 14
a 82 57 15
a 82 66 9
a 82 73 12
a 82 47 18
a 82 50 19
a 82 96 17
a 82 37 4
a 82 89 7
a 82 15 17
a 82 25 3
a 82 42 13
a 82 77 11
a 83 84 19
a 83 53 7
a 83 43 6
a 83 36 5
a 83 46 17
a 83 10 12
a 83 33 9
a 83 30 3
a 83 51 16
a 83 9 16
a 83 63 8
a 83 88 15
a 83 17 13
a 83 5 17
a 83 22 15
a 84 85 7
a 84 47 16
a 84 46 1
a 84 77 10
a 84 27 19
a 84 76 19
a 84 89 1
a 84 36 18
a 84 98 12
a 84 11 9
a 84 91 7
a 84 19 18
a 84 80 16
a 84 25 2
a 84 45 12
a 84 38 12
a 84 17 16
a 84 93 1
a 84 88 12
a 84 60 9
a 84 7 7
a 84 73 19
a 84 56 4
a 85 86 13
a 85 34 13
a 85 43 13
a 85 66 19
a 85 97 17
a 85 71 2
a 85 30 3
a 85 74 15
a 85 24 2
a 85 96 3
a 85 10 12
a 85 33 4
a 85 11 5
a 85 79 16
a 85 62 18
a 85 64 11
a 85 29 8
a 85 26 7
a 86 87 17
a 86 22 18
a 86 38 9
a 86 91 5
a 86 12 7
a 86 14 15
a 86 53 15
a 86 23 10
a 86 56 1
a 86 52 6
a 86 78 17
a 86 98 18
a 86 18 11
a 86 37 5
a 86 92 19
a 87 88 18
a 87 52 18
a 87 60 1
a 87 24 18
a 87 82 10
a 87 5 14
a 87 1 15
a 87 64 17
a 87 84 11
a 87 86 9
a 87 55 10
a 87 8 17
a 87 63 8
a 87 76 7
a 87 7 10
a 87 90 11
a 87 96 9
a 87 13 10
a 87 69 12
a 87 51 19
a 87 38 6
a 87 48 4
a 88 89 12
a 88 94 12
a 88 83 7
a 88 95 15
a 88 58 2
a 88 28 4
a 88 45 7
a 88 68 11
a 88 75 16
a 88 11 17
a 88 17 19
a 88 37 16
a 88 40 9
a 88 77 15
a 88 41 2
a 88 20 15
a 88 59 16
a 88 12 10
a 88 18 16
a 88 66 15
a 89 90 19
a 89 91 4
a 89 23 14
a 89 47 1
a 89 8 17
a 89 2 7
a 89 67 8
a 89 37 17
a 89 18 17
a 89 98 11
a 89 87 14
a 89 51 13
a 89 81 2
a 89 46 18
a 89 69 3
a 89 92 11
a 89 20 16
a 89 21 9
a 89 28 3
a 89 75 14
a 89 97 16
a 89 99 6
a 90 91 14
a 90 55 4
a 90 14 10
a 90 67 14
a 90 98 18
a 90 6 13
a 90 10 8
a 90 71 3
a 90 57 17
a 90 40 9
a 90 44 4
a 90 12 9
a 90 51 13
a 90 63 1
a 90 97 14
a 90 3 7
a 90 31 12
a 90 42 16
a 90 22 9
a 90 68 5
a 90 54 12
a 90 60 11
a 90 30 3
a 90 33 17
a 90 49 3
a 90 73 1
a 91 92 9
a 91 61 6
a 91 1 18
a 91 64 8
a 91 34 13
a 91 56 6
a 91 5 2
a 91 33 16
a 91 17 7
a 91 46 12
a 91 95 12
a 91 69 17
a 91 58 15
a 91 79 3
a 91 12 16
a 91 90 6
a 91 97 16
a 91 19 8
a 91 43 10
a 92 93 7
a 92 45 1
a 92 34 13
a 92 7 10
a 92 29 9
a 92 27 4
a 92 4 13
a 92 88 10
a 92 74 19
a 92 40 19
a 92 8 15
a 92 94 19
a 92 50 5
a 92 95 17
a 92 14 2
a 92 89 8
a 92 54 4
a 92 61 19
a 93 94 13
a 93 69 4
a 93 43 1
a 93 1 2
a 93 39 14
a 93 2 2
a 93 29 15
a 93 32 5
a 93 61 4
a 93 6 18
a 93 53 5
a 93 91 2
a 93 20 8
a 93 9 19
a 93 18 5
a 93 92 3
a 93 73 15
a 93 86 9
a 93 87 11
a 93 64 18
a 93 71 7
a 94 95 4
a 94 63 12
a 94 18 16
a 94 8 13
a 94 67 18
a 94 26 16
a 94 83 12
a 94 32 16
a 94 19 11
a 94 89 19
a 94 2 19
a 94 68 14
a 94 77 14
a 94 42 10
a 94 20 18
a 94 91 12
a 94 78 1
a 94 99 18
a 94 14 8
a 94 88 14
a 95 96 15
a 95 63 1
a 95 94 13
a 95 17 13
a 95 39 5
a 95 79 12
a 95 16 14
a 95 45 8
a 95 59 8
a 95 9 12
a 95 13 6
a 95 29 14
a 95 85 1
a 95 70 15
a 95 75 17
a 95 66 3
a 95 41 10
a 95 18 8
a 95 83 14
a 95 37 4
a 96 97 9
a 96 94 17
a 96 61 13
a 96 2 15
a 96 11 18
a 96 91 17
a 96 89 5
a 96 79 8
a 96 56 8
a 96 68 14
a 96 62 1
a 96 32 13
a 96 29 17
a 97 98 14
a 97 56 12
a 97 26 2
a 97 71 10
a 97 88 10
a 97 38 1
a 97 91 18
a 97 13 7
a 97 33 19
a 97 43 15
a 97 70 14
a 97 27 17
a 97 83 17
a 97 41 1
a 97 51 4
a 98 99 9
a 98 52 10
a 98 32 17
a 98 93 3
a 98 69 14
a 98 30 14
a 98 3 2
a 98 44 4
a 98 95 2
a 98 21 18
a 98 62 11
a 98 65 18
a 98 88 3
a 98 23 3
a 98 36 8
a 98 8 9
a 98 15 12
a 98 92 2
a 98 54 15
a 98 2 16
a 98 43 9
a 98 14 6
c 76 66 73 36 61
c 87 82 39 31 126
c 68 8 25 75 70
c 24 65 52 82 139
c 1 21 7 87 69
c 10 2 64 93 109
c 40 21 84 17 88
c 38 39 76 84 113
c 42 29 87 1 148
c 39 10 89 99 87
c 84 19 82 77 56
c 94 77 60 61 118
c 21 43 21 91 72
c 10 66 47 3 143
c 23 46 75 1 69
c 12 66 6 38 98
c 55 81 38 11 126
c 67 76 52 87 50
c 22 84 94 8 77
c 15 50 31 26 109
c 19 85 56 4 135
c 47 48 89 28 133
c 46 66 8 16 67
c 34 27 64 72 53
c 64 90 1 20 142
c 31 50 3 43 95
c 17 95 76 99 60
c 48 81 39 81 119
c 85 24 42 17 135
c 10 25 96 97 97
c 11 61 33 54 129
c 43 66 26 46 98
c 11 12 80 8 110
c 2 3 73 34 68
c 10 12 98 44 85
c 96 29 16 43 109
c 82 42 76 23 68
c 93 29 33 76 79
c 4 57 15 81 138
c 19 83 88 11 145
c 95 75 18 29 111
c 55 61 64 43 103
c 37 63 96 61 72
c 5 47 54 46 116
c 66 80 90 6 68
c 90 55 43 47 73
c 8 89 89 98 86
c 92 27 31 85 112
c 11 14 95 63 61
c 98 44 0 11 60
c 93 87 48 15 80
c 73 10 10 67 119
c 71 50 12 89 78
c 17 57 62 16 77
c 52 40 98 15 123
c 86 23 91 64 99
c 11 50 94 68 68
c 10 58 39 59 108
c 15 46 52 31 58
c 56 73 50 18 136
c 48 30 90 44 102
c 57 46 59 2 147
c 46 91 43 61 143
c 49 86 59 33 148
c 56 83 19 96 81
c 69 54 81 55 67
c 71 39 78 76 99
c 48 7 46 7 128
c 79 63 0 36 67
c 51 10 90 60 110
c 23 13 74 5 68
c 88 18 68 41 110
c 94 20 70 48 51
c 95 63 43 12 142
c 88 66 75 42 135
c 46 57 94 63 71
c 66 56 39 76 75
c 20 21 32 76 75
c 49 9 39 40 135
c 11 74 97 38 112
c 22 14 14 74 64
c 55 61 9 23 145
c 95 70 5 75 146
c 54 24 56 76 146
c 61 81 90 67 105
c 17 18 51 62 124
c 4 41 6 92 95
c 39 14 5 54 124
c 31 68 75 24 66
c 98 15 44 13 118
c 49 19 5 35 66
c 4 62 47 3 133
c 33 57 16 91 92
c 15 46 78 96 65
c 14 53 11 72 117
c 13 73 86 92 51
c 39 10 18 1 61
c 51 22 28 38 123
c 58 47 49 27 84
c 88 94 75 47 109
c 97 27 29 77 138
c 29 99 49 96 139
c 62 81 66 77 130
c 3 43 13 73 59
c 29 43 71 11 54
c 51 77 78 1 90
c 66 4 19 13 148
c 27 24 31 91 61
c 74 21 37 84 117
c 73 31 92 40 125
c 57 48 21 9 142
c 1 21 14 53 68
c 3 74 75 67 77
c 40 77 23 92 76
c 55 6 25 26 120
c 51 41 86 56 59
c 72 95 43 28 58
c 23 14 8 44 111
c 43 58 46 43 119
c 40 96 17 18 61
c 67 56 96 79 112
c 96 91 85 33 94
c 71 4 67 70 74
c 50 28 90 22 97
c 98 2 29 41 106
c 84 36 1 62 134
c 30 79 78 38 85
c 50 73 27 59 100
c 32 43 27 66 73
c 13 73 41 68 123
c 46 66 91 5 132
c 51 41 22 92 100
c 11 67 91 95 103
c 65 45 26 32 64
c 34 57 30 98 80
c 59 45 54 33 126
c 95 37 16 77 92
c 93 71 12 13 82
c 47 78 56 26 133
c 50 2 27 29 88
c 14 71 65 45 83
c 31 91 52 31 92
c 66 80 46 63 98
c 54 74 32 80 83
c 56 53 10 55 98
c 63 6 16 9 86
c 73 25 54 55 110
c 30 68 58 57 51
c 80 22 47 48 148
c 63 99 89 20 126
c 63 6 19 42 77
c 20 45 10 25 113
c 90 10 35 93 55
c 33 34 44 13 117
c 24 2 74 75 83
c 75 48 83 53 138
c 21 71 5 99 121
c 36 89 56 75 130
c 84 11 15 3 99
c 52 21 51 26 67
c 62 63 20 15 50
c 8 55 12 96 129
c 90 30 52 80 106
c 9 55 48 91 95
c 71 4 54 33 145
c 50 18 30 19 134
c 80 48 25 90 110
c 48 81 52 40 72
c 25 86 54 27 63
c 31 80 92 4 149
c 38 25 95 79 126
c 98 69 50 86 142
c 16 17 94 32 50
c 32 67 98 69 135
c 66 56 22 9 74
c 31 53 17 50 127
c 0 79 36 56 55
c 3 15 31 91 116
c 85 30 45 24 58
c 29 60 48 68 128
c 18 1 45 33 85
c 49 92 45 5 89
c 71 11 65 54 90
c 13 37 28 32 149
c 59 62 93 20 140
c 56 38 14 36 89
c 24 2 16 77 76
c 22 62 46 4 72
c 1 62 75 71 76
c 58 59 35 82 120
c 27 29 18 90 65
c 33 34 13 32 58
c 3 65 13 87 137
c 76 53 55 44 142
c 64 32 45 14 54
c 36 87 12 6 61
c 55 28 9 32 66
c 33 34 93 20 75
c 50 25 43 17 138
c 40 6 48 15 79
c 10 68 1 49 57
c 59 95 20 73 127
c 51 62 92 4 90
c 4 37 75 84 65
c 72 23 29 43 135
c 41 12 61 85 130
c 78 25 11 97 101
c 62 80 56 38 90
c 45 40 88 89 65
c 6 7 94 14 124
c 10 11 76 99 148
c 57 86 13 72 71
c 51 58 54 33 65
c 66 63 91 12 78
c 43 26 21 69 51
c 23 96 56 44 139
c 12 67 7 86 131
c 66 94 54 53 132
c 59 2 18 90 84
c 25 75 79 36 142
c 96 56 51 52 80
c 53 76 91 43 58
c 65 57 54 91 145
c 63 74 39 98 141
c 46 73 4 53 111
c 98 69 11 86 91
c 86 98 82 47 81
c 95 16 13 82 116
c 87 8 69 82 128
c 51 31 43 26 74
c 20 40 36 37 131
c 83 10 3 51 118
c 29 33 0 52 57
c 66 96 91 33 101
c 79 80 17 45 85
c 28 39 15 33 121
c 20 53 91 56 104
c 97 88 13 71 84
c 8 69 52 84 138
c 2 3 72 95 83
c 75 48 90 40 102
c 74 75 80 82 127
c 12 38 16 11 66
c 57 62 60 48 108
c 13 73 36 3 147
c 82 49 94 77 104
c 14 71 76 65 118
c 93 87 58 57 90
c 94 20 57 62 68
c 64 23 69 73 131
c 22 41 95 29 146
c 64 84 59 45 79
c 3 7 6 34 84
c 32 86 89 99 58
c 3 43 2 89 135
c 39 48 90 63 93
c 64 44 95 59 52
c 78 10 13 96 146
c 52 77 85 10 71
c 45 59 93 71 137
c 10 1 41 71 82
c 72 79 62 27 111
c 60 59 51 58 75
c 19 60 58 57 137
c 15 33 59 33 139
c 19 30 6 12 77
c 54 27 6 12 66
c 97 41 39 76 126
c 90 97 50 18 95
c 29 44 64 72 78
c 61 92 62 2 60
c 97 83 55 56 57
c 89 87 71 82 139
c 30 19 50 27 122
c 64 44 13 11 69
c 59 88 57 86 139
c 79 11 5 20 102
c 52 85 17 10 62
c 26 46 13 32 115
c 86 18 42 12 64
c 87 88 45 40 53
c 26 23 42 15 99
c 68 87 26 87 124
c 67 84 5 35 83
c 90 60 10 12 74
c 4 76 54 33 57
c 97 88 3 83 61
c 9 45 29 60 145
c 28 39 53 61 107
c 88 20 13 32 135
c 10 4 15 16 140
c 23 96 14 96 73
c 5 40 64 88 95
c 13 82 25 56 144
c 32 5 6 34 137
c 23 84 32 38 63
c 58 77 65 66 122
c 97 71 79 11 143
c 17 57 42 87 115
c 15 73 32 59 58
c 87 48 80 67 53
c 55 15 13 84 91
c 31 91 42 23 53
c 4 54 92 27 142
c 25 88 9 31 134
c 13 60 76 84 125
c 86 14 76 23 51
c 81 82 9 20 99
c 54 33 60 71 98
c 84 56 67 33 74
c 39 48 39 74 136
c 9 47 84 93 58
c 93 69 39 93 68
c 66 94 12 66 93
c 36 3 92 88 131
c 2 84 28 1 138
c 1 62 1 33 103
c 10 44 42 82 127
c 26 91 4 10 124
c 10 87 67 46 115
c 36 3 77 7 94
c 25 46 61 62 55
c 79 49 22 10 97
c 54 67 25 46 146
c 81 71 79 75 115
c 48 49 4 76 86
c 46 7 23 60 62
c 63 64 41 14 127
c 1 36 26 16 144
c 57 47 56 38 110
c 10 87 5 12 104
c 26 27 24 69 75
c 90 33 18 70 97
c 86 91 17 30 92
c 52 22 8 9 81
c 98 52 50 70 122
c 30 89 93 73 77
c 91 79 71 41 120
c 95 75 50 2 69
c 93 91 39 60 88
c 26 90 15 34 149
c 28 27 14 84 122
c 67 68 88 59 140
c 16 19 56 38 55
c 87 38 3 7 143
c 84 36 21 87 85
c 95 85 51 99 92
c 72 20 22 26 59
c 57 46 13 73 108
c 73 29 37 75 55
c 27 66 34 43 99
c 69 87 59 35 70
c 22 95 84 93 87
c 86 92 90 55 91
c 35 63 61 93 140
c 65 72 94 18 113
c 10 11 55 95 117
c 67 68 31 75 95
c 87 24 28 32 64
c 27 73 66 57 102
c 44 57 3 56 75
c 15 51 96 89 94
c 75 21 36 56 76
c 10 72 29 60 76
c 89 18 41 35 139
c 37 38 16 11 58
c 95 13 74 40 77
c 1 49 10 42 77
c 65 39 96 61 93
c 83 5 56 75 144
c 94 88 23 60 148
c 92 95 94 32 106
c 65 93 10 64 136
c 30 79 27 75 81
c 51 47 50 49 125
c 10 99 97 71 148
c 11 44 69 70 86
c 1 3 19 42 57
c 4 58 57 30 115
c 44 10 64 76 110
c 82 89 11 73 71
c 24 72 79 75 102
c 20 66 57 77 78
c 44 79 58 54 70
c 73 28 38 21 107
c 62 22 3 45 142
c 6 61 37 24 72
c 1 84 9 81 65
c 43 45 1 52 128
c 5 63 53 76 127
c 56 1 66 25 84
c 43 12 3 65 80
c 67 84 69 57 125
c 67 56 18 62 60
c 26 87 64 39 54
c 23 46 64 57 81
c 71 21 19 81 116
c 3 20 84 88 76
c 18 14 27 73 77
c 96 94 88 28 88
c 6 95 9 81 121
c 60 98 11 56 52
c 57 58 91 90 82
c 43 22 15 61 55
c 7 86 51 22 136
c 46 44 25 5 114
c 87 48 95 79 101
c 23 45 38 34 122
c 83 36 67 92 133
c 6 2 77 76 137
c 35 41 46 39 111
c 13 32 15 86 138
c 51 10 8 44 68
c 4 66 58 73 129
c 49 9 18 61 58
c 64 75 67 66 88
c 9 90 13 24 142
c 13 60 40 41 111
c 75 83 93 64 75
c 79 11 20 82 76
c 50 27 71 76 109
c 90 12 44 36 133
c 15 81 75 84 84
c 28 38 3 43 90
c 12 6 5 26 101
c 90 71 5 53 112
c 43 35 35 82 77
c 66 77 90 67 72
c 22 30 71 82 132
c 34 28 0 70 95
c 80 68 97 71 143
c 31 98 8 44 120
c 10 99 48 37 90
c 3 74 26 46 64
c 32 52 43 44 55
c 51 56 86 98 62
c 34 21 47 78 107
c 76 39 73 66 122
c 31 80 90 97 135
c 48 30 95 70 105
c 61 65 70 46 66
c 36 15 63 56 136
c 56 90 31 30 67
c 30 75 45 40 143
c 50 16 41 54 127
c 84 77 50 51 76
c 28 35 34 21 67
c 27 26 55 95 75
c 72 24 39 33 140
c 59 5 70 92 77
c 89 98 55 63 103
c 98 44 32 15 67
c 14 96 64 42 73
c 4 7 12 52 120
c 48 65 11 12 106
c 13 87 98 43 136
c 2 62 73 51 51
c 42 45 94 2 95
c 1 52 65 69 95
c 43 12 81 69 77
c 7 92 29 82 112
c 51 52 49 51 88
c 40 41 35 98 135
c 71 7 23 24 103
c 54 27 32 97 140
c 8 62 10 11 144
c 98 30 41 42 116
c 66 94 31 26 143
c 1 21 22 29 83
c 91 33 13 11 89
c 18 44 73 34 135
c 88 59 31 65 131
c 66 96 57 66 138
c 39 70 78 79 58
c 59 42 73 34 128
c 58 73 69 54 82
c 82 49 42 15 66
c 80 36 10 61 122
c 59 4 50 77 59
c 96 68 32 99 91
c 63 91 41 16 77
c 56 10 93 71 61
c 21 91 49 35 61
c 54 3 1 36 120
c 78 22 57 46 139
c 20 4 74 15 133
c 12 38 9 87 54
c 90 91 76 77 54
c 28 35 88 68 107
c 43 81 62 25 53
c 69 6 12 52 59
c 66 49 44 98 85
c 41 3 35 3 109
c 4 44 7 77 114
c 71 60 0 34 103
c 43 61 84 60 130
c 44 69 91 19 97
c 67 33 45 7 66
c 47 54 85 43 137
c 35 36 15 3 138
c 86 18 1 38 62
c 59 78 79 63 147
c 66 85 56 4 76
c 39 33 12 82 123
c 59 8 91 61 80
c 80 59 58 90 117
c 90 55 41 11 90
c 56 73 72 25 53
c 82 37 57 7 136
c 65 91 22 78 74
c 89 51 98 65 139
c 9 90 34 9 103
c 50 28 51 5 120
c 36 38 41 32 136
c 39 10 39 24 108
c 70 54 77 14 101
c 73 34 88 59 64
c 54 33 31 17 66
c 55 66 49 9 103
c 97 43 48 37 106
c 51 7 14 43 131
c 69 24 70 92 50
c 92 34 81 6 51
c 28 65 14 63 118
c 22 59 55 82 76
c 47 92 26 4 120
c 77 79 11 14 86
c 21 54 59 42 91
c 39 60 93 73 138
c 72 26 81 82 56
c 37 58 54 57 55
c 44 57 78 25 57
c 11 85 30 27 53
c 26 33 39 80 127
c 70 13 72 73 80
c 90 6 87 82 69
c 79 71 15 81 53
c 87 76 25 75 131
c 11 12 40 98 53
c 35 78 61 92 149
c 43 45 40 6 131
c 43 22 80 54 56
c 41 61 74 64 140
c 79 80 95 75 141
c 92 45 81 88 97
c 28 39 41 16 67
c 5 95 0 32 106
c 27 97 42 17 56
c 16 87 54 61 131
c 79 80 77 82 52
c 89 92 31 53 73
c 91 90 90 55 69
c 45 46 25 26 64
c 54 91 80 16 114
c 10 2 40 59 112
c 26 80 87 84 127
c 81 5 51 27 71
c 34 57 38 11 108
c 38 39 20 54 95
c 86 53 41 87 57
c 59 95 87 63 137
c 88 66 27 94 141
c 5 63 41 61 63
c 46 47 48 30 60
c 38 40 73 66 55
c 75 1 68 87 58
c 88 58 15 64 130
c 44 79 90 51 133
c 16 31 19 85 112
c 42 3 6 7 119
c 30 46 56 10 122
c 64 65 72 58 61
c 90 54 14 69 58
c 85 10 50 2 130
c 43 88 59 4 91
c 98 69 5 57 68
c 41 89 73 16 65
c 19 95 50 73 99
c 31 72 29 21 103
c 8 12 45 33 123
c 0 36 76 50 118
c 83 22 35 45 114
c 45 53 7 92 60
c 47 48 56 38 89
c 11 97 64 72 134
c 68 84 94 26 63
c 36 39 22 26 95
c 88 83 86 38 101
c 13 82 93 86 100
c 95 13 74 47 59
c 89 20 90 67 62
c 4 76 60 98 90
c 48 72 47 44 129
c 23 2 98 8 91
c 85 24 39 93 90
c 24 81 25 88 130
c 67 53 54 67 126
c 36 3 72 25 73
c 41 32 56 90 119
c 93 86 20 36 76
c 80 8 19 83 60
c 79 51 73 63 141
c 92 29 40 96 120
c 75 84 56 73 64
c 26 93 67 37 91
c 72 86 0 98 118
c 16 11 70 81 127
c 48 62 62 22 82
c 8 11 41 24 92
c 76 23 6 20 112
c 4 53 85 24 66
c 10 8 57 86 110
c 51 16 36 64 55
c 65 33 78 38 66
c 77 78 4 53 53
c 62 46 86 92 70
c 98 62 42 87 61
c 23 57 95 70 72
c 27 4 66 3 52
c 94 67 34 28 118
c 49 51 11 2 99
c 26 47 75 14 67
c 11 85 16 5 102
c 6 92 27 86 89
c 60 59 95 37 96
c 9 31 65 1 55
c 80 16 85 10 115
c 45 14 62 81 84
c 22 43 78 96 64
c 85 71 18 32 136
c 11 67 24 71 98
c 74 75 46 66 107
c 92 61 3 45 140
c 52 85 96 11 67
c 4 69 70 54 100
c 77 82 82 45 68
c 53 11 93 18 66
c 78 74 0 74 125
c 80 96 90 68 88
c 14 77 40 70 87
c 53 23 21 80 59
c 43 88 27 48 76
c 59 35 53 40 51
c 35 3 73 65 57
c 68 35 45 14 111
c 13 77 35 82 149
c 54 53 43 17 50
c 37 75 75 42 97
c 75 47 31 68 107
c 82 18 25 56 51
c 24 69 91 1 92
c 60 98 69 15 63
c 18 33 64 81 58
c 8 15 57 7 105
c 15 87 73 32 121
c 12 76 60 73 128
c 42 12 23 44 128
c 31 16 42 83 120
c 8 62 70 71 64
c 79 75 6 98 105
c 32 90 93 43 109
c 95 41 72 28 99
c 57 46 35 10 133
c 2 67 42 2 53
c 46 44 46 23 53
c 15 9 63 7 135
c 4 9 42 3 96
c 91 92 92 40 75
c 42 15 38 67 139
c 45 66 19 95 56
c 13 32 14 99 110
c 80 81 89 51 101
c 41 48 71 74 123
c 68 41 90 57 60
c 66 67 34 42 95
c 73 36 76 90 50
c 42 2 34 16 80
c 81 67 42 82 106
c 51 58 38 71 62
c 49 58 8 41 120
c 92 54 27 98 95
c 6 92 62 18 141
c 15 50 13 68 73
c 68 41 91 17 102
c 48 35 54 28 146
c 48 91 57 91 104
c 32 86 48 27 129
c 73 66 92 74 118
c 11 34 73 32 60
c 27 34 4 41 51
c 75 21 42 59 71
c 10 51 92 4 129
c 28 65 25 93 143
c 7 38 19 60 86
c 43 53 27 12 94
c 59 44 6 5 129
c 30 6 82 18 66
c 10 58 17 76 112
c 41 28 71 20 86
c 79 99 44 7 139
c 14 36 51 10 51
c 25 27 16 95 118
c 47 3 65 54 67
c 10 42 45 24 108
c 27 63 23 84 51
c 87 24 76 74 91
c 69 57 3 32 86
c 22 43 80 83 59
c 93 32 27 73 95
c 67 79 81 88 122
c 27 97 56 20 130
c 43 35 96 32 145
c 46 78 32 82 86
c 48 49 9 23 83
c 24 2 55 35 52
c 74 83 44 45 81
c 45 65 94 77 67
c 62 16 60 26 112
c 62 63 76 15 109
c 55 61 92 27 115
c 72 85 6 61 95
c 72 59 93 61 146
c 52 27 4 57 101
c 52 84 11 89 52
c 35 78 26 16 120
c 39 76 58 6 77
c 81 49 41 48 73
c 77 53 13 48 131
c 2 67 35 86 121
c 78 26 36 51 71
c 47 3 20 4 129
c 55 82 63 5 119
c 74 1 96 94 53
c 13 75 59 88 138
c 79 75 72 95 108
c 15 81 92 95 119
c 86 23 23 24 112
c 9 90 63 77 65
c 73 36 40 32 133
c 42 29 44 5 127
c 32 86 23 57 93
c 58 57 22 95 86
c 47 89 9 14 67
c 32 43 28 34 145
c 59 78 82 54 88
c 89 51 44 45 108
c 52 98 77 7 132
c 26 11 90 6 82
c 43 26 45 79 65
c 49 90 32 15 127
c 0 52 3 43 55
c 49 94 61 98 103
c 49 35 39 14 121
c 51 20 34 29 109
c 98 3 43 64 124
c 78 76 78 96 90
c 46 35 80 16 141
c 67 56 92 7 57
c 19 95 41 42 63
c 35 8 59 44 103
c 41 32 44 5 68
c 72 23 74 5 51
c 86 91 62 7 129
c 42 15 68 8 98
c 11 73 54 91 82
c 29 60 10 64 91
c 30 19 44 52 50
c 70 61 75 67 83
c 41 11 6 27 144
c 80 96 27 34 107
c 32 90 77 57 75
c 80 51 19 60 109
c 62 18 42 3 137
c 45 5 89 91 109
c 12 52 23 84 142
c 21 80 52 98 105
c 57 7 45 65 146
c 32 15 28 35 106
c 6 84 18 29 80
c 1 29 58 2 99
c 28 90 22 9 140
c 22 29 1 29 110
c 24 52 34 16 57
c 11 8 66 8 131
c 19 30 17 37 68
c 63 6 86 78 138
c 88 17 27 29 73
c 9 3 17 78 141
c 79 96 5 26 75
c 74 82 86 53 124
c 22 30 1 53 131
c 40 29 92 94 117
c 51 81 29 33 106
c 27 6 48 29 123
c 70 92 60 3 113
c 95 45 64 81 116
c 44 52 73 40 146
c 73 34 35 38 149
c 62 41 79 62 79
c 91 64 80 82 61
c 40 78 2 97 86
c 79 87 39 46 139
c 40 62 31 85 106
c 21 98 73 29 60
c 65 1 15 86 87
c 26 90 39 81 76
c 67 76 15 3 61
c 4 5 77 47 119
c 26 72 87 38 148
c 37 89 10 87 50
c 35 85 22 65 145
c 23 45 90 54 60
c 28 34 1 27 146
c 95 59 48 16 146
c 75 47 51 58 135
c 98 36 8 77 135
c 16 19 77 28 73
c 59 8 77 76 117
c 26 77 38 40 121
c 31 46 15 50 115
c 41 26 62 22 98
c 59 4 9 14 84
c 5 60 6 84 110
c 65 6 10 8 97
c 85 26 18 62 56
c 89 69 86 53 110
c 86 53 13 72 118
c 4 37 82 54 57
c 92 8 8 69 85
c 10 42 25 75 61
c 97 51 62 41 139
c 51 47 14 10 90
c 96 91 91 97 85
c 39 98 27 97 76
c 73 27 8 60 63
c 41 48 48 40 127
c 1 27 89 18 114
c 20 66 57 86 104
c 92 4 13 84 136
c 55 71 42 59 114
c 43 81 26 14 105
c 90 60 26 14 63
c 15 34 65 93 63
c 31 64 53 54 65
c 71 76 53 54 69
c 16 98 90 6 57
c 37 4 32 47 114
c 87 88 57 31 67
c 97 88 54 46 64
c 31 80 96 32 64
c 26 91 74 94 102
c 86 92 32 33 62
c 80 44 38 67 81
c 82 49 81 37 50
c 75 78 46 44 62
c 17 10 31 85 99
c 74 5 22 23 100
c 39 40 6 27 91
c 77 76 24 2 87
c 76 23 8 83 91
c 63 4 87 90 60
c 64 80 34 43 128
c 40 30 63 65 96
c 1 13 21 85 94
c 78 87 61 98 107
c 38 34 98 54 66
c 65 69 47 67 88
c 52 40 23 57 111
c 30 2 26 40 98
c 81 6 3 65 115
c 87 90 82 50 113
c 25 78 81 10 101
c 82 42 17 10 134
c 68 87 38 93 80
c 92 94 77 7 130
c 10 58 72 45 137
c 50 28 63 21 119
c 93 94 26 80 108
c 98 88 56 10 103
c 48 7 64 23 106
c 57 13 77 47 75
c 54 55 66 8 125
c 94 26 67 37 51
c 35 78 54 28 99
c 30 31 58 35 74
c 81 27 29 62 149
c 80 83 4 37 124
c 51 10 94 95 75
c 14 80 98 92 71
c 18 70 4 93 84
c 16 98 22 23 81
c 9 54 97 91 82
c 85 34 39 41 61
c 3 88 4 54 73
c 88 58 52 64 91
c 22 92 21 69 143
c 40 86 77 7 136
c 37 95 65 54 56
c 32 5 67 56 67
c 75 47 56 4 90
c 23 44 46 57 111
c 49 35 80 54 79
c 93 92 84 27 147
c 69 36 27 97 127
c 78 10 26 27 74
c 9 34 89 97 118
c 1 19 62 80 115
c 66 6 46 89 77
c 26 82 34 31 52
c 71 51 65 72 114
c 76 28 75 26 95
c 16 70 88 17 56
c 33 77 17 18 134
c 58 23 51 21 73
c 98 92 22 41 85
c 42 29 34 35 112
c 28 43 62 41 81
c 59 60 39 93 115
c 46 89 44 4 94
c 98 88 61 62 80
c 66 6 44 10 65
c 20 92 19 25 81
c 9 32 25 93 52
c 92 88 22 23 86
c 4 48 31 32 141
c 21 69 44 5 89
c 71 95 68 42 88
c 80 54 81 59 85
c 44 21 98 54 93
c 36 78 89 8 78
c 56 20 77 14 73
c 28 91 9 14 80
c 93 20 80 68 83
c 69 57 47 33 75
c 56 58 28 82 130
c 31 16 64 81 101
c 17 78 6 11 106
c 75 46 37 84 138
c 6 2 23 60 60
c 65 57 87 88 85
c 61 65 88 41 113
c 30 14 3 51 147
c 40 21 47 78 91
c 6 11 30 65 68
c 44 61 70 81 109
c 93 2 37 84 54
c 20 15 71 62 125
c 74 21 59 33 83
c 53 61 12 66 105
c 36 39 29 99 148
c 4 10 16 43 93
c 71 82 95 9 78
c 87 69 50 70 115
c 86 91 66 96 59
c 69 60 48 68 142
c 49 71 49 22 89
c 32 76 11 72 90
c 80 16 5 63 81
c 62 7 45 47 57
c 96 56 63 65 58
c 23 92 80 48 65
c 87 88 97 33 55
c 95 37 89 47 99
c 92 4 23 85 90
c 58 52 55 66 89
c 63 86 59 70 55
c 66 57 1 15 144
c 18 1 25 34 122
c 67 30 41 42 149
c 15 18 85 26 83
c 29 21 30 46 141
c 67 37 45 68 63
c 58 6 1 38 84
c 65 57 55 35 124
c 64 39 90 14 112
c 59 11 61 81 71
c 87 82 37 59 95
c 55 56 23 45 147
c 74 1 35 85 135
c 74 50 51 97 136
c 43 12 1 2 106
c 44 52 40 77 85
c 32 55 84 27 105
c 50 28 12 42 67
c 55 81 11 8 52
c 55 28 11 8 110
c 84 17 13 37 117
c 29 99 31 91 71
c 16 70 55 71 99
c 34 26 27 59 122
c 32 99 41 18 52
c 76 99 44 13 136
c 39 41 25 88 81
c 55 35 11 33 76
c 6 11 70 61 77
c 54 55 25 75 145
c 27 91 0 47 109
c 67 30 64 32 109
c 49 86 61 85 110
c 48 27 51 31 125
c 20 36 58 54 86
c 67 33 61 17 118
c 68 8 23 46 103
c 93 92 87 90 106
c 45 97 26 44 63
c 41 54 3 86 60
c 1 84 94 42 77
c 47 78 1 68 53
c 50 77 26 50 101
c 8 16 11 44 124
c 13 37 2 97 82
c 19 41 48 81 143
c 30 46 39 6 89
c 86 91 71 52 56
c 32 76 28 45 98
c 83 84 64 44 103
c 87 90 30 2 149
c 14 15 45 24 75
c 59 4 98 62 53
c 69 11 50 21 138
c 61 92 73 40 83
c 17 97 85 10 65
c 37 78 88 17 67
c 45 97 48 37 53
c 26 90 81 27 58
c 6 63 53 61 91
c 31 64 67 68 133
c 25 56 41 3 135
c 22 29 68 35 105
c 25 5 73 34 87
c 28 42 36 38 56
c 92 8 64 58 84
c 82 50 55 81 140
c 39 48 32 97 90
c 6 19 56 98 73
c 7 15 76 25 50
c 13 68 42 9 134
c 11 8 10 72 66
c 72 57 61 92 123
c 17 78 67 79 124
c 11 13 1 26 148
c 82 44 93 73 130
c 45 24 87 8 62
c 48 28 20 99 135
c 17 79 78 10 143
c 41 68 87 76 55
c 56 97 12 82 111
c 32 33 43 44 121
c 56 63 2 3 103
c 7 38 9 97 82
c 12 76 83 30 124
c 84 11 26 22 106
c 74 38 33 2 106
c 87 13 63 64 91
c 39 81 10 84 123
c 5 57 84 36 98
c 11 85 14 36 108
c 49 14 74 83 142
c 49 90 25 88 54
c 93 32 1 49 73
c 66 6 93 69 100
c 48 26 28 34 72
c 86 23 73 36 91
c 15 40 82 54 77
c 13 84 0 52 79
c 54 3 6 59 143
c 34 28 89 81 56
c 44 56 5 75 121
c 1 2 45 7 68
c 7 47 90 44 53
c 52 76 86 78 118
c 37 78 32 15 104
c 8 9 54 91 62
c 15 61 52 84 81
c 59 88 58 57 68
c 44 45 76 90 103
c 28 84 87 84 75
c 9 55 4 9 56
c 76 25 59 28 146
c 82 54 89 21 142
c 71 95 2 8 59
c 7 77 68 81 148
c 91 12 15 16 120
c 56 76 8 89 121
c 18 1 91 46 50
c 54 3 62 87 86
c 74 46 5 30 63
c 80 22 21 87 78
c 24 69 95 83 148
c 82 49 50 21 130
c 84 46 14 77 124
c 66 3 82 2 86
c 93 1 32 38 67
c 74 1 10 67 146
c 18 33 74 64 128
c 76 50 39 73 50
c 1 62 56 73 127
c 43 81 12 82 143
c 29 43 43 47 125
c 1 27 72 33 143
c 97 27 13 87 142
c 75 71 58 65 134
c 2 79 51 97 87
c 91 17 66 95 73
c 19 85 33 77 111
c 13 60 31 50 109
c 19 97 2 8 143
c 61 16 8 55 113
c 26 19 46 89 102
c 17 10 14 65 71
c 48 37 43 81 56
c 87 64 96 97 134
c 3 85 90 49 101
c 36 38 1 14 90
c 87 88 78 15 103
c 0 74 1 71 112
c 56 63 92 27 110
c 71 74 81 40 143
c 51 57 28 39 129
c 69 60 28 38 86
c 42 2 65 72 76
c 25 27 94 78 121
c 59 33 19 42 140
c 3 83 88 77 73
c 71 60 86 38 114
c 32 33 40 59 108
c 63 69 57 82 59
c 81 69 86 98 77
c 70 66 61 57 90
c 70 61 76 28 133
c 64 44 88 94 70
c 8 55 8 89 121
c 93 64 32 47 113
c 43 52 37 55 76
c 20 52 17 41 95
c 56 98 84 80 132
c 72 63 10 62 54
c 92 4 11 67 57
c 4 37 98 3 55
c 38 11 34 47 106
c 64 23 32 16 69
c 57 13 15 51 135
c 85 10 29 33 139
c 76 53 52 39 103
c 96 79 36 87 54
c 63 53 40 89 71
c 29 53 80 42 119
c 75 21 54 61 67
c 76 86 9 54 132
c 66 67 92 50 134
c 32 9 25 33 118
c 44 28 90 30 71
c 55 15 26 23 108
c 68 42 36 85 139
c 75 24 87 69 69
c 36 66 51 17 97
c 15 9 4 10 74
c 10 51 15 16 100
c 10 68 87 82 71
c 30 79 21 78 58
c 25 86 28 82 58
c 87 48 42 80 126
c 81 29 80 2 58
c 90 54 30 31 82
c 65 66 68 8 102
c 36 5 6 92 91
c 5 20 87 48 131
c 23 17 19 30 61
c 90 51 90 30 94
c 86 37 68 84 70
c 18 32 1 37 96
c 63 5 43 28 114
c 26 93 51 16 93
c 23 14 73 27 129
c 48 30 56 53 115
c 18 19 86 56 129
c 66 3 39 46 66
c 97 51 42 3 149
c 24 81 69 85 85
c 83 10 5 95 51
c 74 38 59 62 117
c 35 52 46 4 141
c 47 82 12 1 131
c 55 33 44 12 143
c 52 76 47 54 135
c 11 86 48 27 61
c 16 44 42 17 88
c 26 33 74 82 123
c 14 15 10 62 75
c 42 15 72 79 142
c 11 14 75 52 113
c 69 57 85 10 75
c 49 26 41 3 94
c 43 44 15 46 115
c 17 41 0 19 68
c 57 97 53 38 59
c 22 43 98 95 123
c 39 66 69 85 148
c 24 69 43 86 138
c 66 86 66 56 114
c 96 91 34 21 109
c 26 87 44 12 90
c 7 15 6 81 115
c 38 11 21 78 69
c 98 15 32 82 120
c 29 99 11 55 51
c 7 87 62 80 117
c 62 2 73 96 73
c 87 69 19 92 87
c 34 55 64 86 124
c 19 41 70 79 79
c 67 37 81 88 147
c 76 47 38 34 124
c 84 47 58 30 102
c 66 4 88 18 88
c 6 12 94 2 142
c 51 16 15 3 105
c 88 75 9 47 84
c 49 96 16 43 132
c 48 78 51 62 146
c 22 84 26 87 86
c 67 95 50 18 136
c 34 63 34 46 60
c 0 20 76 50 93
c 2 62 33 35 123
c 1 63 81 5 52
c 31 68 2 62 85
c 26 40 81 5 116
c 55 69 39 14 148
c 98 15 65 57 87
c 26 39 71 89 71
c 73 66 93 43 137
c 13 14 49 69 125
c 50 45 82 35 97
c 56 97 77 36 91
c 18 70 72 28 84
c 25 56 14 17 125
c 73 34 81 29 90
c 62 61 28 45 70
c 92 14 48 65 111
c 55 48 71 20 102
c 36 93 48 68 124
c 35 85 82 18 69
c 20 90 66 31 111
c 26 1 49 27 84
c 65 6 74 79 95
c 15 34 18 1 143
c 74 47 43 61 72
c 55 48 56 53 79
c 48 49 30 46 124
c 20 99 21 17 94
c 16 31 3 51 100
c 14 68 27 12 71
c 43 44 4 66 145
c 71 13 90 44 79
c 25 56 94 2 138
c 81 60 74 45 134
c 70 81 29 7 131
c 12 1 82 42 88
c 82 57 38 71 58
c 38 39 22 52 126
c 44 5 6 98 132
c 44 28 58 6 51
c 78 86 98 43 127
c 54 55 32 52 99
c 76 39 31 7 97
c 39 75 72 20 135
c 87 64 3 46 86
c 24 8 38 93 64
c 57 91 80 68 135
c 51 58 46 23 124
c 41 68 77 53 92
c 38 39 70 66 138
c 13 68 85 11 87
c 51 83 87 64 119
c 14 99 48 16 129
c 57 58 32 97 71
c 46 89 56 83 76
c 10 17 62 25 140
c 41 47 12 35 107
c 69 60 28 3 128
c 33 35 36 66 52
c 6 20 34 31 96
c 87 1 46 6 97
c 98 44 31 50 132
c 49 26 13 45 112
c 52 22 18 70 55
c 15 70 50 94 60
c 4 10 21 87 89
c 98 52 67 95 89
c 6 12 97 70 124
c 19 85 80 83 56
c 78 5 68 81 134
c 28 12 58 71 107
c 94 89 20 99 50
c 50 77 68 83 122
c 88 75 9 20 138
c 64 58 42 9 53
c 72 9 68 74 64
c 88 59 10 11 117
c 13 73 80 45 50
c 89 2 95 59 93
c 14 23 11 97 99
c 45 7 45 99 50
c 32 99 7 3 95
c 47 53 90 33 145
c 1 84 85 11 59
c 23 14 36 15 112
c 92 50 90 91 106
c 49 27 5 75 144
c 49 9 73 40 101
c 12 38 70 81 125
c 53 23 45 53 100
c 57 97 91 64 139
c 58 1 23 61 108
c 75 71 39 70 85
c 29 43 42 45 138
c 94 83 35 78 105
c 35 82 23 44 142
c 30 27 76 28 146
c 56 4 12 93 125
c 22 62 24 68 130
c 78 68 7 92 56
c 31 30 72 23 88
c 26 80 87 13 144
c 0 11 85 33 121
c 25 78 94 89 148
c 2 41 22 52 96
c 92 8 11 33 98
c 8 26 41 61 51
c 43 64 27 96 88
c 26 21 59 96 146
c 95 59 10 97 136
c 38 67 34 62 134
c 11 98 79 16 149
c 15 61 84 89 125
c 64 2 52 15 115
c 92 50 17 50 66
c 15 72 74 83 136
c 28 91 50 18 63
c 12 89 66 27 94
c 96 29 93 6 99
c 65 53 53 19 109
c 35 8 89 8 141
c 13 19 63 6 84
c 39 98 66 57 99
c 13 75 54 53 61
c 44 96 20 85 116
c 42 59 85 30 84
c 93 1 10 67 87
c 10 68 6 38 94
c 53 66 19 25 148
c 93 86 20 85 85
c 57 35 73 34 80
c 56 10 13 33 76
c 65 39 69 25 141
c 75 84 34 71 103
c 74 40 82 44 87
c 49 58 15 51 76
c 89 99 55 81 88
c 39 70 98 62 117
c 22 9 87 51 133
c 63 81 6 98 100
c 9 47 25 33 71
c 28 82 35 59 118
c 44 79 14 58 109
c 91 5 48 30 76
c 77 79 73 32 93
c 39 76 28 34 83
c 31 46 20 78 114
c 78 68 3 7 133
c 55 82 1 21 133
c 75 1 46 7 149
c 1 53 89 97 85
c 43 22 56 63 124
c 86 23 75 19 109
c 39 46 95 45 121
c 90 49 8 23 129
c 44 36 37 55 91
c 77 33 21 22 111
c 49 50 48 49 85
c 48 80 31 72 68
c 59 78 94 83 96
c 21 74 47 54 82
c 73 36 24 1 61
c 45 53 19 60 110
c 84 56 70 54 142
c 2 79 25 78 120
c 18 29 30 31 104
c 13 33 37 38 83
c 69 85 56 53 58
c 88 95 20 92 83
c 77 47 19 96 51
c 48 68 61 92 104
c 43 58 16 47 130
c 44 71 84 7 88
c 6 27 52 21 116
c 83 9 52 78 50
c 50 73 43 28 114
c 22 23 45 97 82
c 27 34 49 94 65
c 81 27 49 9 142
c 62 27 65 66 144
c 73 80 95 66 69
c 83 63 95 9 104
c 89 23 76 66 101
c 42 2 18 14 133
c 23 98 84 98 52
c 84 19 56 26 104
c 35 38 76 77 142
c 88 40 6 34 103
c 15 87 19 97 102
c 66 49 62 80 56
c 84 73 28 25 85
c 36 87 31 46 96
c 53 11 12 35 51
c 51 81 67 96 107
c 11 33 20 88 132
c 45 40 93 18 129
c 15 87 1 48 81
c 32 59 98 32 106
c 59 4 30 61 120
c 72 45 1 38 125
c 22 95 91 92 140
c 31 30 6 12 111
c 13 68 78 1 59
c 47 44 72 73 127
c 31 26 72 63 146
c 83 30 81 39 101
c 19 20 8 62 56
c 43 81 47 67 145
c 13 11 6 64 82
c 49 26 83 17 79
c 90 12 67 30 128
c 1 3 62 25 60
c 96 91 28 32 50
c 32 28 11 55 70
c 95 94 10 25 123
c 54 61 35 78 91
c 51 79 97 70 79
c 8 69 24 72 89
c 87 38 1 3 55
c 35 10 45 40 110
c 30 47 63 65 140
c 48 27 28 1 126
c 41 71 78 53 148
c 83 9 29 99 52
c 62 87 87 7 90
c 75 52 63 13 117
c 32 55 92 95 113
c 45 47 18 14 109
c 82 77 94 26 80
c 38 69 82 25 140
c 50 77 88 83 124
c 91 43 63 83 104
c 40 59 55 28 139
c 96 11 63 4 79
c 68 83 12 1 73
c 43 45 20 1 107
c 44 71 54 46 69
c 7 87 40 96 94
c 34 21 34 46 69
c 90 30 88 11 134
c 37 63 63 21 119
c 13 2 76 99 67
c 39 33 70 71 149
c 84 88 8 77 121
c 88 11 57 46 145
c 74 62 3 45 80
c 37 4 22 9 96
c 45 46 52 18 51
c 72 63 92 27 125
c 32 59 13 38 120
c 46 31 62 41 71
c 90 12 31 98 52
c 22 78 66 4 81
c 41 32 28 3 144
c 91 12 67 36 76
c 32 15 40 96 70
c 88 18 18 61 132
c 45 24 66 63 66
c 43 61 45 80 146
c 80 4 98 23 50
c 84 98 1 14 74
c 62 61 6 61 102
c 47 82 66 49 148
c 45 64 87 60 133
c 30 98 45 64 91
c 17 78 43 45 81
c 58 59 50 49 71
c 91 90 90 44 76
c 33 34 14 33 60
c 39 3 36 38 67
c 73 10 92 61 66
c 15 64 19 83 136
c 12 35 87 76 71
c 52 21 35 98 113
c 51 16 73 16 74
c 84 45 45 65 113
c 78 15 91 95 105
c 48 27 24 68 137
c 11 44 43 58 127
c 48 33 31 19 66
c 24 72 92 93 107
c 46 63 86 78 130
c 97 70 93 61 88
c 38 79 39 73 93
c 32 5 62 18 76
c 96 91 79 75 139
c 18 56 51 24 116
c 39 14 51 20 126
c 67 95 21 78 132
c 17 76 90 49 128
c 56 97 56 26 109
c 97 56 48 62 97
c 66 63 87 84 107
c 35 36 13 91 81
c 78 10 20 99 124
c 63 56 11 14 129
c 73 74 52 19 122
c 28 82 42 2 122
c 39 3 22 36 84
c 32 2 48 28 125
c 69 85 81 59 69
c 55 61 12 42 111
c 88 77 71 91 135
c 28 65 71 20 53
c 67 33 88 66 143
c 69 22 43 26 138
c 3 83 81 49 68
c 46 73 64 42 61
c 39 70 70 13 61
c 97 38 92 14 107
c 70 61 41 89 129
c 45 59 43 26 92
c 87 24 12 62 104
c 33 2 53 62 75
c 66 33 83 30 97
c 96 29 29 65 149
c 9 31 98 54 59
c 79 51 91 46 54
c 34 55 88 68 98
c 94 89 95 75 91
c 74 50 66 3 100
c 34 28 15 50 56
c 56 63 35 13 70
c 6 35 82 66 140
c 86 87 43 28 128
c 88 77 78 1 129
c 55 44 26 32 97
c 77 33 95 17 130
c 23 67 60 24 67
c 42 9 20 15 137
c 78 74 4 37 97
c 40 71 67 53 147
c 65 33 84 36 121
c 19 97 64 80 107
c 85 10 95 66 129
c 15 43 30 65 88
c 14 43 68 8 85
c 70 66 66 31 79
c 10 74 40 59 55
c 4 93 48 15 58
c 98 44 5 77 55
c 47 86 25 86 126
c 66 67 51 26 89
c 18 29 28 42 56
c 94 78 84 73 102
c 22 74 85 79 105
c 0 32 8 31 88
c 16 11 75 14 117
c 55 34 41 47 64
c 59 11 92 94 149
c 20 52 76 66 129
c 3 43 94 2 84
c 78 76 77 53 142
c 17 50 68 5 105
c 62 63 18 70 104
c 71 41 69 57 116
c 3 56 32 9 139
c 83 36 47 89 145
c 91 56 58 76 124
c 80 83 30 98 98
c 18 90 72 33 92
c 28 82 14 74 77
c 82 49 90 60 70
c 94 68 12 62 57
c 81 10 50 16 130
c 48 68 40 86 138
c 75 83 34 31 79
c 16 11 4 57 112
c 96 94 78 76 121
c 30 75 30 14 79
c 12 38 72 9 84
c 4 57 8 11 70
c 52 53 74 17 129
c 39 81 24 68 81
c 64 39 46 36 130
c 93 94 38 62 114
c 74 50 84 73 62
c 57 30 40 29 53
c 18 70 45 5 149
c 33 76 21 80 112
c 45 59 89 8 108
c 10 37 38 60 75
c 60 61 46 63 114
c 39 6 53 19 64
c 47 67 53 76 76
c 91 5 1 2 145
c 35 59 82 73 56
c 91 95 33 72 110
c 61 98 87 5 101
c 66 56 16 19 89
c 79 75 64 63 62
c 67 56 93 94 84
c 45 99 45 58 78
c 38 34 94 95 67
c 65 91 36 56 51
c 19 25 84 27 92
c 74 66 33 13 109
c 15 33 45 40 139
c 79 52 58 57 59
c 18 61 90 40 79
c 54 61 94 89 87
c 22 65 96 68 73
c 13 91 68 87 80
c 32 76 36 87 84
c 48 62 51 8 91
c 7 86 48 80 143
c 73 28 1 21 106
c 35 70 43 52 147
c 69 18 53 76 101
c 62 15 59 56 111
c 26 27 12 96 62
c 66 4 13 37 116
c 64 92 28 29 148
c 43 35 22 1 65
c 93 43 53 54 98
c 55 66 34 68 138
c 29 77 64 65 99
c 32 76 50 18 104
c 74 50 0 76 127
c 71 52 83 9 98
c 11 74 93 91 101
c 39 3 77 14 103
c 4 74 8 77 97
c 25 90 58 6 68
c 84 46 13 96 140
c 58 35 65 45 136
c 23 78 59 78 77
c 97 88 4 62 85
c 63 44 27 12 91
c 4 62 98 32 83
c 15 5 86 98 122
c 59 28 34 71 138
c 51 47 73 96 104
c 87 13 84 91 53
c 41 35 30 46 60
c 39 6 82 83 90
c 1 15 59 42 50
c 12 1 13 37 105
c 77 14 78 69 64
c 16 9 31 68 115
c 5 6 9 86 98
c 90 33 84 93 106
c 89 90 92 95 107
c 45 5 11 55 106
c 34 35 30 27 64
c 71 60 78 22 120
c 37 95 66 24 120
c 62 80 59 33 111
c 43 37 96 94 50
c 32 2 39 14 110
c 0 98 41 11 112
c 95 18 6 2 125
c 0 74 98 44 139
c 8 41 64 90 111
c 31 80 90 12 51
c 85 34 90 42 97
c 63 77 77 53 142
c 1 13 29 99 101
c 10 2 7 92 79
c 39 33 85 43 90
c 4 7 65 1 127
c 8 26 62 46 81
c 66 57 11 2 114
c 31 53 98 99 107
c 78 68 69 85 89
c 6 38 75 46 78
c 39 41 66 8 111
c 82 57 39 3 131
c 42 45 35 8 70
c 76 99 31 7 81
c 20 15 42 2 101
c 19 25 57 30 110
c 30 79 59 15 133
c 41 62 95 79 121
c 27 63 49 51 123
c 41 47 29 99 146
c 39 98 69 47 79
c 19 60 61 62 96
c 92 94 36 89 138
c 67 46 41 61 111
c 34 3 16 47 135
c 96 79 15 91 148
c 74 40 36 3 75
c 64 43 93 53 67
c 93 64 19 22 93
c 22 9 20 12 91
c 66 85 88 41 117
c 37 4 71 91 149
c 5 54 44 12 140
c 2 8 92 54 101
c 62 46 98 54 101
c 45 99 76 6 117
c 26 90 89 97 118
c 19 30 40 6 101
c 74 21 16 11 97
c 43 52 39 51 91
c 20 66 13 82 149
c 4 7 73 44 51
c 62 41 1 43 119
c 39 81 75 26 73
c 50 28 38 21 64
c 97 83 4 44 148
c 30 89 90 3 115
c 14 53 48 68 81
c 39 24 73 80 64
c 88 41 50 16 124
c 24 2 26 47 130
c 9 32 80 5 61
c 88 68 43 96 103
c 50 16 61 60 73
c 60 50 9 45 79
c 41 89 63 44 141
c 51 31 14 97 142
c 31 75 84 60 107
c 82 77 26 70 52
c 1 33 90 40 121
c 15 46 70 71 57
c 60 24 14 96 52
c 34 71 24 2 133
c 56 97 47 78 95
c 77 47 51 47 141
c 97 33 37 63 104
c 59 96 49 27 109
c 43 35 27 42 52
c 20 82 87 60 81
c 15 50 68 42 74
c 32 16 45 58 149
c 91 61 63 64 62
c 24 97 63 77 59
c 71 51 73 44 95
c 83 84 4 9 53
c 18 70 11 56 72
c 73 80 56 18 54
c 16 97 17 10 66
c 86 52 14 24 122
c 81 10 52 57 80
c 51 8 94 89 138
c 56 40 34 35 144
c 25 5 32 28 136
c 97 91 84 91 115
c 0 11 97 56 116
c 30 62 65 93 89
c 26 80 59 82 97
c 43 36 57 32 108
c 17 41 34 56 104
c 24 72 42 3 113
c 34 3 17 10 77
c 88 75 66 85 79
c 65 87 62 46 84
c 49 96 51 62 121
c 62 2 66 67 98
c 3 59 63 86 100
c 80 96 15 34 79
c 56 75 15 51 70
c 49 92 94 2 108
c 78 87 26 91 75
c 82 54 14 23 95
c 15 40 44 61 136
c 43 79 82 44 63
c 22 23 89 87 103
c 35 70 66 6 51
c 38 79 42 45 94
c 27 73 95 75 102
c 9 47 57 62 127
c 25 75 38 39 141
c 49 50 33 72 96
c 8 77 71 86 67
c 98 8 94 20 144
c 91 58 23 85 116
c 17 37 96 68 91
c 80 42 11 56 134
c 81 39 76 6 116
c 30 62 32 15 99
c 5 77 96 62 96
c 47 78 70 13 68
c 32 99 70 81 129
c 13 33 32 33 128
c 51 27 32 8 108
c 94 14 39 74 119
c 21 87 65 6 82
c 26 33 51 97 78
c 43 22 25 75 144
c 80 23 48 72 118
c 0 76 71 15 79
c 98 93 59 15 50
c 22 78 1 33 93
c 4 44 32 28 68
c 74 79 89 2 73
c 15 64 76 6 61
c 33 34 78 69 83
c 26 14 43 58 89
c 14 17 15 16 135
c 38 40 14 51 133
c 9 81 26 50 50
c 55 95 58 71 63
c 8 41 50 8 144
c 46 91 27 15 131
c 65 57 88 89 128
c 25 5 74 46 127
c 8 12 27 97 80
c 43 45 3 32 60
c 64 75 98 15 147
c 20 36 22 14 88
c 15 9 8 9 85
c 3 90 54 33 147
c 5 99 50 2 92
c 11 86 30 98 96
c 20 43 57 62 109
c 84 46 52 78 116
c 29 62 36 89 122
c 71 39 16 87 73
c 76 77 59 60 70
c 92 29 35 45 125
c 79 11 37 63 149
c 15 18 19 97 103
c 43 68 14 43 134
c 72 45 62 81 134
c 10 4 35 38 139
c 20 53 26 23 63
c 68 87 81 60 83
c 64 58 65 1 147
c 60 27 74 82 58
c 6 92 94 14 92
c 50 45 23 46 107
c 52 87 73 96 129
c 94 67 91 56 62
c 19 60 12 35 120
c 26 4 96 32 135
c 29 21 44 52 118
c 22 90 56 75 56
c 83 88 69 11 110
c 84 93 2 97 90
c 84 76 59 96 88
c 27 94 82 2 83
c 30 79 72 45 122
c 70 92 6 2 57
c 36 67 89 20 127
c 72 57 41 42 141
c 15 18 97 51 102
c 38 60 51 57 102
c 97 56 4 57 78
c 20 41 20 36 70
c 40 86 90 98 135
c 24 25 27 86 67
c 90 40 65 69 108
c 51 97 19 4 124
c 87 1 53 77 83
c 8 45 44 21 129
c 32 47 66 56 107
c 71 50 71 89 82
c 39 93 63 83 66
c 71 82 88 95 138
c 56 75 3 59 134
c 67 77 62 25 61
c 65 33 43 68 149
c 39 33 76 25 149
c 70 71 26 21 64
c 69 25 10 61 100
c 92 94 51 57 112
c 80 48 79 33 54
c 79 99 73 16 65
c 10 4 55 1 133
c 27 42 80 54 52
c 23 98 61 17 96
c 0 32 78 10 62
c 46 78 72 85 103
c 1 27 69 6 135
c 18 90 52 64 74
c 37 99 46 57 108
c 88 95 82 77 119
c 11 55 97 33 79
c 62 71 81 39 59
c 94 78 96 79 81
c 86 37 73 29 79
c 55 95 4 37 136
c 74 40 1 3 107
c 49 90 77 47 96
c 55 58 0 70 135
c 51 24 87 84 51
c 0 20 74 40 112
c 56 91 23 60 57
c 67 96 6 64 73
c 10 68 90 42 92
c 84 60 50 27 114
c 55 56 49 19 100
c 13 11 73 51 144
c 43 88 0 26 96
c 5 26 54 28 142
c 40 50 11 8 69
c 53 76 10 40 126
c 52 57 3 7 138
c 78 10 91 61 113
c 27 15 87 60 111
c 27 24 22 1 71
c 25 46 98 23 128
c 93 86 35 93 143
c 64 72 19 63 126
c 15 76 73 31 126
c 30 14 34 35 116
c 76 23 64 42 143
c 31 30 61 17 95
c 67 96 70 15 129
c 8 9 32 37 114
c 38 25 13 11 53
c 70 71 44 28 130
c 88 58 15 46 72
c 53 61 90 31 140
c 75 98 11 98 118
c 75 26 27 66 135
c 52 19 55 48 73
c 14 17 64 42 122
c 7 87 60 3 86
c 18 29 6 95 112
c 80 83 55 82 75
c 57 62 48 78 76
c 51 7 39 5 110
c 56 97 43 28 98
c 70 13 5 30 59
c 15 9 82 49 141
c 80 2 52 6 64
c 27 4 92 54 79
c 25 78 31 19 75
c 34 31 81 27 81
c 57 31 12 67 149
c 75 21 43 47 62
c 9 14 3 90 133
c 30 6 54 37 71
c 43 36 72 2 64
c 50 21 47 89 59
c 18 76 64 39 112
c 81 40 55 35 109
c 84 80 82 83 96
c 17 45 44 10 107
c 39 14 34 28 63
c 25 90 92 61 99
c 57 77 11 54 89
