notes: n=100, m=990, elb=1, eub=20, density=0.1, conf_density=0.002, clb=100, cub= 200, seed= 4392
p spec 100 990 979
s 0
t 99
a 0 1 19
a 0 13 16
a 0 66 4
a 0 83 8
a 0 97 15
a 0 8 14
a 0 58 17
a 0 4 17
a 1 2 7
a 1 65 18
a 1 48 19
a 1 34 12
a 1 38 18
a 1 32 12
a 1 81 7
a 2 3 8
a 2 77 5
a 2 35 19
a 2 57 11
a 2 83 2
a 2 55 11
a 2 71 19
a 2 44 15
a 2 1 16
a 3 4 4
a 3 41 4
a 3 89 8
a 3 98 18
a 3 37 1
a 3 75 6
a 3 19 10
a 3 16 15
a 3 94 15
a 4 5 1
a 4 2 7
a 4 72 5
a 4 47 4
a 4 52 3
a 4 49 8
a 4 8 17
a 5 6 14
a 5 79 10
a 5 7 3
a 5 97 3
a 5 59 11
a 5 33 19
a 5 69 11
a 6 7 17
a 6 17 5
a 6 50 3
a 6 26 4
a 6 28 9
a 6 96 1
a 6 3 19
a 7 8 7
a 7 11 8
a 7 23 7
a 7 73 18
a 7 30 10
a 7 85 16
a 7 82 16
a 7 45 2
a 7 87 18
a 7 65 10
a 7 27 12
a 7 95 12
a 8 9 7
a 8 64 1
a 8 70 19
a 8 58 14
a 8 3 4
a 8 93 9
a 8 65 14
a 8 18 2
a 8 97 3
a 8 25 1
a 8 38 8
a 8 27 9
a 8 14 12
a 9 10 2
a 9 53 15
a 9 59 19
a 9 34 18
a 9 68 18
a 9 89 1
a 9 69 19
a 9 77 16
a 9 26 7
a 10 11 1
a 10 51 13
a 10 46 7
a 10 93 7
a 10 84 14
a 10 50 7
a 10 25 13
a 10 69 13
a 10 21 13
a 10 59 13
a 10 76 7
a 10 47 14
a 10 29 18
a 10 67 10
a 10 40 9
a 11 12 11
a 11 71 4
a 11 86 15
a 11 90 17
a 11 26 1
a 11 82 8
a 12 13 12
a 12 21 19
a 12 76 16
a 12 52 18
a 12 26 11
a 12 28 11
a 12 74 15
a 12 18 4
a 13 14 12
a 13 51 13
a 13 85 5
a 13 11 13
a 13 4 12
a 13 33 15
a 13 96 12
a 13 48 7
a 13 87 17
a 13 78 19
a 14 15 11
a 14 68 8
a 14 86 17
a 14 13 15
a 14 35 5
a 14 85 19
a 14 76 5
a 14 30 16
a 14 87 16
a 14 49 11
a 15 16 13
a 15 51 18
a 15 67 14
a 15 44 1
a 15 14 2
a 15 35 15
a 15 64 9
a 15 82 19
a 15 8 12
a 15 97 18
a 15 61 2
a 16 17 3
a 16 4 3
a 16 66 1
a 16 55 17
a 16 46 18
a 16 39 10
a 16 21 5
a 16 54 13
a 17 18 15
a 17 75 5
a 17 45 16
a 17 29 14
a 17 2 2
a 17 5 17
a 17 83 9
a 18 19 2
a 18 76 8
a 18 65 19
a 18 39 1
a 18 67 6
a 18 99 16
a 18 23 10
a 18 93 7
a 18 70 15
a 18 98 15
a 18 60 5
a 18 68 3
a 18 10 18
a 18 92 7
a 18 84 13
a 19 20 18
a 19 49 17
a 19 64 2
a 19 35 7
a 19 81 1
a 19 58 3
a 19 48 11
a 19 3 2
a 19 33 17
a 20 21 8
a 20 22 7
a 20 73 19
a 20 57 9
a 20 35 4
a 20 32 12
a 20 89 3
a 21 22 6
a 21 8 11
a 21 95 17
a 21 64 18
a 21 63 13
a 21 31 15
a 21 3 10
a 21 34 3
a 21 56 8
a 21 4 19
a 21 39 11
a 21 78 5
a 21 80 4
a 21 61 1
a 22 23 11
a 22 81 1
a 22 25 5
a 22 75 2
a 22 48 9
a 22 24 8
a 22 73 11
a 22 12 14
a 22 84 15
a 22 85 7
a 22 70 17
a 22 52 3
a 22 36 13
a 23 24 5
a 23 21 13
a 23 42 3
a 23 54 3
a 23 22 17
a 23 17 7
a 23 29 19
a 23 90 14
a 23 85 6
a 24 25 10
a 24 32 2
a 24 41 4
a 24 78 1
a 24 96 7
a 24 61 2
a 24 27 7
a 24 4 1
a 24 44 14
a 24 47 6
a 25 26 9
a 25 71 13
a 25 28 4
a 25 87 12
a 25 16 11
a 25 68 6
a 26 27 7
a 26 99 14
a 26 18 7
a 26 15 1
a 26 66 3
a 26 63 6
a 26 49 3
a 26 78 8
a 26 83 6
a 26 13 14
a 26 36 9
a 27 28 2
a 27 52 8
a 27 30 10
a 27 4 10
a 27 94 4
a 27 62 12
a 27 5 10
a 27 87 7
a 27 64 19
a 27 35 14
a 27 69 13
a 28 29 13
a 28 73 9
a 28 60 15
a 28 64 17
a 28 70 5
a 28 52 15
a 28 98 16
a 28 96 10
a 28 36 3
a 28 43 16
a 29 30 7
a 29 32 11
a 29 8 19
a 29 82 14
a 29 79 4
a 29 58 5
a 29 25 10
a 30 31 18
a 30 90 7
a 30 96 18
a 30 41 19
a 30 46 4
a 30 39 6
a 30 9 7
a 30 28 6
a 30 1 15
a 31 32 16
a 31 72 7
a 31 24 8
a 31 47 2
a 31 65 6
a 31 58 1
a 31 37 5
a 31 3 18
a 31 23 10
a 31 12 15
a 31 52 5
a 32 33 12
a 32 18 14
a 32 50 6
a 32 39 16
a 32 1 9
a 32 67 10
a 32 25 8
a 32 5 16
a 33 34 15
a 33 75 2
a 33 30 14
a 33 99 12
a 33 26 16
a 33 44 10
a 33 65 5
a 33 10 8
a 33 5 2
a 33 58 4
a 33 40 10
a 33 84 9
a 33 79 4
a 33 17 12
a 34 35 8
a 34 97 7
a 34 10 3
a 34 15 1
a 34 88 19
a 34 56 11
a 34 66 13
a 34 7 15
a 34 44 16
a 34 12 5
a 34 11 16
a 35 36 3
a 35 83 10
a 35 67 17
a 35 8 8
a 35 3 16
a 35 63 8
a 35 11 1
a 35 54 13
a 35 66 18
a 35 97 16
a 35 43 10
a 36 37 12
a 36 32 1
a 36 99 19
a 36 60 7
a 36 97 11
a 36 78 14
a 36 80 18
a 36 70 16
a 36 75 16
a 37 38 2
a 37 68 12
a 37 1 1
a 37 16 8
a 37 61 13
a 37 27 12
a 37 23 18
a 37 3 16
a 37 78 8
a 37 82 14
a 37 18 13
a 38 39 10
a 38 91 17
a 38 20 14
a 38 85 8
a 38 56 12
a 38 71 3
a 38 41 19
a 38 14 5
a 38 90 17
a 39 40 12
a 39 28 14
a 39 21 16
a 39 75 18
a 39 95 4
a 39 18 9
a 39 24 15
a 39 54 8
a 40 41 8
a 40 60 13
a 40 16 8
a 40 25 3
a 40 33 1
a 40 49 11
a 40 36 18
a 41 42 6
a 41 40 10
a 41 97 1
a 41 49 8
a 41 7 16
a 41 2 7
a 42 43 7
a 42 99 17
a 42 23 2
a 42 49 18
a 42 41 9
a 42 13 5
a 42 84 11
a 42 57 2
a 42 86 16
a 42 58 12
a 42 68 3
a 42 76 11
a 42 27 14
a 42 97 1
a 42 96 16
a 42 60 5
a 42 18 10
a 43 44 15
a 43 97 19
a 43 75 13
a 43 85 3
a 43 89 9
a 43 20 17
a 43 42 9
a 43 40 12
a 43 73 13
a 43 37 15
a 43 39 4
a 43 45 13
a 44 45 7
a 44 65 16
a 44 20 18
a 44 59 7
a 44 70 17
a 44 95 16
a 44 10 9
a 44 39 7
a 45 46 5
a 45 22 3
a 45 40 8
a 45 57 17
a 45 73 15
a 45 82 17
a 45 58 6
a 45 70 12
a 45 5 3
a 45 41 1
a 46 47 3
a 46 52 18
a 46 97 14
a 46 27 12
a 46 18 14
a 46 60 18
a 46 53 17
a 47 48 19
a 47 13 6
a 47 68 16
a 47 7 7
a 47 71 3
a 47 89 4
a 47 15 18
a 47 88 8
a 47 60 18
a 47 73 7
a 47 50 17
a 47 99 18
a 47 76 10
a 47 84 1
a 47 43 14
a 48 49 19
a 48 13 2
a 48 14 4
a 48 9 13
a 48 71 11
a 49 50 6
a 49 5 19
a 49 22 16
a 49 9 13
a 49 34 18
a 49 66 13
a 49 98 8
a 49 7 1
a 49 75 11
a 49 94 4
a 49 43 7
a 49 42 15
a 49 13 11
a 49 55 14
a 49 27 14
a 49 8 1
a 49 69 5
a 50 51 18
a 50 55 9
a 50 71 6
a 50 42 15
a 50 92 14
a 50 46 18
a 50 88 5
a 50 70 12
a 50 2 2
a 50 27 11
a 50 57 3
a 50 54 4
a 51 52 3
a 51 70 18
a 51 79 16
a 51 49 18
a 51 78 7
a 51 39 4
a 51 87 2
a 51 66 16
a 51 88 7
a 51 83 15
a 52 53 12
a 52 9 2
a 52 24 6
a 52 20 4
a 52 84 1
a 52 44 6
a 52 77 1
a 52 14 7
a 52 88 6
a 52 96 13
a 52 56 17
a 53 54 3
a 53 3 3
a 53 83 10
a 53 60 5
a 53 71 6
a 53 90 5
a 53 14 5
a 53 20 2
a 53 27 13
a 53 25 7
a 54 55 13
a 54 27 10
a 54 86 18
a 54 87 7
a 54 35 8
a 54 59 5
a 54 20 18
a 54 97 11
a 54 80 11
a 54 14 8
a 54 70 14
a 55 56 17
a 55 11 10
a 55 96 9
a 55 47 11
a 55 80 19
a 55 30 6
a 55 79 3
a 55 44 16
a 55 45 15
a 55 50 9
a 55 77 13
a 55 94 3
a 56 57 2
a 56 66 11
a 56 80 12
a 56 97 19
a 56 92 11
a 56 72 12
a 56 37 10
a 56 31 16
a 56 63 1
a 56 18 3
a 57 58 4
a 57 80 11
a 57 69 14
a 57 26 7
a 57 95 5
a 57 76 13
a 57 52 5
a 57 51 16
a 57 40 12
a 58 59 1
a 58 32 9
a 58 19 4
a 58 74 16
a 58 21 6
a 58 44 13
a 58 38 8
a 58 42 2
a 58 16 10
a 58 73 3
a 58 1 1
a 58 7 2
a 58 2 10
a 59 60 7
a 59 30 13
a 59 16 14
a 59 27 17
a 59 35 4
a 59 56 11
a 59 21 10
a 60 61 11
a 60 56 13
a 60 2 12
a 60 95 16
a 60 55 7
a 60 21 11
a 60 68 11
a 60 41 2
a 60 33 15
a 60 38 11
a 61 62 4
a 61 8 9
a 61 91 9
a 61 13 12
a 61 11 1
a 61 27 5
a 61 17 1
a 61 14 15
a 61 97 18
a 61 9 3
a 61 26 13
a 61 75 2
a 61 67 13
a 62 63 5
a 62 14 10
a 62 31 5
a 62 90 19
a 62 43 3
a 62 93 2
a 62 88 10
a 62 30 5
a 62 50 12
a 62 59 1
a 63 64 11
a 63 50 9
a 63 76 16
a 63 17 18
a 63 53 17
a 63 43 18
a 63 69 15
a 63 15 9
a 64 65 11
a 64 25 12
a 64 31 15
a 64 45 19
a 64 68 7
a 65 66 6
a 65 2 6
a 65 95 18
a 65 93 14
a 65 78 19
a 65 13 13
a 65 61 4
a 65 67 13
a 66 67 17
a 66 74 4
a 66 87 18
a 66 50 16
a 66 77 10
a 66 99 10
a 66 46 16
a 66 61 10
a 67 68 15
a 67 45 4
a 67 79 8
a 67 60 11
a 67 25 10
a 67 91 17
a 67 3 9
a 67 89 19
a 67 28 18
a 67 59 18
a 67 5 8
a 68 69 9
a 68 10 2
a 68 17 12
a 68 83 12
a 68 82 1
a 68 92 15
a 68 91 1
a 68 76 5
a 68 27 15
a 68 98 9
a 68 12 14
a 68 48 13
a 68 71 17
a 68 28 6
a 69 70 9
a 69 24 1
a 69 99 10
a 69 96 11
a 69 73 3
a 69 92 18
a 69 44 10
a 69 64 4
a 70 71 1
a 70 80 10
a 70 54 12
a 70 52 15
a 70 62 12
a 70 25 8
a 70 59 3
a 70 86 17
a 70 24 17
a 70 89 4
a 70 40 16
a 70 38 2
a 70 79 14
a 70 42 13
a 71 72 19
a 71 1 6
a 71 75 14
a 71 4 1
a 71 79 19
a 71 29 12
a 71 61 19
a 71 42 17
a 71 6 13
a 71 55 17
a 72 73 10
a 72 28 2
a 72 45 9
a 72 37 12
a 72 14 15
a 72 6 4
a 72 71 16
a 72 59 12
a 73 74 12
a 73 56 13
a 73 37 4
a 73 82 7
a 73 75 5
a 73 98 13
a 73 60 14
a 73 80 3
a 73 1 6
a 73 67 7
a 73 69 10
a 73 19 15
a 73 8 4
a 73 38 3
a 73 99 19
a 74 75 9
a 74 38 14
a 74 60 8
a 74 65 19
a 74 42 17
a 74 89 16
a 74 32 3
a 74 43 14
a 74 73 16
a 74 52 17
a 74 79 4
a 74 71 6
a 74 87 18
a 75 76 4
a 75 37 17
a 75 65 16
a 75 23 2
a 75 99 5
a 75 53 14
a 75 34 11
a 75 67 3
a 75 17 3
a 76 77 12
a 76 34 16
a 76 17 13
a 76 57 6
a 76 14 6
a 76 8 7
a 76 3 12
a 76 73 7
a 76 93 10
a 77 78 4
a 77 5 7
a 77 72 8
a 77 18 2
a 77 6 3
a 77 66 18
a 78 79 10
a 78 98 14
a 78 96 6
a 78 45 14
a 78 18 18
a 78 55 6
a 78 81 17
a 78 7 10
a 78 89 9
a 78 72 2
a 78 22 13
a 79 80 4
a 79 23 3
a 79 71 19
a 79 57 4
a 79 98 5
a 79 59 8
a 79 25 1
a 79 45 15
a 79 39 5
a 79 41 14
a 79 14 13
a 79 47 12
a 79 19 15
a 79 68 11
a 80 81 1
a 80 18 11
a 80 39 17
a 80 6 12
a 80 77 1
a 80 55 3
a 80 83 1
a 80 38 12
a 80 67 5
a 80 86 9
a 80 40 11
a 80 88 2
a 80 42 19
a 80 75 3
a 81 82 4
a 81 19 14
a 81 40 8
a 81 75 9
a 81 55 16
a 81 41 5
a 81 26 17
a 81 1 19
a 81 34 8
a 82 83 15
a 82 78 8
a 82 58 1
a 82 84 7
a 82 60 9
a 82 74 4
a 82 66 9
a 83 84 17
a 83 24 3
a 83 56 8
a 83 57 1
a 83 21 1
a 83 75 16
a 83 20 7
a 83 96 13
a 84 85 14
a 84 95 19
a 84 46 17
a 84 68 2
a 84 49 1
a 84 52 5
a 84 74 2
a 84 42 10
a 84 56 19
a 84 9 19
a 85 86 14
a 85 99 11
a 85 3 8
a 85 84 1
a 85 7 7
a 85 94 10
a 85 56 5
a 85 26 1
a 85 8 16
a 85 64 12
a 85 23 4
a 86 87 9
a 86 53 11
a 86 61 9
a 86 90 12
a 86 18 2
a 86 94 19
a 86 76 18
a 86 12 18
a 86 13 6
a 86 29 10
a 86 34 17
a 86 57 10
a 86 64 17
a 87 88 5
a 87 10 1
a 87 48 18
a 87 77 12
a 87 75 11
a 87 57 17
a 87 6 10
a 87 20 8
a 88 89 2
a 88 98 12
a 88 96 19
a 88 81 12
a 88 86 13
a 88 66 9
a 88 41 14
a 88 62 2
a 88 94 2
a 89 90 15
a 89 64 12
a 89 42 18
a 89 37 1
a 89 35 9
a 89 1 18
a 89 44 18
a 89 65 8
a 89 26 1
a 89 88 2
a 89 55 16
a 89 83 6
a 89 12 19
a 89 52 12
a 89 2 11
a 89 4 6
a 89 61 7
a 90 91 3
a 90 14 2
a 90 33 1
a 90 25 6
a 90 18 13
a 90 37 3
a 90 64 14
a 90 40 16
a 90 29 16
a 90 7 2
a 91 92 14
a 91 59 17
a 91 96 7
a 91 77 10
a 91 15 16
a 91 25 4
a 91 41 13
a 91 88 2
a 91 18 3
a 92 93 11
a 92 11 10
a 92 53 3
a 92 36 7
a 92 4 14
a 92 54 8
a 92 46 2
a 92 81 2
a 93 94 11
a 93 72 4
a 93 98 9
a 93 92 7
a 93 77 6
a 93 84 7
a 93 3 15
a 93 16 18
a 93 47 2
a 93 86 10
a 93 88 4
a 93 23 1
a 93 54 1
a 93 85 14
a 93 24 3
a 93 35 14
a 94 95 4
a 94 1 5
a 94 57 14
a 94 43 7
a 94 80 12
a 94 17 1
a 94 41 9
a 95 96 2
a 95 28 10
a 95 26 5
a 95 18 11
a 95 53 16
a 95 67 17
a 96 97 8
a 96 84 2
a 96 48 17
a 96 2 6
a 96 7 17
a 96 83 11
a 96 55 15
a 96 25 1
a 97 98 12
a 97 74 5
a 97 85 15
a 97 7 8
a 97 30 17
a 97 43 16
a 97 24 7
a 97 40 4
a 97 96 13
a 97 48 8
a 97 35 11
a 97 26 5
a 97 60 4
a 98 99 14
a 98 29 1
a 98 42 18
a 98 7 13
a 98 97 16
a 98 50 2
a 98 83 15
a 98 9 12
c 22 24 25 28 178
c 23 54 31 72 110
c 86 53 54 97 131
c 57 69 74 75 125
c 69 70 23 21 168
c 81 55 3 94 116
c 60 38 24 4 197
c 58 19 79 57 170
c 73 99 20 57 193
c 86 29 38 20 175
c 42 27 0 97 127
c 0 66 70 38 190
c 11 86 91 88 185
c 85 7 49 34 140
c 81 34 17 45 106
c 23 29 29 8 152
c 9 26 50 51 155
c 68 27 96 25 104
c 45 82 76 77 189
c 19 81 3 16 199
c 49 43 84 49 176
c 70 62 98 7 148
c 79 14 0 66 140
c 26 15 93 84 161
c 26 63 3 37 166
c 56 80 87 6 113
c 14 35 5 7 148
c 93 77 27 4 135
c 86 34 41 7 123
c 79 59 44 59 184
c 10 67 38 91 127
c 96 25 42 76 172
c 50 55 12 18 151
c 38 20 16 54 108
c 62 63 76 73 127
c 5 79 60 33 139
c 18 76 77 5 103
c 74 52 88 89 137
c 89 88 74 79 113
c 81 19 40 36 134
c 22 25 73 60 123
c 31 24 65 95 138
c 50 27 85 23 100
c 23 90 73 75 147
c 42 97 93 86 120
c 75 65 86 61 174
c 73 99 2 55 139
c 54 27 44 59 148
c 30 1 42 58 122
c 7 27 13 33 154
c 35 54 97 26 162
c 78 79 71 79 178
c 52 53 30 39 116
c 9 26 13 11 119
c 40 60 8 27 119
c 18 98 61 97 167
c 2 71 58 21 129
c 3 41 27 62 181
c 93 24 93 23 175
c 95 18 13 4 151
c 93 92 68 98 192
c 9 89 97 74 128
c 83 21 75 17 159
c 42 84 59 60 136
c 92 93 51 70 165
c 90 7 88 86 103
c 48 49 42 86 143
c 14 87 67 60 180
c 18 39 94 95 123
c 18 39 44 10 131
c 72 6 13 87 118
c 42 49 63 15 184
c 58 59 66 99 121
c 49 66 38 39 161
c 45 46 76 73 168
c 49 13 88 41 192
c 86 13 16 4 114
c 27 64 37 23 163
c 91 77 41 49 151
c 49 34 74 65 148
c 1 65 6 28 197
c 54 97 35 36 172
c 39 75 32 50 166
c 2 57 30 96 175
c 17 83 0 83 188
c 3 94 82 83 130
c 51 39 1 34 120
c 16 54 35 54 169
c 47 88 83 21 100
c 53 71 73 67 125
c 21 80 18 60 120
c 43 37 42 76 156
c 16 66 54 14 144
c 88 41 75 37 178
c 50 55 97 98 154
c 8 97 35 36 143
c 0 13 96 83 182
c 70 79 47 68 119
c 31 65 6 96 135
c 83 21 90 64 121
c 4 47 7 8 119
c 81 19 12 74 181
c 50 54 79 71 192
c 7 11 93 98 198
c 14 30 53 25 168
c 0 66 97 98 134
c 21 3 27 5 153
c 68 92 42 86 100
c 11 71 36 70 179
c 26 27 52 24 135
c 24 96 19 3 126
c 4 8 96 97 103
c 85 3 81 19 173
c 58 44 79 68 136
c 56 57 14 68 135
c 9 68 10 11 165
c 78 22 54 20 108
c 57 80 21 4 147
c 78 96 71 55 191
c 10 40 21 31 113
c 53 20 35 67 169
c 32 5 69 96 192
c 80 39 73 75 150
c 35 63 75 99 195
c 97 60 94 80 158
c 33 44 74 32 100
c 71 79 24 32 166
c 57 76 84 95 104
c 93 77 87 10 193
c 16 4 36 78 189
c 82 58 53 83 105
c 19 64 45 73 109
c 27 52 26 66 167
c 9 59 97 48 120
c 10 47 68 69 150
c 32 50 19 33 181
c 38 71 72 71 178
c 25 28 49 13 134
c 86 29 16 39 169
c 18 67 64 31 191
c 13 48 47 15 111
c 55 50 56 92 110
c 66 67 47 68 161
c 50 42 33 26 139
c 40 49 78 55 161
c 30 90 4 49 138
c 23 17 43 42 190
c 33 65 72 59 132
c 67 60 57 26 159
c 51 52 58 59 159
c 37 82 14 86 169
c 67 91 33 44 125
c 20 22 79 45 182
c 13 14 87 77 171
c 67 25 76 17 101
c 40 41 49 55 141
c 18 65 62 31 192
c 9 89 50 2 169
c 47 73 9 59 148
c 49 34 28 98 155
c 69 92 33 34 139
c 14 68 49 50 198
c 79 71 59 60 184
c 57 69 89 55 112
c 45 46 86 29 133
c 59 27 89 61 195
c 70 62 85 26 111
c 52 88 18 68 158
c 90 7 20 89 132
c 45 46 6 3 126
c 10 51 14 15 106
c 73 75 86 94 136
c 47 15 75 99 110
c 58 38 51 66 181
c 31 32 34 10 127
c 13 14 68 83 160
c 3 94 87 75 167
c 89 35 23 24 198
c 0 83 7 82 115
c 45 41 27 4 133
c 31 65 76 8 110
c 74 32 0 4 125
c 35 66 95 26 139
c 93 98 30 90 182
c 43 40 66 46 123
c 49 66 26 83 136
c 31 65 18 93 163
c 55 94 87 57 175
c 78 98 15 8 170
c 96 55 31 65 198
c 28 52 97 24 139
c 33 44 14 49 173
c 6 26 91 59 198
c 21 64 39 75 118
c 28 70 61 8 199
c 65 67 71 61 115
c 83 75 93 77 182
c 95 28 54 27 130
c 89 42 44 65 154
c 46 52 20 22 142
c 86 18 19 33 156
c 14 87 27 35 119
c 63 43 78 96 170
c 93 54 63 43 118
c 27 28 43 97 172
c 72 45 84 95 199
c 93 77 97 60 122
c 50 57 93 16 116
c 88 96 90 14 163
c 78 45 32 5 100
c 86 12 58 73 127
c 21 78 87 6 167
c 18 39 42 60 115
c 90 33 43 73 103
c 42 97 49 55 170
c 57 40 14 49 199
c 79 23 82 83 103
c 10 11 91 18 161
c 78 98 86 13 125
c 33 17 37 3 157
c 63 64 34 66 124
c 38 20 33 40 100
c 10 67 27 87 149
c 63 69 59 56 137
c 1 48 63 15 139
c 70 62 71 75 169
c 96 55 56 37 140
c 26 13 5 7 155
c 75 53 27 4 125
c 75 67 73 60 185
c 15 97 58 74 130
c 86 87 93 86 130
c 33 40 81 40 139
c 52 53 10 29 130
c 27 87 70 79 174
c 95 96 34 97 158
c 56 37 5 97 135
c 12 52 78 96 109
c 21 22 90 7 132
c 72 28 91 15 162
c 34 44 59 30 197
c 70 79 76 73 174
c 61 17 89 61 168
c 91 25 1 81 163
c 50 42 79 41 160
c 88 94 39 75 143
c 31 23 23 54 124
c 67 91 93 98 193
c 61 14 38 41 170
c 86 61 53 3 114
c 86 53 85 86 147
c 52 56 33 84 171
c 47 15 33 79 100
c 80 39 71 42 141
c 93 92 61 75 182
c 53 90 38 71 127
c 9 68 97 43 112
c 66 50 88 86 140
c 42 18 64 31 112
c 36 78 28 73 114
c 68 17 80 75 151
c 58 16 21 22 145
c 48 13 21 22 117
c 9 26 71 1 144
c 3 94 75 99 191
c 52 20 40 16 148
c 85 23 22 84 109
c 21 95 14 30 183
c 51 39 18 76 155
c 11 12 31 23 116
c 83 84 45 73 136
c 49 69 51 52 188
c 49 22 16 17 142
c 49 8 31 72 100
c 76 3 47 13 172
c 85 99 8 14 186
c 65 95 81 75 182
c 36 70 49 66 102
c 73 74 93 84 149
c 10 29 66 99 119
c 26 66 61 67 136
c 49 22 65 13 160
c 55 45 42 60 198
c 85 23 0 58 131
c 23 17 73 56 117
c 2 77 44 39 157
c 47 60 7 87 110
c 84 9 28 52 111
c 28 43 88 86 120
c 8 27 87 6 136
c 47 76 42 96 182
c 29 8 89 55 171
c 68 76 83 56 198
c 10 47 86 29 173
c 67 60 98 29 158
c 75 17 87 20 103
c 71 42 10 25 156
c 44 10 10 84 170
c 11 71 89 88 156
c 58 7 79 19 106
c 57 69 34 11 157
c 34 10 57 76 179
c 66 46 7 30 118
c 23 54 56 37 182
c 83 96 14 76 157
c 83 84 62 30 185
c 22 48 79 59 174
c 53 83 56 57 104
c 97 48 89 52 156
c 7 45 20 57 175
c 61 97 3 41 152
c 82 84 79 25 123
c 92 54 89 65 121
c 93 16 21 3 194
c 0 4 14 13 186
c 28 52 30 1 126
c 68 12 88 62 149
c 18 68 24 25 148
c 62 90 23 54 199
c 59 21 42 86 166
c 38 56 25 68 192
c 94 43 68 10 111
c 20 89 19 49 130
c 82 83 49 43 189
c 33 30 61 8 191
c 11 82 38 39 197
c 84 52 75 37 101
c 58 2 3 41 178
c 55 77 67 68 137
c 50 46 21 64 198
c 12 76 56 63 172
c 60 38 47 99 135
c 36 37 80 6 115
c 26 36 56 97 176
c 74 42 0 97 129
c 9 53 44 39 188
c 2 77 73 75 183
c 53 14 41 49 178
c 27 69 3 89 142
c 71 42 5 6 146
c 85 99 70 79 104
c 22 36 0 4 121
c 50 2 32 25 129
c 30 39 51 83 197
c 74 60 89 64 189
c 19 49 50 54 160
c 69 73 42 86 102
c 1 32 87 77 110
c 36 97 59 35 142
c 58 19 8 65 155
c 57 80 89 61 137
c 54 55 73 60 149
c 80 88 22 81 184
c 98 83 16 21 138
c 36 32 11 86 136
c 4 52 73 37 135
c 97 60 26 66 135
c 60 68 38 39 129
c 66 99 90 25 183
c 42 41 26 15 162
c 74 73 81 26 117
c 28 60 22 70 114
c 28 60 66 46 186
c 39 54 90 37 176
c 49 34 7 95 134
c 28 29 43 20 124
c 49 66 83 75 169
c 49 69 0 97 168
c 50 51 97 74 108
c 73 19 47 88 113
c 26 63 36 97 139
c 76 8 34 11 179
c 89 12 57 80 141
c 86 94 79 59 174
c 27 30 12 26 193
c 56 66 97 24 170
c 71 79 50 42 189
c 37 27 73 8 188
c 19 64 26 18 110
c 34 88 85 56 183
c 33 58 2 77 120
c 5 59 53 54 139
c 68 28 10 46 140
c 25 87 45 46 190
c 88 98 64 68 117
c 93 88 79 25 159
c 29 79 0 97 110
c 70 59 79 68 173
c 34 88 84 52 117
c 18 92 96 2 193
c 30 41 57 26 192
c 8 65 67 60 115
c 79 57 55 50 177
c 5 33 90 33 155
c 51 39 87 88 198
c 54 35 89 4 126
c 73 82 54 27 189
c 79 41 54 70 120
c 5 6 26 49 146
c 9 26 39 28 174
c 69 99 41 7 116
c 2 77 71 42 143
c 72 37 13 78 162
c 70 42 97 74 147
c 15 82 78 22 148
c 37 68 94 95 171
c 91 92 38 20 131
c 58 44 80 6 157
c 64 68 66 99 180
c 49 43 2 57 113
c 8 70 37 82 111
c 22 70 4 52 121
c 69 92 22 24 136
c 43 89 1 38 140
c 72 28 93 3 178
c 12 18 13 78 168
c 83 20 49 27 147
c 38 41 97 7 165
c 82 78 28 98 109
c 71 4 31 23 172
c 69 44 81 41 125
c 60 33 55 30 156
c 53 3 51 52 180
c 16 46 60 21 119
c 58 59 76 8 182
c 66 74 29 32 155
c 76 93 90 25 188
c 49 98 23 24 129
c 24 4 43 37 152
c 70 89 11 26 120
c 21 4 8 38 126
c 21 61 42 58 108
c 58 73 55 11 114
c 24 96 90 25 171
c 42 23 85 3 139
c 7 30 63 64 118
c 59 21 43 85 114
c 27 52 71 79 105
c 1 32 95 96 199
c 34 12 26 49 111
c 71 61 18 65 162
c 27 87 10 84 113
c 60 95 55 79 113
c 33 79 32 5 192
c 35 83 54 59 156
c 94 41 98 42 104
c 20 22 4 2 120
c 49 94 48 71 183
c 90 29 70 86 187
c 52 44 19 20 114
c 79 19 74 60 123
c 32 18 26 83 140
c 58 59 13 4 170
c 25 26 58 42 164
c 14 86 12 21 132
c 12 21 72 28 120
c 19 81 88 96 116
c 66 74 19 64 171
c 52 44 7 23 117
c 50 55 18 93 171
c 4 49 33 30 178
c 51 70 44 95 181
c 58 21 53 14 133
c 46 53 57 51 192
c 18 99 68 27 162
c 51 52 16 66 162
c 15 8 84 56 101
c 30 31 50 92 191
c 56 97 79 71 189
c 12 76 72 59 142
c 72 71 95 26 126
c 98 50 9 59 196
c 40 25 52 88 143
c 47 99 10 76 199
c 47 68 49 75 121
c 43 97 50 42 165
c 45 5 10 67 111
c 62 30 47 88 155
c 86 61 10 59 104
c 34 66 69 70 161
c 74 75 22 23 155
c 68 76 89 55 159
c 38 71 78 79 124
c 1 38 71 29 100
c 51 39 94 43 194
c 17 75 5 59 111
c 13 87 5 79 164
c 15 82 65 66 129
c 91 77 66 67 172
c 59 27 76 57 196
c 79 71 86 13 190
c 18 68 17 29 121
c 39 40 67 89 178
c 66 50 15 8 142
c 14 13 28 36 195
c 30 31 71 4 190
c 92 93 22 24 105
c 60 33 44 45 189
c 27 69 26 27 112
c 66 99 68 91 172
c 0 13 87 75 163
c 53 14 63 50 199
c 62 63 73 37 197
c 47 68 51 83 108
c 96 25 43 40 105
c 22 36 47 43 131
c 44 65 98 83 199
c 60 55 73 82 136
c 74 52 50 71 169
c 27 87 31 72 198
c 27 69 67 3 145
c 48 9 37 82 124
c 56 66 60 2 129
c 28 36 30 9 137
c 16 21 17 45 126
c 1 48 43 89 194
c 5 33 43 75 122
c 44 20 24 41 161
c 91 15 49 27 159
c 85 56 6 50 131
c 8 70 88 66 107
c 14 76 66 87 196
c 3 19 71 6 188
c 58 2 88 62 124
c 70 25 52 56 189
c 82 83 96 97 112
c 84 9 79 23 119
c 18 92 26 49 119
c 55 47 58 59 125
c 77 5 93 16 171
c 24 27 36 97 123
c 67 91 41 97 111
c 7 45 94 80 161
c 77 78 54 70 108
c 25 16 13 14 181
c 54 70 80 86 167
c 45 70 72 45 143
c 22 73 85 8 177
c 93 86 48 71 168
c 87 77 54 55 102
c 22 48 14 30 151
c 32 67 51 70 189
c 96 55 77 6 119
c 74 89 17 45 136
c 7 8 43 44 115
c 85 7 40 36 166
c 36 32 49 5 184
c 33 58 75 23 163
c 93 23 88 41 120
c 84 42 88 81 131
c 53 3 15 44 154
c 6 50 97 35 149
c 11 26 19 81 176
c 13 85 73 67 166
c 5 97 56 97 144
c 84 46 60 2 170
c 89 64 43 20 149
c 85 23 7 87 106
c 36 60 44 20 168
c 96 55 36 80 194
c 38 91 75 17 157
c 42 60 32 1 162
c 58 73 73 98 109
c 8 70 98 50 130
c 31 32 54 20 108
c 80 86 76 34 148
c 41 2 40 33 113
c 31 52 54 86 197
c 73 99 10 93 163
c 21 95 21 31 173
c 61 97 9 68 191
c 76 8 73 60 158
c 18 10 89 88 130
c 37 18 8 38 167
c 25 26 90 64 142
c 74 75 50 88 197
c 79 47 58 7 117
c 79 98 37 27 196
c 90 14 27 69 180
c 41 42 51 79 119
c 21 61 45 82 155
c 5 33 67 25 150
c 81 55 56 57 163
c 9 77 88 98 145
c 8 38 14 87 142
c 70 86 52 77 174
c 2 71 56 37 137
c 83 56 13 11 139
c 73 19 97 43 151
c 21 39 68 69 140
c 70 86 98 50 165
c 78 18 93 3 135
c 37 23 82 84 198
c 46 97 78 18 138
c 43 89 93 84 161
c 58 16 43 42 118
c 84 46 63 69 127
c 97 7 63 76 145
c 51 88 85 64 160
c 61 62 58 1 152
c 52 56 77 66 197
c 41 42 22 52 128
c 19 64 33 99 119
c 89 37 43 37 167
c 33 75 56 57 191
c 73 75 48 14 168
c 34 88 21 3 118
c 74 60 42 23 179
c 73 82 31 12 197
c 73 80 24 61 138
c 31 58 9 59 129
c 55 44 58 2 192
c 33 10 35 54 135
c 46 18 28 73 191
c 62 93 10 50 182
c 50 88 61 67 193
c 42 27 71 75 118
c 65 95 4 8 148
c 97 96 42 41 104
c 86 12 21 8 101
c 28 29 17 75 136
c 76 8 14 68 188
c 8 14 40 49 120
c 32 39 79 45 175
c 94 41 65 61 185
c 36 99 35 43 117
c 43 45 54 20 143
c 62 59 21 8 150
c 86 76 68 27 121
c 43 75 21 61 163
c 41 97 60 33 169
c 89 12 61 26 117
c 34 66 44 59 191
c 78 18 59 35 113
c 6 50 61 13 128
c 16 66 98 42 164
c 62 50 44 39 193
c 60 68 44 70 176
c 22 81 34 88 169
c 87 48 68 69 137
c 76 3 66 77 166
c 77 18 43 37 106
c 61 11 21 3 177
c 85 7 68 69 103
c 84 46 91 41 128
c 58 16 49 50 170
c 65 2 82 60 199
c 43 39 43 73 192
c 33 44 2 44 114
c 70 59 61 8 166
c 36 80 61 91 172
c 81 19 21 39 197
c 70 80 62 59 133
c 76 57 15 51 102
c 37 61 84 74 146
c 33 5 67 68 193
c 84 74 21 56 162
c 68 28 36 70 136
c 40 33 14 49 160
c 53 90 14 87 119
c 83 20 71 75 111
c 19 64 22 52 165
c 89 2 13 51 103
c 16 66 21 56 102
c 61 11 79 14 168
c 23 85 35 66 127
c 42 18 85 8 146
c 43 89 60 56 187
c 68 12 20 73 162
c 55 30 57 51 147
c 93 94 68 12 127
c 76 93 49 69 104
c 27 62 1 38 156
c 90 18 37 38 180
c 72 59 78 89 157
c 45 57 62 88 135
c 70 52 42 84 123
c 63 15 55 56 107
c 58 7 71 6 142
c 68 83 0 58 175
c 39 18 50 42 137
c 93 54 89 2 117
c 13 11 66 77 190
c 54 14 97 60 111
c 42 27 3 94 160
c 75 76 31 47 107
c 98 29 37 1 143
c 25 71 79 14 104
c 51 79 27 52 105
c 28 36 49 13 150
c 34 10 35 97 187
c 46 27 73 38 146
c 47 71 29 79 144
c 94 57 16 4 128
c 69 64 91 77 185
c 42 18 80 6 120
c 14 49 88 81 142
c 3 4 70 62 191
c 52 77 26 83 107
c 21 22 76 57 148
c 68 91 70 52 156
c 9 69 50 70 167
c 72 14 46 60 139
c 23 42 22 75 139
c 88 89 47 50 199
c 34 88 50 55 185
c 71 72 34 15 196
c 68 71 74 89 150
c 7 85 15 97 120
c 9 69 2 55 165
c 51 39 28 73 131
c 64 45 87 48 114
c 35 3 63 69 182
c 23 24 32 25 178
c 81 41 74 75 114
c 34 12 53 54 156
c 1 81 37 61 196
c 97 74 10 69 176
c 22 23 93 98 165
c 65 93 65 13 180
c 60 61 23 21 126
c 33 75 8 9 133
c 8 38 27 30 114
c 86 18 70 89 135
c 56 31 61 11 178
c 58 7 50 71 191
c 85 26 67 91 168
c 76 77 76 34 161
c 42 99 73 37 116
c 58 73 36 97 169
c 70 38 93 16 167
c 88 98 74 38 184
c 42 84 13 96 135
c 56 57 52 44 147
c 61 97 8 14 123
c 19 81 97 40 157
c 96 55 36 32 178
c 38 85 87 57 166
c 93 54 51 70 154
c 76 57 74 79 125
c 8 97 47 84 139
c 35 67 33 79 133
c 21 95 44 45 104
c 71 75 45 82 127
c 74 32 52 88 136
c 33 75 19 49 111
c 2 44 24 78 130
c 43 42 57 69 142
c 72 28 69 73 137
c 22 24 78 45 151
c 12 28 88 66 162
c 11 86 55 44 137
c 7 45 89 12 129
c 67 60 63 64 152
c 71 6 69 70 121
c 18 99 37 78 188
c 1 81 89 12 177
c 77 66 20 32 176
c 34 44 80 18 113
c 7 65 88 41 134
c 7 82 75 17 143
c 36 32 8 70 143
c 60 56 53 25 194
c 4 2 2 44 125
c 87 20 24 61 168
c 82 78 27 30 187
c 85 3 10 25 147
c 88 86 95 96 134
c 76 93 37 16 122
c 42 49 75 37 183
c 10 40 96 7 114
c 6 17 94 57 182
c 68 82 68 69 180
c 84 49 21 61 180
c 7 45 47 48 103
c 21 64 39 54 163
c 7 8 66 77 104
c 10 51 75 67 147
c 94 80 98 83 123
c 83 96 60 2 170
c 2 57 98 97 141
c 31 12 20 57 109
c 35 43 43 44 169
c 40 41 85 26 167
c 49 9 53 90 166
c 64 31 2 44 153
c 26 13 49 69 164
c 0 8 80 83 154
c 46 27 28 70 117
c 84 52 8 18 141
c 39 75 58 21 158
c 53 25 58 1 179
c 10 40 56 31 175
c 1 38 56 80 159
c 84 49 22 25 120
c 65 13 59 21 144
c 13 48 73 8 126
c 61 67 98 97 184
c 24 25 50 70 121
c 27 52 61 13 144
c 26 66 60 68 152
c 14 87 40 49 154
c 3 89 82 84 132
c 89 37 0 8 179
c 79 98 1 65 132
c 52 88 20 57 162
c 64 31 47 99 140
c 22 48 6 7 124
c 74 65 30 96 161
c 32 39 8 70 150
c 45 70 58 42 161
c 80 40 61 17 129
c 65 67 5 6 167
c 53 90 89 26 147
c 69 92 24 78 137
c 80 39 0 13 114
c 2 1 71 4 100
c 77 18 14 35 195
c 37 61 45 73 181
c 52 44 59 27 167
c 57 58 71 72 173
c 47 7 24 61 178
c 37 16 21 56 102
c 20 32 49 22 140
c 19 81 83 24 108
c 21 78 55 77 145
c 5 59 54 86 150
c 61 67 19 33 146
c 94 17 44 65 170
c 55 45 22 52 118
c 47 99 89 90 178
c 95 67 79 47 150
c 43 40 67 89 108
c 95 26 76 3 173
c 10 11 41 49 129
c 55 56 54 35 164
c 10 25 40 60 138
c 29 30 96 83 138
c 38 85 56 31 167
c 31 72 20 22 122
c 71 29 87 10 178
c 0 83 73 56 125
c 64 65 69 99 103
c 22 73 75 37 120
c 27 4 39 54 138
c 46 18 3 94 172
c 97 7 26 78 172
c 90 29 42 58 188
c 81 19 59 27 128
c 33 65 90 64 172
c 85 94 55 96 132
c 14 13 96 97 124
c 0 97 21 3 160
c 81 40 79 14 129
c 43 85 10 40 139
c 29 32 10 21 193
c 2 44 49 9 151
c 29 58 89 35 160
c 39 95 67 25 181
c 47 68 65 67 181
c 5 6 6 7 106
c 90 29 42 18 140
c 15 51 26 83 157
c 45 82 86 94 125
c 77 6 94 43 111
c 79 14 74 38 169
c 80 39 19 3 174
c 62 59 42 13 112
c 23 17 57 95 119
c 90 91 58 38 189
c 70 24 7 11 198
c 57 26 23 22 166
c 37 16 89 61 157
c 22 84 43 40 158
c 11 12 15 35 176
c 6 3 67 59 138
c 42 57 68 10 109
c 80 40 17 83 155
c 38 85 56 57 123
c 50 71 6 50 180
c 30 9 89 64 112
c 47 43 61 26 133
c 72 71 6 17 188
c 83 20 35 3 163
c 79 23 13 11 139
c 26 27 32 50 129
c 34 66 49 27 137
c 35 36 17 5 129
c 9 34 81 41 131
c 18 60 46 53 193
c 39 18 86 34 119
c 34 44 69 64 113
c 41 49 43 42 164
c 37 78 61 97 164
c 14 68 94 17 183
c 10 47 94 43 109
c 26 83 24 4 115
c 33 10 65 78 181
c 17 29 26 18 184
c 66 77 19 81 140
c 81 26 32 39 175
c 91 88 91 15 104
c 44 65 12 28 195
c 82 78 31 12 131
c 87 77 34 35 129
c 45 40 28 70 155
c 33 65 51 39 168
c 22 85 94 41 170
c 3 94 53 27 190
c 35 83 70 38 193
c 18 99 35 54 109
c 49 43 70 52 116
c 54 55 66 87 146
c 32 18 7 8 100
c 32 25 46 53 101
c 80 83 43 42 196
c 17 45 26 18 184
c 23 21 29 30 178
c 93 84 14 68 173
c 97 7 15 97 144
c 40 16 81 34 101
c 58 1 68 92 138
c 35 11 86 53 163
c 86 64 74 32 126
c 52 56 49 69 140
c 70 25 79 23 172
c 15 97 67 91 184
c 83 75 28 43 129
c 67 3 50 46 173
c 80 6 12 26 123
c 73 1 73 38 179
c 12 52 77 5 109
c 1 65 18 84 192
c 24 78 75 76 160
c 13 78 73 98 145
c 62 90 74 73 182
c 8 93 69 24 199
c 80 55 96 83 100
c 89 90 54 27 125
c 18 84 83 21 101
c 60 41 98 7 115
c 73 99 75 37 180
c 94 41 25 87 125
c 86 90 8 64 191
c 13 11 50 46 163
c 49 42 51 87 170
c 85 26 56 37 134
c 33 40 34 10 122
c 51 70 30 96 151
c 52 96 67 59 171
c 42 43 72 59 150
c 58 7 83 84 119
c 89 88 43 37 130
c 52 9 40 16 111
c 23 85 78 45 149
c 82 78 21 95 125
c 27 87 65 13 103
c 1 38 13 85 156
c 37 27 89 64 181
c 64 31 16 66 185
c 74 65 28 36 116
c 93 85 47 76 146
c 97 7 97 48 152
c 50 51 10 69 162
c 49 7 94 41 173
c 18 84 71 75 147
c 44 10 74 89 189
c 37 3 14 76 177
c 68 12 50 46 183
c 18 76 17 18 120
c 33 44 73 80 149
c 64 45 98 97 196
c 96 25 58 1 106
c 19 3 46 60 197
c 86 18 53 54 159
c 37 68 93 47 141
c 34 88 37 16 124
c 94 17 73 74 177
c 33 5 16 21 129
