notes: n=100, m=990, elb=1, eub=20, density=0.1, conf_density=0.003, clb=50, cub= 150, seed= 4799
p spec 100 990 1468
s 0
t 99
a 0 1 1
a 0 89 4
a 0 70 16
a 0 30 12
a 0 8 12
a 0 96 11
a 1 2 7
a 1 58 1
a 1 5 17
a 1 12 8
a 1 64 4
a 1 10 18
a 1 72 7
a 1 97 2
a 1 82 3
a 1 43 9
a 1 31 15
a 1 9 6
a 1 39 19
a 1 35 4
a 1 80 4
a 1 87 7
a 2 3 16
a 2 20 4
a 2 31 14
a 2 12 12
a 2 26 19
a 2 16 15
a 2 99 16
a 2 57 11
a 2 80 4
a 2 71 10
a 2 51 11
a 3 4 16
a 3 88 4
a 3 34 3
a 3 80 9
a 3 9 15
a 3 6 1
a 3 1 9
a 3 37 9
a 3 71 15
a 3 10 8
a 4 5 4
a 4 49 11
a 4 66 15
a 4 73 7
a 4 6 7
a 5 6 8
a 5 96 7
a 5 27 13
a 5 9 6
a 5 59 13
a 5 24 16
a 5 21 4
a 6 7 12
a 6 17 6
a 6 52 10
a 6 71 3
a 6 1 16
a 6 61 14
a 6 11 18
a 6 3 3
a 6 28 16
a 6 51 3
a 7 8 17
a 7 98 14
a 7 81 19
a 7 94 17
a 7 32 18
a 7 35 18
a 7 61 6
a 8 9 1
a 8 76 4
a 8 17 14
a 8 80 19
a 8 57 6
a 8 86 5
a 8 42 1
a 8 18 12
a 8 97 2
a 9 10 5
a 9 6 10
a 9 12 3
a 9 56 15
a 9 29 10
a 9 42 5
a 10 11 19
a 10 9 15
a 10 29 15
a 10 98 13
a 10 30 15
a 10 46 18
a 10 54 9
a 10 88 19
a 10 93 18
a 10 87 9
a 11 12 13
a 11 26 16
a 11 91 16
a 11 88 10
a 11 13 14
a 11 45 6
a 11 14 15
a 11 35 18
a 11 79 14
a 11 67 4
a 11 76 4
a 12 13 12
a 12 46 18
a 12 48 11
a 12 55 3
a 12 33 12
a 12 27 7
a 12 39 9
a 12 22 5
a 12 19 9
a 12 74 12
a 12 36 2
a 13 14 19
a 13 50 3
a 13 34 14
a 13 8 18
a 13 1 1
a 13 36 13
a 13 31 8
a 13 53 14
a 13 26 7
a 13 93 14
a 14 15 18
a 14 44 2
a 14 96 2
a 14 98 13
a 14 20 1
a 14 88 15
a 14 34 2
a 14 70 2
a 14 7 6
a 14 39 11
a 14 74 12
a 14 58 7
a 15 16 12
a 15 13 11
a 15 27 7
a 15 60 8
a 15 92 8
a 15 77 1
a 15 29 17
a 15 6 16
a 15 76 18
a 15 25 4
a 15 2 17
a 16 17 11
a 16 85 7
a 16 88 14
a 16 63 18
a 16 83 13
a 16 35 17
a 16 13 14
a 16 73 2
a 16 33 1
a 16 87 11
a 16 25 8
a 16 49 2
a 17 18 16
a 17 65 10
a 17 51 17
a 17 86 10
a 17 53 19
a 17 38 14
a 17 72 1
a 17 62 18
a 17 45 2
a 17 90 19
a 17 43 5
a 17 54 19
a 18 19 15
a 18 8 7
a 18 89 2
a 18 2 4
a 18 76 2
a 18 27 6
a 18 35 3
a 18 54 1
a 18 84 7
a 18 12 13
a 18 83 13
a 18 3 2
a 19 20 10
a 19 38 3
a 19 71 14
a 19 27 17
a 19 34 12
a 19 42 17
a 19 40 9
a 19 10 15
a 19 30 19
a 20 21 9
a 20 64 11
a 20 31 13
a 20 99 10
a 20 1 9
a 20 68 14
a 20 75 10
a 20 16 18
a 20 40 2
a 21 22 10
a 21 98 11
a 21 32 2
a 21 92 8
a 21 87 17
a 21 64 19
a 21 73 4
a 21 50 2
a 21 18 17
a 22 23 9
a 22 44 19
a 22 20 3
a 22 37 6
a 22 78 5
a 22 68 2
a 23 24 16
a 23 57 16
a 23 78 15
a 23 63 9
a 23 62 10
a 23 73 14
a 23 58 4
a 23 18 7
a 23 33 19
a 24 25 19
a 24 60 14
a 24 67 5
a 24 89 10
a 24 4 16
a 24 34 1
a 24 48 4
a 24 79 8
a 24 23 2
a 24 94 11
a 25 26 1
a 25 32 15
a 25 1 8
a 25 52 17
a 25 53 3
a 25 59 8
a 25 33 3
a 25 95 17
a 25 24 15
a 25 55 4
a 25 19 13
a 25 58 5
a 26 27 4
a 26 59 11
a 26 6 16
a 26 78 12
a 26 40 16
a 26 55 15
a 26 68 2
a 26 30 4
a 26 29 19
a 26 38 8
a 27 28 5
a 27 23 7
a 27 64 7
a 27 76 18
a 27 26 16
a 27 79 13
a 27 35 16
a 27 55 3
a 28 29 5
a 28 96 13
a 28 53 1
a 28 99 5
a 28 91 11
a 28 21 11
a 28 27 13
a 28 36 14
a 28 39 3
a 29 30 16
a 29 3 1
a 29 41 16
a 29 58 8
a 29 84 17
a 29 49 16
a 29 87 4
a 29 13 7
a 29 26 12
a 29 65 18
a 29 82 18
a 29 46 18
a 29 21 12
a 29 1 15
a 29 68 13
a 30 31 18
a 30 79 3
a 30 95 16
a 30 32 15
a 30 48 19
a 30 26 14
a 30 8 16
a 30 54 1
a 30 67 12
a 31 32 18
a 31 93 4
a 31 2 1
a 31 99 19
a 31 84 8
a 31 15 18
a 31 96 6
a 31 38 18
a 31 29 10
a 31 41 6
a 31 6 9
a 31 47 4
a 31 57 17
a 31 14 1
a 32 33 7
a 32 52 4
a 32 39 7
a 32 65 16
a 32 73 3
a 32 47 16
a 32 85 15
a 32 94 5
a 32 96 12
a 32 13 2
a 33 34 7
a 33 98 8
a 33 92 14
a 33 58 12
a 33 19 12
a 33 99 2
a 33 1 13
a 33 89 19
a 33 66 3
a 33 18 2
a 33 69 14
a 33 20 4
a 34 35 12
a 34 73 13
a 34 39 18
a 34 86 13
a 34 5 8
a 34 8 1
a 34 45 6
a 34 20 11
a 34 6 3
a 34 53 1
a 35 36 11
a 35 95 4
a 35 29 4
a 35 30 7
a 35 25 17
a 35 45 7
a 35 56 16
a 35 12 11
a 35 46 8
a 35 24 8
a 35 42 7
a 35 15 12
a 35 67 10
a 35 81 2
a 35 91 13
a 35 38 12
a 36 37 1
a 36 44 3
a 36 86 9
a 36 46 13
a 36 70 19
a 36 58 16
a 36 78 3
a 36 3 11
a 36 65 2
a 36 9 9
a 36 34 13
a 37 38 19
a 37 26 6
a 37 1 3
a 37 22 9
a 37 99 15
a 37 2 2
a 37 15 16
a 37 7 16
a 37 73 2
a 37 43 10
a 37 3 4
a 37 82 13
a 37 63 5
a 37 39 4
a 37 54 15
a 38 39 13
a 38 88 15
a 38 94 10
a 38 22 10
a 38 6 17
a 38 23 1
a 38 55 2
a 38 84 15
a 38 19 4
a 38 83 19
a 38 21 2
a 39 40 3
a 39 80 18
a 39 81 9
a 39 83 6
a 39 92 19
a 39 79 8
a 39 69 8
a 39 45 13
a 39 71 2
a 39 35 16
a 40 41 7
a 40 86 16
a 40 21 4
a 40 59 5
a 40 75 14
a 40 42 13
a 40 30 17
a 40 12 18
a 40 38 12
a 41 42 7
a 41 79 13
a 41 65 19
a 41 77 17
a 41 62 15
a 41 57 16
a 41 84 5
a 41 29 18
a 41 64 6
a 42 43 11
a 42 10 19
a 42 40 15
a 42 2 14
a 42 39 19
a 42 98 18
a 42 51 14
a 42 84 10
a 43 44 18
a 43 81 13
a 43 12 2
a 43 5 18
a 43 46 12
a 43 11 4
a 43 25 19
a 44 45 19
a 44 23 6
a 44 55 1
a 44 25 2
a 44 57 11
a 44 69 1
a 44 73 16
a 44 83 16
a 45 46 7
a 45 63 13
a 45 1 10
a 45 81 1
a 45 66 6
a 45 12 19
a 45 84 6
a 45 54 16
a 45 83 10
a 46 47 14
a 46 29 18
a 46 79 13
a 46 12 12
a 46 27 1
a 46 1 19
a 46 61 2
a 46 53 8
a 46 20 8
a 46 14 13
a 46 71 3
a 46 78 1
a 46 63 10
a 46 77 14
a 46 81 5
a 47 48 6
a 47 54 7
a 47 20 11
a 47 66 19
a 47 60 14
a 47 14 18
a 47 37 11
a 47 79 7
a 47 68 10
a 47 94 8
a 48 49 4
a 48 37 9
a 48 24 5
a 48 1 18
a 48 84 7
a 48 80 1
a 48 4 12
a 48 41 14
a 48 76 5
a 49 50 4
a 49 63 1
a 49 57 14
a 49 68 10
a 49 10 12
a 49 98 10
a 49 16 8
a 49 14 9
a 49 69 3
a 49 72 17
a 50 51 5
a 50 93 16
a 50 49 18
a 50 96 18
a 50 55 8
a 50 10 17
a 50 24 7
a 50 98 18
a 50 79 10
a 50 73 3
a 50 3 3
a 50 67 1
a 50 83 4
a 50 56 7
a 51 52 7
a 51 88 16
a 51 11 7
a 51 21 11
a 51 61 2
a 51 32 5
a 51 60 11
a 51 44 10
a 51 74 9
a 51 26 19
a 51 97 19
a 52 53 7
a 52 50 11
a 52 81 13
a 52 98 11
a 52 75 12
a 52 83 9
a 53 54 1
a 53 75 5
a 53 33 8
a 53 68 8
a 53 5 15
a 53 2 13
a 53 12 2
a 53 80 9
a 53 72 5
a 53 3 1
a 54 55 13
a 54 22 1
a 54 48 3
a 54 45 11
a 54 84 16
a 54 77 3
a 55 56 13
a 55 31 11
a 55 46 5
a 55 18 12
a 55 32 15
a 55 60 12
a 55 72 19
a 55 30 2
a 56 57 16
a 56 51 1
a 56 83 13
a 56 1 8
a 56 42 13
a 56 41 4
a 56 25 17
a 56 18 18
a 56 46 3
a 56 38 9
a 56 39 3
a 56 27 4
a 56 32 8
a 57 58 12
a 57 86 16
a 57 97 14
a 57 36 7
a 57 60 6
a 57 55 14
a 57 76 17
a 57 69 14
a 57 75 16
a 57 35 7
a 57 61 9
a 57 47 18
a 58 59 9
a 58 26 19
a 58 22 16
a 58 28 1
a 58 73 9
a 58 95 16
a 58 48 8
a 58 84 19
a 58 4 3
a 58 43 2
a 59 60 9
a 59 75 5
a 59 84 15
a 59 43 16
a 60 61 19
a 60 92 18
a 60 52 1
a 60 20 1
a 60 76 10
a 60 96 14
a 60 80 12
a 60 14 9
a 60 36 14
a 60 44 7
a 60 40 16
a 61 62 19
a 61 84 17
a 61 19 16
a 61 7 1
a 61 70 13
a 61 49 18
a 61 26 6
a 61 5 19
a 61 27 3
a 61 68 9
a 61 93 8
a 61 25 1
a 62 63 2
a 62 57 16
a 62 15 9
a 62 77 13
a 62 72 8
a 62 82 14
a 62 16 1
a 62 5 8
a 63 64 7
a 63 76 2
a 63 83 12
a 63 82 15
a 63 42 12
a 63 94 15
a 63 4 11
a 63 80 19
a 63 95 19
a 63 81 16
a 64 65 7
a 64 22 12
a 64 58 1
a 64 77 16
a 64 84 6
a 64 81 15
a 64 5 10
a 64 36 11
a 64 43 16
a 64 42 12
a 64 49 5
a 64 6 10
a 64 14 6
a 65 66 13
a 65 27 13
a 65 87 17
a 65 62 13
a 65 76 12
a 65 81 6
a 65 75 10
a 66 67 12
a 66 53 4
a 66 77 18
a 66 74 19
a 66 33 16
a 66 45 10
a 66 39 15
a 66 25 1
a 67 68 11
a 67 14 5
a 67 50 11
a 67 89 6
a 67 25 3
a 67 45 10
a 67 96 10
a 67 23 8
a 68 69 13
a 68 36 5
a 68 90 4
a 68 74 6
a 68 77 13
a 68 7 2
a 68 86 6
a 68 33 4
a 68 49 5
a 68 99 6
a 69 70 9
a 69 62 18
a 69 16 15
a 69 93 16
a 69 6 19
a 69 23 8
a 69 15 16
a 69 77 4
a 70 71 14
a 70 1 7
a 70 44 8
a 70 88 3
a 70 20 11
a 70 19 13
a 71 72 12
a 71 3 6
a 71 26 7
a 71 87 19
a 71 88 8
a 71 77 2
a 71 25 3
a 72 73 12
a 72 5 6
a 72 52 7
a 72 48 19
a 72 30 4
a 72 47 14
a 72 99 12
a 72 84 17
a 73 74 2
a 73 54 8
a 73 2 12
a 73 82 18
a 73 32 2
a 73 18 13
a 73 46 19
a 73 96 11
a 73 40 4
a 74 75 1
a 74 98 13
a 74 31 8
a 74 73 13
a 74 86 13
a 74 29 19
a 74 85 16
a 74 53 6
a 74 58 18
a 75 76 18
a 75 96 14
a 75 41 7
a 75 91 10
a 75 14 10
a 75 97 11
a 75 18 13
a 75 5 15
a 75 40 17
a 76 77 9
a 76 8 4
a 76 33 9
a 76 55 10
a 76 46 19
a 76 16 18
a 76 66 4
a 76 57 5
a 76 12 15
a 76 40 2
a 76 22 6
a 77 78 14
a 77 52 7
a 77 68 18
a 77 49 14
a 77 47 6
a 77 9 6
a 77 45 2
a 77 36 7
a 77 93 6
a 77 14 5
a 78 79 18
a 78 76 10
a 78 7 1
a 78 50 13
a 78 29 9
a 78 72 16
a 78 48 8
a 78 13 9
a 78 39 13
a 78 57 4
a 78 56 16
a 78 6 2
a 79 80 14
a 79 23 18
a 79 28 2
a 79 96 18
a 79 78 12
a 79 85 3
a 79 58 10
a 79 13 13
a 79 16 8
a 79 90 7
a 79 7 17
a 79 39 11
a 80 81 3
a 80 92 9
a 80 31 6
a 80 42 4
a 80 40 9
a 80 23 13
a 80 90 8
a 80 94 8
a 80 34 11
a 80 10 13
a 80 71 4
a 80 85 2
a 80 78 19
a 81 82 12
a 81 76 18
a 81 85 18
a 81 61 2
a 81 83 2
a 81 70 12
a 81 64 5
a 81 3 19
a 81 37 17
a 81 41 6
a 81 24 8
a 82 83 11
a 82 94 8
a 82 87 2
a 82 81 16
a 82 91 14
a 82 55 15
a 82 6 9
a 82 7 16
a 82 99 18
a 82 11 9
a 82 21 5
a 83 84 14
a 83 89 12
a 83 2 6
a 83 46 8
a 83 72 16
a 83 29 3
a 83 39 5
a 83 86 16
a 83 97 17
a 83 82 1
a 84 85 3
a 84 68 4
a 84 37 8
a 84 24 3
a 84 36 16
a 84 14 14
a 84 75 10
a 84 26 16
a 84 67 1
a 84 33 11
a 84 74 12
a 85 86 12
a 85 31 11
a 85 40 17
a 85 49 4
a 85 61 4
a 85 32 7
a 85 54 16
a 85 34 14
a 85 42 7
a 85 24 7
a 85 88 11
a 85 47 11
a 85 58 17
a 85 97 2
a 85 16 15
a 85 62 12
a 86 87 12
a 86 37 17
a 86 65 14
a 86 7 13
a 86 56 10
a 86 12 7
a 86 99 9
a 86 85 18
a 86 9 8
a 86 51 18
a 86 6 12
a 86 22 13
a 86 26 4
a 87 88 10
a 87 46 5
a 87 15 12
a 87 68 6
a 87 13 11
a 87 49 11
a 87 94 1
a 87 99 3
a 87 33 9
a 87 20 6
a 87 67 8
a 88 89 3
a 88 45 19
a 88 77 14
a 88 8 5
a 88 95 16
a 88 41 12
a 88 18 10
a 88 27 5
a 88 99 7
a 89 90 8
a 89 74 16
a 89 92 3
a 89 76 2
a 89 63 2
a 89 70 4
a 89 91 11
a 89 86 17
a 89 32 2
a 89 99 14
a 89 34 15
a 90 91 16
a 90 60 14
a 90 24 1
a 90 29 14
a 90 4 1
a 90 56 1
a 90 52 15
a 90 62 5
a 90 77 12
a 90 27 8
a 91 92 13
a 91 33 14
a 91 21 8
a 91 50 4
a 91 84 10
a 91 18 4
a 91 67 10
a 91 23 4
a 91 39 13
a 91 75 12
a 92 93 8
a 92 67 11
a 92 22 14
a 92 31 9
a 92 45 2
a 92 72 8
a 92 1 17
a 92 6 9
a 92 62 5
a 93 94 1
a 93 85 1
a 93 96 10
a 93 8 5
a 93 25 10
a 93 38 13
a 93 31 16
a 93 75 16
a 93 81 3
a 93 87 19
a 94 95 10
a 94 30 15
a 94 64 12
a 94 23 9
a 94 77 7
a 94 37 13
a 94 28 12
a 94 7 4
a 94 99 14
a 94 80 9
a 94 68 8
a 95 96 3
a 95 75 4
a 95 47 2
a 95 43 3
a 95 7 2
a 95 38 8
a 95 26 17
a 95 72 11
a 95 59 4
a 95 5 4
a 96 97 15
a 96 95 9
a 96 46 11
a 96 5 15
a 96 37 1
a 96 35 4
a 96 79 15
a 97 98 14
a 97 79 12
a 97 4 3
a 97 7 1
a 97 22 19
a 97 51 17
a 97 18 14
a 97 25 3
a 98 99 8
a 98 34 1
a 98 63 1
a 98 36 5
a 98 43 15
a 98 12 13
a 98 45 1
a 98 28 12
a 98 82 1
a 98 65 6
a 98 33 14
c 46 79 18 89 55
c 30 31 16 85 67
c 81 41 39 83 140
c 0 96 30 48 121
c 92 31 50 83 128
c 15 25 84 74 111
c 7 98 84 68 123
c 1 2 54 84 84
c 22 23 89 76 80
c 41 65 23 57 125
c 65 66 77 9 53
c 88 8 71 72 61
c 75 91 14 74 91
c 98 43 69 23 144
c 12 74 68 90 72
c 12 46 1 80 139
c 79 28 79 58 78
c 32 96 51 11 123
c 29 46 20 1 82
c 86 51 74 98 66
c 61 49 78 79 50
c 98 43 67 25 143
c 34 73 79 90 106
c 37 26 89 34 111
c 93 96 76 22 53
c 83 46 93 81 68
c 26 40 35 36 91
c 16 83 17 18 75
c 50 49 11 45 141
c 55 60 28 36 115
c 60 20 91 18 62
c 72 30 58 28 142
c 10 46 36 65 114
c 28 96 29 46 78
c 67 89 41 84 87
c 37 15 36 86 51
c 10 98 67 68 128
c 1 87 17 45 117
c 64 22 88 18 138
c 11 76 9 42 108
c 15 6 71 25 97
c 42 84 94 77 114
c 26 30 72 30 84
c 12 39 45 83 138
c 29 13 80 71 80
c 19 27 46 1 104
c 79 23 88 8 80
c 50 10 79 23 57
c 46 71 40 86 88
c 30 31 57 35 98
c 25 95 48 80 101
c 16 88 41 84 80
c 38 94 35 56 123
c 38 94 95 38 83
c 35 42 80 92 129
c 1 43 63 95 115
c 60 20 39 80 55
c 51 11 41 29 76
c 76 46 55 46 138
c 36 34 52 50 122
c 74 73 43 12 76
c 26 40 68 49 69
c 89 76 83 72 125
c 57 60 18 76 141
c 58 84 2 99 66
c 73 32 13 26 130
c 29 58 45 1 50
c 87 68 75 14 89
c 14 7 8 76 91
c 6 52 5 24 66
c 97 4 2 20 137
c 77 93 12 22 139
c 82 91 16 63 107
c 20 99 41 79 107
c 3 80 98 63 87
c 29 87 71 87 59
c 60 92 75 5 112
c 23 73 2 71 102
c 90 27 1 12 97
c 35 91 11 91 121
c 67 25 73 32 78
c 66 33 14 74 115
c 33 20 80 34 146
c 70 1 50 96 85
c 20 68 36 46 149
c 63 94 16 13 53
c 48 49 88 41 79
c 63 64 51 61 125
c 33 92 78 7 75
c 16 88 23 78 96
c 64 84 48 80 119
c 8 9 58 48 111
c 86 7 18 12 69
c 11 13 33 92 98
c 92 67 77 52 101
c 73 2 29 84 56
c 96 95 25 24 60
c 25 26 65 62 140
c 56 25 45 66 134
c 26 38 69 62 73
c 53 3 95 59 54
c 88 95 56 41 80
c 79 90 85 31 69
c 64 14 32 39 62
c 10 30 57 86 129
c 56 39 57 60 78
c 65 87 7 35 53
c 45 1 57 75 131
c 12 27 76 12 80
c 4 73 95 26 65
c 39 69 5 21 95
c 21 32 41 62 71
c 31 6 51 97 84
c 2 12 64 14 106
c 76 55 60 44 79
c 6 7 25 55 74
c 74 86 33 1 92
c 6 7 64 81 98
c 29 13 90 77 58
c 4 49 83 86 118
c 63 81 87 15 134
c 85 86 94 68 72
c 3 10 37 54 103
c 64 65 86 26 140
c 65 62 47 60 68
c 18 12 84 68 78
c 29 1 66 53 84
c 54 55 80 23 54
c 35 24 11 45 121
c 71 3 46 77 135
c 46 61 8 9 128
c 62 16 31 84 133
c 53 75 60 36 97
c 57 55 98 34 115
c 23 57 86 56 90
c 85 47 29 13 100
c 69 70 10 88 136
c 72 5 37 82 58
c 33 98 94 64 68
c 18 84 53 2 73
c 31 41 33 92 98
c 88 95 81 82 73
c 77 78 29 87 88
c 94 23 74 58 70
c 74 73 46 61 128
c 62 5 63 83 147
c 18 54 28 99 83
c 83 29 82 91 140
c 1 10 29 49 56
c 70 1 87 88 68
c 79 13 23 78 81
c 31 99 71 88 94
c 90 27 5 9 88
c 63 80 34 6 143
c 89 92 6 17 95
c 14 44 49 68 111
c 85 47 83 72 100
c 78 79 13 26 94
c 83 46 87 67 145
c 56 57 28 99 90
c 69 16 46 79 70
c 26 68 93 85 110
c 36 9 71 25 102
c 31 47 96 79 90
c 14 96 58 4 107
c 9 6 49 63 123
c 67 96 60 76 100
c 2 16 69 70 107
c 83 97 26 27 84
c 17 65 35 38 136
c 15 76 4 6 80
c 37 15 30 67 115
c 18 76 77 52 130
c 8 97 24 25 92
c 26 40 16 33 137
c 15 92 98 45 110
c 14 7 32 73 53
c 76 66 11 91 111
c 74 58 30 54 123
c 3 88 47 14 82
c 11 12 33 98 82
c 28 36 77 93 117
c 98 63 38 94 121
c 43 46 24 79 74
c 49 72 26 68 106
c 6 28 83 72 144
c 86 99 29 82 53
c 57 47 14 15 80
c 11 13 77 14 78
c 58 95 31 57 64
c 76 12 81 37 74
c 71 26 18 12 118
c 64 84 84 33 105
c 6 3 90 62 134
c 96 46 69 6 77
c 9 42 72 47 112
c 16 73 51 21 65
c 38 19 97 98 99
c 55 60 24 25 59
c 16 87 57 97 94
c 36 65 16 88 51
c 44 23 86 65 141
c 7 8 86 51 129
c 76 66 15 77 59
c 47 14 27 23 51
c 70 71 56 57 130
c 26 6 69 70 77
c 36 86 12 36 107
c 7 94 16 49 113
c 0 8 52 50 149
c 50 24 4 49 58
c 87 46 63 64 135
c 41 64 35 36 51
c 95 5 91 21 85
c 13 14 24 67 86
c 56 27 38 94 113
c 86 37 61 19 136
c 63 82 37 26 94
c 85 42 86 37 69
c 69 23 98 63 124
c 83 84 30 31 107
c 38 22 66 53 125
c 57 47 68 69 88
c 4 5 34 53 142
c 46 61 66 33 85
c 10 46 34 86 117
c 8 9 62 77 135
c 28 21 31 47 98
c 68 33 64 36 69
c 66 77 92 67 141
c 37 39 75 97 73
c 49 98 31 93 58
c 56 51 85 54 57
c 91 39 84 33 57
c 96 95 17 62 93
c 48 24 25 26 95
c 96 46 3 1 65
c 8 57 80 94 110
c 14 44 12 13 134
c 10 11 35 29 106
c 38 94 51 74 131
c 60 44 72 30 147
c 19 20 33 99 98
c 80 31 33 1 63
c 95 26 10 87 95
c 94 99 23 62 75
c 76 16 34 20 133
c 21 98 91 92 126
c 72 52 78 72 51
c 25 26 94 30 71
c 80 10 28 27 92
c 15 16 69 93 60
c 96 95 93 81 64
c 95 75 88 89 115
c 41 29 98 65 60
c 6 11 17 72 50
c 0 96 44 83 141
c 3 1 80 31 140
c 59 60 18 35 85
c 75 91 44 45 117
c 53 33 93 85 134
c 63 4 38 22 57
c 18 3 79 58 57
c 82 94 83 39 85
c 74 98 35 81 98
c 17 18 84 14 117
c 70 1 33 1 69
c 14 44 28 96 126
c 25 53 72 73 59
c 22 20 87 88 58
c 15 2 29 68 149
c 84 68 94 77 66
c 56 27 20 75 128
c 34 5 20 40 106
c 81 3 84 68 77
c 41 77 56 18 83
c 58 26 22 68 90
c 66 77 3 34 86
c 10 93 42 43 128
c 38 83 86 99 57
c 91 50 40 86 101
c 94 77 19 40 133
c 37 39 77 47 91
c 79 16 17 65 97
c 94 80 72 47 144
c 93 81 18 19 70
c 46 63 1 80 120
c 16 17 93 8 70
c 4 73 28 96 100
c 10 54 13 14 95
c 95 96 79 90 54
c 16 13 98 34 82
c 40 38 89 86 122
c 68 7 39 81 137
c 76 46 61 27 83
c 17 62 18 35 124
c 53 80 61 19 140
c 87 94 56 27 99
c 94 64 24 79 120
c 2 51 60 96 149
c 3 6 98 43 149
c 2 51 13 53 73
c 53 33 46 20 149
c 12 36 57 47 70
c 58 4 16 49 56
c 45 63 98 43 133
c 78 79 33 69 140
c 62 5 81 85 108
c 66 67 37 1 70
c 82 91 38 19 114
c 14 88 47 60 83
c 62 15 26 30 130
c 66 74 1 31 144
c 65 87 49 98 129
c 95 59 92 31 52
c 16 49 3 34 104
c 22 20 91 21 115
c 20 68 12 22 68
c 5 21 21 50 109
c 29 87 20 99 117
c 55 56 57 97 108
c 46 71 67 68 126
c 41 42 13 34 106
c 97 79 2 71 119
c 37 15 33 69 97
c 75 91 91 75 141
c 6 28 68 49 135
c 41 84 1 9 106
c 42 51 85 88 56
c 13 8 77 14 109
c 88 45 78 29 98
c 79 16 34 45 145
c 46 61 19 27 52
c 81 70 33 34 143
c 12 13 23 33 60
c 43 5 69 23 62
c 8 9 68 74 83
c 1 97 89 91 106
c 81 24 21 22 73
c 79 23 57 69 135
c 78 13 76 16 125
c 37 99 16 63 84
c 75 97 11 76 147
c 32 65 57 35 124
c 94 95 32 65 119
c 48 4 65 27 121
c 12 22 10 88 91
c 46 47 85 34 58
c 32 96 82 6 133
c 63 4 36 86 51
c 41 79 62 5 113
c 88 18 10 46 61
c 64 6 20 99 94
c 46 12 74 85 139
c 19 30 88 95 79
c 78 48 3 88 85
c 77 14 86 12 121
c 35 81 14 88 124
c 36 70 44 55 114
c 76 22 48 80 135
c 46 81 2 71 125
c 1 5 34 5 82
c 22 78 31 41 51
c 33 92 14 98 91
c 13 36 38 39 119
c 56 46 49 68 149
c 98 99 94 99 140
c 56 42 61 70 127
c 40 38 33 20 142
c 46 71 56 1 77
c 95 96 33 34 134
c 50 73 95 47 108
c 29 3 33 69 69
c 60 76 93 25 90
c 71 88 31 32 84
c 81 37 66 77 143
c 16 63 44 69 84
c 5 24 87 67 58
c 26 78 86 6 89
c 25 52 60 40 86
c 54 48 81 3 134
c 91 21 53 33 104
c 13 34 37 39 119
c 14 70 33 98 100
c 90 91 67 96 104
c 76 22 33 99 105
c 29 41 56 57 103
c 94 37 24 4 145
c 1 58 47 60 79
c 76 66 93 96 96
c 95 5 46 14 100
c 79 58 7 98 112
c 57 97 76 66 98
c 12 48 82 11 127
c 75 18 16 13 66
c 18 76 9 10 76
c 53 12 67 89 134
c 39 79 46 81 142
c 5 24 10 9 113
c 15 2 8 97 62
c 35 29 11 12 84
c 73 18 50 24 124
c 29 41 47 60 58
c 28 99 64 22 136
c 14 44 2 26 74
c 16 17 79 13 119
c 13 31 51 26 146
c 46 27 36 70 130
c 95 47 40 75 94
c 30 48 9 56 99
c 64 36 19 20 52
c 10 46 50 73 106
c 51 32 72 84 130
c 77 36 15 25 73
c 88 45 26 27 92
c 57 75 95 7 133
c 67 23 73 32 88
c 84 67 73 96 52
c 74 31 73 82 66
c 2 71 53 54 57
c 26 78 73 18 73
c 33 98 98 12 102
c 95 75 58 95 141
c 71 72 24 89 61
c 50 79 13 31 81
c 39 40 58 43 53
c 19 30 72 84 139
c 15 6 4 6 91
c 39 92 30 54 82
c 58 48 72 5 62
c 15 6 79 13 73
c 50 67 35 42 61
c 94 28 18 89 52
c 1 43 57 97 91
c 95 59 42 2 149
c 25 26 23 58 92
c 61 5 59 43 109
c 15 29 57 60 68
c 17 54 83 2 109
c 94 99 80 42 71
c 10 93 29 84 138
c 97 4 35 91 94
c 21 64 49 14 135
c 96 5 56 32 134
c 50 96 55 30 69
c 2 80 73 40 114
c 26 29 56 1 119
c 32 96 95 59 82
c 39 92 46 79 140
c 31 6 91 50 96
c 33 69 20 31 85
c 44 69 79 23 97
c 85 42 32 96 79
c 95 47 82 55 68
c 57 86 8 18 60
c 47 60 5 21 98
c 68 7 65 87 132
c 74 58 28 96 131
c 54 55 87 33 52
c 94 30 53 33 128
c 68 69 5 21 77
c 56 32 85 61 63
c 8 18 95 26 100
c 28 53 80 92 58
c 81 41 26 55 107
c 95 43 84 67 65
c 93 31 11 35 71
c 1 9 81 64 105
c 56 18 85 54 54
c 20 64 55 31 80
c 7 81 35 36 117
c 96 35 87 94 71
c 5 59 35 24 142
c 42 98 73 46 102
c 61 25 17 72 104
c 85 32 87 13 57
c 60 40 14 58 102
c 83 2 5 9 59
c 77 93 87 99 110
c 37 26 39 83 83
c 64 22 98 33 74
c 85 49 4 66 121
c 86 65 56 25 67
c 60 96 44 25 125
c 9 42 29 82 79
c 94 99 91 67 54
c 49 98 21 18 143
c 70 44 65 76 125
c 80 92 36 44 68
c 28 29 25 33 71
c 9 12 11 76 118
c 74 29 24 94 55
c 69 15 10 9 94
c 70 71 68 99 60
c 94 68 58 4 117
c 14 7 78 29 138
c 24 48 35 24 147
c 74 85 81 61 90
c 77 47 70 88 119
c 77 49 40 59 80
c 2 16 12 46 74
c 24 89 26 30 83
c 66 77 82 21 82
c 72 30 38 23 85
c 81 24 65 87 125
c 20 16 70 71 139
c 58 26 30 31 92
c 95 72 11 26 59
c 11 26 91 21 121
c 2 20 1 72 144
c 24 23 93 25 114
c 25 53 61 27 144
c 17 90 38 23 97
c 51 32 17 62 148
c 64 58 49 57 116
c 63 95 42 51 127
c 43 81 33 98 56
c 85 61 52 81 59
c 58 22 75 18 52
c 74 75 91 50 91
c 82 83 21 18 73
c 74 98 37 7 126
c 68 7 68 36 113
c 34 45 43 5 55
c 62 16 42 39 66
c 15 29 97 4 113
c 58 22 50 24 59
c 86 9 50 79 138
c 37 54 33 66 60
c 42 39 84 26 122
c 5 24 34 53 97
c 51 32 74 73 104
c 17 65 16 33 125
c 36 44 49 50 80
c 35 38 66 67 80
c 82 83 12 22 114
c 16 85 57 61 69
c 35 30 50 98 98
c 12 48 89 99 129
c 69 62 77 49 83
c 35 81 17 54 70
c 50 98 41 62 79
c 68 33 8 86 96
c 60 52 49 69 116
c 77 78 64 43 97
c 2 80 82 21 100
c 56 38 55 72 118
c 7 98 85 58 137
c 47 37 80 71 130
c 41 29 56 39 95
c 42 2 40 75 130
c 15 77 25 19 61
c 66 33 25 1 147
c 75 18 38 88 140
c 61 93 33 19 122
c 78 39 29 68 93
c 46 63 49 57 69
c 77 45 12 46 116
c 37 15 6 1 80
c 48 49 96 46 66
c 81 61 6 28 138
c 97 4 65 87 122
c 19 30 51 11 74
c 26 38 45 1 108
c 53 72 76 77 67
c 3 10 1 72 132
c 67 14 1 82 63
c 58 84 13 93 90
c 4 49 57 58 149
c 42 98 64 43 88
c 97 51 20 31 112
c 38 84 51 11 107
c 11 88 86 6 97
c 96 97 52 50 130
c 85 86 2 26 131
c 22 20 52 98 69
c 48 24 72 5 109
c 56 18 43 44 52
c 54 55 63 95 145
c 96 37 6 51 147
c 13 34 79 39 84
c 96 5 8 42 129
c 65 62 39 79 113
c 33 20 16 17 66
c 89 91 32 73 130
c 43 5 79 16 119
c 89 86 98 12 129
c 62 5 40 38 96
c 78 48 1 43 83
c 98 99 30 54 50
c 33 1 94 28 105
c 78 13 39 80 62
c 36 65 93 87 92
c 39 79 63 83 88
c 91 75 78 72 86
c 77 52 18 8 106
c 89 86 80 90 122
c 0 96 12 46 90
c 84 24 23 18 93
c 87 49 96 37 77
c 72 5 21 73 148
c 18 3 42 43 138
c 72 99 28 39 53
c 69 77 39 80 63
c 15 6 18 19 64
c 10 54 96 5 130
c 61 7 5 24 104
c 9 6 52 75 130
c 40 41 34 6 148
c 84 36 7 8 94
c 3 10 25 55 81
c 31 47 90 60 129
c 26 40 89 92 118
c 73 54 24 23 127
c 98 28 80 90 85
c 73 82 68 90 135
c 35 95 4 5 142
c 77 36 44 25 85
c 77 47 41 64 69
c 33 66 7 81 121
c 29 1 51 97 117
c 73 82 70 1 109
c 56 38 10 98 61
c 64 42 35 95 145
c 27 55 91 23 142
c 62 5 61 7 146
c 16 13 56 46 72
c 81 82 67 25 68
c 14 88 48 49 107
c 1 64 96 5 90
c 19 34 58 73 101
c 21 32 79 28 67
c 51 88 53 68 96
c 58 95 91 75 118
c 35 67 17 38 122
c 57 36 46 20 54
c 16 25 29 49 100
c 88 77 54 77 129
c 76 22 2 57 140
c 56 41 18 19 58
c 50 55 18 89 132
c 87 94 92 22 148
c 27 26 19 34 67
c 81 70 25 33 95
c 67 23 36 44 73
c 80 85 73 46 112
c 19 20 45 12 82
c 18 27 97 25 144
c 1 82 47 60 93
c 85 62 82 83 96
c 5 96 66 39 102
c 90 29 8 42 134
c 95 38 33 89 83
c 70 19 57 76 130
c 72 48 82 91 101
c 11 35 64 65 117
c 11 79 41 57 92
c 82 83 29 68 91
c 32 33 9 29 114
c 9 10 74 86 116
c 84 68 34 35 69
c 13 50 70 1 147
c 72 48 75 41 146
c 20 68 88 95 54
c 15 27 55 31 70
c 23 57 34 35 133
c 68 36 27 28 143
c 81 41 25 95 102
c 34 45 72 48 123
c 91 67 36 9 122
c 56 51 85 58 142
c 60 61 95 72 100
c 24 4 11 12 109
c 5 21 90 60 142
c 61 49 51 52 53
c 46 29 26 27 63
c 32 96 57 76 64
c 61 49 72 5 67
c 57 55 61 68 136
c 16 87 2 71 148
c 55 31 29 46 78
c 4 6 49 68 98
c 68 33 2 80 131
c 94 77 19 30 148
c 82 21 18 2 103
c 65 87 26 40 106
c 2 71 58 22 141
c 29 84 79 16 50
c 79 16 36 9 146
c 31 93 39 45 55
c 28 96 69 70 54
c 85 16 9 12 127
c 5 27 2 26 63
c 35 24 91 50 106
c 98 43 5 27 107
c 70 20 45 54 134
c 79 7 77 93 85
c 71 87 5 21 76
c 81 83 38 55 71
c 60 61 0 89 76
c 89 76 16 73 101
c 31 96 26 40 121
c 78 79 74 73 121
c 50 49 18 84 98
c 47 60 50 83 144
c 10 46 50 96 119
c 75 76 88 89 105
c 89 70 93 85 52
c 41 79 57 75 75
c 97 22 89 63 132
c 42 2 57 55 77
c 40 30 61 5 127
c 47 14 66 25 71
c 57 97 18 3 140
c 69 6 10 87 119
c 62 15 6 61 78
c 15 25 85 42 112
c 79 85 4 66 145
c 38 94 92 72 95
c 75 76 37 7 105
c 35 38 6 71 133
c 75 5 17 86 118
c 83 46 98 34 76
c 82 6 52 83 134
c 85 32 97 4 138
c 61 49 64 81 65
c 29 3 22 68 140
c 33 19 17 90 135
c 34 86 46 71 147
c 80 40 51 11 68
c 90 62 34 39 66
c 73 32 57 35 132
c 1 58 11 14 60
c 50 73 86 26 115
c 63 94 16 83 69
c 19 30 68 49 121
c 66 33 1 58 84
c 79 78 25 26 97
c 0 70 61 25 53
c 57 60 6 11 53
c 3 88 78 6 52
c 12 33 95 75 57
c 84 74 28 36 110
c 70 1 75 91 121
c 10 93 39 80 56
c 53 12 91 33 121
c 82 87 31 38 104
c 26 6 75 40 72
c 24 34 9 12 131
c 26 40 27 23 87
c 76 22 86 37 63
c 83 39 21 87 130
c 84 33 42 98 118
c 75 5 73 82 117
c 22 23 46 29 105
c 1 72 56 57 98
c 9 6 71 77 144
c 26 29 32 13 133
c 13 14 35 42 65
c 7 81 88 95 69
c 1 10 61 19 128
c 47 14 37 7 142
c 90 29 75 91 130
c 4 49 78 76 114
c 91 50 8 42 70
c 38 94 58 73 105
c 77 78 14 74 127
c 41 65 36 58 125
c 58 28 46 79 116
c 71 26 38 23 55
c 94 37 1 87 55
c 68 99 67 50 130
c 46 61 29 46 136
c 16 49 34 5 146
c 19 38 42 84 149
c 79 28 96 5 81
c 76 57 56 41 127
c 92 67 0 8 97
c 82 87 67 14 83
c 56 51 57 86 101
c 13 93 75 14 138
c 77 93 20 64 140
c 54 45 40 30 108
c 85 32 63 64 138
c 4 49 3 88 140
c 93 8 93 94 138
c 5 24 12 74 50
c 97 98 65 62 116
c 18 2 62 72 118
c 58 59 30 54 122
c 18 76 40 86 130
c 33 19 35 30 79
c 83 72 97 98 121
c 33 99 55 30 143
c 55 60 63 76 139
c 36 78 73 18 147
c 87 67 58 73 137
c 61 93 57 35 52
c 73 74 77 14 121
c 10 93 7 8 125
c 57 86 78 29 81
c 59 60 65 66 86
c 48 4 75 41 67
c 36 44 60 52 59
c 78 13 5 27 59
c 95 47 89 32 61
c 34 8 93 85 72
c 94 7 35 36 77
c 52 98 43 25 54
c 24 4 68 36 54
c 43 25 55 60 148
c 88 89 37 2 111
c 71 77 63 83 119
c 56 32 55 18 85
c 18 3 80 42 55
c 84 74 53 75 142
c 11 76 45 83 55
c 60 20 57 69 68
c 58 95 8 76 103
c 29 82 13 26 105
c 77 68 57 60 56
c 13 14 93 38 113
c 91 21 1 2 78
c 50 56 80 42 127
c 76 57 80 81 74
c 5 59 81 76 99
c 39 79 42 40 73
c 3 6 14 58 106
c 78 57 65 81 62
c 11 14 31 47 60
c 76 40 49 68 62
c 51 97 45 63 100
c 71 72 11 45 130
c 41 77 94 30 128
c 32 96 12 27 149
c 2 99 94 64 99
c 76 55 94 28 146
c 65 87 76 46 128
c 56 83 6 11 106
c 35 81 53 54 148
c 34 45 5 24 116
c 49 16 87 46 68
c 95 43 3 1 134
c 1 43 74 85 76
c 39 45 52 83 125
c 79 16 87 99 143
c 62 72 67 25 123
c 76 40 1 12 125
c 73 74 95 47 92
c 14 7 15 6 145
c 85 31 77 93 142
c 28 99 82 21 53
c 51 97 86 6 93
c 63 83 92 62 60
c 78 6 32 85 121
c 6 11 89 32 136
c 65 76 91 75 138
c 81 61 58 84 143
c 98 33 61 49 98
c 37 26 74 98 100
c 46 71 72 47 51
c 89 32 47 79 76
c 79 16 36 78 149
c 86 56 29 13 111
c 28 27 36 37 120
c 37 2 65 81 52
c 68 99 83 29 126
c 30 67 29 58 130
c 70 20 72 73 80
c 45 81 97 51 114
c 46 79 21 22 137
c 40 75 37 38 107
c 45 46 36 86 57
c 49 50 75 76 67
c 3 9 76 57 79
c 50 24 17 54 137
c 98 12 57 55 109
c 19 27 67 68 113
c 41 77 44 25 97
c 5 27 55 32 124
c 40 41 47 14 81
c 39 92 92 22 149
c 82 83 79 96 57
c 2 3 28 27 145
c 74 73 25 33 80
c 67 68 71 88 128
c 79 80 29 46 143
c 39 79 34 86 95
c 94 30 82 83 146
c 78 13 29 3 134
c 60 92 73 2 106
c 20 64 31 93 72
c 93 96 44 55 68
c 87 20 95 47 92
c 88 77 44 25 145
c 15 25 61 70 73
c 58 43 50 55 122
c 63 76 75 76 111
c 36 37 81 70 99
c 98 33 93 85 121
c 38 84 86 65 125
c 82 91 28 29 85
c 6 61 2 51 101
c 14 70 63 76 106
c 8 17 88 27 97
c 85 16 82 6 82
c 53 3 36 46 72
c 42 98 94 64 61
c 24 25 76 16 65
c 32 96 31 57 56
c 54 48 32 96 142
c 55 72 70 1 123
c 51 21 91 84 113
c 69 93 90 60 117
c 62 77 90 56 60
c 41 29 39 40 77
c 0 30 51 52 134
c 63 82 45 81 76
c 60 96 7 81 116
c 80 94 16 13 108
c 77 14 31 41 62
c 87 67 33 34 65
c 29 87 15 13 92
c 63 64 89 86 107
c 48 41 71 87 85
c 39 35 51 74 107
c 18 3 65 27 95
c 96 5 47 66 92
c 51 21 42 2 65
c 8 86 6 1 67
c 31 47 65 87 136
c 53 68 33 89 133
c 7 61 76 55 79
c 76 57 57 86 109
c 45 81 47 68 112
c 36 34 74 31 68
c 98 45 87 13 138
c 90 60 95 75 52
c 77 47 12 74 146
c 84 26 48 37 79
c 78 72 46 71 114
c 47 37 77 49 110
c 11 88 50 3 131
c 61 93 93 85 62
c 43 12 53 68 114
c 5 21 62 16 55
c 46 81 28 99 80
c 18 12 71 3 92
c 25 33 15 25 106
c 66 53 77 36 83
c 30 79 15 25 123
c 11 91 33 92 144
c 90 4 48 80 108
c 32 33 87 33 103
c 86 65 34 39 99
c 73 82 40 41 121
c 2 99 63 82 103
c 79 16 26 59 97
c 18 76 38 88 67
c 46 78 41 57 89
c 88 99 47 54 146
c 57 35 97 25 143
c 17 51 16 88 101
c 41 65 85 24 73
c 12 55 32 73 52
c 57 61 60 20 76
c 80 81 30 48 101
c 71 88 17 62 79
c 77 9 68 74 92
c 34 35 89 86 108
c 31 14 3 4 143
c 69 77 95 7 113
c 63 64 83 97 81
c 8 18 64 42 119
c 55 32 16 17 60
c 29 41 16 13 73
c 87 20 98 65 88
c 25 26 24 23 82
c 20 75 94 37 123
c 91 50 26 27 86
c 25 95 76 77 149
c 55 30 82 94 71
c 52 50 86 6 143
c 1 12 80 90 138
c 20 1 57 61 110
c 85 42 68 7 118
c 18 76 28 91 72
c 70 71 93 38 139
c 28 53 96 35 147
c 81 61 86 99 70
c 6 17 56 57 144
c 15 25 54 55 100
c 45 54 40 41 56
c 8 42 82 94 119
c 17 45 20 16 62
c 50 55 27 79 123
c 47 48 34 5 89
c 79 58 21 73 79
c 98 45 74 31 93
c 68 7 12 36 134
c 2 57 28 27 71
c 30 67 88 27 103
c 97 98 22 37 130
c 40 42 55 60 73
c 35 24 48 49 103
c 77 52 56 57 123
c 19 27 79 7 135
c 94 28 80 10 138
c 34 8 93 25 110
c 93 87 12 74 105
c 90 60 38 22 103
c 40 30 22 44 139
c 87 46 95 75 56
c 64 58 35 38 148
c 47 66 55 32 70
c 36 37 19 71 82
c 80 23 37 73 82
c 75 97 88 99 126
c 63 4 80 23 132
c 51 21 50 98 98
c 61 93 68 69 115
c 53 5 79 13 135
c 51 61 79 7 111
c 24 79 76 16 131
c 50 3 50 67 130
c 97 79 31 57 70
c 64 49 36 3 125
c 34 35 54 77 119
c 25 59 11 26 114
c 12 39 29 21 106
c 51 74 92 31 102
c 44 83 15 13 121
c 53 72 22 44 84
c 10 93 14 15 111
c 3 1 58 4 86
c 95 47 71 25 82
c 8 9 81 85 142
c 72 73 17 43 94
c 10 46 66 33 108
c 78 76 83 82 149
c 90 27 47 54 77
c 12 36 95 59 122
c 6 11 70 71 56
c 76 46 40 30 129
c 42 2 19 10 148
c 27 76 93 87 57
c 31 99 73 40 114
c 3 6 45 12 147
c 15 6 79 7 55
c 43 11 83 72 67
c 10 46 83 82 122
c 6 61 79 90 136
c 94 99 56 42 74
c 28 39 96 5 121
c 69 16 11 76 102
c 16 49 88 8 85
c 70 1 91 75 108
c 53 33 0 1 131
c 29 65 82 99 56
c 53 68 37 2 116
c 35 36 23 58 118
c 56 41 51 52 117
c 35 15 37 54 148
c 27 26 53 12 56
c 1 87 75 76 85
c 49 68 5 21 80
c 12 19 69 15 109
c 52 50 35 30 139
c 58 95 42 10 130
c 48 76 65 81 143
c 66 45 34 39 60
c 95 43 23 62 110
c 80 81 74 85 99
c 95 7 63 64 116
c 79 78 9 6 69
c 37 82 0 70 123
c 43 11 91 39 53
c 35 45 26 38 66
c 30 79 47 68 59
c 77 49 57 55 60
c 80 34 60 61 143
c 24 89 1 80 145
c 78 72 20 16 127
c 30 31 85 88 141
c 34 45 39 83 148
c 69 15 85 88 144
c 8 76 47 20 58
c 48 1 94 95 139
c 73 46 40 41 67
c 3 9 51 11 97
c 85 34 85 49 146
c 90 4 7 98 108
c 81 37 86 87 57
c 6 7 12 22 118
c 76 8 12 46 119
c 36 86 1 43 82
c 35 15 26 68 131
c 79 90 12 13 146
c 47 48 78 7 126
c 48 84 8 57 96
c 12 13 38 19 128
c 67 25 63 4 52
c 69 62 63 83 145
c 61 5 78 57 135
c 27 64 91 21 124
c 84 68 98 28 135
c 67 45 15 76 73
c 82 99 27 55 67
c 89 74 60 20 138
c 48 41 85 40 84
c 41 29 80 90 141
c 6 1 51 61 51
c 98 43 93 38 136
c 3 4 78 7 132
c 69 23 28 29 113
c 15 27 55 72 128
c 18 35 95 96 120
c 49 69 54 45 131
c 58 28 76 40 126
c 89 91 79 96 133
c 89 34 23 62 76
c 48 24 73 46 114
c 80 85 8 57 133
c 23 63 3 9 94
c 71 72 77 14 85
c 7 81 31 99 54
c 95 26 71 88 109
c 15 60 1 72 134
c 38 22 65 87 67
c 45 63 89 92 69
c 7 35 84 26 60
c 64 42 66 33 101
c 30 31 65 66 79
c 89 32 2 26 138
c 85 97 82 91 73
c 29 13 59 60 90
c 79 13 59 75 129
c 16 33 42 98 78
c 4 49 32 13 147
c 66 77 66 45 50
c 39 92 77 36 94
c 79 13 96 97 149
c 56 83 60 20 53
c 62 77 33 98 139
c 25 55 13 34 103
c 75 97 86 7 84
c 62 57 69 93 72
c 21 73 28 21 129
c 64 65 45 84 85
c 3 9 46 79 142
c 96 79 38 88 135
c 4 6 69 77 118
c 95 38 40 42 138
c 51 97 52 50 58
c 39 80 37 38 121
c 37 54 45 63 136
c 13 26 31 93 72
c 46 14 12 36 90
c 20 40 46 79 149
c 45 12 54 55 149
c 88 89 33 19 95
c 2 57 49 10 149
c 62 16 94 23 102
c 16 25 7 35 63
c 50 98 79 23 133
c 3 34 81 24 149
c 50 3 81 70 82
c 8 80 59 75 133
c 28 91 6 52 69
c 43 11 10 87 148
c 27 79 19 10 129
c 60 80 80 90 122
c 62 72 5 21 107
c 66 74 23 78 122
c 74 85 32 73 129
c 24 79 15 29 65
c 53 80 85 40 57
c 61 26 10 87 127
c 19 10 73 54 147
c 70 19 18 76 134
c 83 46 70 20 71
c 51 61 2 71 121
c 60 80 84 37 72
c 55 30 38 94 127
c 86 9 50 10 50
c 56 1 33 18 73
c 72 99 91 84 89
c 67 89 17 38 125
c 1 87 35 38 138
c 86 56 93 75 134
c 3 80 46 81 76
c 19 30 29 65 121
c 40 21 70 71 52
c 68 33 59 75 134
c 27 64 2 26 112
c 41 84 14 7 147
c 63 95 29 49 50
c 73 74 60 76 127
c 6 17 89 74 90
c 3 80 84 24 122
c 15 27 38 84 123
c 75 76 89 99 80
c 41 84 37 26 109
c 43 44 14 39 92
c 2 57 4 49 106
c 50 55 63 83 131
c 58 48 48 1 122
c 93 81 11 26 89
c 68 7 86 99 61
c 41 64 42 10 138
c 88 27 60 80 91
c 11 12 85 34 123
c 6 52 73 96 62
c 82 7 88 77 76
c 98 99 75 14 125
c 31 57 1 31 64
c 52 98 81 3 92
c 70 88 72 99 132
c 53 3 22 23 148
c 89 86 25 26 126
c 97 22 34 35 64
c 50 83 94 64 118
c 61 19 80 34 104
c 23 78 46 81 69
c 93 75 49 98 122
c 89 74 81 85 112
c 32 85 31 15 52
c 25 95 45 83 97
c 92 93 15 13 123
c 31 38 20 21 121
c 2 51 42 84 56
c 62 5 80 71 136
c 8 42 57 58 85
c 66 77 77 68 119
c 53 54 93 38 115
c 43 5 11 45 81
c 64 22 27 23 94
c 96 37 8 97 53
c 91 23 11 76 99
c 48 37 86 51 79
c 49 57 39 92 127
c 12 27 96 35 131
c 18 54 65 81 84
c 13 26 51 88 129
c 16 73 57 58 79
c 50 10 74 31 107
c 36 70 53 75 96
c 55 31 24 79 63
c 55 56 81 70 135
c 67 23 85 34 117
c 60 14 76 40 94
c 68 99 16 25 92
c 74 98 49 63 77
c 13 14 19 30 74
c 93 85 2 31 91
c 29 68 16 73 135
c 55 18 20 21 54
c 31 29 2 71 64
c 84 37 49 50 136
c 91 75 32 47 144
c 38 94 81 64 57
c 65 66 31 84 86
c 70 71 93 96 96
c 1 9 51 26 113
c 12 55 64 42 142
c 1 10 13 8 134
c 96 5 83 89 76
c 58 59 47 79 106
c 43 46 49 50 121
c 31 93 80 94 101
c 95 47 34 35 78
c 32 65 85 54 95
c 0 89 16 85 136
c 92 67 5 59 91
c 18 35 73 54 109
c 56 42 95 43 118
c 18 35 71 77 132
c 91 33 29 82 128
c 30 95 57 36 129
c 47 14 87 99 112
c 23 18 15 76 62
c 49 98 11 45 88
c 74 29 85 49 96
c 56 32 49 68 70
c 95 7 1 12 119
c 18 2 80 10 88
c 47 94 61 19 110
c 75 40 17 54 79
c 83 39 45 12 97
c 8 57 20 40 62
c 63 81 97 25 136
c 20 21 49 16 65
c 78 39 94 37 135
c 26 78 61 84 138
c 92 22 30 31 66
c 16 88 15 16 107
c 31 2 15 77 85
c 24 79 72 99 60
c 64 36 41 79 114
c 46 12 27 23 92
c 58 4 28 27 76
c 27 28 46 14 124
c 94 23 8 57 106
c 52 75 17 72 96
c 36 34 70 71 55
c 2 26 78 48 97
c 48 76 72 52 131
c 59 60 65 81 126
c 1 2 17 90 122
c 31 2 86 65 68
c 56 38 92 6 55
c 16 73 46 27 88
c 89 99 90 27 55
c 30 26 69 15 125
c 85 24 34 45 86
c 37 22 11 14 89
c 86 51 16 17 94
c 18 2 37 1 140
c 32 65 30 48 116
c 96 35 87 49 92
c 70 19 35 67 113
c 81 24 73 32 68
c 73 40 38 83 144
c 10 29 31 57 112
c 26 27 26 30 61
c 28 36 58 43 140
c 53 75 66 25 108
c 97 18 64 42 61
c 61 7 91 75 92
c 16 85 2 80 66
c 1 39 7 32 148
c 25 24 46 61 110
c 51 61 86 37 66
c 84 74 12 22 78
c 1 9 21 98 71
c 74 53 13 53 113
c 36 9 86 12 93
c 2 57 44 23 80
c 18 19 29 3 87
c 11 88 79 58 87
c 9 56 50 93 113
c 41 57 40 38 62
c 75 40 98 82 129
c 23 63 7 94 64
c 9 56 20 75 71
c 74 53 24 23 99
c 13 26 93 75 132
c 35 42 49 98 86
c 67 96 98 99 144
c 39 35 54 45 68
c 65 62 47 94 132
c 76 57 23 24 112
c 93 81 14 39 59
c 31 2 10 88 142
c 18 3 71 72 79
c 42 39 70 19 55
c 26 27 85 24 113
c 31 32 84 26 75
c 61 26 94 7 141
c 43 11 68 36 126
c 94 68 14 15 107
c 25 52 92 93 134
c 71 77 34 86 84
c 66 67 25 55 93
c 92 22 89 92 121
c 37 38 20 99 140
c 68 86 83 84 104
c 74 75 81 37 132
c 26 29 27 79 112
c 91 50 82 94 94
c 24 23 64 42 92
c 50 3 8 80 84
c 28 53 79 28 131
c 37 2 27 26 139
c 37 1 63 64 62
c 15 16 42 10 121
c 61 7 51 11 99
c 13 93 35 38 92
c 41 79 44 25 101
c 78 39 10 29 91
c 57 36 50 49 88
c 46 47 65 62 52
c 39 83 26 78 145
c 36 37 60 20 57
c 83 97 77 52 109
c 16 88 60 92 109
c 61 49 82 11 124
c 29 13 34 20 105
c 52 53 36 9 112
c 86 7 79 13 61
c 92 22 23 78 105
c 94 99 21 73 103
c 92 6 34 39 66
c 10 87 89 74 142
c 30 79 87 13 117
c 90 29 4 5 113
c 16 83 45 83 52
c 37 15 91 92 114
c 14 15 3 37 82
c 71 25 93 25 114
c 37 7 85 54 136
c 10 11 42 40 82
c 30 32 17 65 80
c 44 55 78 72 134
c 1 80 54 77 55
c 79 23 40 41 61
c 34 8 32 33 85
c 76 66 52 50 51
c 33 1 15 76 110
c 57 35 33 18 69
c 62 63 56 18 55
c 48 84 55 46 127
c 44 23 18 27 137
c 37 15 72 52 75
c 29 30 84 36 93
c 51 32 66 33 53
c 79 7 10 11 146
c 85 47 49 63 86
c 0 8 63 94 95
c 24 25 18 2 112
c 45 46 33 98 116
c 74 86 56 41 52
c 80 42 59 75 95
c 53 80 33 92 79
c 51 60 33 99 63
c 64 65 70 20 89
c 78 57 76 16 68
c 22 44 85 62 108
c 89 70 63 94 147
c 13 1 87 88 120
c 79 80 47 48 112
c 26 6 91 39 119
c 8 76 80 10 126
c 57 76 72 30 52
c 21 73 83 2 101
c 49 68 34 20 127
c 11 67 22 37 50
c 39 80 50 55 134
c 57 75 10 29 141
c 65 27 39 71 78
c 27 64 64 14 96
c 1 97 73 96 76
c 71 25 94 28 127
c 53 72 84 26 51
c 88 8 61 49 134
c 73 18 74 98 137
c 71 26 66 39 81
c 7 32 72 73 70
c 19 38 88 77 79
c 79 28 51 60 127
c 92 6 47 37 77
c 40 30 84 33 55
c 30 32 20 1 56
c 62 15 28 36 148
c 32 33 4 5 132
c 42 2 82 99 115
c 70 19 17 43 57
c 15 77 39 92 59
c 59 75 69 6 79
c 15 6 63 42 94
c 29 13 40 75 109
c 91 23 89 90 94
c 52 98 98 65 77
c 30 32 80 34 126
c 60 20 80 34 68
c 56 83 32 85 114
c 50 73 81 37 134
c 1 39 16 87 69
