notes: n=100, m=1980, elb=1, eub=20, density=0.2, conf_density=0.001, clb=50, cub= 150, seed= 4099
p spec 100 1980 1959
s 0
t 99
a 0 1 6
a 0 27 10
a 0 84 2
a 0 62 16
a 0 25 16
a 0 64 8
a 0 87 9
a 0 3 18
a 0 52 8
a 0 71 9
a 0 23 4
a 0 17 17
a 0 56 12
a 0 53 14
a 0 92 12
a 1 2 15
a 1 11 16
a 1 5 4
a 1 87 19
a 1 62 17
a 1 88 5
a 1 86 11
a 1 83 7
a 1 93 4
a 1 58 18
a 1 43 9
a 1 28 14
a 1 38 10
a 1 22 5
a 1 4 9
a 2 3 14
a 2 80 11
a 2 48 16
a 2 91 4
a 2 67 2
a 2 70 10
a 2 16 7
a 2 26 3
a 2 79 19
a 2 18 6
a 2 23 19
a 2 45 5
a 2 10 2
a 2 22 19
a 2 95 5
a 2 25 6
a 2 66 19
a 2 97 9
a 2 90 4
a 2 5 11
a 2 46 5
a 2 7 19
a 2 62 4
a 2 65 14
a 2 12 16
a 3 4 10
a 3 79 10
a 3 18 1
a 3 98 5
a 3 17 15
a 3 43 6
a 3 83 11
a 3 20 17
a 3 56 2
a 3 42 9
a 3 46 3
a 3 65 17
a 3 41 12
a 3 97 11
a 3 48 15
a 3 90 16
a 3 15 19
a 4 5 9
a 4 85 2
a 4 99 15
a 4 38 8
a 4 49 6
a 4 87 5
a 4 9 6
a 4 76 14
a 4 93 7
a 4 47 11
a 4 12 10
a 4 10 18
a 4 88 12
a 4 89 3
a 4 8 18
a 4 36 3
a 4 52 2
a 4 71 15
a 4 58 14
a 4 78 17
a 4 33 2
a 5 6 12
a 5 22 16
a 5 32 7
a 5 18 12
a 5 85 15
a 5 46 8
a 5 74 4
a 5 61 2
a 5 16 11
a 5 31 5
a 5 91 7
a 5 66 15
a 5 44 15
a 5 12 8
a 5 40 13
a 5 63 1
a 5 43 7
a 5 25 17
a 5 72 2
a 5 86 1
a 5 23 12
a 6 7 17
a 6 55 5
a 6 15 8
a 6 81 3
a 6 66 5
a 6 78 18
a 6 42 7
a 6 98 13
a 6 30 1
a 6 91 3
a 6 10 5
a 6 11 3
a 6 63 17
a 6 62 5
a 6 77 17
a 6 61 10
a 6 14 4
a 7 8 3
a 7 55 10
a 7 32 16
a 7 89 7
a 7 16 13
a 7 81 5
a 7 4 6
a 7 26 13
a 7 59 5
a 7 20 8
a 7 50 5
a 7 36 11
a 7 72 13
a 7 84 12
a 8 9 4
a 8 60 13
a 8 56 17
a 8 52 15
a 8 44 14
a 8 54 4
a 8 28 14
a 8 7 2
a 8 97 7
a 8 74 9
a 8 76 3
a 8 51 16
a 8 45 1
a 8 47 4
a 8 2 16
a 8 82 18
a 8 85 13
a 9 10 12
a 9 36 11
a 9 6 17
a 9 3 12
a 9 75 5
a 9 51 5
a 9 66 8
a 9 61 2
a 9 48 6
a 9 99 1
a 9 24 11
a 9 20 2
a 9 8 16
a 9 97 7
a 9 40 12
a 9 26 8
a 9 64 17
a 9 74 16
a 9 98 13
a 9 53 15
a 9 69 16
a 9 68 16
a 9 16 13
a 9 22 8
a 9 46 4
a 10 11 18
a 10 33 18
a 10 37 8
a 10 12 6
a 10 29 3
a 10 51 8
a 10 82 11
a 10 79 11
a 10 56 15
a 10 17 3
a 10 25 16
a 10 54 10
a 10 69 16
a 10 45 8
a 10 34 19
a 10 49 2
a 10 14 4
a 10 35 9
a 10 15 15
a 10 31 1
a 10 46 17
a 11 12 11
a 11 1 6
a 11 21 1
a 11 68 11
a 11 20 11
a 11 58 13
a 11 76 11
a 11 51 18
a 11 61 10
a 11 18 15
a 11 38 12
a 11 80 11
a 11 89 18
a 11 67 2
a 11 10 12
a 11 92 1
a 11 91 9
a 11 87 1
a 11 46 2
a 11 31 12
a 12 13 9
a 12 37 15
a 12 89 17
a 12 55 17
a 12 52 18
a 12 11 10
a 12 14 19
a 12 73 5
a 12 29 18
a 12 24 10
a 12 34 15
a 12 69 1
a 12 83 3
a 12 40 19
a 12 22 17
a 12 82 8
a 12 25 3
a 12 99 18
a 12 45 4
a 13 14 7
a 13 51 19
a 13 88 11
a 13 26 5
a 13 56 19
a 13 37 14
a 13 73 5
a 13 65 1
a 13 93 17
a 13 5 12
a 13 86 11
a 13 17 9
a 13 84 11
a 13 78 17
a 13 98 1
a 13 22 4
a 13 85 2
a 13 66 11
a 14 15 14
a 14 2 13
a 14 23 5
a 14 12 17
a 14 24 4
a 14 89 13
a 14 72 15
a 14 25 8
a 14 73 16
a 14 38 18
a 14 91 11
a 14 64 4
a 14 30 12
a 14 76 19
a 14 46 17
a 14 63 14
a 14 48 2
a 14 26 12
a 15 16 15
a 15 1 1
a 15 86 10
a 15 32 6
a 15 26 17
a 15 29 3
a 15 79 16
a 15 84 13
a 15 75 3
a 15 53 8
a 15 31 2
a 15 7 5
a 15 35 14
a 15 46 7
a 15 60 8
a 15 65 15
a 15 62 15
a 15 39 1
a 15 64 9
a 16 17 2
a 16 88 14
a 16 83 18
a 16 99 3
a 16 33 18
a 16 68 1
a 16 76 14
a 16 41 11
a 16 56 10
a 16 35 5
a 16 69 12
a 16 55 19
a 16 51 10
a 16 95 19
a 16 71 9
a 16 73 7
a 16 75 11
a 17 18 17
a 17 10 11
a 17 80 12
a 17 68 18
a 17 55 19
a 17 16 17
a 17 92 5
a 17 58 3
a 17 44 10
a 17 79 14
a 17 4 13
a 17 24 1
a 17 49 2
a 17 88 6
a 17 76 17
a 17 47 1
a 17 29 17
a 18 19 12
a 18 13 12
a 18 64 12
a 18 26 10
a 18 7 11
a 18 45 10
a 18 35 12
a 18 81 13
a 18 27 17
a 18 30 13
a 18 5 16
a 18 66 5
a 18 23 17
a 18 51 7
a 18 20 13
a 18 24 5
a 18 83 11
a 18 54 14
a 18 72 1
a 18 55 9
a 18 58 3
a 18 28 16
a 18 50 2
a 19 20 1
a 19 33 16
a 19 89 7
a 19 27 15
a 19 39 12
a 19 23 18
a 19 58 5
a 19 51 10
a 19 57 15
a 19 4 15
a 19 94 15
a 19 10 18
a 19 50 13
a 19 85 5
a 19 2 8
a 19 81 10
a 19 48 2
a 19 13 8
a 20 21 15
a 20 99 8
a 20 41 19
a 20 51 9
a 20 92 2
a 20 13 17
a 20 60 7
a 20 12 9
a 20 95 10
a 20 36 4
a 20 84 2
a 20 45 3
a 20 81 19
a 20 1 15
a 20 91 12
a 20 7 4
a 20 66 11
a 20 96 9
a 20 23 6
a 20 87 3
a 20 70 4
a 20 89 16
a 20 9 4
a 21 22 19
a 21 9 15
a 21 60 7
a 21 33 14
a 21 17 18
a 21 74 5
a 21 38 18
a 21 27 7
a 21 68 6
a 21 35 17
a 21 69 10
a 21 26 5
a 21 13 6
a 22 23 12
a 22 16 8
a 22 97 17
a 22 99 7
a 22 43 14
a 22 50 17
a 22 65 13
a 22 95 6
a 22 1 4
a 22 70 17
a 22 18 10
a 22 12 10
a 22 13 16
a 22 91 14
a 22 59 6
a 22 32 13
a 22 6 14
a 22 67 18
a 22 48 9
a 22 15 16
a 22 24 10
a 22 84 3
a 22 54 14
a 22 49 8
a 22 5 16
a 22 14 18
a 22 92 1
a 22 21 11
a 23 24 11
a 23 11 6
a 23 49 14
a 23 28 4
a 23 18 5
a 23 94 5
a 23 79 4
a 23 59 3
a 23 21 16
a 23 36 18
a 23 2 1
a 23 45 4
a 23 7 19
a 23 80 11
a 23 16 11
a 23 14 9
a 23 44 19
a 23 53 17
a 23 83 1
a 23 82 4
a 23 30 10
a 23 90 11
a 23 71 6
a 24 25 18
a 24 9 13
a 24 99 10
a 24 37 9
a 24 38 13
a 24 89 19
a 24 23 7
a 24 90 19
a 24 8 14
a 24 16 1
a 24 73 5
a 24 68 13
a 24 62 13
a 24 75 18
a 24 28 12
a 24 20 4
a 24 5 14
a 24 12 18
a 24 32 18
a 24 83 15
a 24 96 10
a 24 42 8
a 24 72 10
a 24 31 7
a 24 14 17
a 24 27 13
a 25 26 6
a 25 59 8
a 25 91 9
a 25 22 6
a 25 90 15
a 25 54 13
a 25 14 14
a 25 10 19
a 25 62 19
a 25 89 6
a 25 57 1
a 25 53 9
a 25 36 8
a 25 74 2
a 25 75 4
a 25 85 18
a 25 44 4
a 25 7 2
a 25 66 8
a 25 9 2
a 26 27 5
a 26 54 12
a 26 74 14
a 26 62 9
a 26 10 17
a 26 31 1
a 26 40 8
a 26 47 13
a 26 16 12
a 26 55 10
a 26 53 16
a 26 87 5
a 26 58 15
a 26 89 11
a 26 38 8
a 26 65 1
a 26 18 16
a 26 12 9
a 26 7 13
a 26 91 8
a 26 56 17
a 27 28 6
a 27 68 16
a 27 1 4
a 27 90 2
a 27 91 10
a 27 57 16
a 27 12 6
a 27 2 8
a 27 55 3
a 27 37 1
a 27 99 17
a 27 73 7
a 27 47 19
a 27 4 15
a 27 36 7
a 27 32 16
a 27 89 5
a 27 15 15
a 27 29 3
a 27 69 5
a 27 87 10
a 27 76 2
a 27 86 11
a 27 75 11
a 28 29 19
a 28 95 2
a 28 36 15
a 28 1 8
a 28 25 8
a 28 22 10
a 28 49 2
a 28 62 10
a 28 74 3
a 28 88 14
a 28 52 10
a 28 30 11
a 28 23 14
a 28 69 17
a 28 45 17
a 28 46 16
a 28 97 6
a 28 47 6
a 28 4 2
a 28 42 1
a 28 90 8
a 28 37 18
a 28 71 5
a 28 26 6
a 28 82 17
a 28 61 6
a 28 10 10
a 28 89 1
a 28 9 13
a 29 30 1
a 29 4 2
a 29 83 3
a 29 51 6
a 29 71 18
a 29 46 8
a 29 76 6
a 29 50 6
a 29 99 9
a 29 62 6
a 29 53 18
a 29 68 6
a 29 91 4
a 29 88 11
a 29 2 8
a 29 57 16
a 29 98 7
a 30 31 19
a 30 99 2
a 30 29 3
a 30 79 9
a 30 24 19
a 30 93 8
a 30 33 18
a 30 82 1
a 30 43 15
a 30 89 13
a 30 16 14
a 30 38 10
a 30 74 14
a 30 21 13
a 30 11 13
a 30 45 10
a 30 85 19
a 30 60 8
a 30 53 11
a 30 50 13
a 30 78 15
a 30 26 3
a 30 62 4
a 30 22 18
a 30 80 18
a 30 81 8
a 31 32 5
a 31 78 4
a 31 29 1
a 31 25 19
a 31 41 14
a 31 33 7
a 31 73 6
a 31 17 11
a 31 80 16
a 31 39 1
a 31 47 13
a 31 98 12
a 31 18 12
a 31 67 14
a 31 1 4
a 31 86 19
a 31 55 1
a 31 6 19
a 31 62 10
a 31 40 6
a 31 48 2
a 31 75 6
a 31 68 4
a 31 45 8
a 31 11 11
a 32 33 6
a 32 43 6
a 32 69 4
a 32 29 14
a 32 6 4
a 32 40 8
a 32 66 4
a 32 57 14
a 32 82 14
a 32 83 9
a 32 21 10
a 32 70 10
a 32 59 2
a 32 87 10
a 32 77 19
a 32 93 7
a 33 34 16
a 33 98 16
a 33 20 7
a 33 67 10
a 33 77 9
a 33 30 13
a 33 5 11
a 33 1 9
a 33 28 13
a 33 47 12
a 33 62 9
a 33 52 17
a 33 81 15
a 33 15 10
a 34 35 10
a 34 66 15
a 34 21 11
a 34 58 17
a 34 52 16
a 34 90 12
a 34 71 6
a 34 43 11
a 34 79 7
a 34 1 3
a 34 93 4
a 34 83 15
a 34 87 15
a 34 50 14
a 34 14 18
a 34 19 16
a 34 9 11
a 34 81 4
a 34 37 9
a 34 82 11
a 34 17 17
a 34 23 1
a 34 60 15
a 34 62 12
a 34 40 7
a 34 20 5
a 34 80 5
a 35 36 16
a 35 70 15
a 35 2 10
a 35 88 8
a 35 89 12
a 35 10 16
a 35 34 9
a 35 74 17
a 35 6 8
a 35 14 7
a 35 55 4
a 35 25 10
a 35 64 18
a 35 90 5
a 35 30 19
a 35 98 12
a 35 13 16
a 35 5 2
a 35 99 14
a 35 54 9
a 35 91 8
a 35 39 10
a 35 50 5
a 35 84 18
a 35 53 9
a 36 37 11
a 36 25 7
a 36 8 11
a 36 6 4
a 36 62 13
a 36 21 7
a 36 68 6
a 36 48 9
a 36 34 13
a 36 46 13
a 36 56 11
a 36 27 15
a 36 19 7
a 36 51 12
a 36 24 14
a 36 64 17
a 36 7 5
a 36 83 18
a 36 42 14
a 36 29 2
a 36 88 10
a 36 90 8
a 36 30 17
a 37 38 11
a 37 5 12
a 37 71 14
a 37 76 1
a 37 45 19
a 37 99 14
a 37 40 18
a 37 62 15
a 37 42 6
a 37 91 9
a 37 55 14
a 37 95 12
a 37 75 15
a 37 79 1
a 37 12 13
a 37 6 1
a 37 46 5
a 37 53 14
a 37 33 8
a 37 51 9
a 37 84 19
a 37 66 7
a 37 60 8
a 37 2 18
a 37 8 11
a 38 39 18
a 38 49 7
a 38 4 3
a 38 61 6
a 38 75 12
a 38 43 7
a 38 70 7
a 38 9 8
a 38 66 15
a 38 89 12
a 38 28 8
a 38 25 17
a 38 45 7
a 38 58 14
a 38 73 19
a 38 46 2
a 38 22 7
a 38 72 13
a 38 67 18
a 38 83 10
a 38 35 8
a 38 13 18
a 39 40 7
a 39 27 19
a 39 73 9
a 39 96 12
a 39 58 15
a 39 47 5
a 39 50 8
a 39 22 1
a 39 59 14
a 39 4 15
a 39 85 10
a 39 10 14
a 39 88 1
a 39 55 5
a 39 29 17
a 39 25 4
a 39 72 9
a 39 16 13
a 39 30 8
a 39 26 2
a 39 66 9
a 39 89 16
a 39 84 15
a 39 45 18
a 40 41 2
a 40 96 16
a 40 49 12
a 40 10 5
a 40 93 12
a 40 19 3
a 40 8 3
a 40 15 12
a 40 23 8
a 40 89 9
a 40 56 6
a 40 36 9
a 40 77 1
a 40 6 12
a 40 87 14
a 40 98 7
a 40 33 17
a 40 2 18
a 40 50 17
a 40 57 9
a 40 68 19
a 40 79 12
a 40 9 3
a 40 45 9
a 40 64 9
a 41 42 16
a 41 97 2
a 41 21 3
a 41 31 10
a 41 9 5
a 41 45 18
a 41 55 5
a 41 40 15
a 41 49 3
a 41 22 4
a 41 71 2
a 42 43 12
a 42 31 2
a 42 52 9
a 42 65 9
a 42 88 13
a 42 32 18
a 42 99 14
a 42 71 6
a 42 93 17
a 42 53 3
a 42 25 17
a 42 14 2
a 42 75 1
a 42 9 10
a 42 63 5
a 43 44 16
a 43 11 12
a 43 99 9
a 43 39 13
a 43 35 10
a 43 79 1
a 43 80 15
a 43 37 17
a 43 72 10
a 43 30 6
a 43 55 19
a 43 10 15
a 43 42 2
a 43 77 3
a 43 93 11
a 43 18 10
a 43 4 7
a 43 24 12
a 43 68 10
a 43 94 5
a 43 27 2
a 43 97 17
a 43 16 16
a 43 51 13
a 44 45 18
a 44 51 14
a 44 53 8
a 44 49 3
a 44 33 11
a 44 97 2
a 44 64 2
a 44 29 2
a 44 47 19
a 44 32 7
a 44 61 16
a 44 84 9
a 44 50 15
a 45 46 18
a 45 49 15
a 45 81 9
a 45 8 8
a 45 34 6
a 45 63 19
a 45 88 6
a 45 51 6
a 45 93 4
a 45 70 15
a 45 21 8
a 45 24 12
a 45 59 18
a 45 77 17
a 45 78 5
a 45 69 9
a 45 31 11
a 45 39 17
a 45 60 9
a 46 47 1
a 46 30 13
a 46 25 18
a 46 73 18
a 46 48 10
a 46 65 11
a 46 84 7
a 46 58 2
a 46 88 19
a 46 27 5
a 46 78 14
a 46 91 2
a 46 98 9
a 46 57 11
a 46 17 18
a 46 37 3
a 46 9 5
a 46 72 8
a 47 48 7
a 47 44 1
a 47 80 6
a 47 66 19
a 47 39 9
a 47 22 17
a 47 50 6
a 47 26 3
a 47 11 10
a 47 99 16
a 47 58 5
a 47 27 19
a 47 33 12
a 47 67 8
a 47 94 15
a 47 88 16
a 47 57 4
a 47 34 6
a 47 78 12
a 48 49 6
a 48 26 3
a 48 75 8
a 48 72 8
a 48 41 11
a 48 50 15
a 48 81 11
a 48 55 11
a 48 35 17
a 48 8 7
a 48 12 8
a 48 86 12
a 48 28 8
a 48 90 3
a 48 61 18
a 48 25 5
a 48 9 6
a 48 31 3
a 48 82 6
a 48 23 14
a 49 50 16
a 49 93 9
a 49 35 13
a 49 25 15
a 49 39 10
a 49 91 4
a 49 37 2
a 49 36 5
a 49 2 5
a 49 53 15
a 49 66 15
a 49 57 5
a 49 8 19
a 49 11 9
a 49 51 19
a 49 61 14
a 49 9 5
a 50 51 18
a 50 96 10
a 50 55 8
a 50 11 6
a 50 61 3
a 50 79 10
a 50 53 18
a 50 46 3
a 50 90 2
a 50 94 18
a 50 43 14
a 50 14 9
a 50 35 7
a 50 75 8
a 50 36 4
a 50 81 15
a 50 56 1
a 51 52 11
a 51 78 17
a 51 56 1
a 51 69 2
a 51 32 5
a 51 44 8
a 51 80 8
a 51 12 2
a 51 6 9
a 51 92 2
a 51 55 2
a 51 62 8
a 51 26 8
a 51 72 6
a 51 14 12
a 51 68 13
a 51 25 8
a 51 42 3
a 51 82 19
a 51 86 6
a 51 22 15
a 52 53 17
a 52 5 19
a 52 96 17
a 52 6 12
a 52 21 11
a 52 82 1
a 52 27 10
a 52 25 10
a 52 50 14
a 52 18 8
a 52 67 7
a 52 39 17
a 52 34 15
a 53 54 19
a 53 92 3
a 53 32 6
a 53 6 9
a 53 86 7
a 53 38 16
a 53 15 2
a 53 5 11
a 53 48 7
a 53 55 6
a 53 16 16
a 53 17 16
a 53 18 15
a 53 83 4
a 53 8 11
a 53 60 8
a 54 55 10
a 54 84 1
a 54 20 10
a 54 5 12
a 54 1 3
a 54 83 7
a 54 60 9
a 54 16 13
a 54 51 15
a 54 64 1
a 54 66 10
a 54 61 3
a 54 63 15
a 54 86 17
a 54 8 2
a 54 40 11
a 54 28 9
a 55 56 8
a 55 43 4
a 55 47 1
a 55 66 7
a 55 62 14
a 55 24 1
a 55 15 17
a 55 70 8
a 55 89 7
a 55 10 9
a 55 1 6
a 55 49 16
a 55 68 15
a 55 75 17
a 55 93 2
a 55 20 14
a 55 28 1
a 55 12 6
a 55 13 6
a 56 57 1
a 56 52 10
a 56 22 14
a 56 55 4
a 56 32 11
a 56 47 14
a 56 64 15
a 56 49 12
a 56 11 9
a 56 53 2
a 56 4 10
a 56 21 2
a 56 23 3
a 56 83 9
a 56 54 5
a 56 69 17
a 56 75 6
a 56 29 6
a 56 88 19
a 56 93 17
a 56 78 10
a 56 42 2
a 56 17 8
a 56 59 19
a 56 10 12
a 57 58 8
a 57 12 17
a 57 59 3
a 57 73 19
a 57 25 6
a 57 38 10
a 57 71 3
a 57 9 9
a 57 15 8
a 57 65 19
a 57 96 11
a 57 98 14
a 57 31 14
a 57 74 16
a 57 20 9
a 57 45 4
a 57 72 9
a 57 56 3
a 57 16 3
a 57 61 16
a 57 92 2
a 58 59 3
a 58 66 19
a 58 12 18
a 58 39 8
a 58 27 17
a 58 48 13
a 58 2 2
a 58 69 7
a 58 71 14
a 58 42 16
a 58 3 10
a 58 76 19
a 58 16 17
a 58 52 8
a 58 77 18
a 58 8 11
a 58 73 12
a 58 22 2
a 58 49 3
a 58 54 17
a 58 26 10
a 58 33 19
a 58 43 16
a 58 23 10
a 59 60 15
a 59 90 17
a 59 96 7
a 59 49 7
a 59 61 8
a 59 42 5
a 59 43 16
a 59 81 11
a 59 51 4
a 59 57 19
a 59 18 13
a 59 38 15
a 59 6 10
a 59 97 13
a 59 93 10
a 59 54 19
a 59 44 5
a 59 82 15
a 59 39 19
a 59 20 2
a 60 61 14
a 60 33 9
a 60 27 17
a 60 9 15
a 60 87 15
a 60 8 12
a 60 80 12
a 60 36 1
a 60 47 1
a 60 53 10
a 60 71 18
a 60 59 17
a 60 50 8
a 60 5 8
a 60 57 8
a 60 83 3
a 60 54 2
a 60 37 17
a 60 42 5
a 60 74 8
a 61 62 4
a 61 48 1
a 61 25 16
a 61 64 13
a 61 49 19
a 61 46 8
a 61 32 1
a 61 82 2
a 61 85 3
a 61 2 2
a 61 72 8
a 61 47 15
a 61 18 6
a 61 15 1
a 61 42 10
a 61 29 1
a 61 93 1
a 61 31 9
a 61 20 19
a 61 7 16
a 61 65 10
a 61 33 4
a 61 67 18
a 61 22 4
a 61 90 9
a 61 92 6
a 62 63 2
a 62 21 17
a 62 94 14
a 62 18 19
a 62 73 9
a 62 51 16
a 62 54 3
a 62 93 13
a 62 39 15
a 62 59 6
a 62 85 12
a 62 58 12
a 62 52 10
a 62 90 19
a 62 3 17
a 62 31 5
a 62 36 5
a 62 53 16
a 63 64 17
a 63 15 7
a 63 65 1
a 63 62 16
a 63 85 10
a 63 38 3
a 63 97 7
a 63 16 4
a 63 17 19
a 63 71 17
a 63 46 17
a 63 99 14
a 63 94 8
a 63 44 3
a 63 67 1
a 63 86 9
a 63 88 6
a 63 24 5
a 63 31 5
a 64 65 13
a 64 57 13
a 64 53 16
a 64 85 11
a 64 94 5
a 64 81 6
a 64 26 3
a 64 8 10
a 64 10 19
a 64 59 16
a 64 11 5
a 64 61 6
a 64 66 13
a 64 12 15
a 64 22 17
a 64 92 4
a 64 86 8
a 64 18 2
a 64 47 7
a 64 49 16
a 64 62 10
a 64 7 15
a 64 52 15
a 64 72 4
a 65 66 2
a 65 3 11
a 65 6 11
a 65 98 18
a 65 93 8
a 65 5 1
a 65 87 19
a 65 91 4
a 65 26 13
a 65 84 15
a 65 23 19
a 65 25 12
a 65 19 12
a 65 60 18
a 65 81 5
a 65 83 16
a 65 63 5
a 65 53 12
a 65 97 19
a 65 69 2
a 65 55 18
a 65 21 13
a 66 67 5
a 66 85 2
a 66 80 17
a 66 94 17
a 66 26 2
a 66 89 6
a 66 71 1
a 66 5 10
a 66 78 6
a 66 69 15
a 66 63 6
a 66 16 16
a 66 42 6
a 66 17 3
a 66 41 4
a 66 6 4
a 66 56 15
a 66 44 6
a 66 39 4
a 66 48 10
a 67 68 5
a 67 23 6
a 67 70 3
a 67 42 6
a 67 28 8
a 67 44 1
a 67 16 3
a 67 71 19
a 67 13 11
a 67 6 4
a 67 69 6
a 67 40 6
a 67 25 12
a 67 35 16
a 67 37 12
a 67 95 19
a 67 1 3
a 67 26 16
a 67 56 9
a 67 79 12
a 67 36 7
a 67 38 18
a 67 54 3
a 67 66 17
a 67 20 14
a 68 69 12
a 68 83 16
a 68 80 4
a 68 9 4
a 68 20 2
a 68 15 4
a 68 48 14
a 68 59 3
a 68 42 6
a 68 90 10
a 68 95 15
a 68 70 9
a 68 8 8
a 68 78 11
a 68 23 19
a 68 43 12
a 68 33 13
a 68 14 15
a 69 70 17
a 69 86 7
a 69 89 16
a 69 77 4
a 69 31 10
a 69 40 1
a 69 33 17
a 69 87 18
a 69 24 6
a 69 64 9
a 69 90 17
a 69 78 2
a 69 38 3
a 69 56 6
a 69 74 15
a 69 13 18
a 69 55 3
a 69 21 4
a 69 76 9
a 69 85 10
a 69 97 2
a 69 57 16
a 69 4 10
a 69 45 3
a 70 71 7
a 70 10 17
a 70 91 12
a 70 96 10
a 70 85 11
a 70 79 2
a 70 87 18
a 70 54 2
a 70 37 11
a 70 6 8
a 70 44 6
a 70 47 13
a 70 67 3
a 70 74 1
a 70 30 19
a 70 27 2
a 70 88 5
a 70 76 14
a 70 82 15
a 70 99 18
a 70 3 1
a 70 81 3
a 70 53 17
a 70 20 1
a 70 52 14
a 70 57 14
a 70 18 7
a 71 72 16
a 71 78 2
a 71 76 6
a 71 89 16
a 71 9 8
a 71 52 17
a 71 34 10
a 71 31 11
a 71 53 10
a 71 54 12
a 71 14 1
a 71 97 3
a 71 22 4
a 71 79 11
a 71 20 2
a 71 92 6
a 71 69 12
a 71 2 8
a 71 11 3
a 71 88 5
a 71 19 2
a 71 65 9
a 71 94 1
a 71 3 14
a 71 46 18
a 71 63 9
a 71 87 12
a 72 73 1
a 72 24 16
a 72 50 3
a 72 14 17
a 72 28 10
a 72 21 6
a 72 42 6
a 72 76 18
a 72 51 13
a 72 11 2
a 72 41 4
a 72 22 1
a 72 74 13
a 72 44 12
a 72 29 7
a 72 81 10
a 72 10 17
a 72 65 16
a 72 31 14
a 72 27 11
a 72 88 11
a 72 54 4
a 73 74 10
a 73 59 14
a 73 90 11
a 73 4 9
a 73 22 15
a 73 62 12
a 73 31 4
a 73 55 7
a 73 79 12
a 73 51 5
a 73 95 10
a 73 46 8
a 73 39 16
a 73 28 17
a 73 48 3
a 73 7 18
a 73 41 12
a 73 88 11
a 74 75 4
a 74 15 14
a 74 65 12
a 74 92 19
a 74 70 5
a 74 67 17
a 74 59 17
a 74 86 9
a 74 16 6
a 74 36 3
a 74 96 6
a 74 34 9
a 74 39 11
a 74 64 12
a 74 30 19
a 74 24 3
a 75 76 13
a 75 40 7
a 75 82 5
a 75 37 8
a 75 18 14
a 75 90 1
a 75 52 8
a 75 7 19
a 75 65 11
a 75 47 4
a 75 29 12
a 75 66 16
a 75 24 18
a 75 83 5
a 75 85 15
a 75 15 9
a 75 53 12
a 75 81 15
a 75 38 4
a 75 99 6
a 75 50 6
a 75 78 3
a 76 77 2
a 76 25 15
a 76 12 9
a 76 93 13
a 76 87 7
a 76 74 15
a 76 83 7
a 76 86 9
a 76 5 6
a 76 35 17
a 76 57 3
a 76 95 11
a 76 99 19
a 76 85 3
a 76 37 16
a 77 78 5
a 77 83 2
a 77 17 10
a 77 51 1
a 77 1 10
a 77 20 17
a 77 49 14
a 77 75 15
a 77 31 9
a 77 45 6
a 77 24 4
a 77 61 9
a 77 85 3
a 78 79 1
a 78 44 14
a 78 94 8
a 78 74 13
a 78 69 1
a 78 30 8
a 78 22 18
a 78 89 2
a 78 29 4
a 78 67 8
a 78 66 16
a 78 70 13
a 78 46 14
a 79 80 12
a 79 39 16
a 79 31 19
a 79 3 2
a 79 65 16
a 79 36 8
a 79 11 18
a 79 43 10
a 79 87 10
a 79 18 7
a 79 97 4
a 79 17 13
a 79 88 6
a 80 81 7
a 80 70 6
a 80 97 13
a 80 30 16
a 80 20 3
a 80 94 14
a 80 66 5
a 80 40 17
a 80 65 11
a 80 17 6
a 80 3 7
a 80 48 4
a 80 8 18
a 80 41 19
a 80 25 9
a 80 9 9
a 80 18 7
a 80 45 5
a 80 88 4
a 80 60 10
a 80 67 15
a 80 69 3
a 81 82 13
a 81 23 12
a 81 61 3
a 81 10 11
a 81 75 14
a 81 59 3
a 81 14 5
a 81 18 15
a 81 46 4
a 81 47 8
a 81 17 12
a 81 79 14
a 81 58 18
a 81 62 5
a 81 86 13
a 82 83 3
a 82 54 11
a 82 58 1
a 82 64 9
a 82 34 18
a 82 37 8
a 82 23 6
a 82 26 8
a 82 98 7
a 82 6 10
a 82 66 5
a 82 87 19
a 82 46 6
a 82 11 6
a 82 62 3
a 82 75 16
a 82 31 12
a 83 84 5
a 83 95 11
a 83 69 9
a 83 3 13
a 83 67 19
a 83 23 11
a 83 82 2
a 83 72 18
a 83 10 14
a 83 61 9
a 83 22 16
a 83 5 6
a 83 35 4
a 83 45 15
a 83 17 2
a 83 28 10
a 83 87 14
a 83 91 9
a 84 85 12
a 84 8 8
a 84 6 16
a 84 57 6
a 84 23 3
a 84 66 14
a 84 89 2
a 84 62 3
a 84 40 15
a 84 28 9
a 84 34 16
a 84 70 11
a 84 58 12
a 84 71 13
a 84 51 15
a 84 11 10
a 84 61 16
a 84 98 19
a 84 93 10
a 84 68 13
a 84 48 18
a 84 29 14
a 84 81 6
a 85 86 13
a 85 32 5
a 85 3 12
a 85 16 5
a 85 27 11
a 85 31 18
a 85 37 1
a 85 51 4
a 85 24 15
a 85 49 3
a 85 78 17
a 85 17 10
a 85 80 11
a 85 23 17
a 85 35 19
a 85 45 1
a 85 21 7
a 85 43 17
a 85 13 4
a 85 7 13
a 85 8 19
a 86 87 17
a 86 71 7
a 86 69 2
a 86 49 13
a 86 23 1
a 86 29 17
a 86 74 15
a 86 88 14
a 86 26 11
a 86 9 15
a 86 19 5
a 86 2 2
a 86 96 2
a 86 33 9
a 86 8 14
a 86 47 4
a 86 72 13
a 86 31 17
a 86 99 18
a 87 88 12
a 87 24 3
a 87 42 17
a 87 65 10
a 87 51 1
a 87 5 6
a 87 73 9
a 87 17 15
a 87 32 19
a 87 59 7
a 87 78 7
a 87 1 4
a 87 10 7
a 87 90 19
a 88 89 10
a 88 19 12
a 88 69 9
a 88 28 13
a 88 55 14
a 88 78 11
a 88 44 6
a 88 80 15
a 88 77 14
a 88 32 13
a 88 20 9
a 88 62 16
a 88 63 9
a 88 39 5
a 88 38 11
a 88 57 13
a 88 98 3
a 88 7 2
a 88 93 16
a 88 10 6
a 88 83 14
a 88 31 11
a 89 90 8
a 89 14 17
a 89 85 6
a 89 42 8
a 89 92 2
a 89 7 6
a 89 72 14
a 89 26 11
a 89 27 5
a 89 1 13
a 89 73 3
a 89 71 2
a 89 4 17
a 89 20 10
a 89 9 15
a 89 74 17
a 90 91 7
a 90 66 4
a 90 26 5
a 90 29 9
a 90 10 19
a 90 97 3
a 90 34 12
a 90 12 11
a 90 4 15
a 90 37 6
a 90 51 13
a 90 18 9
a 90 49 12
a 90 61 16
a 90 53 10
a 90 87 13
a 90 5 1
a 90 21 17
a 90 24 9
a 90 54 4
a 90 36 16
a 90 16 12
a 90 22 2
a 91 92 17
a 91 45 16
a 91 51 5
a 91 42 7
a 91 94 1
a 91 34 2
a 91 23 2
a 91 3 1
a 91 17 3
a 91 84 2
a 91 81 2
a 91 66 9
a 91 62 14
a 91 29 16
a 91 41 4
a 91 59 19
a 91 35 5
a 91 39 1
a 91 93 12
a 91 24 2
a 91 63 17
a 91 15 5
a 91 26 16
a 91 83 18
a 92 93 15
a 92 18 1
a 92 47 17
a 92 56 14
a 92 64 7
a 92 4 4
a 92 53 2
a 92 76 3
a 92 88 11
a 92 15 16
a 92 5 11
a 92 12 13
a 92 21 15
a 92 85 5
a 92 61 10
a 92 28 7
a 92 19 17
a 92 6 17
a 92 26 19
a 92 59 17
a 92 60 12
a 92 83 5
a 93 94 13
a 93 85 11
a 93 65 6
a 93 54 8
a 93 29 11
a 93 45 14
a 93 36 11
a 93 53 14
a 93 92 10
a 93 72 5
a 93 98 3
a 93 55 15
a 93 84 3
a 93 62 19
a 93 11 19
a 93 80 18
a 93 4 14
a 93 38 6
a 93 81 11
a 93 87 19
a 93 3 4
a 93 59 9
a 93 86 2
a 93 28 8
a 94 95 14
a 94 30 17
a 94 23 14
a 94 75 15
a 94 88 16
a 94 41 3
a 94 9 12
a 94 2 17
a 94 76 1
a 94 34 17
a 94 48 3
a 94 37 5
a 94 20 11
a 94 11 11
a 94 98 10
a 94 46 7
a 94 56 16
a 94 40 2
a 94 6 9
a 94 55 18
a 94 85 2
a 94 54 13
a 94 21 18
a 95 96 12
a 95 8 6
a 95 94 5
a 95 33 11
a 95 7 19
a 95 10 15
a 95 45 8
a 95 61 3
a 95 68 18
a 95 12 1
a 95 79 19
a 95 54 12
a 95 62 3
a 95 80 4
a 95 88 18
a 95 40 12
a 95 38 1
a 95 71 2
a 95 92 13
a 95 28 10
a 95 36 16
a 95 19 16
a 96 97 8
a 96 90 5
a 96 33 13
a 96 83 11
a 96 71 9
a 96 76 9
a 96 85 9
a 96 48 16
a 96 10 1
a 96 2 19
a 96 47 11
a 96 66 11
a 96 1 6
a 96 4 15
a 96 65 4
a 96 54 15
a 96 59 14
a 96 39 3
a 96 80 16
a 96 79 3
a 97 98 12
a 97 30 6
a 97 91 16
a 97 55 7
a 97 60 13
a 97 76 15
a 97 70 3
a 97 68 3
a 97 23 6
a 97 54 7
a 97 4 14
a 97 12 13
a 97 99 14
a 97 79 9
a 98 99 18
a 98 47 9
a 98 4 4
a 98 6 18
a 98 66 14
a 98 45 15
a 98 5 17
a 98 53 12
a 98 75 16
a 98 11 3
a 98 12 1
a 98 93 11
a 98 62 5
a 98 57 7
a 98 84 6
a 98 73 5
a 98 38 8
c 37 12 2 46 51
c 36 21 38 66 59
c 68 80 72 73 146
c 23 11 40 77 54
c 67 44 98 73 75
c 12 73 15 84 107
c 47 57 45 8 124
c 17 68 58 71 106
c 35 53 9 97 106
c 4 93 61 48 125
c 31 75 71 54 72
c 46 47 53 5 144
c 44 51 48 28 53
c 96 66 9 66 148
c 6 66 27 47 121
c 85 51 80 97 143
c 66 78 3 41 97
c 62 51 20 13 73
c 23 79 89 72 86
c 20 13 9 98 78
c 98 84 85 16 133
c 23 79 26 89 82
c 34 20 98 62 117
c 37 45 76 85 69
c 21 68 70 3 55
c 90 29 36 29 83
c 80 48 55 49 120
c 44 61 93 65 123
c 85 23 88 69 138
c 45 88 34 62 145
c 77 75 4 8 74
c 70 57 30 74 76
c 49 35 34 50 143
c 69 64 53 38 54
c 34 43 31 41 68
c 96 85 83 17 140
c 73 95 41 40 131
c 25 85 53 83 66
c 40 50 8 9 129
c 42 88 93 54 69
c 65 21 58 23 128
c 70 96 50 11 96
c 4 47 22 48 100
c 2 67 31 33 127
c 42 31 78 22 112
c 35 13 74 75 113
c 14 2 78 66 125
c 24 83 95 80 61
c 37 95 17 80 92
c 90 61 70 67 118
c 92 6 17 76 144
c 64 22 75 37 85
c 46 65 31 98 126
c 76 37 54 28 83
c 83 87 66 71 76
c 11 51 91 24 91
c 20 92 59 93 104
c 90 24 98 45 81
c 65 87 84 8 133
c 61 2 10 54 108
c 37 8 91 26 135
c 42 99 29 2 145
c 34 90 7 72 141
c 14 15 0 64 89
c 51 6 12 24 65
c 55 49 98 99 126
c 63 67 88 69 84
c 26 10 62 94 120
c 2 67 0 25 79
c 23 18 48 8 139
c 38 22 39 55 85
c 48 12 75 50 124
c 1 2 50 35 71
c 57 15 35 64 103
c 49 91 71 63 57
c 7 26 66 63 78
c 37 62 28 90 52
c 94 2 44 29 108
c 83 84 73 22 78
c 5 23 59 49 113
c 17 79 12 52 82
c 12 89 67 79 52
c 69 87 28 71 135
c 85 37 17 16 89
c 85 13 10 14 88
c 2 91 1 58 95
c 20 92 43 77 141
c 6 66 98 53 105
c 88 89 35 88 66
c 17 44 56 57 50
c 38 70 58 59 129
c 37 76 64 11 79
c 14 76 8 51 135
c 60 54 75 82 141
c 6 98 6 63 125
c 92 28 18 51 115
c 28 22 71 87 83
c 82 31 93 53 52
c 95 79 72 42 56
c 33 1 79 65 90
c 18 81 83 87 113
c 92 56 47 99 124
c 61 29 91 84 137
c 33 5 88 31 94
c 65 3 43 55 90
c 27 37 56 54 93
c 4 88 18 27 125
c 46 72 32 87 116
c 70 54 24 72 64
c 4 99 60 61 109
c 3 98 93 36 87
c 70 6 86 29 120
c 94 21 73 51 82
c 29 53 2 80 80
c 87 10 2 48 66
c 95 79 98 47 95
c 96 85 64 22 51
c 67 40 60 61 65
c 55 62 91 17 81
c 20 9 80 3 140
c 0 25 84 85 68
c 69 40 68 42 82
c 2 80 29 83 138
c 30 33 75 47 111
c 47 78 31 68 75
c 48 81 86 99 144
c 21 60 22 5 60
c 34 1 59 57 70
c 83 35 93 94 87
c 85 43 32 69 69
c 37 95 63 97 82
c 70 57 20 51 132
c 1 2 37 76 145
c 1 93 1 62 147
c 32 43 38 39 53
c 19 50 91 59 62
c 66 44 38 43 106
c 48 75 23 82 120
c 13 5 67 42 108
c 47 44 63 16 105
c 98 12 29 68 117
c 85 3 46 25 134
c 71 92 56 29 136
c 70 44 59 57 106
c 58 69 8 7 76
c 63 97 7 72 122
c 56 52 39 4 135
c 82 11 6 11 121
c 42 31 6 42 110
c 56 59 64 7 95
c 32 66 47 80 109
c 80 18 74 15 58
c 12 14 64 49 55
c 57 73 59 54 117
c 1 38 89 14 95
c 1 28 57 38 50
c 51 6 24 20 84
c 97 4 98 66 139
c 68 48 57 96 141
c 56 32 87 73 104
c 84 68 57 73 98
c 6 7 13 37 62
c 16 83 56 64 138
c 19 10 55 28 105
c 28 23 39 22 107
c 37 79 25 75 142
c 64 22 16 75 96
c 26 58 12 45 118
c 84 11 24 37 62
c 18 23 37 62 55
c 93 92 84 85 74
c 23 7 20 89 73
c 88 63 50 35 55
c 35 70 97 30 141
c 60 42 93 53 97
c 88 39 54 64 103
c 18 20 12 45 99
c 67 56 36 90 97
c 15 46 65 23 88
c 95 54 5 16 131
c 85 13 40 50 56
c 28 52 60 36 107
c 0 62 35 88 119
c 95 68 46 9 148
c 20 81 13 78 118
c 23 59 88 44 71
c 66 17 15 46 99
c 34 58 32 33 50
c 29 71 22 16 95
c 9 8 15 60 105
c 8 28 74 92 51
c 39 26 90 4 103
c 30 78 39 30 119
c 70 6 58 12 130
c 36 24 16 17 119
c 9 53 27 15 80
c 5 61 51 6 127
c 33 52 37 60 127
c 23 21 71 54 101
c 58 12 16 88 76
c 30 38 12 73 95
c 61 48 44 47 85
c 9 75 63 97 103
c 44 51 76 87 135
c 94 6 91 39 51
c 30 81 5 16 102
c 79 39 84 57 80
c 51 55 10 49 73
c 30 81 88 38 132
c 22 24 2 67 55
c 58 71 25 74 78
c 55 62 40 79 57
c 27 68 30 78 127
c 38 45 5 32 87
c 75 29 63 15 69
c 45 21 31 62 104
c 69 57 12 99 123
c 9 75 91 62 134
c 25 57 9 61 88
c 5 44 20 1 119
c 62 54 51 22 56
c 72 81 74 86 122
c 54 51 93 81 149
c 28 90 31 17 140
c 91 15 80 66 134
c 48 50 4 38 132
c 85 80 40 49 96
c 55 10 20 99 137
c 36 24 75 66 127
c 97 98 69 21 91
c 25 22 93 53 112
c 9 61 42 71 79
c 53 17 39 88 115
c 95 88 42 93 107
c 36 6 95 80 102
c 94 23 35 89 72
c 67 28 64 72 62
c 62 53 91 45 140
c 37 8 49 66 122
c 27 29 12 82 149
c 48 9 5 6 143
c 84 70 65 5 91
c 35 25 91 41 71
c 32 70 43 11 115
c 78 66 96 83 66
c 1 62 24 5 140
c 63 16 64 53 138
c 71 89 94 76 69
c 27 89 89 27 127
c 69 90 43 35 129
c 66 17 41 31 143
c 63 86 28 47 50
c 75 53 98 45 65
c 9 53 45 81 147
c 28 95 11 1 54
c 93 53 20 60 103
c 25 74 42 32 128
c 79 3 92 19 96
c 94 75 17 55 134
c 39 26 5 61 54
c 19 20 11 12 72
c 46 84 45 78 105
c 45 51 22 49 68
c 70 96 68 8 121
c 63 38 12 11 67
c 76 25 65 25 127
c 81 14 12 40 57
c 46 88 39 10 74
c 70 87 87 88 145
c 71 69 76 5 64
c 24 23 14 72 91
c 6 66 43 80 146
c 71 63 80 45 53
c 87 32 57 73 95
c 28 23 70 37 64
c 86 69 27 69 72
c 26 27 3 56 107
c 33 15 36 27 87
c 70 81 29 88 61
c 33 20 78 79 83
c 48 23 67 1 126
c 73 39 30 50 76
c 28 52 30 21 125
c 46 57 25 36 144
c 34 71 38 39 104
c 8 44 94 6 59
c 83 23 53 83 87
c 1 11 20 45 115
c 63 16 44 64 85
c 4 89 35 53 91
c 36 62 59 54 82
c 33 67 36 88 135
c 45 8 65 97 50
c 47 80 8 85 129
c 31 29 40 45 96
c 70 99 87 73 82
c 47 34 35 89 106
c 92 59 15 32 93
c 63 65 90 34 99
c 73 51 20 41 108
c 31 68 54 60 74
c 12 13 62 21 114
c 50 43 90 37 122
c 70 79 59 39 54
c 56 10 95 54 122
c 57 59 33 15 99
c 92 88 79 88 112
c 22 92 95 94 136
c 36 27 40 9 149
c 69 90 74 67 125
c 21 26 18 51 55
c 53 17 98 38 76
c 90 49 62 85 60
c 83 3 33 77 146
c 5 61 32 77 108
c 39 47 51 25 128
c 95 54 28 97 81
c 40 98 18 23 81
c 3 48 37 62 93
c 51 82 58 77 88
c 83 10 70 53 108
c 96 4 28 82 135
c 6 91 94 48 97
c 11 1 28 30 105
c 8 74 79 11 99
c 36 29 88 39 89
c 38 46 54 1 95
c 68 48 14 64 96
c 26 65 65 3 132
c 40 68 45 8 89
c 5 23 45 46 68
c 75 24 20 95 74
c 94 85 86 23 128
c 71 31 22 70 54
c 88 20 20 9 76
c 57 73 78 69 148
c 79 17 2 25 124
c 97 98 38 43 147
c 22 65 56 54 101
c 23 82 50 81 89
c 25 36 47 33 132
c 79 17 94 55 91
c 25 7 19 50 138
c 84 81 1 22 98
c 70 30 69 74 107
c 39 4 9 75 93
c 37 46 75 15 147
c 34 52 85 31 116
c 52 96 28 62 93
c 23 49 48 49 92
c 89 7 72 24 124
c 72 31 34 50 79
c 31 62 79 18 113
c 63 62 48 25 108
c 58 43 62 94 87
c 56 57 21 69 92
c 80 17 25 90 108
c 64 94 93 87 133
c 89 26 59 57 109
c 21 9 87 51 58
c 41 40 10 45 78
c 67 69 36 42 93
c 86 31 83 3 66
c 90 37 32 29 90
c 61 42 51 72 109
c 69 40 3 83 108
c 73 39 61 65 121
c 14 30 17 16 92
c 30 38 92 4 104
c 10 69 98 57 131
c 78 74 0 71 85
c 46 78 25 22 117
c 31 39 76 74 132
c 18 7 71 97 73
c 9 16 77 20 122
c 55 20 11 21 138
c 72 21 71 11 66
c 53 15 87 78 87
c 70 10 39 30 117
c 91 23 37 91 78
c 45 77 34 81 106
c 91 51 15 75 107
c 87 78 11 89 123
c 78 67 50 36 137
c 5 85 60 54 95
c 90 51 71 22 116
c 35 89 46 98 110
c 76 35 86 31 85
c 27 47 12 99 132
c 88 78 52 5 90
c 74 65 5 23 133
c 24 25 57 98 120
c 13 88 30 89 109
c 90 29 92 56 50
c 93 4 52 50 96
c 18 20 3 98 110
c 17 47 52 82 149
c 14 73 70 3 123
c 92 4 23 59 80
c 29 50 86 33 82
c 56 78 53 92 72
c 80 94 19 39 56
c 33 30 35 84 108
c 40 8 91 62 142
c 70 96 66 6 88
c 77 61 75 66 125
c 19 81 3 17 60
c 60 37 72 29 109
c 27 69 57 16 118
c 37 66 7 20 124
c 41 97 31 67 121
c 0 64 29 88 75
c 70 88 16 76 68
c 60 87 89 20 100
c 59 97 72 24 124
c 27 89 80 41 103
c 43 10 35 6 89
c 74 39 24 8 81
c 68 69 19 51 128
c 72 42 83 35 106
c 34 37 73 41 59
c 59 57 11 18 70
c 75 47 58 8 98
c 93 84 75 52 149
c 6 98 47 78 98
c 15 35 15 65 78
c 43 24 35 6 117
c 22 50 72 11 129
c 84 23 87 10 131
c 42 32 88 69 115
c 77 17 9 36 114
c 92 19 19 20 133
c 49 35 22 50 68
c 93 55 50 14 83
c 76 57 10 56 108
c 10 34 72 44 78
c 42 32 97 60 85
c 68 8 86 74 50
c 43 27 30 11 51
c 82 62 62 54 97
c 92 53 11 46 106
c 37 76 27 4 141
c 66 94 91 26 115
c 43 93 73 41 137
c 72 41 12 29 90
c 64 59 19 27 142
c 10 33 56 47 140
c 35 84 83 17 71
c 12 82 2 26 87
c 75 85 37 45 142
c 23 28 80 30 147
c 22 50 25 22 144
c 13 78 84 70 131
c 58 73 86 99 66
c 95 7 63 16 119
c 95 88 12 40 83
c 91 66 48 90 146
c 54 1 82 34 112
c 34 19 36 19 147
c 84 85 71 46 96
c 49 39 25 74 68
c 15 64 55 10 109
c 56 11 2 48 91
c 70 57 50 53 77
c 84 57 54 16 53
c 87 32 77 78 144
c 23 28 73 46 56
c 43 94 21 9 57
c 66 42 70 88 104
c 61 93 36 19 145
c 52 21 91 42 145
c 57 12 65 26 130
c 27 87 12 14 64
c 28 36 3 83 125
c 70 10 96 48 60
c 80 88 39 50 65
c 69 74 42 52 147
c 56 69 54 28 139
c 39 50 88 20 64
c 92 28 66 63 52
c 0 64 18 5 61
c 97 76 32 69 51
c 90 97 89 90 80
c 1 38 75 82 145
c 38 61 29 68 125
c 12 99 22 18 98
c 89 27 36 42 143
c 5 12 23 14 111
c 70 91 89 20 85
c 29 71 11 80 88
c 58 66 11 87 69
c 88 80 3 17 55
c 64 72 91 24 67
c 43 37 67 44 75
c 73 95 67 42 123
c 43 80 8 2 56
c 46 72 46 84 138
c 48 55 43 18 126
c 15 79 31 33 97
c 74 75 96 85 108
c 17 49 49 57 112
c 5 61 91 24 92
c 14 15 33 77 96
c 17 16 77 31 104
c 62 85 59 81 108
c 87 10 10 45 126
c 19 89 6 7 149
c 96 80 8 28 83
c 57 72 90 61 82
c 14 26 66 6 83
c 59 18 70 91 69
c 51 56 87 17 95
c 31 33 46 9 87
c 49 39 63 65 64
c 3 98 47 67 70
c 45 88 19 4 133
c 24 5 50 36 90
c 95 94 18 66 143
c 72 65 37 38 72
c 71 52 7 8 114
c 4 71 32 87 118
c 29 99 91 62 63
c 60 71 37 84 92
c 79 80 39 66 118
c 36 6 56 11 64
c 83 17 32 33 71
c 31 1 72 42 103
c 14 15 30 16 67
c 36 83 82 37 104
c 32 66 4 71 128
c 67 79 22 32 84
c 21 13 49 2 119
c 67 20 65 66 96
c 83 67 40 87 144
c 83 28 38 67 98
c 38 46 67 66 91
c 30 33 43 24 63
c 56 42 94 95 72
c 24 28 72 29 87
c 70 30 38 67 90
c 81 79 55 12 67
c 35 64 71 89 136
c 85 16 57 96 68
c 73 55 52 5 62
c 15 35 10 37 78
c 93 92 61 90 117
c 92 83 39 84 139
c 16 33 22 6 66
c 96 48 97 68 130
c 6 15 3 90 118
c 59 49 91 81 98
c 32 57 28 26 59
c 17 55 52 53 63
c 43 18 91 17 146
c 97 79 76 35 121
c 7 50 30 62 141
c 88 93 34 83 110
c 80 67 72 22 102
c 57 38 85 27 79
c 89 7 58 49 63
c 75 52 47 50 112
c 35 64 37 60 87
c 65 66 65 91 131
c 65 84 79 80 70
c 81 75 43 18 98
c 80 81 22 6 51
c 71 14 20 12 74
c 48 23 11 46 95
c 95 71 36 88 98
c 18 20 58 39 126
c 56 11 58 76 126
c 39 72 88 63 53
c 2 65 65 63 56
c 97 54 2 90 131
c 22 16 27 1 142
c 71 3 58 71 110
c 92 93 8 52 65
c 95 36 48 9 121
c 10 45 21 35 75
c 3 17 58 27 102
c 49 8 5 6 122
c 24 8 58 66 101
c 30 24 59 49 146
c 64 7 78 89 127
c 69 70 89 74 79
c 59 6 76 37 56
c 58 3 66 80 64
c 5 91 72 14 79
c 93 92 67 13 79
c 43 51 77 24 120
c 11 21 66 69 61
c 98 12 59 38 141
c 21 35 93 81 62
c 67 28 56 49 147
c 41 71 86 87 100
c 4 93 57 9 53
c 88 69 16 56 82
c 84 8 11 31 69
c 90 49 54 64 98
c 72 41 67 68 91
c 24 14 37 51 119
c 5 12 10 69 103
c 47 48 91 66 129
c 34 66 3 83 79
c 2 46 38 22 88
c 92 47 49 50 105
c 35 70 68 59 51
c 55 28 60 80 66
c 38 70 91 66 76
c 98 47 37 5 92
c 43 55 18 30 50
c 93 87 58 33 72
c 37 42 48 28 147
c 15 75 97 70 53
c 33 15 35 54 121
c 47 33 45 93 120
c 74 96 46 65 121
c 18 23 15 64 98
c 79 43 69 76 65
c 72 88 83 67 127
c 33 67 25 36 107
c 9 24 75 78 60
c 57 73 80 25 135
c 28 82 22 48 147
c 4 58 80 65 99
c 63 46 0 84 69
c 69 24 38 49 106
c 10 12 28 62 68
c 89 26 4 38 137
c 96 80 72 51 90
c 37 84 9 74 119
c 5 85 67 42 133
c 84 85 12 89 55
c 77 61 54 16 148
c 93 62 33 5 66
c 46 57 98 6 141
c 89 1 56 75 136
c 37 71 27 32 53
c 34 20 43 44 86
c 6 30 93 28 105
c 84 71 0 1 78
c 47 34 46 72 51
c 43 16 30 85 146
c 40 96 84 71 106
c 35 36 84 93 149
c 23 45 34 43 137
c 79 18 36 21 117
c 37 5 34 66 62
c 94 55 58 42 109
c 69 89 40 2 106
c 61 49 53 8 85
c 31 11 50 11 62
c 80 30 79 65 73
c 28 69 53 18 140
c 76 95 48 9 68
c 18 58 73 62 126
c 25 59 36 25 51
c 35 64 62 63 95
c 40 45 82 98 107
c 74 65 3 43 93
c 29 62 58 8 57
c 37 79 51 86 115
c 78 22 26 62 149
c 77 61 80 41 147
c 8 76 25 57 100
c 20 95 68 33 143
c 69 33 39 45 76
c 51 92 35 74 103
c 10 56 61 32 141
c 2 22 97 99 103
c 69 89 34 60 111
c 67 79 68 90 82
c 3 90 53 8 135
c 97 79 35 36 94
c 20 45 58 48 88
c 67 79 19 50 143
c 84 28 63 67 96
c 35 13 27 28 103
c 50 61 9 36 139
c 59 20 33 30 120
c 50 35 35 10 106
c 7 50 10 12 74
c 5 63 55 20 96
c 33 5 17 10 51
c 17 10 19 20 114
c 57 15 35 36 80
c 2 7 44 32 65
c 58 12 94 98 83
c 36 90 66 56 89
c 27 4 78 46 83
c 94 20 81 59 141
c 75 76 27 2 128
c 1 87 52 18 146
c 23 45 7 32 135
c 9 61 33 62 113
c 31 48 61 47 75
c 20 89 63 88 82
c 70 10 63 31 90
c 48 26 84 28 86
c 72 54 84 23 114
c 96 80 22 16 77
c 45 21 16 35 99
c 61 25 72 73 50
c 76 86 56 53 62
c 70 99 46 72 136
c 38 73 3 46 56
c 28 90 60 8 72
c 19 81 72 27 127
c 44 47 73 48 97
c 44 53 22 12 76
c 91 94 59 60 98
c 80 17 37 76 113
c 65 91 46 30 146
c 20 99 28 29 52
c 69 77 14 63 88
c 95 12 13 93 61
c 92 15 20 89 75
c 68 90 9 97 118
c 44 97 84 81 58
c 91 34 6 78 132
c 61 85 91 41 54
c 97 99 84 28 108
c 81 18 51 62 126
c 88 55 16 76 133
c 85 16 84 23 123
c 37 40 38 75 115
c 65 53 45 63 133
c 85 3 0 17 117
c 47 50 76 12 63
c 86 74 13 14 123
c 46 17 51 32 126
c 60 83 60 36 116
c 61 42 54 84 73
c 80 97 46 17 74
c 34 35 4 85 142
c 75 78 19 13 86
c 79 97 24 83 115
c 22 43 7 8 114
c 48 61 24 75 90
c 54 61 40 23 55
c 53 17 11 76 91
c 92 85 98 73 141
c 33 34 65 6 60
c 4 85 18 13 92
c 56 29 94 2 66
c 0 84 34 90 139
c 13 65 66 85 120
c 91 3 64 59 95
c 55 12 56 23 143
c 60 71 55 49 57
c 59 18 63 16 142
c 81 14 54 63 80
c 10 34 58 59 114
c 11 68 85 37 98
c 97 54 52 5 84
c 27 99 33 62 79
c 9 46 12 22 134
c 32 77 85 23 60
c 90 61 96 2 149
c 65 55 34 58 53
c 34 90 49 51 118
c 48 23 64 47 145
c 60 47 82 54 105
c 7 8 21 68 62
c 8 54 79 18 63
c 41 22 72 65 82
c 89 74 22 97 92
c 48 26 23 11 145
c 90 24 34 52 91
c 89 71 71 46 84
c 15 7 96 66 143
c 37 62 9 64 116
c 30 43 26 31 111
c 68 80 43 79 121
c 2 3 44 97 50
c 53 83 67 95 109
c 16 88 49 11 94
c 72 24 20 12 104
c 61 18 67 28 138
c 59 18 47 99 65
c 58 22 95 94 127
c 27 1 40 87 76
c 19 20 43 35 64
c 94 21 28 10 70
c 55 13 47 58 78
c 54 60 88 98 136
c 34 60 52 34 80
c 30 22 49 66 83
c 28 52 60 53 107
c 33 1 28 69 57
c 22 13 65 26 100
c 25 26 80 8 109
c 58 16 68 78 101
c 42 93 53 5 111
c 16 33 47 58 112
c 12 14 48 55 62
c 47 26 6 55 142
c 56 10 55 89 140
c 84 58 18 19 51
c 31 48 40 79 108
c 45 8 3 20 82
c 24 32 76 74 122
c 95 71 87 10 116
c 61 72 3 65 135
c 68 14 73 88 136
c 34 19 64 66 128
c 81 17 36 64 50
c 35 36 94 46 68
c 25 91 76 57 82
c 3 56 69 90 131
c 95 33 19 58 131
c 75 47 92 83 137
c 41 31 91 3 51
c 95 92 60 8 79
c 72 88 7 89 65
c 37 6 55 1 147
c 70 67 36 7 107
c 67 71 46 9 77
c 2 3 65 97 68
c 46 84 85 35 75
c 73 88 46 57 133
c 91 17 70 96 124
c 74 70 53 83 140
c 93 38 29 98 120
c 74 67 92 83 63
c 76 74 92 28 143
c 79 18 49 93 108
c 45 70 22 15 137
c 83 67 40 77 109
c 2 23 0 64 148
c 27 68 17 68 56
c 61 62 27 99 99
c 68 33 13 78 91
c 38 43 7 50 133
c 23 36 85 17 113
c 6 61 9 75 130
c 30 22 59 20 148
c 45 93 26 65 109
c 58 3 61 31 114
c 55 89 18 54 98
c 12 24 46 30 101
c 12 52 61 72 97
c 78 22 81 86 130
c 37 45 48 12 52
c 70 87 28 61 113
c 21 13 67 70 132
c 77 85 56 21 125
c 48 49 11 31 117
c 66 44 6 81 146
c 9 68 98 93 86
c 94 9 1 93 134
c 49 57 49 36 124
c 30 62 32 40 103
c 79 39 94 46 53
c 20 51 93 72 81
c 65 26 89 90 117
c 18 26 9 61 124
c 71 63 58 33 55
c 37 33 95 28 73
c 67 23 14 76 126
c 2 62 31 47 95
c 83 10 80 60 60
c 30 29 56 54 111
c 29 91 43 93 130
c 32 59 53 17 85
c 51 80 23 30 149
c 18 23 24 37 54
c 91 93 58 12 145
c 72 50 48 61 132
c 34 79 9 10 135
c 95 38 70 30 63
c 38 13 70 10 52
c 9 48 70 81 140
c 5 6 64 52 106
c 69 77 42 75 74
c 90 37 37 53 59
c 8 2 35 30 100
c 37 75 69 87 53
c 82 6 74 96 107
c 31 6 75 47 62
c 25 44 9 74 128
c 90 24 57 72 126
c 38 72 73 31 55
c 91 94 87 42 107
c 35 99 22 91 59
c 26 65 33 15 98
c 52 82 43 79 75
c 92 83 2 70 131
c 95 45 98 99 111
c 80 67 8 56 114
c 24 75 59 39 78
c 46 91 57 58 116
c 43 55 95 40 125
c 82 34 2 80 108
c 61 49 90 91 131
c 84 23 71 94 117
c 23 2 83 5 112
c 43 42 23 82 109
c 22 65 30 16 145
c 89 85 69 13 112
c 29 50 27 55 126
c 10 49 89 42 96
c 61 7 12 29 139
c 71 9 89 85 65
c 91 3 47 11 99
c 37 12 49 51 75
c 83 10 94 6 95
c 95 38 45 24 67
c 76 25 75 82 59
c 75 50 89 73 119
c 2 67 27 32 112
c 78 67 80 18 93
c 38 83 11 31 97
c 54 83 90 91 141
c 29 57 42 52 69
c 92 83 79 65 103
c 78 94 55 68 119
c 21 13 50 51 117
c 67 38 52 5 143
c 94 55 67 20 149
c 37 51 4 10 72
c 58 27 38 43 103
c 86 33 51 72 73
c 54 83 10 49 134
c 61 2 71 78 143
c 77 31 83 22 130
c 16 51 0 17 137
c 5 12 8 52 74
c 91 45 9 10 95
c 40 33 61 42 143
c 50 53 9 6 101
c 10 33 65 97 139
c 47 11 67 38 84
c 74 24 68 48 52
c 10 31 35 64 90
c 89 92 22 18 144
c 87 10 59 49 77
c 47 99 30 79 53
c 57 38 82 34 85
c 20 23 30 53 131
c 91 45 6 30 54
c 64 12 56 47 61
c 57 20 71 89 146
c 86 2 38 70 99
c 90 5 51 12 86
c 62 59 47 99 87
c 52 67 6 63 117
c 56 4 9 22 55
c 77 75 91 24 109
c 65 63 43 93 50
c 58 2 10 37 50
c 30 33 46 9 63
c 58 16 98 38 105
c 38 73 27 32 92
c 22 21 33 15 70
c 54 16 30 60 51
c 94 9 82 11 144
c 90 53 46 37 79
c 61 92 22 12 96
c 61 33 88 38 116
c 82 64 28 90 78
c 11 20 32 70 139
c 73 28 75 66 89
c 12 14 92 26 104
c 16 56 82 98 105
c 90 66 56 23 102
c 91 45 28 36 89
c 17 16 88 32 76
c 31 41 35 53 82
c 75 76 22 67 102
c 61 31 60 87 135
c 64 62 91 63 136
c 45 93 27 12 116
c 31 1 70 74 125
c 97 79 64 92 122
c 73 59 85 35 72
c 21 9 66 26 135
c 19 23 45 69 83
c 29 98 84 71 102
c 29 76 68 20 138
c 34 43 17 49 51
c 14 15 39 72 144
c 59 60 55 49 84
c 45 39 59 42 66
c 56 32 60 42 129
c 90 61 16 56 98
c 31 40 32 93 138
c 2 65 56 29 102
c 85 16 55 66 74
c 0 84 39 25 134
c 58 48 10 29 87
c 12 13 5 40 81
c 6 91 92 6 138
c 53 17 84 81 124
c 65 83 22 95 86
c 93 81 64 86 95
c 30 53 97 91 66
c 67 70 62 93 71
c 22 15 61 48 99
c 4 49 50 56 100
c 64 66 35 34 64
c 34 93 94 48 143
c 53 5 61 2 82
c 24 72 51 56 73
c 88 10 34 83 53
c 35 2 94 56 135
c 61 47 52 50 51
c 49 36 71 53 65
c 58 66 24 83 115
c 96 66 65 63 113
c 83 95 31 67 122
c 18 13 15 1 64
c 11 89 94 20 71
c 60 59 27 73 66
c 55 49 55 62 119
c 80 45 17 16 120
c 28 82 31 41 147
c 94 11 61 85 138
c 24 28 66 44 114
c 80 94 10 45 86
c 45 34 61 47 50
c 82 11 42 88 69
c 37 2 72 54 100
c 93 3 65 98 70
c 24 23 51 80 105
c 90 61 66 94 109
c 9 99 29 51 92
c 92 56 22 49 67
c 12 22 22 6 132
c 35 64 27 12 82
c 32 83 75 85 130
c 86 31 79 3 52
c 64 53 3 17 129
c 50 55 31 47 74
c 13 78 14 2 124
c 78 66 11 80 142
c 95 92 84 93 74
c 88 10 93 55 77
c 92 83 50 75 107
c 26 74 10 51 100
c 53 17 92 83 68
c 91 93 4 9 149
c 0 3 37 76 127
c 66 63 70 52 128
c 69 40 68 80 142
c 37 60 80 25 126
c 40 93 50 96 116
c 93 4 95 88 64
c 68 59 83 95 115
c 58 42 65 19 95
c 51 56 86 47 96
c 46 73 0 23 52
c 15 75 58 54 121
c 65 21 77 83 59
c 71 2 62 31 71
c 96 71 11 61 83
c 6 61 80 69 142
c 81 10 35 30 76
c 32 33 31 40 65
c 87 1 57 15 71
c 23 59 70 57 55
c 17 49 19 27 81
c 77 31 13 17 88
c 14 48 68 9 84
c 84 48 33 81 93
c 25 9 76 93 84
c 46 73 73 22 106
c 32 29 3 56 99
c 36 7 37 2 64
c 30 74 3 97 52
c 34 60 96 39 124
c 51 78 65 23 95
c 68 9 66 67 82
c 69 57 78 66 70
c 88 80 90 53 51
c 84 51 23 59 99
c 5 18 21 9 71
c 83 45 23 79 58
c 65 5 38 70 103
c 82 37 93 85 109
c 48 25 53 55 78
c 83 35 18 13 100
c 85 7 51 14 133
c 16 41 73 48 85
c 18 23 44 61 92
c 56 59 25 74 50
c 3 79 71 92 73
c 90 24 12 40 147
c 11 38 55 89 83
c 35 34 25 7 137
c 54 86 34 43 57
c 38 83 9 22 135
c 96 79 91 3 50
c 91 63 79 18 73
c 98 53 28 22 115
c 35 10 52 6 63
c 44 29 25 26 87
c 71 19 0 87 141
c 61 22 61 82 117
c 72 65 94 6 140
c 45 81 43 68 110
c 58 48 36 34 86
c 16 51 91 84 68
c 56 49 21 13 136
c 76 93 48 72 109
c 58 42 92 4 50
c 88 10 15 53 62
c 4 33 72 11 105
c 80 88 61 18 60
c 68 42 81 10 55
c 31 18 40 68 88
c 7 84 11 18 74
c 9 68 38 58 115
c 49 91 39 89 129
c 14 15 32 69 113
c 23 53 4 93 138
c 42 65 87 32 113
c 36 51 95 36 119
c 71 52 10 25 146
c 81 59 71 88 91
c 84 89 50 55 122
c 66 17 45 34 82
c 47 66 67 38 80
c 9 3 58 2 127
c 44 53 80 48 102
c 2 45 50 11 60
c 32 82 90 16 107
c 98 99 60 50 79
c 94 37 30 11 90
c 43 30 55 28 97
c 10 54 42 65 119
c 79 31 53 17 131
c 52 39 36 48 128
c 75 99 66 85 103
c 4 12 49 35 72
c 5 46 40 49 144
c 4 10 48 72 122
c 0 56 57 96 63
c 48 26 40 10 131
c 78 22 15 16 115
c 73 46 78 89 88
c 4 38 72 28 70
c 44 33 85 32 60
c 82 98 16 68 100
c 61 93 48 8 104
c 58 73 86 8 115
c 76 12 51 86 66
c 30 24 8 44 109
c 37 76 26 10 116
c 21 38 4 76 134
c 3 18 8 85 115
c 61 93 46 9 64
c 91 81 22 21 79
c 49 25 80 48 84
c 21 27 25 85 133
c 59 81 75 65 127
c 11 80 53 18 126
c 25 66 17 79 51
c 58 66 29 62 139
c 79 88 58 59 148
c 38 49 49 36 85
c 67 66 6 66 70
c 54 51 28 61 58
c 42 43 65 21 100
c 23 80 14 63 82
c 20 45 95 19 128
c 30 50 77 83 62
c 92 64 14 63 96
c 92 21 71 79 109
c 86 26 62 85 148
c 36 51 34 35 61
c 74 34 73 51 103
c 89 26 75 82 148
c 59 39 90 26 75
c 50 53 35 55 108
c 67 66 12 29 136
c 15 75 40 68 52
c 52 6 61 22 82
c 85 51 50 36 70
c 51 55 56 64 73
c 47 66 13 17 83
c 11 20 40 57 66
c 52 96 31 39 139
c 77 17 24 9 135
c 10 46 56 42 105
c 48 86 40 36 115
c 24 32 55 13 68
c 87 90 7 32 87
c 79 65 20 92 96
c 43 77 63 24 99
c 68 14 90 21 137
c 74 34 63 31 102
c 80 9 15 35 129
c 3 17 55 28 101
c 72 10 36 64 67
c 64 12 48 49 54
c 69 70 22 91 73
c 94 11 52 34 144
c 3 42 98 99 143
c 38 46 55 75 56
c 71 78 69 55 69
c 98 75 22 23 80
c 27 76 52 53 116
c 63 15 91 39 92
c 38 89 74 39 110
c 14 26 6 91 86
c 38 39 23 7 53
c 26 56 39 72 116
c 18 35 4 5 68
c 74 59 12 45 134
c 62 3 72 88 79
c 11 46 66 17 83
c 28 89 45 34 68
c 31 6 59 61 117
c 98 11 66 44 56
c 79 65 64 22 138
c 1 58 28 9 136
c 31 86 93 29 78
c 18 66 14 73 85
c 32 82 66 5 89
c 69 74 22 5 51
c 13 73 94 46 60
c 21 33 9 75 68
c 22 21 10 79 125
c 2 91 57 98 121
c 58 2 70 82 105
c 18 72 53 86 84
c 44 33 10 33 115
c 40 56 34 62 112
c 71 87 38 75 106
c 5 72 79 11 81
c 87 32 14 38 135
c 98 4 97 55 84
c 58 22 14 73 136
c 74 65 57 56 54
c 47 11 87 24 60
c 82 98 96 97 119
c 50 35 12 69 74
c 70 81 58 23 121
c 18 64 71 20 52
c 28 69 62 63 94
c 34 40 24 96 86
c 79 39 78 46 72
c 56 52 24 62 113
c 38 13 60 57 134
c 12 22 52 34 96
c 30 45 70 85 87
c 62 51 2 97 79
c 30 74 93 98 78
c 39 10 75 18 134
c 50 51 82 11 132
c 95 80 64 12 145
c 88 55 80 65 77
c 68 15 6 91 101
c 31 55 9 69 108
c 5 25 14 25 124
c 37 66 35 89 135
c 91 23 61 93 63
c 35 5 39 58 86
c 98 45 27 57 110
c 8 28 76 87 59
c 9 16 69 55 66
c 92 4 93 80 117
c 69 97 65 97 58
c 54 61 29 51 147
c 10 14 34 66 67
c 24 37 25 26 111
c 65 87 65 84 68
c 96 48 49 11 108
c 91 29 29 91 132
c 80 40 33 34 112
c 51 12 28 22 90
c 96 59 56 93 66
c 73 31 87 73 133
c 57 74 38 28 84
c 50 11 86 87 64
c 93 54 29 98 67
c 90 18 73 55 63
c 42 88 39 55 50
c 30 99 60 8 125
c 2 97 12 14 130
c 37 40 46 9 119
c 59 97 32 77 144
c 53 55 36 24 110
c 49 35 30 26 146
c 72 50 97 76 66
c 36 6 59 54 108
c 36 25 81 14 56
c 97 79 20 96 101
c 48 26 71 89 116
c 91 62 71 69 93
c 68 9 77 75 72
c 16 68 77 24 66
c 65 69 45 93 101
c 81 75 28 23 74
c 13 22 47 22 58
c 49 9 81 61 53
c 0 25 8 56 58
c 12 55 34 9 112
c 85 35 81 79 100
c 56 49 68 90 71
c 90 91 82 58 59
c 51 22 2 66 145
c 35 13 28 22 144
c 82 11 59 54 125
c 37 62 5 31 71
c 1 87 3 41 110
c 67 16 61 20 144
c 63 86 34 81 103
c 16 71 67 26 124
c 41 9 96 66 145
c 57 56 60 80 77
c 12 55 2 3 89
c 0 56 91 59 141
c 70 87 21 33 126
c 50 61 43 68 114
c 34 20 40 45 123
c 75 99 85 45 100
c 18 66 40 23 139
c 47 67 93 59 82
c 12 22 4 76 145
c 14 89 59 61 100
c 3 43 30 80 99
c 51 55 13 51 149
c 18 58 58 69 125
c 37 51 12 73 99
c 38 4 62 85 90
c 65 5 95 45 98
c 6 77 67 40 63
c 24 89 92 18 93
c 22 13 21 26 146
c 20 89 11 46 144
c 42 52 95 80 139
c 49 57 38 73 140
c 89 27 68 42 133
c 95 19 7 89 97
c 36 51 59 54 94
c 79 97 56 23 123
c 30 60 60 33 127
c 79 39 7 16 103
c 26 38 15 39 75
c 14 30 15 75 102
c 61 2 3 18 72
c 15 86 51 26 119
c 71 22 60 8 111
c 61 7 56 21 77
c 40 23 9 68 106
c 66 26 25 9 129
c 44 50 81 86 142
c 68 83 65 84 140
c 96 85 55 20 70
c 95 71 28 42 69
c 94 40 31 29 134
c 37 12 17 44 125
c 86 33 79 88 57
c 71 92 6 98 132
c 28 47 98 6 128
c 23 7 29 57 124
c 69 78 68 48 83
c 2 7 33 77 51
c 58 59 76 83 64
c 80 70 92 85 94
c 69 33 42 65 115
c 51 22 72 24 107
c 69 77 98 62 52
c 59 51 42 14 92
c 88 63 10 34 63
c 53 60 28 61 139
c 38 58 60 71 143
c 77 45 23 59 104
c 11 51 16 99 110
c 31 73 20 89 91
c 6 30 73 39 80
c 31 75 88 20 81
c 22 48 33 5 84
c 71 88 3 41 93
c 57 20 29 30 105
c 62 58 24 68 105
c 72 28 62 21 122
c 89 73 61 42 132
c 98 38 12 11 83
c 27 75 61 67 79
c 9 22 94 98 61
c 94 98 34 93 75
c 49 11 6 30 149
c 19 89 59 93 112
c 30 43 44 61 51
c 57 16 19 33 63
c 66 63 61 49 149
c 8 47 40 9 109
c 60 5 98 62 141
c 31 67 2 16 57
c 28 95 1 88 54
c 72 28 12 69 87
c 97 98 96 66 56
c 52 67 81 46 73
c 5 61 11 68 61
c 7 89 10 33 86
c 26 18 75 38 148
c 1 5 24 73 53
c 20 81 14 26 71
c 40 45 2 48 55
c 11 80 90 61 114
c 46 48 95 88 109
c 34 81 32 83 55
c 29 57 74 75 105
c 38 73 50 61 81
c 45 49 0 71 148
c 32 93 46 72 131
c 63 64 67 36 75
c 10 11 45 59 111
c 53 55 35 99 81
c 54 66 26 56 118
c 3 79 68 33 99
c 92 85 32 29 139
c 44 97 28 9 56
c 14 64 53 5 103
c 10 54 87 32 90
c 82 37 95 62 110
c 22 70 33 77 74
c 39 40 96 80 57
c 58 2 43 37 124
c 12 45 37 46 98
c 18 7 1 5 115
c 31 62 88 55 126
c 52 50 70 99 90
c 97 99 56 47 86
c 18 28 13 85 51
c 81 14 49 53 118
c 48 31 76 95 121
c 54 16 10 51 118
c 10 34 73 51 84
c 46 17 70 30 89
c 82 64 59 54 103
c 0 53 17 18 118
c 17 4 15 64 63
c 78 70 57 73 63
c 35 84 62 63 52
c 2 25 4 58 122
c 31 40 94 9 66
c 94 98 43 51 62
c 28 69 30 60 147
c 89 71 24 5 115
c 53 18 16 73 79
c 24 25 54 66 132
c 15 65 4 88 90
c 56 54 57 61 113
c 23 36 84 89 125
c 23 83 34 17 95
c 38 13 89 14 127
c 59 96 24 9 131
c 46 47 37 66 142
c 53 32 95 88 56
c 26 38 59 42 92
c 59 18 38 72 96
c 59 54 74 70 104
c 30 33 49 39 145
c 65 91 33 81 76
c 71 87 59 39 121
c 69 76 44 45 136
c 49 36 38 35 139
c 39 45 87 17 55
c 91 66 11 87 84
c 53 5 70 44 93
c 27 87 57 56 54
c 71 79 20 41 103
c 9 66 9 20 62
c 66 94 85 27 58
c 48 61 96 83 80
c 53 5 90 53 64
c 37 46 8 76 107
c 90 91 65 19 136
c 26 74 55 1 64
c 21 68 69 87 125
c 51 62 22 99 109
c 65 26 57 38 117
c 55 15 38 35 99
c 49 36 11 18 123
c 63 38 28 89 88
c 18 26 22 59 71
c 56 29 27 12 141
c 48 26 95 40 70
c 47 44 71 79 141
c 26 53 42 14 73
c 55 62 46 78 56
c 66 89 35 91 78
c 6 91 13 14 108
c 92 28 8 7 108
c 39 25 53 55 138
c 28 49 28 82 110
c 43 39 9 97 58
c 50 79 28 36 65
c 32 6 51 80 86
c 17 4 61 15 56
c 90 16 9 68 52
c 73 31 61 42 64
c 11 68 16 35 100
c 26 55 13 93 115
c 86 31 42 71 97
c 83 5 2 90 107
c 91 59 37 33 132
c 84 62 24 16 114
c 38 43 69 90 131
c 82 6 16 83 127
c 26 40 15 53 50
c 64 52 55 62 98
c 72 50 29 4 88
c 59 42 95 28 98
c 68 80 1 58 50
c 20 1 37 55 102
c 53 17 34 83 87
c 26 47 57 71 126
c 56 52 57 59 110
c 75 90 33 52 139
c 24 25 23 16 71
c 6 98 84 89 142
c 27 15 22 50 57
c 61 15 58 73 70
c 8 97 0 25 136
c 77 85 5 31 123
c 95 62 59 44 145
c 98 66 58 16 145
c 40 33 85 37 105
c 21 38 71 31 82
c 85 23 73 31 129
c 73 48 31 75 75
c 9 10 48 8 127
c 96 97 48 72 129
c 86 74 2 22 138
c 29 53 75 78 82
c 92 21 25 91 90
c 86 2 18 66 116
c 36 30 81 10 126
c 15 62 93 4 88
c 6 42 82 46 149
c 98 11 24 23 117
c 58 26 25 90 108
c 72 50 48 75 83
c 57 20 27 36 119
c 47 80 5 72 124
c 12 34 36 37 96
c 50 11 40 87 111
c 0 27 19 85 122
c 59 61 71 9 98
c 84 58 23 53 109
c 91 51 21 38 50
c 6 62 36 8 103
c 20 81 67 28 65
c 88 93 90 66 143
c 67 1 38 28 58
c 58 8 72 73 66
c 51 26 46 98 142
c 76 83 12 40 143
c 30 89 48 75 55
c 43 18 48 41 54
c 67 71 14 72 59
c 50 53 76 85 87
c 74 67 24 16 137
c 16 69 69 76 101
c 39 96 68 15 71
c 72 44 86 72 105
c 96 54 64 26 53
c 17 44 1 87 55
c 61 49 88 19 127
c 39 45 81 47 79
c 40 77 86 9 96
c 69 97 11 58 111
c 11 80 97 54 103
c 25 14 72 11 86
c 68 15 22 32 53
c 90 53 46 58 57
c 2 10 72 74 51
c 46 57 82 87 133
c 61 90 27 57 125
c 4 10 69 76 93
c 22 67 9 8 115
c 13 78 20 51 93
c 93 36 6 77 61
c 30 21 90 18 135
c 58 71 52 82 74
c 38 58 34 19 117
c 73 59 58 71 86
c 96 1 69 38 83
c 51 12 56 69 140
c 11 20 75 53 123
c 69 74 86 8 74
c 43 44 37 2 131
c 67 68 84 85 111
c 73 31 70 74 81
c 97 98 59 39 107
c 8 51 9 36 113
c 66 89 14 73 65
c 96 79 9 3 92
c 47 67 54 16 58
c 63 86 43 44 142
c 98 66 26 74 130
c 4 38 51 12 83
c 68 69 88 89 75
c 28 36 94 41 143
c 62 53 13 22 83
c 42 65 28 1 89
c 41 40 74 75 130
c 61 31 4 38 148
c 74 59 27 29 104
c 46 37 83 91 71
c 86 33 89 20 86
c 83 67 58 16 141
c 60 59 38 22 104
c 60 61 11 80 61
c 65 87 93 62 53
c 73 90 44 53 149
c 25 85 68 33 105
c 6 81 75 99 84
c 29 53 0 71 94
c 94 9 71 76 108
c 39 72 57 65 70
c 26 87 98 66 94
c 36 90 36 30 136
c 17 29 70 18 102
c 9 99 43 72 65
c 17 55 77 75 88
c 67 37 23 11 74
c 28 74 72 11 137
c 62 21 27 47 75
c 63 17 49 2 62
c 25 89 83 45 128
c 90 66 65 6 146
c 70 87 34 66 83
c 76 12 85 37 96
c 39 73 73 62 126
c 56 64 14 30 106
c 43 51 93 36 75
c 4 33 2 25 126
c 23 36 42 99 118
c 91 84 58 73 67
c 62 53 62 52 124
c 86 47 85 8 69
c 69 13 51 62 93
c 35 13 50 36 61
c 33 5 94 55 106
c 95 28 46 47 101
c 60 71 9 66 57
c 55 47 27 76 112
c 71 46 92 60 121
c 65 66 11 80 119
c 78 67 21 35 68
c 31 32 20 21 67
c 12 40 77 24 129
c 49 35 6 11 102
c 75 90 39 66 60
c 82 62 95 62 100
c 18 72 43 97 140
c 85 32 34 66 96
c 66 71 84 28 87
c 48 8 57 38 100
c 72 31 15 7 53
c 96 79 37 33 138
c 11 10 60 53 123
c 67 42 92 26 148
c 57 65 84 98 112
c 22 12 57 25 123
c 53 38 95 68 128
c 2 16 62 51 117
c 81 62 54 86 93
c 20 99 19 20 100
c 22 43 73 62 70
c 66 41 28 1 139
c 91 63 8 51 85
c 86 19 65 83 87
c 73 90 38 22 92
c 28 45 37 76 70
c 24 99 35 55 65
c 88 55 60 5 80
c 28 47 81 58 64
c 24 27 98 93 137
c 53 86 90 49 58
c 77 83 10 25 117
c 35 91 35 34 106
c 46 25 12 40 65
c 43 35 8 44 75
c 35 91 22 16 107
c 12 45 30 60 69
c 22 16 23 30 66
c 51 82 15 7 122
c 0 27 17 16 109
c 60 80 83 22 98
c 88 57 61 46 93
c 49 8 39 29 136
c 46 9 71 9 149
c 86 99 4 93 84
c 80 25 48 61 138
c 42 32 66 5 60
c 16 56 74 15 84
c 61 29 69 78 135
c 37 91 91 34 116
c 30 93 69 78 73
c 15 46 51 44 137
c 87 32 49 37 93
c 2 12 43 93 59
c 10 51 41 31 111
c 9 66 13 22 115
c 25 91 23 80 125
c 10 54 67 56 76
c 66 48 75 38 90
c 81 82 62 54 145
c 64 92 79 65 60
c 53 83 77 51 147
c 29 30 86 33 140
c 58 12 65 3 103
c 96 1 9 66 51
c 59 61 91 17 109
c 74 16 24 72 97
c 47 58 5 12 133
c 19 20 82 75 77
c 10 49 16 99 136
c 88 78 7 8 125
c 42 52 87 5 68
c 63 31 70 79 131
c 39 88 39 55 58
c 62 58 35 13 109
c 91 42 5 86 126
c 51 72 94 6 77
c 22 23 88 83 146
c 35 6 70 85 79
c 40 96 85 7 110
c 72 22 59 49 100
c 24 32 95 19 114
c 11 1 51 62 83
c 47 66 88 10 99
c 39 40 96 39 98
c 2 65 19 57 117
c 82 58 93 81 135
c 16 41 56 78 84
c 54 66 77 31 84
c 56 42 60 33 75
c 69 74 2 90 89
c 5 40 26 74 94
c 13 78 78 70 127
c 50 51 97 55 91
c 56 10 96 39 85
c 43 55 63 24 72
c 37 51 81 10 52
c 48 50 36 42 144
c 35 54 4 71 129
c 70 44 83 84 145
c 29 62 63 15 72
c 43 27 88 57 53
c 30 74 6 15 64
c 80 48 84 40 142
c 95 80 71 19 107
c 40 45 14 89 64
c 31 17 31 78 68
c 9 75 30 80 86
c 53 5 9 8 82
c 87 73 6 78 91
c 22 50 97 98 75
c 90 61 55 1 111
c 13 66 65 81 104
c 14 48 22 5 69
c 12 45 91 29 134
c 55 66 70 47 73
c 26 40 74 64 87
c 96 80 2 95 85
c 30 29 38 46 129
c 18 23 68 69 134
c 66 17 24 75 94
c 9 22 81 18 139
c 29 51 79 97 129
c 65 26 93 62 84
c 5 63 49 39 79
c 92 4 8 2 131
c 0 52 62 3 145
c 87 5 36 34 133
c 39 4 48 49 104
c 2 10 26 12 106
c 92 76 22 16 112
c 86 31 3 17 114
c 33 15 63 15 133
c 78 66 74 65 131
c 39 26 51 52 90
c 69 38 71 20 118
c 97 55 11 58 73
c 10 34 87 78 71
c 66 94 19 2 66
c 49 35 75 52 113
c 36 24 3 65 69
c 64 62 21 13 71
c 8 45 31 45 148
c 3 98 65 87 82
c 37 6 25 9 50
c 4 52 72 22 72
c 84 28 40 79 74
c 34 37 86 19 75
c 63 99 9 36 127
c 80 17 39 55 82
c 14 63 85 78 62
c 5 86 20 91 81
c 75 78 48 8 75
c 95 71 15 1 63
c 40 77 28 47 149
c 5 85 26 55 66
c 78 94 93 38 144
c 78 67 98 75 54
c 49 11 61 92 109
c 10 12 75 53 106
c 59 20 89 90 55
c 39 96 77 49 144
c 84 34 0 25 112
c 95 38 0 1 123
c 62 3 75 66 140
c 22 95 28 22 149
c 7 16 36 8 102
c 30 21 46 9 86
c 29 4 71 92 81
c 32 57 71 89 135
c 48 28 15 1 127
c 68 70 24 90 137
c 42 93 18 58 76
c 95 12 75 82 145
c 6 55 51 56 134
c 6 14 70 52 109
c 87 59 87 5 73
c 87 24 16 83 130
c 30 53 26 54 133
c 9 26 11 58 133
c 4 49 5 91 51
c 85 21 23 59 93
c 3 17 18 24 54
c 41 42 61 49 111
c 45 21 33 52 147
c 65 53 14 76 66
c 57 65 37 95 64
c 16 56 75 65 95
c 12 22 45 60 143
c 4 89 39 47 114
c 14 76 43 11 50
c 80 81 64 22 126
c 24 37 91 35 83
c 53 16 4 36 95
c 30 21 38 13 93
c 55 70 89 72 113
c 44 97 27 1 99
c 2 25 20 81 139
c 4 10 60 37 66
c 92 21 48 25 121
c 98 4 27 4 92
c 12 83 91 41 117
c 69 74 92 6 71
c 27 86 28 26 59
c 52 50 10 45 103
c 12 37 42 63 115
c 65 26 91 35 83
c 17 47 57 98 145
c 4 85 92 59 115
c 40 19 18 55 53
c 26 74 35 25 61
c 60 80 35 74 107
c 43 79 78 89 59
c 74 70 41 49 87
c 54 55 1 93 57
c 36 46 2 80 52
c 82 31 25 89 97
c 39 59 98 57 75
c 85 21 24 89 105
c 58 49 61 49 84
c 17 58 58 77 117
c 67 42 78 79 57
c 35 14 54 64 121
c 82 46 64 62 106
c 20 89 37 60 122
c 84 6 89 1 92
c 55 66 57 74 130
c 83 3 35 55 58
c 56 53 15 29 136
c 38 67 89 20 84
c 85 8 30 24 66
c 22 5 23 21 90
c 71 11 43 24 114
c 24 73 41 45 102
c 0 62 6 77 123
c 35 64 22 50 112
c 63 17 10 12 52
c 43 51 71 88 107
c 61 29 63 64 72
c 97 12 33 98 67
c 57 25 8 47 94
c 45 31 22 84 125
c 91 92 22 23 142
c 25 59 12 69 142
c 81 59 39 10 127
c 61 64 13 86 115
c 93 84 31 68 118
c 55 43 2 5 126
c 24 8 96 59 58
c 44 49 72 65 116
c 24 42 40 68 64
c 73 46 4 78 131
c 61 72 46 84 127
c 30 38 83 67 72
c 53 8 87 24 100
c 44 29 69 87 122
c 39 27 76 74 95
c 91 29 60 42 77
c 49 93 9 8 57
c 1 58 32 21 122
c 55 10 79 39 119
c 16 41 91 93 120
c 67 38 8 2 67
c 42 53 81 47 95
c 73 62 10 79 74
c 88 10 76 86 137
c 20 70 62 59 103
c 50 43 35 90 115
c 11 67 23 36 100
c 81 17 46 84 112
c 92 4 68 8 146
c 36 42 50 55 55
c 4 47 96 97 114
c 37 51 67 44 57
c 18 50 69 57 85
c 11 58 71 76 140
c 5 85 82 83 60
c 69 77 88 62 56
c 3 83 18 55 138
c 70 3 31 62 75
c 34 71 3 20 93
c 38 66 94 88 83
c 71 22 42 14 88
c 93 4 44 51 129
c 93 28 86 29 117
c 10 51 93 4 88
c 83 67 97 55 147
c 88 28 73 48 125
c 33 30 50 46 96
c 83 69 70 76 91
c 75 82 24 42 57
c 23 28 69 78 97
c 24 38 84 98 79
c 31 40 7 36 145
c 42 71 40 8 100
c 29 30 24 8 74
c 59 49 3 43 139
c 30 79 65 93 126
c 45 93 91 92 84
c 22 6 66 39 60
c 91 62 49 2 132
c 85 27 31 62 124
c 36 19 8 52 78
c 55 75 22 99 112
c 36 64 10 12 147
c 62 36 46 30 61
c 50 53 6 30 70
c 11 46 26 31 65
c 71 53 30 85 51
c 34 71 78 74 85
c 6 77 34 14 113
c 70 74 63 62 135
c 27 57 15 65 131
c 52 18 59 61 126
