notes: n=100, m=990, elb=1, eub=20, density=0.1, conf_density=0.003, clb=75, cub= 175, seed= 4143
p spec 100 990 1468
s 0
t 99
a 0 1 16
a 0 86 3
a 0 51 7
a 0 99 11
a 0 74 19
a 0 13 1
a 0 63 16
a 0 93 10
a 0 87 10
a 0 80 5
a 0 65 5
a 0 26 7
a 0 4 3
a 1 2 17
a 1 67 5
a 1 83 4
a 1 88 7
a 1 59 18
a 1 28 17
a 1 30 19
a 1 10 11
a 1 13 11
a 1 9 19
a 2 3 12
a 2 49 18
a 2 55 10
a 2 82 16
a 2 29 15
a 2 6 2
a 2 4 8
a 2 39 16
a 3 4 16
a 3 84 19
a 3 96 4
a 3 51 1
a 3 26 8
a 3 53 9
a 3 2 19
a 3 45 12
a 3 38 10
a 3 25 3
a 4 5 1
a 4 31 2
a 4 41 10
a 4 35 13
a 4 52 10
a 4 27 11
a 4 22 5
a 4 95 18
a 4 61 16
a 5 6 12
a 5 19 7
a 5 56 14
a 5 73 17
a 5 15 5
a 5 51 17
a 5 11 16
a 5 50 12
a 6 7 14
a 6 57 8
a 6 72 17
a 6 56 3
a 6 79 6
a 6 44 16
a 6 94 4
a 6 22 13
a 7 8 18
a 7 92 13
a 7 86 5
a 7 77 14
a 7 2 9
a 7 37 7
a 7 96 2
a 7 79 6
a 7 72 12
a 7 71 9
a 7 94 5
a 7 85 17
a 7 60 1
a 7 97 9
a 7 80 6
a 7 11 13
a 7 21 19
a 8 9 18
a 8 56 1
a 8 12 17
a 8 60 10
a 8 37 9
a 8 15 4
a 8 76 15
a 8 98 17
a 9 10 11
a 9 57 4
a 9 68 7
a 9 65 7
a 9 85 6
a 9 1 2
a 9 96 15
a 9 90 8
a 9 2 16
a 9 67 12
a 9 21 14
a 9 58 4
a 9 37 2
a 10 11 7
a 10 6 11
a 10 66 4
a 10 48 4
a 10 20 10
a 10 4 12
a 10 35 4
a 10 8 14
a 10 53 7
a 10 72 5
a 10 95 3
a 10 2 10
a 10 87 11
a 10 15 10
a 11 12 17
a 11 68 8
a 11 84 10
a 11 46 11
a 11 95 7
a 11 99 9
a 11 58 18
a 11 63 12
a 11 40 14
a 11 54 6
a 11 70 10
a 11 57 12
a 11 93 19
a 12 13 18
a 12 70 14
a 12 31 6
a 12 82 3
a 12 38 12
a 12 41 18
a 12 19 19
a 12 30 13
a 13 14 6
a 13 72 4
a 13 22 12
a 13 89 3
a 13 15 9
a 13 59 14
a 13 82 15
a 13 87 7
a 13 62 10
a 13 27 18
a 13 33 9
a 13 64 4
a 13 91 8
a 13 98 3
a 13 19 17
a 13 52 3
a 14 15 9
a 14 8 2
a 14 96 17
a 14 21 19
a 14 32 3
a 14 76 4
a 14 4 7
a 15 16 3
a 15 83 18
a 15 29 8
a 15 99 9
a 15 32 11
a 15 4 9
a 15 3 17
a 15 79 11
a 16 17 2
a 16 64 17
a 16 10 7
a 16 7 14
a 16 3 3
a 16 41 12
a 16 27 8
a 16 34 10
a 16 96 19
a 16 54 7
a 17 18 11
a 17 71 3
a 17 58 2
a 17 40 14
a 17 92 13
a 17 51 2
a 17 46 17
a 17 86 9
a 17 27 11
a 17 1 8
a 17 48 5
a 18 19 15
a 18 63 2
a 18 43 18
a 18 42 7
a 18 53 14
a 18 20 7
a 18 26 1
a 18 6 10
a 18 39 12
a 18 55 1
a 18 91 14
a 18 80 3
a 18 81 2
a 18 17 19
a 19 20 13
a 19 36 15
a 19 73 6
a 19 84 18
a 19 1 14
a 19 99 15
a 20 21 13
a 20 45 17
a 20 89 18
a 20 4 8
a 20 58 1
a 20 29 11
a 20 39 16
a 20 33 19
a 20 95 9
a 21 22 3
a 21 29 2
a 21 64 2
a 21 69 7
a 22 23 4
a 22 12 3
a 22 48 16
a 22 20 4
a 22 55 5
a 23 24 1
a 23 1 4
a 23 16 10
a 23 12 4
a 23 58 14
a 23 95 12
a 23 75 5
a 23 30 1
a 23 73 14
a 23 52 9
a 24 25 7
a 24 8 6
a 24 56 9
a 24 38 17
a 24 59 4
a 24 52 6
a 24 18 13
a 24 20 12
a 24 54 12
a 24 42 2
a 24 29 8
a 25 26 16
a 25 14 17
a 25 76 14
a 25 20 18
a 25 96 15
a 25 52 10
a 25 66 4
a 25 84 12
a 26 27 8
a 26 39 19
a 26 37 14
a 26 6 14
a 26 46 17
a 26 54 11
a 26 84 2
a 26 16 6
a 26 28 18
a 27 28 15
a 27 70 11
a 27 91 1
a 27 69 17
a 27 31 15
a 27 22 10
a 27 84 18
a 27 16 1
a 27 81 12
a 27 89 14
a 28 29 8
a 28 12 16
a 28 1 11
a 28 78 17
a 28 23 8
a 28 20 14
a 28 17 4
a 28 88 6
a 28 26 6
a 28 51 6
a 29 30 11
a 29 92 16
a 29 24 13
a 29 39 16
a 29 27 11
a 29 50 19
a 29 46 1
a 30 31 19
a 30 28 9
a 30 69 16
a 30 16 19
a 30 36 7
a 30 92 14
a 30 22 1
a 30 66 12
a 30 73 1
a 30 90 14
a 31 32 12
a 31 94 18
a 31 25 17
a 31 11 1
a 31 55 15
a 31 44 4
a 31 9 11
a 31 63 1
a 31 26 10
a 31 70 10
a 31 16 7
a 31 79 18
a 32 33 14
a 32 62 2
a 32 45 19
a 32 37 7
a 32 72 14
a 32 41 9
a 32 95 16
a 32 67 3
a 33 34 12
a 33 42 1
a 33 90 10
a 33 19 17
a 33 6 19
a 33 10 4
a 33 81 16
a 33 22 15
a 33 82 1
a 33 78 11
a 33 12 7
a 34 35 11
a 34 50 1
a 34 76 7
a 34 29 4
a 34 47 2
a 34 67 6
a 34 23 1
a 34 37 17
a 34 5 5
a 34 61 16
a 34 3 4
a 34 68 1
a 34 98 15
a 34 79 13
a 35 36 11
a 35 41 2
a 35 10 2
a 35 60 19
a 35 77 14
a 35 19 5
a 35 17 10
a 35 8 19
a 35 68 1
a 35 7 11
a 35 84 3
a 35 48 4
a 35 2 6
a 35 83 15
a 36 37 6
a 36 23 17
a 36 55 15
a 36 8 16
a 36 46 12
a 36 38 19
a 36 4 8
a 36 41 15
a 36 48 6
a 36 43 19
a 36 44 4
a 36 75 17
a 36 47 14
a 36 1 15
a 36 29 19
a 36 5 14
a 36 30 16
a 37 38 19
a 37 53 18
a 37 48 7
a 37 75 17
a 37 59 4
a 37 58 19
a 37 7 18
a 37 93 16
a 37 54 1
a 37 99 11
a 38 39 10
a 38 80 1
a 38 12 12
a 38 33 8
a 38 14 14
a 38 82 5
a 38 21 17
a 38 92 11
a 38 13 6
a 38 36 13
a 38 62 13
a 38 41 2
a 39 40 17
a 39 35 8
a 39 97 3
a 39 31 7
a 39 9 1
a 39 60 16
a 39 54 16
a 39 27 5
a 39 22 16
a 39 34 10
a 39 86 18
a 39 56 17
a 39 70 1
a 39 7 5
a 39 85 12
a 39 68 3
a 40 41 15
a 40 81 8
a 40 36 2
a 40 71 5
a 40 32 14
a 40 87 13
a 40 43 10
a 40 17 13
a 40 22 17
a 40 20 7
a 40 11 14
a 40 62 10
a 40 45 11
a 41 42 6
a 41 44 3
a 41 25 1
a 41 7 18
a 41 16 14
a 41 80 7
a 41 68 17
a 41 8 11
a 41 15 12
a 41 45 14
a 41 4 18
a 42 43 12
a 42 41 18
a 42 71 4
a 42 92 6
a 42 98 18
a 42 88 12
a 42 8 12
a 42 38 12
a 43 44 9
a 43 72 5
a 43 96 8
a 43 94 13
a 43 35 10
a 43 30 9
a 43 18 15
a 43 21 1
a 43 99 6
a 44 45 3
a 44 5 14
a 44 10 15
a 44 55 15
a 44 51 5
a 45 46 16
a 45 9 6
a 45 4 17
a 45 37 18
a 45 67 18
a 45 12 7
a 45 59 8
a 45 55 16
a 45 23 12
a 46 47 8
a 46 84 9
a 46 11 7
a 46 93 8
a 46 22 13
a 46 71 10
a 46 24 9
a 46 89 17
a 46 14 5
a 46 13 14
a 46 21 18
a 46 55 3
a 46 31 14
a 47 48 6
a 47 20 17
a 47 44 6
a 47 17 5
a 47 61 6
a 47 63 15
a 47 3 11
a 47 52 4
a 47 97 2
a 47 26 14
a 47 93 13
a 47 86 5
a 47 79 9
a 48 49 1
a 48 41 1
a 48 34 16
a 48 10 11
a 48 17 12
a 48 30 1
a 48 28 16
a 48 16 4
a 48 52 19
a 48 94 11
a 48 15 4
a 48 45 18
a 48 1 19
a 49 50 11
a 49 77 11
a 49 68 13
a 49 23 11
a 49 53 4
a 49 96 3
a 50 51 8
a 50 91 8
a 50 73 16
a 50 99 8
a 50 39 11
a 50 28 2
a 50 70 5
a 51 52 10
a 51 28 13
a 51 80 15
a 51 39 16
a 51 44 15
a 51 65 18
a 51 68 12
a 51 42 4
a 52 53 19
a 52 64 10
a 52 61 14
a 52 5 6
a 52 98 9
a 52 22 1
a 52 47 9
a 52 48 5
a 52 50 13
a 53 54 7
a 53 75 11
a 53 25 16
a 53 56 14
a 53 61 15
a 53 78 12
a 53 70 15
a 53 34 12
a 54 55 15
a 54 69 8
a 54 89 7
a 54 97 10
a 54 25 9
a 54 22 15
a 54 47 2
a 54 4 10
a 54 79 8
a 54 43 2
a 54 67 16
a 55 56 3
a 55 34 14
a 55 64 2
a 55 72 8
a 55 46 3
a 56 57 19
a 56 34 11
a 56 84 2
a 56 72 14
a 56 59 3
a 56 42 16
a 56 17 10
a 56 4 6
a 57 58 13
a 57 11 12
a 57 95 2
a 57 49 7
a 58 59 3
a 58 6 2
a 58 92 13
a 58 12 1
a 58 40 10
a 58 63 8
a 58 61 1
a 58 33 11
a 58 75 13
a 58 95 17
a 59 60 18
a 59 87 14
a 59 90 17
a 59 52 12
a 59 81 15
a 59 91 17
a 59 25 10
a 60 61 6
a 60 3 5
a 60 77 16
a 60 89 10
a 60 73 6
a 60 16 7
a 60 54 3
a 60 4 12
a 60 10 8
a 60 9 18
a 60 40 6
a 61 62 16
a 61 85 4
a 61 30 10
a 61 34 5
a 61 5 13
a 61 72 8
a 61 18 2
a 61 21 10
a 61 59 6
a 61 96 4
a 61 33 16
a 62 63 9
a 62 46 18
a 62 37 2
a 62 48 10
a 62 34 11
a 62 43 8
a 62 39 8
a 62 47 15
a 63 64 2
a 63 15 4
a 63 71 15
a 63 16 3
a 63 92 5
a 63 77 17
a 63 78 1
a 63 13 19
a 63 88 19
a 63 73 12
a 63 94 3
a 63 85 19
a 63 14 12
a 64 65 5
a 64 25 10
a 64 16 1
a 64 58 7
a 64 7 11
a 64 87 12
a 64 26 7
a 64 39 1
a 64 88 15
a 64 36 16
a 64 67 3
a 64 62 8
a 64 28 11
a 64 50 15
a 64 46 15
a 64 14 18
a 64 3 13
a 64 9 17
a 64 34 9
a 64 89 10
a 65 66 9
a 65 98 16
a 65 95 18
a 65 59 9
a 65 2 16
a 65 64 14
a 65 69 2
a 65 19 3
a 66 67 17
a 66 87 8
a 66 57 12
a 66 95 9
a 66 17 17
a 66 96 17
a 66 2 11
a 67 68 8
a 67 69 4
a 67 85 11
a 67 3 12
a 67 81 6
a 67 82 2
a 67 65 9
a 68 69 6
a 68 61 8
a 68 80 8
a 68 93 14
a 68 20 17
a 68 25 5
a 68 83 1
a 68 12 11
a 68 58 7
a 68 28 6
a 68 35 8
a 68 87 1
a 68 74 13
a 68 42 7
a 68 96 17
a 69 70 5
a 69 2 19
a 69 55 14
a 69 56 8
a 69 97 12
a 69 67 10
a 69 98 17
a 69 6 13
a 69 89 7
a 69 40 12
a 69 85 14
a 69 26 6
a 69 63 19
a 70 71 16
a 70 82 19
a 70 94 11
a 70 3 17
a 70 9 16
a 70 41 9
a 70 98 1
a 70 56 19
a 70 14 13
a 70 25 15
a 70 92 1
a 70 62 13
a 71 72 11
a 71 47 6
a 71 73 11
a 71 62 2
a 71 6 14
a 71 85 17
a 71 38 19
a 71 77 15
a 71 8 17
a 72 73 11
a 72 95 16
a 72 29 17
a 72 56 11
a 72 54 6
a 72 61 6
a 72 31 6
a 72 46 14
a 72 94 19
a 72 53 11
a 72 92 17
a 72 16 19
a 72 41 14
a 73 74 19
a 73 90 9
a 73 26 4
a 73 6 15
a 73 29 19
a 73 64 10
a 73 31 1
a 73 15 17
a 73 99 6
a 74 75 13
a 74 94 18
a 74 24 8
a 74 7 1
a 74 9 13
a 74 43 6
a 74 39 2
a 74 85 18
a 74 29 18
a 74 61 3
a 74 25 18
a 74 71 1
a 75 76 4
a 75 22 5
a 75 97 5
a 75 15 14
a 75 34 7
a 75 23 17
a 75 26 16
a 75 2 15
a 75 6 10
a 75 4 3
a 75 32 16
a 75 14 11
a 76 77 5
a 76 87 14
a 76 34 3
a 76 23 3
a 76 69 5
a 76 75 6
a 76 43 8
a 77 78 14
a 77 61 3
a 77 45 4
a 77 63 1
a 77 14 2
a 77 80 6
a 78 79 11
a 78 76 6
a 78 95 15
a 78 9 7
a 78 98 14
a 78 30 11
a 78 23 12
a 78 67 14
a 78 12 15
a 78 63 11
a 79 80 8
a 79 98 4
a 79 95 13
a 79 28 15
a 79 53 13
a 79 13 17
a 79 41 16
a 79 65 10
a 79 7 5
a 79 16 9
a 79 88 16
a 80 81 11
a 80 26 9
a 80 69 14
a 80 58 8
a 80 2 16
a 80 72 15
a 80 29 16
a 81 82 18
a 81 27 1
a 81 16 15
a 81 98 17
a 81 22 1
a 81 18 15
a 81 77 9
a 82 83 10
a 82 2 15
a 82 28 16
a 82 10 9
a 82 55 8
a 82 62 10
a 82 31 17
a 82 20 11
a 82 27 6
a 82 94 4
a 83 84 11
a 83 67 17
a 83 81 4
a 83 77 3
a 83 98 11
a 83 54 16
a 84 85 11
a 84 75 3
a 84 96 17
a 84 99 15
a 84 33 14
a 84 40 13
a 84 92 13
a 84 48 6
a 84 32 13
a 84 74 9
a 84 4 8
a 84 14 5
a 84 15 9
a 85 86 4
a 85 3 18
a 85 83 11
a 85 62 6
a 85 61 11
a 85 89 10
a 85 69 9
a 85 65 17
a 85 35 2
a 85 30 7
a 85 15 7
a 86 87 16
a 86 45 10
a 86 53 19
a 86 78 1
a 86 55 18
a 86 60 1
a 86 75 10
a 86 63 2
a 86 68 1
a 86 4 12
a 86 22 6
a 86 79 16
a 87 88 18
a 87 97 16
a 87 16 17
a 87 67 3
a 87 75 5
a 87 70 13
a 87 44 3
a 87 25 18
a 87 72 6
a 88 89 1
a 88 9 8
a 88 47 13
a 88 75 5
a 88 71 14
a 88 55 7
a 88 43 11
a 88 14 8
a 88 6 6
a 88 21 5
a 88 97 6
a 89 90 12
a 89 2 10
a 89 8 8
a 89 82 3
a 89 9 8
a 89 54 12
a 89 97 19
a 89 85 2
a 89 98 16
a 89 86 9
a 90 91 1
a 90 80 1
a 90 49 11
a 90 88 3
a 90 79 14
a 90 57 15
a 90 13 3
a 90 31 19
a 90 61 19
a 90 67 6
a 91 92 3
a 91 30 13
a 91 35 14
a 91 89 15
a 91 68 6
a 91 41 17
a 91 55 10
a 91 61 19
a 91 11 19
a 91 28 6
a 91 88 5
a 91 13 15
a 91 25 4
a 92 93 1
a 92 74 10
a 92 71 19
a 92 30 19
a 92 78 14
a 93 94 4
a 93 87 11
a 93 13 8
a 93 50 9
a 93 84 18
a 93 81 8
a 93 16 18
a 93 49 9
a 93 79 5
a 93 28 10
a 93 21 4
a 94 95 14
a 94 42 12
a 94 69 9
a 94 7 18
a 94 88 8
a 94 70 2
a 94 5 19
a 94 14 12
a 95 96 8
a 95 52 15
a 95 68 11
a 95 1 8
a 95 79 12
a 95 36 10
a 96 97 15
a 96 76 9
a 96 24 4
a 96 3 17
a 96 42 9
a 96 65 7
a 96 72 8
a 96 74 3
a 96 2 5
a 96 17 12
a 97 98 12
a 97 35 19
a 97 26 14
a 97 69 10
a 97 75 2
a 97 29 13
a 97 20 2
a 97 88 15
a 97 94 1
a 97 74 8
a 97 49 3
a 98 99 7
a 98 22 14
a 98 78 4
a 98 96 16
a 98 26 13
a 98 66 2
a 98 33 6
a 98 44 17
a 98 64 14
a 98 24 6
a 98 77 6
c 53 75 36 29 133
c 81 18 47 44 168
c 70 94 92 74 97
c 52 53 84 40 145
c 78 23 10 35 87
c 17 71 73 90 110
c 58 6 56 42 124
c 10 6 9 67 131
c 51 28 5 6 128
c 7 8 94 7 126
c 14 96 53 54 165
c 13 89 32 62 110
c 69 97 33 81 169
c 24 56 24 8 86
c 13 87 94 14 163
c 72 46 74 25 95
c 11 46 4 27 167
c 61 33 57 95 105
c 67 3 81 77 80
c 82 62 85 35 133
c 13 72 1 88 121
c 51 68 24 42 146
c 69 85 87 16 155
c 12 31 93 94 157
c 0 65 41 25 137
c 5 73 30 28 124
c 14 96 38 62 96
c 51 42 2 39 171
c 0 26 51 39 98
c 60 73 44 45 75
c 88 47 97 98 145
c 5 11 0 26 142
c 3 26 21 22 88
c 35 17 64 39 112
c 71 38 82 2 76
c 80 72 16 41 78
c 25 20 28 29 106
c 47 26 79 16 114
c 59 60 13 14 125
c 82 20 71 8 99
c 47 97 11 40 123
c 6 56 84 99 147
c 83 81 18 43 166
c 31 9 52 50 141
c 51 65 68 28 132
c 62 48 27 28 121
c 22 55 47 93 150
c 33 12 76 87 153
c 24 56 65 2 146
c 12 19 30 66 77
c 33 90 46 93 142
c 57 58 53 75 87
c 7 79 40 81 142
c 57 58 63 16 137
c 32 67 98 99 87
c 40 32 17 48 126
c 77 61 2 4 127
c 7 71 18 81 80
c 3 45 38 33 82
c 69 6 75 26 89
c 89 97 33 12 130
c 75 4 0 4 99
c 98 66 28 17 91
c 79 7 7 37 114
c 36 41 46 31 164
c 98 26 67 68 76
c 56 42 48 17 142
c 79 98 42 71 161
c 66 2 48 10 87
c 68 87 68 83 157
c 19 84 63 94 116
c 81 22 85 15 171
c 16 54 79 53 136
c 37 99 0 1 87
c 24 38 80 29 127
c 47 48 42 43 78
c 12 19 9 57 170
c 69 98 48 10 168
c 38 82 97 26 92
c 46 93 61 62 144
c 38 21 5 15 127
c 74 71 63 78 95
c 60 4 96 17 107
c 53 61 3 38 103
c 72 73 31 63 115
c 46 93 28 12 135
c 7 21 7 85 83
c 20 89 68 83 96
c 75 6 96 24 150
c 55 34 36 1 116
c 24 52 35 41 113
c 0 26 84 15 128
c 85 65 27 91 173
c 43 96 93 28 90
c 3 26 68 93 152
c 0 86 64 25 106
c 8 37 82 20 166
c 58 6 48 52 106
c 22 20 46 84 103
c 53 54 78 9 88
c 27 28 1 28 79
c 48 10 7 96 107
c 68 80 38 92 95
c 88 14 75 2 142
c 68 87 84 32 89
c 29 46 67 68 142
c 7 21 20 39 143
c 86 68 70 14 92
c 66 17 64 9 112
c 64 34 10 2 160
c 31 25 89 86 142
c 96 65 30 22 150
c 73 6 13 72 133
c 54 67 49 77 141
c 27 84 33 19 87
c 93 49 17 46 146
c 23 24 36 43 116
c 64 89 55 64 155
c 36 75 86 60 97
c 77 45 15 83 75
c 71 38 69 98 151
c 13 15 68 80 76
c 34 35 98 22 110
c 67 3 71 38 78
c 64 3 30 22 124
c 41 25 7 96 83
c 84 99 76 75 169
c 63 85 19 99 90
c 13 27 71 38 169
c 13 64 82 2 167
c 26 6 71 8 173
c 0 99 51 68 114
c 64 87 93 81 82
c 61 5 54 4 148
c 54 43 94 14 170
c 59 87 64 89 116
c 93 28 31 70 136
c 32 95 51 42 171
c 69 26 3 2 136
c 5 50 12 31 140
c 87 44 17 27 99
c 64 39 76 34 132
c 84 99 33 19 93
c 50 91 61 5 161
c 37 53 88 75 77
c 35 8 39 35 121
c 9 1 39 97 163
c 1 30 51 44 117
c 19 84 61 34 139
c 81 77 19 20 107
c 37 58 19 99 77
c 2 39 46 11 136
c 41 45 25 14 122
c 60 89 27 81 123
c 60 10 68 35 132
c 7 21 58 12 160
c 64 67 25 26 111
c 7 60 6 56 157
c 63 14 4 41 85
c 66 95 52 5 119
c 28 23 79 88 94
c 54 97 82 83 155
c 19 99 53 25 168
c 93 87 80 26 141
c 89 85 53 25 156
c 2 3 48 1 153
c 0 80 15 4 92
c 90 57 84 85 99
c 6 94 8 56 85
c 49 77 68 28 83
c 59 52 68 12 107
c 26 16 69 98 75
c 8 12 32 67 157
c 91 28 63 16 102
c 41 7 33 6 149
c 35 7 17 27 100
c 74 43 18 55 117
c 10 48 39 60 155
c 85 3 73 29 145
c 14 21 74 61 165
c 40 87 84 74 123
c 42 8 51 68 139
c 95 52 90 57 156
c 20 45 63 73 121
c 87 70 83 54 126
c 39 70 36 38 125
c 19 36 86 79 86
c 50 73 70 94 108
c 2 3 96 3 174
c 74 94 44 51 173
c 91 13 87 88 147
c 62 47 68 58 75
c 12 41 53 78 91
c 38 80 54 97 107
c 2 6 39 34 103
c 3 26 5 51 94
c 75 22 85 83 145
c 38 14 24 42 94
c 72 94 66 57 150
c 75 6 91 92 87
c 30 69 98 44 157
c 41 44 49 23 169
c 75 14 46 93 128
c 47 79 68 12 108
c 40 17 11 99 106
c 1 88 6 56 117
c 74 7 17 92 100
c 32 62 10 95 98
c 29 92 91 35 145
c 40 36 34 47 106
c 51 68 45 12 81
c 68 61 78 12 114
c 16 3 42 38 127
c 63 77 51 42 132
c 88 6 51 42 114
c 31 16 63 73 82
c 68 83 66 57 95
c 10 87 45 37 151
c 46 84 45 37 150
c 40 17 71 38 100
c 70 3 31 63 88
c 61 34 91 61 142
c 40 22 93 79 109
c 1 83 42 88 77
c 76 87 84 14 140
c 74 94 7 85 125
c 98 66 36 41 117
c 83 98 24 59 85
c 31 79 35 84 121
c 68 25 85 62 168
c 22 23 30 28 125
c 88 14 34 79 144
c 97 29 45 46 81
c 97 49 84 85 105
c 52 61 32 72 120
c 63 16 73 26 110
c 81 98 86 53 172
c 0 93 11 54 92
c 86 87 68 83 159
c 54 69 46 21 114
c 52 48 21 64 89
c 74 94 78 30 147
c 46 93 12 82 80
c 28 20 86 68 137
c 26 28 69 98 103
c 97 20 36 38 136
c 46 13 11 63 75
c 58 40 16 7 97
c 90 79 17 27 146
c 67 85 92 30 100
c 24 38 98 24 85
c 41 25 72 46 94
c 47 17 73 64 78
c 75 15 62 47 101
c 90 80 39 86 137
c 86 75 4 61 156
c 53 70 74 25 82
c 12 82 95 79 104
c 73 29 9 68 121
c 64 16 7 94 80
c 7 60 90 80 76
c 13 72 68 42 150
c 86 78 23 16 149
c 71 6 28 88 165
c 64 46 48 1 94
c 87 67 63 71 163
c 53 25 16 54 150
c 93 49 41 45 88
c 91 11 40 43 131
c 38 12 11 93 78
c 64 46 46 22 153
c 24 52 14 96 122
c 82 62 3 4 166
c 69 63 70 98 83
c 64 39 0 4 151
c 66 57 31 94 171
c 11 58 15 3 170
c 63 78 18 80 94
c 11 68 33 81 97
c 17 46 31 32 127
c 97 75 75 32 145
c 34 76 51 42 124
c 34 3 81 98 156
c 78 9 82 83 153
c 47 79 85 62 161
c 4 95 68 74 108
c 13 82 18 43 122
c 62 46 19 1 96
c 9 37 0 51 75
c 35 83 34 61 163
c 31 9 20 33 145
c 63 78 69 55 149
c 45 12 48 10 91
c 85 83 37 7 134
c 80 58 24 42 156
c 12 19 59 90 90
c 32 41 20 45 169
c 61 59 30 73 145
c 55 46 48 41 150
c 24 8 91 68 127
c 41 44 1 9 135
c 54 69 82 10 118
c 63 71 93 84 130
c 10 53 26 39 144
c 39 68 64 58 170
c 45 46 11 46 126
c 7 11 32 67 103
c 4 5 60 3 166
c 79 95 73 26 153
c 24 8 37 53 151
c 16 96 74 75 102
c 40 17 7 11 151
c 93 13 60 9 110
c 58 92 7 85 156
c 3 4 64 14 116
c 10 66 49 68 163
c 34 50 11 93 164
c 63 14 28 51 121
c 64 87 62 46 105
c 79 7 89 8 161
c 58 63 38 14 171
c 5 15 82 94 123
c 37 38 10 48 118
c 52 22 87 88 114
c 18 39 87 44 166
c 25 26 83 84 81
c 13 89 91 92 88
c 41 8 81 16 108
c 91 92 58 59 100
c 27 91 52 98 153
c 33 10 47 63 147
c 16 96 91 92 121
c 8 12 17 46 115
c 43 18 25 76 93
c 68 12 46 13 143
c 40 62 40 20 76
c 71 73 83 77 117
c 38 14 31 25 119
c 1 13 62 34 136
c 81 77 86 4 123
c 41 68 86 79 107
c 45 9 28 51 124
c 69 97 95 52 82
c 56 4 90 13 142
c 88 6 46 13 153
c 8 76 11 58 152
c 93 50 17 92 76
c 27 28 77 78 112
c 83 98 46 71 168
c 89 85 82 62 91
c 39 97 74 39 152
c 87 67 61 33 159
c 46 31 36 55 148
c 33 78 62 34 138
c 32 62 70 25 96
c 60 73 54 69 78
c 13 87 34 5 106
c 61 21 68 87 110
c 68 25 3 51 88
c 69 85 6 22 90
c 39 35 20 95 158
c 80 69 5 6 123
c 77 45 67 82 84
c 80 2 18 17 145
c 2 82 61 59 145
c 69 67 30 66 131
c 77 63 71 72 101
c 72 41 69 56 131
c 30 36 37 38 145
c 69 2 68 12 130
c 24 59 37 48 113
c 90 88 74 94 98
c 58 33 11 95 132
c 3 84 74 85 156
c 9 58 19 73 75
c 44 45 53 54 84
c 42 92 58 61 150
c 68 35 50 99 123
c 51 80 33 6 116
c 51 52 82 10 159
c 26 54 90 61 161
c 35 60 61 59 174
c 82 10 93 84 137
c 33 34 34 50 77
c 78 9 69 70 114
c 86 55 45 12 150
c 43 96 33 82 112
c 85 15 61 5 97
c 8 76 33 22 143
c 64 16 65 98 151
c 59 81 78 63 95
c 84 99 7 21 171
c 33 22 9 65 141
c 73 26 87 70 124
c 15 29 31 32 148
c 64 65 90 31 107
c 72 41 95 1 143
c 23 12 68 42 152
c 41 42 58 12 161
c 90 79 56 59 130
c 80 58 11 93 168
c 31 44 32 62 80
c 81 18 13 19 107
c 64 88 16 64 93
c 91 89 61 34 122
c 64 87 16 34 150
c 86 60 70 92 96
c 53 75 71 38 141
c 49 23 91 30 174
c 14 76 69 56 79
c 10 72 31 79 113
c 31 16 30 36 134
c 96 2 28 78 146
c 58 6 7 94 118
c 35 8 54 47 166
c 45 55 72 92 121
c 51 80 91 88 151
c 84 14 33 34 122
c 63 16 2 55 124
c 33 90 7 77 111
c 63 77 33 82 91
c 68 74 34 68 101
c 38 39 28 12 92
c 42 71 0 80 157
c 36 41 18 6 152
c 95 68 97 20 99
c 33 22 36 47 171
c 23 30 82 28 151
c 29 24 91 68 150
c 28 12 58 6 105
c 34 67 38 33 166
c 40 71 60 61 116
c 76 23 18 63 97
c 64 36 56 34 129
c 86 22 83 67 107
c 22 55 68 42 94
c 79 13 39 22 157
c 65 2 51 42 152
c 17 51 53 78 172
c 48 49 31 11 109
c 78 95 85 61 152
c 9 68 43 44 143
c 69 97 37 48 140
c 36 4 67 69 119
c 97 35 30 31 143
c 23 30 17 40 108
c 81 82 93 94 150
c 15 29 18 91 127
c 28 78 36 48 77
c 45 12 34 67 126
c 36 4 31 9 103
c 46 11 31 32 85
c 23 75 86 79 86
c 37 38 27 70 157
c 9 10 1 59 139
c 55 46 6 44 125
c 40 32 63 14 118
c 25 26 34 5 115
c 77 80 75 15 132
c 52 22 96 17 125
c 65 64 10 72 173
c 64 39 91 55 89
c 34 61 90 31 147
c 39 9 86 45 158
c 76 77 90 13 100
c 24 38 82 62 146
c 86 22 65 64 118
c 79 13 48 41 162
c 38 14 73 29 127
c 40 41 58 63 86
c 28 23 70 94 82
c 17 1 33 19 89
c 68 87 8 15 144
c 75 2 64 87 160
c 72 73 20 89 170
c 46 14 35 36 142
c 75 97 63 73 164
c 71 6 71 38 146
c 27 16 65 66 75
c 8 12 30 22 75
c 64 16 38 39 78
c 34 50 24 54 119
c 42 98 34 98 139
c 69 98 72 54 78
c 29 92 92 30 88
c 39 97 60 89 137
c 26 37 58 92 161
c 46 71 70 14 116
c 92 30 80 58 148
c 31 94 80 81 136
c 78 9 62 47 149
c 76 23 40 87 88
c 70 94 1 88 124
c 79 65 72 31 88
c 64 7 17 18 97
c 83 98 48 41 146
c 33 82 96 42 157
c 18 63 71 38 152
c 90 57 46 31 103
c 87 16 62 63 139
c 50 99 39 27 149
c 97 94 18 53 123
c 30 66 7 86 133
c 31 9 47 63 155
c 18 81 18 42 169
c 20 29 64 7 110
c 60 10 60 9 120
c 13 82 40 17 79
c 86 68 87 75 170
c 33 81 77 61 75
c 88 89 1 67 138
c 74 85 84 74 109
c 59 52 45 59 129
c 37 38 89 86 171
c 38 82 37 99 144
c 31 26 68 80 129
c 36 46 83 98 97
c 60 89 74 39 110
c 54 22 5 6 132
c 50 91 9 21 110
c 77 61 58 92 111
c 64 26 84 74 171
c 80 58 16 10 154
c 48 16 0 87 114
c 36 4 60 10 111
c 35 17 92 71 171
c 64 34 69 63 173
c 64 67 33 22 103
c 8 76 83 67 78
c 35 10 75 26 165
c 93 28 25 96 110
c 72 73 16 10 156
c 85 83 11 84 144
c 41 42 42 71 172
c 33 34 19 84 107
c 57 49 82 83 126
c 51 39 93 94 89
c 46 14 4 95 140
c 57 95 60 16 152
c 97 20 84 85 145
c 10 53 12 13 161
c 41 68 76 87 148
c 83 81 66 57 88
c 61 33 21 69 151
c 23 58 15 83 132
c 63 13 78 30 151
c 72 92 34 5 84
c 91 28 63 71 139
c 29 50 79 65 128
c 45 55 70 25 83
c 87 88 23 58 154
c 34 5 0 1 99
c 66 2 82 20 124
c 54 89 3 51 115
c 85 86 65 59 133
c 2 3 18 43 106
c 97 20 89 2 170
c 31 25 0 99 80
c 91 11 1 10 139
c 78 79 41 25 80
c 0 86 27 22 162
c 56 59 11 93 116
c 36 44 69 2 89
c 48 45 72 94 96
c 89 97 7 21 123
c 93 28 27 81 132
c 75 26 34 29 164
c 7 85 21 29 76
c 6 94 57 95 85
c 62 37 74 25 140
c 73 6 86 53 149
c 81 22 81 82 172
c 10 53 32 72 156
c 37 38 85 65 136
c 19 84 93 87 136
c 18 91 24 29 155
c 21 22 68 58 156
c 90 61 10 95 144
c 16 3 57 95 145
c 96 2 5 73 155
c 74 9 24 42 144
c 49 77 41 16 82
c 4 35 67 65 154
c 20 29 95 96 99
c 53 56 4 35 123
c 97 74 30 36 144
c 37 75 17 58 79
c 0 93 29 30 151
c 76 87 41 4 119
c 52 50 29 30 128
c 36 43 46 55 124
c 69 26 96 74 82
c 2 49 96 2 101
c 1 88 12 41 134
c 87 25 16 54 170
c 50 99 88 97 135
c 90 79 39 60 165
c 68 83 48 10 134
c 52 61 14 8 85
c 39 40 60 16 145
c 65 69 64 39 121
c 46 24 2 29 116
c 0 80 71 77 87
c 44 51 27 22 164
c 72 16 69 89 97
c 12 19 31 9 85
c 3 2 32 33 152
c 66 87 61 96 143
c 54 67 85 62 128
c 43 72 91 13 104
c 23 24 43 96 144
c 39 27 7 97 136
c 81 98 84 74 89
c 70 41 85 83 157
c 78 23 45 59 105
c 23 24 64 7 154
c 18 26 24 20 104
c 89 54 3 26 129
c 8 15 98 33 87
c 48 94 35 36 101
c 74 7 48 94 165
c 10 11 38 82 92
c 86 75 38 39 75
c 27 81 56 34 143
c 24 25 4 22 90
c 82 20 57 11 147
c 14 76 91 25 79
c 87 67 90 13 123
c 87 97 62 46 113
c 86 45 93 16 131
c 84 14 20 29 90
c 10 8 30 92 164
c 10 11 48 16 143
c 52 47 41 7 120
c 72 31 64 67 117
c 84 75 91 41 89
c 40 11 96 2 170
c 60 4 11 57 161
c 24 52 67 3 111
c 81 18 73 29 114
c 63 88 27 91 154
c 68 12 47 3 168
c 67 69 31 11 130
c 25 20 68 12 87
c 25 20 45 59 135
c 8 98 70 71 136
c 1 10 1 59 81
c 77 63 52 47 84
c 17 86 27 84 116
c 6 79 74 24 107
c 60 61 35 7 147
c 98 96 73 64 134
c 34 3 88 9 139
c 51 80 4 22 86
c 54 43 64 14 87
c 12 19 50 70 100
c 60 73 72 94 126
c 24 54 86 53 107
c 50 51 82 2 130
c 11 68 90 31 129
c 7 60 64 65 130
c 98 33 83 67 82
c 93 81 71 47 97
c 12 13 14 76 117
c 6 7 60 4 129
c 85 65 82 94 138
c 66 96 86 63 171
c 69 70 86 87 105
c 94 14 61 72 129
c 7 21 13 27 105
c 33 42 12 41 139
c 62 34 44 5 139
c 72 95 85 89 114
c 75 23 28 51 156
c 86 53 7 96 107
c 66 87 29 27 103
c 60 89 40 71 157
c 4 5 10 15 166
c 52 64 51 44 165
c 23 24 72 95 93
c 0 87 9 85 98
c 75 34 64 7 142
c 72 61 96 2 86
c 69 98 63 71 160
c 98 99 63 77 121
c 90 91 7 37 119
c 8 76 96 97 85
c 48 94 39 9 140
c 32 72 16 27 76
c 0 1 98 26 141
c 10 72 75 76 174
c 71 8 43 72 83
c 59 87 43 99 93
c 8 76 96 24 135
c 37 54 20 21 79
c 66 87 26 54 86
c 83 81 37 38 98
c 32 45 1 88 119
c 97 88 42 41 164
c 55 56 23 16 102
c 56 59 67 82 156
c 52 5 56 59 167
c 52 53 38 92 152
c 45 9 72 54 150
c 84 99 8 76 105
c 7 2 7 79 106
c 88 47 63 77 93
c 11 57 7 97 101
c 67 85 2 39 151
c 75 14 29 92 93
c 85 15 88 43 159
c 92 93 6 94 134
c 9 37 50 99 159
c 47 44 39 31 140
c 36 48 24 25 120
c 31 94 93 28 170
c 58 75 93 94 158
c 37 54 55 34 154
c 64 46 35 2 154
c 72 54 91 25 151
c 88 21 92 30 100
c 9 90 3 26 98
c 75 97 34 35 128
c 10 2 64 87 118
c 26 28 25 66 94
c 13 91 0 86 110
c 67 85 26 37 142
c 11 93 48 52 77
c 52 50 48 52 127
c 29 24 40 87 151
c 85 69 39 27 85
c 53 70 27 28 128
c 33 10 86 87 89
c 93 13 36 1 118
c 34 23 31 70 125
c 69 2 4 52 80
c 40 17 49 23 108
c 3 53 68 20 155
c 93 16 26 16 161
c 25 52 10 66 147
c 65 69 31 63 76
c 54 4 40 22 117
c 97 26 1 10 153
c 74 29 7 92 92
c 42 8 20 58 111
c 15 32 52 47 76
c 56 57 64 34 104
c 6 79 13 52 123
c 14 15 53 70 96
c 36 48 11 93 127
c 79 7 38 92 122
c 46 24 91 30 104
c 12 31 48 52 83
c 57 95 97 20 109
c 62 47 63 14 149
c 43 18 9 90 124
c 47 86 5 6 144
c 31 44 64 46 92
c 47 63 41 68 151
c 48 28 88 71 138
c 49 68 35 68 133
c 88 97 80 58 126
c 82 10 40 87 162
c 96 76 35 48 117
c 88 89 62 43 94
c 38 36 7 96 87
c 28 78 77 78 138
c 67 69 33 6 91
c 7 21 64 62 149
c 85 86 0 1 129
c 52 48 4 22 164
c 16 64 45 9 76
c 49 53 42 38 141
c 39 35 46 14 92
c 9 96 41 45 160
c 69 97 64 28 77
c 93 81 60 40 149
c 56 57 55 34 121
c 66 67 2 3 169
c 67 65 18 19 115
c 43 72 63 73 81
c 64 50 88 47 83
c 75 76 55 72 98
c 96 97 8 37 139
c 64 36 9 1 158
c 59 90 37 48 81
c 28 78 23 75 131
c 68 61 79 41 131
c 9 57 84 14 146
c 51 80 94 95 169
c 68 80 8 15 94
c 88 97 51 80 84
c 1 9 64 9 100
c 97 74 43 99 148
c 6 7 29 46 131
c 62 34 64 58 151
c 23 12 51 39 103
c 45 67 10 48 156
c 16 10 72 16 155
c 13 91 93 49 135
c 65 2 93 16 98
c 7 96 39 9 81
c 77 80 82 55 121
c 56 59 90 31 152
c 87 16 36 75 101
c 68 12 64 3 102
c 64 25 56 34 112
c 32 95 84 96 98
c 74 29 30 92 119
c 6 44 36 23 150
c 31 9 15 16 91
c 26 27 79 13 83
c 91 41 0 65 91
c 40 22 47 3 156
c 6 22 59 81 136
c 97 75 23 16 107
c 56 17 27 89 83
c 74 7 42 43 119
c 68 74 28 88 103
c 64 3 16 54 136
c 91 89 93 28 107
c 64 50 13 52 135
c 3 4 41 7 152
c 47 52 90 61 154
c 66 17 79 53 149
c 32 33 89 98 108
c 70 92 35 84 150
c 9 90 74 43 126
c 40 41 68 87 91
c 36 4 58 6 85
c 78 9 19 73 129
c 69 56 16 96 153
c 16 96 45 46 148
c 84 48 81 98 144
c 70 9 9 65 75
c 8 15 28 20 124
c 89 82 67 3 109
c 38 92 42 8 116
c 11 57 37 75 119
c 64 89 82 20 122
c 84 92 24 52 160
c 94 70 6 79 112
c 7 37 96 74 107
c 93 94 38 39 156
c 39 56 93 87 137
c 45 12 60 4 109
c 53 54 50 99 96
c 18 91 22 12 140
c 87 25 40 62 126
c 45 9 12 38 90
c 90 88 7 8 163
c 62 47 89 9 114
c 68 74 17 51 90
c 16 64 40 20 143
c 32 33 3 26 166
c 65 66 80 81 85
c 10 11 84 75 88
c 20 29 74 25 119
c 24 20 54 25 77
c 8 15 29 30 95
c 96 72 6 44 121
c 93 21 33 19 91
c 2 82 17 86 128
c 52 5 82 2 130
c 61 85 73 26 128
c 48 45 38 39 115
c 13 59 33 10 106
c 65 64 34 35 106
c 69 55 32 45 89
c 64 36 68 83 83
c 11 68 39 60 148
c 5 73 96 3 85
c 41 7 35 41 148
c 69 56 74 9 154
c 8 15 68 61 174
c 93 28 41 8 101
c 13 22 89 86 109
c 74 25 43 44 169
c 78 79 27 81 115
c 60 40 70 94 163
c 60 77 39 9 122
c 84 74 31 11 173
c 98 44 78 30 136
c 98 24 27 31 109
c 36 75 89 82 139
c 8 60 64 16 75
c 12 19 9 67 99
c 64 25 47 48 115
c 9 21 21 64 144
c 97 74 58 61 109
c 72 31 21 29 166
c 46 21 74 71 92
c 47 3 36 46 105
c 93 16 59 52 159
c 50 51 75 76 85
c 85 3 0 86 88
c 96 3 7 86 91
c 46 89 11 93 113
c 36 30 21 29 125
c 6 56 75 34 99
c 48 52 49 68 147
c 23 75 28 51 95
c 47 79 49 53 156
c 37 58 3 4 77
c 64 16 26 28 152
c 9 85 6 94 172
c 23 73 78 76 154
c 31 9 61 59 150
c 73 15 79 95 162
c 25 14 8 98 117
c 54 43 9 96 157
c 18 42 11 70 98
c 11 70 41 68 106
c 29 39 75 6 161
c 50 39 86 55 105
c 85 69 0 26 120
c 11 70 82 55 148
c 34 3 36 44 165
c 10 87 93 21 131
c 41 44 68 93 116
c 90 88 27 81 106
c 91 88 96 76 126
c 3 96 39 7 107
c 86 4 26 28 78
c 87 70 97 20 153
c 74 24 47 17 108
c 78 98 3 4 147
c 0 99 10 4 146
c 89 8 69 56 124
c 58 59 60 73 93
c 38 62 36 8 96
c 93 87 94 7 85
c 76 75 27 81 141
c 10 4 96 3 93
c 94 88 40 11 84
c 61 85 26 6 79
c 92 30 61 21 139
c 1 67 83 98 151
c 5 19 11 63 90
c 70 94 71 38 79
c 11 63 84 33 96
c 58 33 70 71 141
c 97 49 35 84 78
c 91 89 63 71 120
c 79 13 33 6 82
c 14 96 79 80 91
c 96 17 7 71 165
c 66 57 61 30 82
c 58 75 58 6 139
c 18 20 31 26 113
c 63 14 91 41 145
c 7 94 13 91 144
c 72 54 64 50 171
c 58 33 54 47 165
c 82 55 17 18 112
c 60 3 16 17 151
c 16 17 64 62 172
c 64 58 84 32 135
c 74 61 84 48 162
c 27 89 51 28 132
c 26 37 27 28 83
c 31 32 48 45 112
c 81 82 68 61 118
c 14 4 74 29 80
c 46 14 9 85 104
c 73 74 64 14 144
c 14 76 33 78 144
c 15 83 63 71 156
c 17 46 65 2 159
c 40 62 48 16 116
c 38 21 39 60 139
c 1 83 65 2 122
c 2 4 15 32 159
c 6 44 75 6 107
c 15 32 10 87 159
c 86 55 70 25 155
c 76 75 40 17 170
c 68 25 89 90 88
c 56 17 36 30 164
c 3 26 79 98 100
c 64 62 62 63 115
c 88 89 23 95 90
c 34 29 45 37 86
c 35 17 47 20 88
c 46 21 44 45 82
c 74 75 72 73 174
c 1 2 0 87 146
c 24 18 89 98 147
c 76 87 40 41 163
c 22 20 0 4 103
c 40 22 43 96 112
c 45 12 17 71 75
c 35 84 36 55 75
c 68 42 18 55 118
c 34 79 68 42 90
c 69 40 84 4 117
c 67 69 69 63 173
c 24 8 31 16 89
c 45 23 43 94 134
c 83 54 83 67 81
c 0 1 72 92 173
c 45 46 70 41 133
c 12 13 31 44 151
c 39 22 4 52 127
c 7 79 37 59 120
c 64 25 48 94 139
c 29 24 0 65 153
c 68 20 87 72 157
c 27 22 69 40 105
c 85 69 71 85 159
c 69 63 84 96 150
c 84 40 75 2 164
c 71 77 15 32 93
c 93 13 46 13 91
c 62 43 68 83 78
c 13 22 2 6 92
c 70 92 86 63 119
c 91 41 50 73 92
c 69 2 64 36 139
c 46 31 64 67 173
c 3 53 51 80 138
c 86 53 38 36 149
c 72 94 17 71 119
c 46 22 82 2 152
c 33 34 8 15 81
c 48 16 57 58 145
c 43 30 56 84 124
c 69 6 31 70 107
c 26 16 23 12 162
c 33 42 11 12 119
c 25 14 55 56 123
c 84 96 20 89 118
c 35 60 71 8 82
c 46 47 89 2 83
c 43 72 47 79 93
c 89 2 16 34 77
c 56 57 5 19 98
c 66 95 70 56 173
c 41 44 80 58 80
c 22 55 67 69 147
c 89 86 61 21 170
c 73 90 43 96 147
c 87 97 85 61 124
c 15 3 82 31 102
c 81 82 44 51 96
c 37 59 60 16 115
c 47 17 10 48 158
c 10 6 95 79 159
c 58 61 14 4 137
c 63 78 50 70 168
c 66 87 76 77 77
c 39 70 68 83 78
c 77 45 40 32 78
c 78 76 23 12 160
c 22 55 82 20 134
c 84 74 85 15 81
c 24 25 26 46 138
c 60 3 25 76 133
c 74 61 98 77 100
c 32 62 8 9 114
c 64 46 4 41 160
c 1 88 83 81 171
c 58 63 72 92 164
c 74 61 84 92 87
c 17 48 45 67 99
c 50 28 37 38 75
c 0 51 68 25 87
c 68 20 24 52 123
c 62 63 75 34 133
c 29 92 36 75 167
c 55 56 68 25 167
c 85 65 94 14 128
c 2 4 89 90 121
c 53 75 37 7 137
c 56 4 34 61 93
c 68 58 20 89 161
c 5 6 18 39 89
c 9 21 33 82 140
c 37 7 84 15 147
c 93 13 1 88 139
c 34 37 84 40 122
c 62 47 80 29 103
c 81 16 36 4 115
c 10 6 75 97 158
c 62 47 36 30 169
c 55 34 13 87 146
c 61 30 5 50 98
c 16 3 79 88 131
c 84 74 45 37 143
c 6 72 93 50 138
c 86 68 16 3 104
c 36 41 36 1 105
c 7 85 86 63 118
c 28 78 17 27 165
c 36 41 48 34 126
c 20 45 46 93 156
c 67 81 33 22 103
c 72 73 79 41 168
c 68 42 40 32 78
c 89 85 26 54 125
c 72 29 47 63 136
c 72 46 34 76 89
c 47 63 81 16 81
c 80 81 30 69 120
c 84 14 28 26 172
c 8 9 93 21 146
c 76 34 18 17 173
c 44 55 41 8 132
c 38 33 8 76 87
c 68 74 96 72 169
c 81 16 68 12 172
c 63 92 71 77 106
c 85 89 23 16 85
c 9 67 87 44 162
c 94 88 86 87 104
c 25 14 57 58 80
c 96 3 11 57 169
c 13 59 58 33 128
c 7 8 50 51 86
c 65 2 69 70 112
c 4 22 24 8 94
c 35 68 93 50 163
c 70 3 84 32 163
c 35 41 76 77 88
c 9 68 36 43 134
c 74 9 20 33 86
c 83 84 54 89 99
c 71 77 86 55 146
c 87 97 49 96 121
c 30 90 78 63 75
c 45 67 64 46 150
c 56 34 27 89 165
c 8 9 37 53 153
c 61 59 89 54 139
c 71 77 10 20 91
c 54 67 10 8 94
c 84 33 90 88 118
c 74 7 9 2 131
c 97 49 60 9 164
c 42 8 8 37 103
c 25 52 50 70 162
c 15 3 84 92 164
c 8 60 5 50 107
c 37 59 97 49 123
c 73 6 54 47 78
c 96 42 41 42 134
c 32 95 87 16 139
c 58 40 54 4 157
c 39 35 1 67 94
c 89 54 42 43 118
c 98 99 18 26 106
c 53 75 83 84 128
c 63 14 54 69 84
c 68 58 70 92 119
c 77 61 22 12 120
c 61 21 74 94 165
c 31 55 88 97 133
c 7 72 3 4 82
c 67 85 77 14 119
c 26 27 1 83 144
c 54 69 51 52 150
c 16 96 95 1 134
c 18 6 64 9 143
c 93 84 65 69 113
c 54 79 62 34 157
c 70 82 14 8 78
c 96 42 61 96 98
c 95 79 84 85 158
c 84 15 47 3 160
c 0 65 38 92 142
c 81 27 58 95 145
c 45 55 39 97 89
c 97 26 69 98 164
c 62 46 38 92 106
c 52 48 36 43 126
c 45 23 40 62 98
c 46 11 97 98 93
c 67 81 10 35 89
c 91 35 4 52 100
c 64 16 62 47 172
c 90 57 13 82 126
c 86 68 0 26 133
c 5 11 39 54 81
c 21 29 68 80 86
c 28 1 79 41 137
c 86 55 7 79 155
c 81 16 6 7 84
c 37 99 0 63 150
c 9 21 85 35 133
c 51 42 39 56 76
c 56 57 58 61 169
c 88 75 72 61 140
c 47 48 3 96 92
c 4 41 95 36 104
c 91 28 40 62 132
c 36 47 84 4 161
c 35 17 6 7 147
c 91 41 85 15 106
c 32 33 23 58 156
c 63 16 8 98 103
c 26 37 17 27 129
c 16 17 89 97 154
c 79 95 91 92 113
c 66 95 7 21 147
c 72 56 75 2 82
c 3 53 45 46 151
c 10 11 44 10 156
c 91 41 25 14 100
c 18 55 87 72 86
c 59 81 72 41 98
c 93 94 84 33 92
c 84 74 87 44 121
c 92 30 87 97 128
c 46 11 30 31 84
c 87 16 48 15 89
c 12 31 94 7 116
c 9 65 4 22 131
c 78 76 51 52 129
c 73 31 68 80 154
c 90 67 66 2 140
c 78 79 71 72 161
c 82 2 38 13 167
c 90 80 40 22 84
c 91 55 5 15 75
c 8 76 71 73 128
c 9 57 73 31 82
c 84 40 81 77 121
c 93 49 30 28 108
c 66 17 50 28 171
c 72 29 82 10 141
c 51 68 71 72 78
c 89 86 69 6 123
c 90 88 91 30 167
c 91 28 78 67 144
c 24 20 42 41 127
c 34 23 80 81 161
c 69 40 0 26 162
c 47 26 36 8 123
c 6 56 51 44 168
c 35 41 28 51 92
c 63 73 12 41 118
c 71 77 64 50 87
c 63 78 1 9 90
c 83 81 2 3 83
c 60 89 25 14 86
c 51 28 81 82 79
c 22 55 36 44 153
c 61 21 61 85 141
c 35 8 53 75 150
c 24 29 41 16 122
c 71 77 58 63 157
c 98 96 51 28 96
c 15 3 96 3 98
c 76 69 43 18 101
c 77 63 62 39 142
c 36 55 74 43 90
c 0 93 2 82 160
c 88 21 19 99 87
c 25 20 10 95 161
c 10 4 91 92 109
c 37 54 72 31 117
c 56 72 12 19 152
c 36 38 75 76 81
c 83 98 45 9 97
c 25 66 40 20 90
c 83 84 11 12 133
c 5 51 20 39 168
c 78 79 38 21 111
c 0 87 89 98 84
c 34 67 65 95 111
c 72 41 85 83 172
c 77 45 56 4 164
c 56 57 58 40 163
c 5 50 35 77 111
c 72 94 9 1 174
c 66 95 33 42 172
c 51 80 26 16 140
c 60 61 13 91 139
c 90 57 70 71 91
c 8 76 82 2 135
c 18 55 71 47 109
c 75 23 72 92 77
c 87 16 8 56 149
c 7 79 72 73 172
c 34 35 76 43 166
c 70 56 83 81 84
c 28 29 30 16 160
c 89 97 82 27 130
c 75 26 50 91 137
c 18 17 88 89 143
c 55 34 68 28 161
c 64 26 89 2 95
c 54 97 59 91 111
c 64 26 93 28 114
c 81 22 49 50 125
c 13 82 4 5 133
c 57 49 88 9 130
c 70 25 58 12 107
c 30 73 64 14 137
c 47 86 51 42 112
c 45 37 4 52 141
c 23 24 60 61 151
c 1 88 74 24 113
c 18 43 42 92 169
c 65 19 37 7 118
c 21 64 40 62 85
c 11 63 4 95 135
c 50 28 4 41 157
c 11 68 26 54 171
c 41 80 33 22 87
c 98 44 98 26 108
c 28 1 53 78 84
c 24 56 85 61 124
c 48 1 18 55 126
c 12 82 69 89 152
c 63 88 54 69 102
c 88 97 40 43 137
c 84 85 61 85 91
c 98 78 78 9 154
c 95 96 97 20 128
c 30 73 11 95 163
c 7 77 47 48 111
c 94 88 7 37 101
c 34 76 60 4 106
c 9 37 12 13 109
c 37 93 79 53 146
c 11 58 54 89 91
c 61 21 13 15 88
c 20 95 70 71 112
c 13 19 67 81 108
c 67 3 12 41 158
c 60 40 64 65 141
c 17 1 74 7 95
c 64 3 77 61 124
c 86 75 24 54 126
c 24 42 78 30 86
c 16 27 93 13 165
c 12 13 13 89 103
c 54 79 38 14 126
c 25 76 90 88 173
c 70 92 13 19 152
c 15 83 95 79 163
c 90 61 34 29 99
c 49 23 52 53 172
c 1 83 46 55 127
c 24 8 5 15 141
c 87 25 96 65 75
c 43 30 96 65 100
c 63 78 50 51 146
c 54 47 30 28 173
c 29 50 34 61 121
c 4 5 6 7 135
c 74 85 83 98 155
c 63 94 23 58 168
c 9 68 10 35 145
c 75 6 88 6 133
c 51 68 43 21 100
c 54 69 92 71 93
c 12 82 48 28 97
c 4 95 96 42 161
c 36 4 28 12 97
c 11 68 80 2 88
c 32 95 77 78 79
c 24 52 70 98 162
c 25 26 91 61 81
c 97 69 10 87 84
c 52 47 30 36 103
c 74 71 34 37 91
c 65 59 31 26 98
c 93 79 7 80 120
c 72 95 79 13 132
c 96 76 46 22 76
c 54 25 14 21 96
c 18 6 20 33 129
c 45 55 88 6 144
c 93 21 67 82 141
c 51 80 27 70 124
c 7 11 57 11 161
c 13 98 0 63 107
c 75 22 98 33 84
c 19 36 4 41 80
c 72 41 66 2 167
c 51 42 21 64 144
c 91 68 76 23 133
c 26 16 34 47 170
c 96 72 73 6 83
c 19 36 38 33 140
c 87 16 9 96 87
c 3 84 68 20 93
c 72 56 35 2 121
c 2 39 22 23 126
c 81 18 6 79 144
c 37 38 65 66 170
c 79 65 2 6 94
c 87 44 62 34 101
c 31 25 93 87 102
c 61 72 48 10 112
c 20 29 21 69 96
c 32 37 34 3 156
c 92 71 31 44 139
c 28 17 60 3 103
c 26 28 43 99 103
c 41 45 35 77 86
c 54 25 5 6 114
c 6 57 85 69 148
c 68 74 2 29 81
c 56 59 44 55 162
c 67 81 87 70 155
c 59 87 28 78 153
c 77 63 28 1 107
c 40 32 28 29 150
c 31 16 10 15 152
c 94 14 42 71 96
c 63 88 34 3 167
c 82 20 32 67 169
c 18 19 79 65 84
c 47 48 75 32 134
c 76 75 64 62 87
c 5 50 86 78 111
c 91 35 39 56 120
c 63 64 38 36 101
c 36 23 28 88 132
c 71 72 96 42 89
c 69 2 84 14 137
c 33 34 78 76 123
c 83 77 47 48 90
c 74 61 64 46 163
c 85 65 35 19 114
c 46 47 96 74 113
c 31 11 60 16 171
c 6 22 67 69 157
c 89 8 33 34 151
c 76 75 69 89 118
c 83 67 49 50 91
c 16 10 32 37 140
c 84 15 96 74 77
c 39 85 36 38 78
c 78 12 85 65 151
c 98 77 11 95 168
c 65 66 39 40 136
c 52 98 98 44 92
c 64 39 91 92 83
c 62 37 41 68 98
c 84 99 39 56 82
c 15 29 86 4 132
c 64 34 60 89 76
c 64 25 35 77 139
c 30 66 89 97 141
c 45 4 34 50 112
c 98 64 68 69 104
c 46 21 1 13 88
c 86 78 35 7 92
c 17 86 35 77 146
c 52 53 74 94 100
c 86 87 62 48 140
c 32 33 65 19 115
c 14 4 11 46 86
c 58 12 52 53 140
c 16 10 68 20 166
c 69 97 37 93 148
c 0 86 35 48 149
c 84 14 55 72 84
c 9 57 91 61 133
c 68 58 65 64 110
c 31 9 35 17 92
c 46 24 73 31 125
c 69 89 38 62 105
c 24 25 54 4 173
