notes: n=200, m=3980, elb=1, eub=20, density=0.1, conf_density=0.0002, clb=100, cub= 200, seed= 4240
p spec 200 3980 1583
s 0
t 199
a 0 1 13
a 0 61 19
a 0 193 10
a 0 95 9
a 0 112 4
a 0 156 1
a 0 4 9
a 0 66 16
a 0 55 9
a 0 159 4
a 0 86 14
a 0 164 19
a 0 40 15
a 0 34 15
a 0 162 4
a 0 170 19
a 0 87 13
a 0 189 19
a 0 77 6
a 0 142 2
a 0 117 14
a 0 132 9
a 0 181 19
a 1 2 2
a 1 54 12
a 1 134 15
a 1 91 16
a 1 121 14
a 1 97 9
a 1 114 3
a 1 79 16
a 1 103 17
a 1 180 19
a 1 151 5
a 1 118 15
a 1 17 14
a 1 62 3
a 1 191 10
a 1 110 2
a 1 107 3
a 1 181 4
a 2 3 15
a 2 44 19
a 2 100 9
a 2 117 8
a 2 99 17
a 2 35 12
a 2 105 6
a 2 30 4
a 2 161 12
a 2 91 18
a 2 144 6
a 2 181 7
a 2 134 16
a 2 50 9
a 2 76 7
a 2 135 17
a 2 26 3
a 2 47 11
a 2 113 12
a 2 111 9
a 2 4 17
a 2 8 13
a 2 167 1
a 2 143 15
a 2 194 15
a 3 4 10
a 3 147 18
a 3 90 5
a 3 101 8
a 3 66 5
a 3 63 2
a 3 195 3
a 3 79 5
a 3 128 7
a 3 193 3
a 3 23 16
a 3 65 13
a 3 20 1
a 3 141 14
a 3 99 10
a 3 30 10
a 3 145 3
a 3 109 9
a 4 5 9
a 4 22 4
a 4 98 19
a 4 61 5
a 4 75 4
a 4 143 15
a 4 128 14
a 4 138 13
a 4 36 10
a 4 68 1
a 4 145 2
a 4 100 5
a 4 45 19
a 4 80 12
a 4 78 1
a 4 107 4
a 4 86 16
a 4 103 17
a 4 38 18
a 4 147 6
a 4 77 10
a 4 163 17
a 4 115 17
a 4 70 3
a 4 129 2
a 5 6 4
a 5 171 16
a 5 61 16
a 5 32 16
a 5 4 13
a 5 85 1
a 5 155 14
a 5 51 2
a 5 117 3
a 5 35 2
a 5 163 18
a 5 54 4
a 5 160 15
a 5 112 15
a 5 15 9
a 5 119 10
a 6 7 6
a 6 51 6
a 6 25 9
a 6 151 15
a 6 146 6
a 6 136 5
a 6 177 12
a 6 167 11
a 6 3 1
a 6 46 7
a 6 56 14
a 6 45 3
a 6 147 8
a 6 108 2
a 6 196 6
a 7 8 6
a 7 111 13
a 7 190 9
a 7 79 4
a 7 157 9
a 7 168 17
a 7 109 1
a 7 34 11
a 7 73 2
a 7 30 7
a 7 125 13
a 7 81 18
a 7 199 14
a 7 166 3
a 7 9 13
a 7 69 11
a 7 95 1
a 7 83 13
a 7 135 14
a 7 106 7
a 7 131 6
a 7 122 5
a 8 9 16
a 8 174 15
a 8 160 18
a 8 134 14
a 8 4 4
a 8 151 17
a 8 10 13
a 8 145 17
a 8 26 18
a 8 176 3
a 8 22 13
a 8 161 2
a 8 97 11
a 8 144 10
a 8 20 4
a 8 138 19
a 8 74 1
a 8 13 6
a 9 10 8
a 9 54 4
a 9 81 16
a 9 180 13
a 9 142 15
a 9 14 14
a 9 128 16
a 9 198 3
a 9 30 16
a 9 39 2
a 9 87 18
a 9 133 19
a 9 40 6
a 9 132 16
a 9 185 10
a 9 164 9
a 9 17 1
a 9 65 18
a 9 135 10
a 10 11 14
a 10 132 9
a 10 59 1
a 10 153 7
a 10 15 5
a 10 145 5
a 10 25 6
a 10 104 11
a 10 126 3
a 10 48 5
a 10 95 16
a 10 133 8
a 10 66 10
a 10 144 18
a 10 161 17
a 10 117 4
a 10 74 4
a 10 56 15
a 10 163 7
a 10 131 17
a 10 134 2
a 11 12 3
a 11 196 7
a 11 136 17
a 11 145 15
a 11 32 16
a 11 193 4
a 11 67 11
a 11 108 6
a 11 107 1
a 11 197 17
a 11 127 5
a 11 129 16
a 11 155 3
a 11 152 2
a 11 38 6
a 11 65 7
a 11 77 19
a 11 137 5
a 11 173 8
a 11 122 13
a 11 160 8
a 11 93 14
a 11 43 2
a 12 13 19
a 12 83 5
a 12 89 18
a 12 157 9
a 12 77 11
a 12 174 17
a 12 72 17
a 12 175 13
a 12 167 6
a 12 27 4
a 12 192 12
a 12 139 5
a 12 145 8
a 12 161 9
a 12 149 6
a 12 143 15
a 12 31 19
a 12 104 18
a 12 58 5
a 12 51 10
a 12 195 16
a 13 14 17
a 13 109 18
a 13 119 10
a 13 59 12
a 13 168 12
a 13 106 9
a 13 160 9
a 13 107 11
a 13 84 15
a 13 72 4
a 13 25 17
a 13 178 6
a 13 62 3
a 13 163 4
a 13 112 7
a 13 7 14
a 13 29 19
a 13 37 9
a 13 15 12
a 13 89 10
a 14 15 9
a 14 197 8
a 14 194 12
a 14 26 9
a 14 114 16
a 14 57 2
a 14 132 15
a 14 100 7
a 14 115 10
a 14 23 13
a 14 116 19
a 14 90 3
a 14 59 16
a 14 186 9
a 14 113 13
a 14 80 10
a 14 93 4
a 14 84 19
a 14 185 15
a 14 167 3
a 14 144 5
a 14 148 18
a 14 51 13
a 15 16 16
a 15 176 17
a 15 191 18
a 15 96 16
a 15 117 15
a 15 110 19
a 15 127 19
a 15 185 13
a 15 105 4
a 15 83 2
a 15 49 2
a 15 197 19
a 15 106 15
a 15 162 5
a 15 173 13
a 15 142 15
a 15 160 4
a 15 37 1
a 15 148 5
a 15 104 16
a 15 55 12
a 15 139 1
a 15 140 19
a 16 17 13
a 16 197 15
a 16 91 16
a 16 159 19
a 16 176 10
a 16 143 2
a 16 117 14
a 16 158 11
a 16 63 1
a 16 29 11
a 16 172 17
a 16 46 4
a 16 102 1
a 16 14 7
a 16 194 16
a 16 161 6
a 16 119 16
a 16 167 3
a 16 115 6
a 16 72 10
a 16 153 1
a 16 108 17
a 16 93 16
a 17 18 7
a 17 39 3
a 17 110 6
a 17 175 16
a 17 40 7
a 17 195 15
a 17 149 14
a 17 164 3
a 17 50 7
a 17 183 19
a 17 142 5
a 17 77 7
a 17 93 9
a 17 160 14
a 17 38 6
a 17 184 16
a 18 19 1
a 18 150 15
a 18 189 3
a 18 110 12
a 18 28 5
a 18 159 7
a 18 91 14
a 18 14 15
a 18 177 13
a 18 13 11
a 18 112 11
a 18 181 1
a 18 17 7
a 18 16 13
a 18 199 19
a 18 59 17
a 18 41 16
a 18 153 2
a 18 147 18
a 18 45 5
a 19 20 3
a 19 155 16
a 19 189 5
a 19 109 17
a 19 161 3
a 19 194 3
a 19 102 6
a 19 76 2
a 19 159 15
a 19 146 4
a 19 113 17
a 19 195 18
a 19 148 6
a 19 23 8
a 19 190 9
a 19 51 4
a 20 21 5
a 20 118 18
a 20 119 19
a 20 180 13
a 20 66 16
a 20 165 16
a 20 120 15
a 20 182 10
a 20 84 17
a 20 88 4
a 20 100 3
a 20 19 14
a 20 65 11
a 20 157 10
a 20 176 18
a 20 64 11
a 20 110 9
a 20 26 6
a 20 1 16
a 20 141 1
a 20 154 11
a 20 58 12
a 21 22 13
a 21 196 19
a 21 88 19
a 21 160 14
a 21 99 1
a 21 83 3
a 21 133 19
a 21 86 12
a 21 78 17
a 21 113 18
a 21 151 9
a 21 47 17
a 21 93 8
a 21 158 18
a 21 116 12
a 21 187 17
a 21 124 13
a 21 108 9
a 21 33 4
a 22 23 1
a 22 102 16
a 22 107 15
a 22 133 11
a 22 36 1
a 22 55 8
a 22 148 7
a 22 125 6
a 22 92 13
a 22 187 9
a 22 42 17
a 22 108 1
a 22 89 2
a 22 75 14
a 22 87 9
a 22 154 16
a 22 96 9
a 22 110 4
a 22 196 15
a 22 198 19
a 22 175 5
a 22 58 3
a 22 44 9
a 23 24 13
a 23 96 19
a 23 32 16
a 23 4 8
a 23 50 14
a 23 158 15
a 23 109 15
a 23 39 11
a 23 171 2
a 23 174 13
a 23 106 13
a 23 48 6
a 23 19 17
a 23 141 9
a 23 89 15
a 23 88 11
a 23 113 6
a 23 64 19
a 23 6 17
a 23 128 12
a 24 25 18
a 24 143 2
a 24 177 3
a 24 39 13
a 24 104 17
a 24 4 2
a 24 186 15
a 24 190 13
a 24 149 2
a 24 118 11
a 24 78 10
a 24 90 12
a 24 158 10
a 24 167 8
a 24 138 4
a 24 181 5
a 24 115 19
a 24 116 4
a 25 26 12
a 25 188 15
a 25 155 8
a 25 96 18
a 25 142 5
a 25 54 8
a 25 51 5
a 25 114 9
a 25 103 11
a 25 20 1
a 25 129 4
a 25 138 15
a 25 95 4
a 25 158 15
a 25 7 18
a 25 82 4
a 25 14 1
a 25 28 1
a 26 27 4
a 26 5 2
a 26 32 18
a 26 12 14
a 26 78 14
a 26 167 2
a 26 168 11
a 26 121 2
a 26 126 2
a 26 149 13
a 26 4 14
a 26 140 2
a 26 195 16
a 26 69 6
a 26 162 3
a 26 38 9
a 26 1 18
a 27 28 8
a 27 14 13
a 27 177 3
a 27 94 8
a 27 192 7
a 27 18 10
a 27 194 14
a 27 59 13
a 27 173 16
a 27 36 5
a 27 146 14
a 27 91 14
a 27 199 9
a 27 148 14
a 27 70 18
a 27 3 17
a 27 82 18
a 27 178 9
a 27 198 3
a 27 10 15
a 27 128 10
a 27 113 13
a 27 50 5
a 27 52 3
a 27 105 8
a 27 186 14
a 27 149 2
a 27 31 15
a 27 53 18
a 27 141 19
a 27 20 5
a 28 29 8
a 28 116 9
a 28 158 12
a 28 41 11
a 28 86 11
a 28 123 5
a 28 13 17
a 28 19 4
a 28 96 3
a 28 186 15
a 28 174 9
a 28 65 8
a 28 93 5
a 28 138 16
a 28 44 10
a 28 38 2
a 28 47 2
a 28 36 12
a 29 30 9
a 29 64 10
a 29 40 5
a 29 52 19
a 29 54 4
a 29 90 6
a 29 11 12
a 29 180 9
a 29 153 14
a 29 127 11
a 29 195 2
a 29 198 2
a 29 39 3
a 29 110 15
a 29 129 3
a 29 19 7
a 29 154 9
a 29 168 18
a 29 186 8
a 29 178 6
a 29 37 15
a 29 73 1
a 29 55 12
a 29 193 16
a 29 92 11
a 29 100 6
a 30 31 16
a 30 188 12
a 30 59 15
a 30 197 1
a 30 97 14
a 30 91 1
a 30 185 17
a 30 94 6
a 30 182 13
a 30 149 3
a 30 105 11
a 30 12 15
a 30 126 6
a 30 103 11
a 30 165 4
a 31 32 1
a 31 48 3
a 31 169 8
a 31 12 4
a 31 179 15
a 31 21 9
a 31 62 15
a 31 71 14
a 31 103 16
a 31 70 16
a 31 49 10
a 31 187 17
a 31 66 9
a 31 126 17
a 32 33 5
a 32 198 8
a 32 55 8
a 32 58 2
a 32 172 14
a 32 153 3
a 32 192 19
a 32 48 5
a 32 176 16
a 32 110 18
a 32 159 7
a 32 179 1
a 32 61 8
a 32 83 14
a 32 56 7
a 32 191 8
a 32 135 15
a 32 19 14
a 33 34 1
a 33 178 2
a 33 83 13
a 33 5 9
a 33 121 19
a 33 32 1
a 33 179 18
a 33 104 4
a 33 95 7
a 33 154 11
a 33 26 2
a 33 180 8
a 33 40 1
a 33 89 17
a 33 130 12
a 33 73 13
a 34 35 4
a 34 16 7
a 34 124 18
a 34 69 19
a 34 167 11
a 34 131 5
a 34 99 13
a 34 104 19
a 34 107 19
a 34 134 19
a 34 8 13
a 34 27 19
a 34 108 3
a 34 37 9
a 35 36 9
a 35 179 11
a 35 153 1
a 35 40 6
a 35 57 2
a 35 58 10
a 35 90 15
a 35 4 6
a 35 73 13
a 35 133 11
a 35 198 15
a 35 23 11
a 35 144 3
a 35 19 13
a 35 96 19
a 36 37 12
a 36 116 7
a 36 111 19
a 36 132 4
a 36 29 4
a 36 4 19
a 36 89 4
a 36 19 5
a 36 71 7
a 36 62 18
a 36 115 12
a 36 155 16
a 36 53 18
a 36 5 1
a 36 148 6
a 36 11 8
a 37 38 16
a 37 149 13
a 37 179 6
a 37 110 5
a 37 44 18
a 37 91 14
a 37 16 9
a 37 128 19
a 37 133 2
a 37 171 12
a 37 125 2
a 37 139 9
a 37 117 13
a 37 25 14
a 37 129 7
a 37 82 12
a 37 65 12
a 37 121 14
a 38 39 16
a 38 187 6
a 38 173 11
a 38 148 12
a 38 28 11
a 38 47 9
a 38 195 10
a 38 97 3
a 38 2 7
a 38 131 10
a 38 127 3
a 38 20 1
a 38 84 13
a 38 132 14
a 39 40 19
a 39 23 6
a 39 35 17
a 39 46 2
a 39 25 8
a 39 77 15
a 39 13 13
a 39 157 13
a 39 196 15
a 39 15 17
a 39 2 5
a 39 62 7
a 39 135 14
a 39 150 19
a 39 164 10
a 39 89 19
a 39 105 4
a 39 42 12
a 39 50 11
a 39 85 12
a 39 104 18
a 39 60 12
a 39 45 17
a 39 187 9
a 39 142 13
a 40 41 15
a 40 7 6
a 40 100 16
a 40 84 8
a 40 77 2
a 40 195 4
a 40 86 2
a 40 95 6
a 40 196 17
a 40 151 2
a 40 49 16
a 40 17 10
a 40 5 7
a 40 166 5
a 40 176 13
a 40 186 17
a 40 123 19
a 40 21 16
a 40 70 12
a 40 193 18
a 41 42 18
a 41 198 7
a 41 104 4
a 41 86 4
a 41 58 11
a 41 26 18
a 41 152 1
a 41 164 18
a 41 145 4
a 41 161 8
a 41 97 10
a 41 156 1
a 41 89 12
a 41 68 1
a 41 199 3
a 41 10 2
a 41 22 12
a 41 24 1
a 41 110 11
a 41 149 8
a 41 185 4
a 41 91 14
a 41 172 8
a 41 117 15
a 41 6 1
a 41 14 19
a 42 43 7
a 42 101 19
a 42 102 3
a 42 65 13
a 42 13 17
a 42 90 4
a 42 111 17
a 42 77 15
a 42 32 4
a 42 137 10
a 42 163 11
a 42 157 8
a 42 178 9
a 42 74 16
a 42 196 16
a 43 44 13
a 43 126 16
a 43 124 1
a 43 68 19
a 43 145 1
a 43 74 8
a 43 79 2
a 43 111 16
a 43 122 19
a 43 24 16
a 43 196 17
a 43 103 16
a 43 186 3
a 43 130 13
a 43 182 7
a 43 22 15
a 43 161 2
a 43 133 2
a 43 37 18
a 43 112 7
a 43 81 18
a 43 33 15
a 43 55 1
a 43 12 11
a 43 85 18
a 43 14 1
a 43 127 10
a 43 5 2
a 44 45 13
a 44 147 7
a 44 185 5
a 44 102 9
a 44 57 3
a 44 171 7
a 44 94 13
a 44 61 17
a 44 20 8
a 44 59 2
a 44 63 17
a 44 55 19
a 44 121 19
a 44 183 2
a 44 128 11
a 44 129 19
a 44 64 17
a 44 104 11
a 44 81 9
a 44 184 17
a 44 31 2
a 44 145 7
a 44 88 5
a 44 29 17
a 44 4 17
a 44 126 3
a 44 66 15
a 45 46 1
a 45 19 11
a 45 68 8
a 45 141 14
a 45 157 14
a 45 118 3
a 45 43 5
a 45 171 15
a 45 150 16
a 45 89 18
a 45 60 15
a 45 7 1
a 45 195 3
a 45 86 6
a 45 183 16
a 45 152 16
a 46 47 2
a 46 148 17
a 46 158 8
a 46 130 14
a 46 12 2
a 46 160 7
a 46 62 14
a 46 48 7
a 46 133 9
a 46 97 8
a 46 40 18
a 46 151 14
a 46 126 10
a 46 156 18
a 46 5 8
a 47 48 7
a 47 62 10
a 47 69 3
a 47 59 10
a 47 37 17
a 47 28 16
a 47 143 3
a 47 8 6
a 47 108 5
a 47 57 15
a 47 45 9
a 47 116 13
a 47 157 12
a 47 172 10
a 47 139 8
a 47 160 7
a 47 99 19
a 47 87 5
a 47 180 19
a 48 49 6
a 48 5 9
a 48 196 6
a 48 139 5
a 48 177 12
a 48 187 17
a 48 85 14
a 48 154 4
a 48 13 6
a 48 76 10
a 48 153 15
a 48 31 13
a 48 171 2
a 48 55 19
a 48 89 1
a 48 105 7
a 48 12 12
a 49 50 1
a 49 154 7
a 49 98 12
a 49 21 11
a 49 22 5
a 49 161 1
a 49 144 2
a 49 172 11
a 49 33 3
a 49 39 6
a 49 80 16
a 49 170 7
a 49 38 4
a 49 103 8
a 49 171 1
a 49 35 8
a 49 43 17
a 49 76 17
a 49 165 6
a 49 152 14
a 49 168 4
a 49 196 10
a 49 150 11
a 50 51 19
a 50 56 4
a 50 5 15
a 50 95 19
a 50 21 13
a 50 195 14
a 50 179 18
a 50 81 13
a 50 175 4
a 50 8 15
a 50 85 4
a 50 67 11
a 50 151 8
a 50 192 3
a 50 176 6
a 50 147 2
a 50 41 8
a 50 157 13
a 51 52 11
a 51 15 10
a 51 192 7
a 51 187 5
a 51 136 1
a 51 105 4
a 51 99 7
a 51 49 3
a 51 70 18
a 51 166 10
a 51 130 12
a 51 114 6
a 51 190 13
a 51 93 19
a 51 137 3
a 51 127 3
a 51 154 2
a 52 53 19
a 52 10 6
a 52 116 4
a 52 189 11
a 52 84 5
a 52 91 16
a 52 142 15
a 52 134 1
a 52 70 6
a 52 48 17
a 52 24 18
a 52 148 19
a 52 103 9
a 52 79 15
a 52 168 1
a 52 117 3
a 52 69 2
a 52 158 8
a 53 54 18
a 53 111 4
a 53 139 19
a 53 72 5
a 53 113 13
a 53 158 4
a 53 192 8
a 53 196 15
a 53 193 13
a 53 133 9
a 53 108 10
a 53 143 12
a 53 104 9
a 53 99 13
a 53 184 17
a 53 149 9
a 53 144 5
a 53 85 7
a 53 172 14
a 53 168 10
a 53 142 12
a 53 122 8
a 53 92 8
a 53 181 7
a 53 182 7
a 53 141 2
a 53 162 12
a 53 127 3
a 53 134 1
a 54 55 7
a 54 175 13
a 54 85 17
a 54 3 17
a 54 187 13
a 54 13 18
a 54 30 9
a 54 46 14
a 54 26 5
a 54 154 1
a 54 189 2
a 54 23 14
a 54 183 1
a 54 139 9
a 54 165 8
a 54 37 6
a 54 87 19
a 54 125 7
a 54 126 9
a 54 52 6
a 54 34 12
a 54 11 18
a 54 123 13
a 54 136 16
a 55 56 13
a 55 196 8
a 55 69 9
a 55 25 5
a 55 51 19
a 55 12 4
a 55 135 9
a 55 33 18
a 55 159 2
a 55 175 15
a 55 62 15
a 55 170 18
a 55 153 1
a 55 104 4
a 55 182 16
a 55 54 18
a 55 187 18
a 56 57 15
a 56 23 19
a 56 71 17
a 56 32 18
a 56 124 14
a 56 20 12
a 56 198 17
a 56 6 15
a 56 113 9
a 56 78 15
a 56 127 13
a 56 130 19
a 56 26 1
a 56 174 18
a 56 132 18
a 56 155 14
a 56 159 11
a 56 98 3
a 56 9 12
a 56 125 6
a 56 25 1
a 56 157 19
a 56 161 10
a 56 139 10
a 56 116 14
a 56 104 7
a 56 110 12
a 56 42 10
a 57 58 5
a 57 78 17
a 57 46 11
a 57 170 4
a 57 76 2
a 57 21 13
a 57 123 7
a 57 89 13
a 57 68 15
a 57 174 15
a 57 82 3
a 57 88 9
a 57 94 13
a 57 114 18
a 57 186 19
a 57 98 3
a 57 48 2
a 57 165 1
a 57 99 14
a 57 101 8
a 57 75 14
a 58 59 2
a 58 55 9
a 58 129 5
a 58 40 6
a 58 191 14
a 58 127 13
a 58 98 8
a 58 5 9
a 58 2 13
a 58 22 15
a 58 54 5
a 58 162 14
a 58 17 12
a 58 64 7
a 58 151 19
a 58 125 3
a 58 152 13
a 58 62 18
a 59 60 8
a 59 183 12
a 59 130 13
a 59 149 2
a 59 61 16
a 59 148 1
a 59 24 5
a 59 120 18
a 59 13 10
a 59 63 3
a 59 110 18
a 59 161 7
a 59 17 1
a 59 107 4
a 59 84 1
a 59 171 15
a 59 74 1
a 59 152 5
a 59 143 8
a 59 33 18
a 59 156 8
a 59 57 17
a 59 122 10
a 59 144 7
a 59 16 15
a 60 61 18
a 60 151 3
a 60 147 4
a 60 192 8
a 60 7 10
a 60 93 14
a 60 29 12
a 60 129 16
a 60 146 13
a 60 138 9
a 60 101 18
a 60 96 17
a 60 153 11
a 60 140 19
a 60 108 16
a 60 106 19
a 60 174 1
a 60 193 3
a 60 99 8
a 61 62 18
a 61 148 11
a 61 190 11
a 61 192 18
a 61 93 3
a 61 173 16
a 61 66 15
a 61 14 1
a 61 94 17
a 61 139 6
a 61 169 5
a 61 137 17
a 61 127 1
a 61 113 15
a 61 103 16
a 61 159 7
a 61 135 12
a 61 186 2
a 61 189 9
a 61 195 2
a 61 52 18
a 61 163 14
a 61 87 11
a 61 3 15
a 61 176 5
a 61 23 12
a 61 20 9
a 62 63 16
a 62 34 11
a 62 30 13
a 62 151 6
a 62 128 12
a 62 90 13
a 62 173 19
a 62 105 13
a 62 114 9
a 62 7 18
a 62 118 16
a 62 64 13
a 62 185 13
a 62 38 14
a 62 75 9
a 62 86 14
a 62 36 12
a 62 130 8
a 62 149 7
a 62 17 10
a 62 174 18
a 62 55 9
a 63 64 2
a 63 74 11
a 63 146 19
a 63 5 4
a 63 35 2
a 63 165 9
a 63 184 9
a 63 144 16
a 63 55 18
a 63 81 14
a 63 46 19
a 63 36 2
a 63 156 1
a 63 51 10
a 63 22 11
a 63 23 16
a 64 65 1
a 64 158 12
a 64 109 19
a 64 87 6
a 64 97 8
a 64 120 11
a 64 155 6
a 64 89 19
a 64 182 16
a 64 12 4
a 64 74 14
a 64 175 18
a 64 160 9
a 64 157 13
a 64 45 9
a 64 1 8
a 64 187 6
a 64 6 15
a 64 58 8
a 65 66 16
a 65 24 16
a 65 103 5
a 65 21 17
a 65 55 17
a 65 40 1
a 65 112 15
a 65 140 11
a 65 81 4
a 65 4 9
a 65 67 2
a 65 172 12
a 65 73 17
a 65 150 18
a 65 125 9
a 65 199 8
a 65 47 15
a 65 115 1
a 65 2 8
a 65 22 15
a 65 185 17
a 65 138 4
a 65 104 15
a 66 67 15
a 66 145 16
a 66 55 5
a 66 23 17
a 66 116 6
a 66 82 13
a 66 130 2
a 66 121 15
a 66 124 8
a 66 120 7
a 66 128 12
a 66 188 3
a 66 34 11
a 66 141 9
a 66 101 6
a 66 137 1
a 66 96 16
a 66 3 19
a 66 46 11
a 66 76 14
a 67 68 13
a 67 182 3
a 67 85 3
a 67 106 17
a 67 174 6
a 67 19 4
a 67 159 8
a 67 107 16
a 67 7 16
a 67 124 12
a 67 199 9
a 67 94 15
a 67 53 9
a 67 60 4
a 67 64 15
a 67 69 18
a 68 69 11
a 68 164 1
a 68 95 19
a 68 180 10
a 68 2 14
a 68 51 15
a 68 127 2
a 68 172 13
a 68 171 17
a 68 131 14
a 68 108 17
a 68 177 5
a 68 170 1
a 68 81 13
a 68 179 11
a 68 90 13
a 68 76 15
a 68 17 4
a 68 12 5
a 68 25 17
a 68 103 15
a 68 124 14
a 68 71 2
a 68 61 4
a 68 189 18
a 69 70 11
a 69 106 16
a 69 28 13
a 69 23 13
a 69 179 1
a 69 163 12
a 69 154 5
a 69 75 12
a 69 172 3
a 69 20 1
a 69 146 19
a 69 105 6
a 69 126 19
a 69 192 19
a 69 147 5
a 70 71 6
a 70 172 2
a 70 127 18
a 70 79 5
a 70 190 2
a 70 104 15
a 70 65 19
a 70 183 12
a 70 50 16
a 70 58 7
a 70 41 15
a 70 14 13
a 70 165 16
a 70 198 17
a 70 187 10
a 70 38 2
a 70 188 2
a 70 48 19
a 70 81 10
a 70 1 12
a 71 72 9
a 71 167 17
a 71 60 14
a 71 1 5
a 71 114 6
a 71 32 3
a 71 135 8
a 71 133 5
a 71 175 5
a 71 146 19
a 71 96 16
a 71 9 7
a 71 193 13
a 71 39 19
a 71 49 17
a 71 129 4
a 71 176 1
a 71 38 11
a 71 145 13
a 72 73 9
a 72 81 14
a 72 11 3
a 72 63 13
a 72 193 3
a 72 93 2
a 72 2 18
a 72 75 13
a 72 195 2
a 72 118 3
a 72 20 11
a 72 53 16
a 72 28 17
a 72 114 13
a 72 27 9
a 72 1 5
a 72 80 1
a 72 70 13
a 72 23 1
a 73 74 13
a 73 128 5
a 73 120 4
a 73 18 12
a 73 168 14
a 73 97 9
a 73 113 1
a 73 160 19
a 73 20 7
a 73 167 5
a 73 6 14
a 73 94 18
a 73 30 7
a 73 1 10
a 73 57 14
a 73 33 4
a 73 106 19
a 73 193 9
a 73 181 9
a 74 75 16
a 74 53 4
a 74 183 13
a 74 31 16
a 74 36 19
a 74 5 14
a 74 8 1
a 74 180 2
a 74 139 1
a 74 51 17
a 74 94 15
a 74 123 17
a 74 54 2
a 75 76 14
a 75 173 8
a 75 93 15
a 75 198 17
a 75 51 3
a 75 57 19
a 75 172 9
a 75 134 11
a 75 105 11
a 75 73 14
a 75 106 10
a 75 163 18
a 75 155 4
a 75 121 14
a 75 187 1
a 76 77 14
a 76 47 6
a 76 43 8
a 76 163 16
a 76 173 7
a 76 167 15
a 76 124 4
a 76 158 19
a 76 48 5
a 76 8 8
a 76 161 4
a 76 29 1
a 76 139 1
a 76 53 4
a 77 78 16
a 77 7 18
a 77 23 12
a 77 38 13
a 77 13 10
a 77 97 19
a 77 148 5
a 77 187 2
a 77 55 11
a 77 33 4
a 77 139 5
a 77 57 2
a 77 40 3
a 77 4 1
a 77 138 11
a 77 80 17
a 77 74 6
a 78 79 12
a 78 133 10
a 78 140 5
a 78 157 7
a 78 109 1
a 78 198 15
a 78 124 10
a 78 4 12
a 78 77 17
a 78 174 8
a 78 138 11
a 78 48 17
a 78 171 4
a 78 131 19
a 78 172 19
a 78 13 1
a 78 61 11
a 78 154 15
a 78 99 4
a 78 127 6
a 79 80 19
a 79 184 11
a 79 195 5
a 79 54 16
a 79 64 11
a 79 14 14
a 79 76 13
a 79 68 2
a 79 73 2
a 79 53 17
a 79 162 9
a 79 78 19
a 79 155 18
a 79 27 5
a 79 128 11
a 79 23 3
a 79 110 19
a 80 81 17
a 80 192 1
a 80 69 14
a 80 44 1
a 80 42 13
a 80 194 8
a 80 54 16
a 80 28 11
a 80 68 7
a 80 196 8
a 80 46 13
a 80 99 3
a 80 18 6
a 80 41 3
a 80 65 10
a 80 190 18
a 80 115 11
a 80 89 5
a 80 92 18
a 80 122 6
a 81 82 9
a 81 120 16
a 81 69 13
a 81 136 6
a 81 119 16
a 81 175 18
a 81 2 19
a 81 53 11
a 81 86 1
a 81 64 18
a 81 142 12
a 81 160 19
a 81 105 18
a 81 161 1
a 81 16 11
a 81 3 1
a 81 35 16
a 81 48 6
a 81 84 14
a 81 140 9
a 81 74 18
a 81 190 6
a 81 67 2
a 81 185 12
a 81 54 10
a 81 178 17
a 81 28 9
a 82 83 5
a 82 166 3
a 82 133 8
a 82 45 9
a 82 58 11
a 82 158 18
a 82 71 9
a 82 11 19
a 82 181 12
a 82 85 13
a 82 26 14
a 82 43 1
a 82 20 5
a 82 184 9
a 82 96 2
a 82 38 5
a 82 151 4
a 82 103 15
a 82 93 8
a 82 95 16
a 83 84 13
a 83 80 13
a 83 188 16
a 83 196 10
a 83 158 13
a 83 108 18
a 83 149 3
a 83 50 15
a 83 118 13
a 83 82 13
a 83 27 11
a 83 77 14
a 83 194 6
a 83 133 11
a 83 56 18
a 83 53 4
a 83 54 6
a 83 23 13
a 83 35 2
a 83 129 3
a 84 85 17
a 84 166 9
a 84 11 3
a 84 2 2
a 84 124 3
a 84 99 7
a 84 154 1
a 84 49 10
a 84 29 1
a 84 58 19
a 84 12 3
a 84 106 3
a 84 96 12
a 84 23 19
a 84 65 11
a 84 195 11
a 84 164 5
a 84 108 1
a 84 194 12
a 84 146 3
a 84 136 8
a 85 86 3
a 85 184 9
a 85 82 2
a 85 115 12
a 85 47 5
a 85 51 16
a 85 21 8
a 85 71 9
a 85 168 7
a 85 61 18
a 85 46 7
a 85 56 8
a 85 70 2
a 85 137 3
a 85 104 8
a 85 105 1
a 85 18 14
a 85 112 13
a 85 75 8
a 85 5 5
a 85 191 19
a 86 87 17
a 86 156 10
a 86 184 2
a 86 141 14
a 86 33 5
a 86 56 15
a 86 159 19
a 86 95 15
a 86 53 11
a 86 29 15
a 86 194 5
a 86 52 9
a 86 128 8
a 86 61 5
a 86 64 8
a 86 123 2
a 86 12 6
a 86 170 16
a 86 50 18
a 86 120 9
a 86 121 18
a 87 88 18
a 87 23 12
a 87 164 15
a 87 173 9
a 87 121 9
a 87 112 7
a 87 128 10
a 87 168 16
a 87 199 5
a 87 172 10
a 87 149 8
a 87 2 10
a 87 53 17
a 87 114 14
a 87 186 10
a 87 166 8
a 87 158 11
a 87 143 2
a 87 108 14
a 87 191 3
a 87 135 18
a 87 10 19
a 88 89 1
a 88 5 12
a 88 90 16
a 88 22 4
a 88 156 12
a 88 10 5
a 88 164 1
a 88 96 8
a 88 166 11
a 88 107 16
a 88 29 2
a 88 151 4
a 88 35 18
a 88 32 14
a 88 44 1
a 88 161 1
a 88 183 14
a 88 163 3
a 88 158 13
a 88 126 13
a 88 182 10
a 88 73 19
a 88 152 15
a 89 90 10
a 89 151 16
a 89 156 12
a 89 24 19
a 89 169 15
a 89 138 8
a 89 118 17
a 89 180 1
a 89 27 11
a 89 26 3
a 89 141 3
a 89 175 19
a 89 76 5
a 89 106 12
a 89 15 17
a 89 32 12
a 89 63 14
a 89 163 18
a 89 126 13
a 89 74 4
a 90 91 10
a 90 23 6
a 90 183 4
a 90 131 9
a 90 9 4
a 90 12 6
a 90 58 13
a 90 159 4
a 90 112 13
a 90 137 19
a 90 69 5
a 90 162 5
a 90 89 11
a 90 98 18
a 90 10 7
a 90 3 17
a 91 92 16
a 91 20 15
a 91 1 19
a 91 50 13
a 91 126 6
a 91 116 12
a 91 106 4
a 91 82 12
a 91 33 19
a 91 199 7
a 91 56 10
a 91 100 13
a 91 39 3
a 91 7 18
a 91 184 18
a 91 137 2
a 91 31 13
a 91 26 3
a 91 109 16
a 91 32 6
a 91 163 12
a 91 41 19
a 91 19 8
a 91 25 15
a 92 93 1
a 92 66 15
a 92 98 17
a 92 34 3
a 92 127 12
a 92 83 8
a 92 137 10
a 92 23 11
a 92 2 8
a 92 147 12
a 92 77 11
a 92 121 14
a 92 130 1
a 92 155 12
a 92 41 15
a 92 69 12
a 92 131 11
a 92 54 6
a 92 100 19
a 92 47 12
a 92 150 6
a 92 15 8
a 92 132 15
a 93 94 17
a 93 49 15
a 93 44 3
a 93 187 17
a 93 3 2
a 93 89 18
a 93 18 16
a 93 178 7
a 93 10 9
a 93 54 11
a 93 80 2
a 93 51 3
a 93 140 2
a 93 180 8
a 93 132 13
a 93 26 19
a 93 74 16
a 93 170 9
a 93 164 6
a 93 22 14
a 93 55 4
a 94 95 19
a 94 112 19
a 94 182 19
a 94 29 9
a 94 97 9
a 94 85 15
a 94 176 9
a 94 80 7
a 94 114 1
a 94 186 7
a 94 78 18
a 94 33 10
a 94 142 1
a 94 52 2
a 94 163 3
a 94 121 19
a 94 71 12
a 94 28 11
a 94 128 18
a 94 105 3
a 94 68 5
a 94 37 3
a 94 118 6
a 94 110 9
a 94 138 4
a 95 96 19
a 95 6 7
a 95 187 1
a 95 170 4
a 95 160 12
a 95 140 12
a 95 114 19
a 95 88 17
a 95 60 6
a 95 176 6
a 95 122 1
a 95 183 17
a 95 85 14
a 95 31 2
a 95 177 7
a 95 135 6
a 96 97 7
a 96 160 9
a 96 172 6
a 96 14 4
a 96 159 19
a 96 59 11
a 96 126 11
a 96 193 8
a 96 53 1
a 96 185 3
a 96 166 15
a 96 6 10
a 96 116 8
a 96 56 10
a 96 8 3
a 96 52 6
a 96 79 3
a 97 98 6
a 97 168 18
a 97 173 13
a 97 114 10
a 97 19 4
a 97 160 10
a 97 117 10
a 97 190 16
a 97 21 14
a 97 140 14
a 97 127 5
a 97 144 15
a 97 81 14
a 97 185 9
a 97 48 16
a 97 169 8
a 97 11 15
a 97 126 19
a 97 124 18
a 97 36 16
a 97 191 6
a 97 31 6
a 97 101 17
a 97 184 17
a 98 99 9
a 98 122 18
a 98 14 14
a 98 116 18
a 98 132 18
a 98 55 1
a 98 20 10
a 98 135 5
a 98 152 16
a 98 100 17
a 98 59 9
a 98 6 8
a 98 12 16
a 98 153 17
a 98 133 8
a 98 49 16
a 99 100 3
a 99 77 12
a 99 165 18
a 99 140 10
a 99 82 5
a 99 130 15
a 99 187 9
a 99 51 2
a 99 95 16
a 99 81 14
a 99 193 10
a 99 111 6
a 99 98 2
a 99 124 14
a 99 90 4
a 99 138 4
a 99 19 14
a 99 84 2
a 99 59 18
a 100 101 3
a 100 127 14
a 100 169 11
a 100 51 3
a 100 143 13
a 100 64 8
a 100 39 1
a 100 159 3
a 100 199 15
a 100 186 9
a 100 42 13
a 100 109 8
a 100 26 16
a 100 135 1
a 100 128 7
a 100 20 9
a 100 99 6
a 100 8 16
a 100 38 15
a 101 102 11
a 101 112 14
a 101 159 10
a 101 28 8
a 101 175 3
a 101 23 2
a 101 113 11
a 101 153 6
a 101 119 2
a 101 62 15
a 101 188 19
a 101 165 3
a 101 145 11
a 101 18 7
a 101 29 16
a 101 157 14
a 101 48 3
a 101 162 14
a 101 100 17
a 102 103 9
a 102 147 16
a 102 163 7
a 102 30 17
a 102 42 15
a 102 150 3
a 102 106 12
a 102 52 5
a 102 8 11
a 102 186 17
a 102 19 12
a 102 46 9
a 102 31 7
a 102 109 7
a 102 80 13
a 102 158 4
a 102 86 2
a 102 50 8
a 102 81 11
a 102 16 13
a 102 88 14
a 102 154 4
a 102 34 11
a 102 11 4
a 102 119 16
a 103 104 9
a 103 188 18
a 103 107 16
a 103 65 5
a 103 28 1
a 103 195 12
a 103 53 3
a 103 71 4
a 103 9 13
a 103 157 5
a 103 123 14
a 103 102 4
a 103 161 7
a 103 35 7
a 103 55 9
a 103 78 5
a 103 77 17
a 103 164 4
a 103 179 14
a 103 168 18
a 103 34 3
a 103 186 10
a 104 105 18
a 104 22 6
a 104 101 17
a 104 79 19
a 104 88 19
a 104 131 6
a 104 108 10
a 104 190 16
a 104 118 9
a 104 67 10
a 104 169 17
a 104 140 16
a 104 47 17
a 104 137 13
a 104 163 11
a 104 155 11
a 105 106 15
a 105 184 17
a 105 172 16
a 105 160 10
a 105 159 6
a 105 55 10
a 105 78 15
a 105 122 9
a 105 154 11
a 105 155 8
a 105 134 11
a 105 75 13
a 105 7 14
a 105 70 5
a 105 53 4
a 105 100 11
a 105 180 8
a 105 33 13
a 106 107 15
a 106 118 16
a 106 119 14
a 106 156 11
a 106 105 13
a 106 94 10
a 106 16 17
a 106 184 16
a 106 139 19
a 106 122 4
a 106 120 11
a 106 174 11
a 106 124 2
a 106 74 11
a 106 102 1
a 106 76 2
a 106 88 17
a 106 160 9
a 106 147 4
a 106 57 4
a 106 47 15
a 106 49 5
a 107 108 1
a 107 23 15
a 107 55 7
a 107 105 8
a 107 151 12
a 107 188 7
a 107 141 9
a 107 148 18
a 107 115 17
a 107 51 11
a 107 180 6
a 107 35 5
a 107 170 19
a 107 32 11
a 107 20 2
a 107 102 11
a 107 43 10
a 107 197 2
a 108 109 1
a 108 12 1
a 108 83 19
a 108 2 9
a 108 137 3
a 108 80 5
a 108 71 16
a 108 54 12
a 108 170 13
a 108 189 7
a 108 13 10
a 108 158 9
a 108 40 16
a 108 183 12
a 108 198 4
a 108 91 18
a 108 18 6
a 108 65 2
a 108 133 11
a 108 82 12
a 108 22 5
a 108 151 5
a 108 6 12
a 109 110 4
a 109 21 11
a 109 175 17
a 109 137 9
a 109 112 6
a 109 126 4
a 109 42 3
a 109 131 12
a 109 181 1
a 109 106 16
a 109 146 8
a 109 108 17
a 109 14 12
a 109 138 18
a 109 192 7
a 110 111 2
a 110 22 2
a 110 148 3
a 110 96 15
a 110 184 9
a 110 27 18
a 110 107 6
a 110 35 9
a 110 17 10
a 110 42 8
a 110 121 10
a 110 145 7
a 110 130 11
a 110 198 5
a 110 144 15
a 110 67 3
a 110 43 3
a 110 147 18
a 111 112 15
a 111 120 1
a 111 176 3
a 111 21 5
a 111 9 19
a 111 43 17
a 111 55 16
a 111 31 13
a 111 167 2
a 111 75 4
a 111 150 17
a 111 69 9
a 111 76 18
a 111 165 11
a 111 7 11
a 111 123 3
a 111 102 13
a 111 2 4
a 111 67 9
a 111 48 3
a 111 81 10
a 111 60 16
a 111 26 1
a 111 153 19
a 111 189 15
a 112 113 12
a 112 97 11
a 112 30 6
a 112 55 5
a 112 19 8
a 112 60 14
a 112 129 14
a 112 150 12
a 112 81 18
a 112 125 2
a 112 197 5
a 112 179 11
a 112 109 11
a 112 95 6
a 112 38 4
a 112 21 6
a 112 166 14
a 113 114 4
a 113 49 14
a 113 137 8
a 113 167 13
a 113 9 8
a 113 109 5
a 113 179 1
a 113 186 3
a 113 68 15
a 113 10 6
a 113 14 13
a 113 55 5
a 113 64 10
a 113 138 11
a 113 195 16
a 113 155 9
a 113 143 8
a 114 115 2
a 114 33 16
a 114 51 19
a 114 10 15
a 114 42 7
a 114 166 7
a 114 44 17
a 114 160 3
a 114 97 6
a 114 85 13
a 114 128 10
a 114 162 6
a 114 87 5
a 114 145 13
a 114 118 8
a 114 108 5
a 114 66 19
a 114 81 3
a 114 102 6
a 114 119 3
a 114 96 13
a 115 116 11
a 115 59 3
a 115 125 15
a 115 37 12
a 115 198 4
a 115 95 13
a 115 142 1
a 115 148 11
a 115 76 13
a 115 191 3
a 115 49 16
a 115 110 1
a 115 8 4
a 115 102 15
a 115 112 11
a 115 23 1
a 115 159 10
a 115 80 6
a 115 178 15
a 115 190 1
a 115 73 7
a 115 183 9
a 115 51 8
a 115 197 16
a 115 94 13
a 116 117 10
a 116 10 14
a 116 180 6
a 116 92 8
a 116 51 19
a 116 165 10
a 116 161 14
a 116 198 8
a 116 151 19
a 116 148 6
a 116 71 11
a 116 53 8
a 116 20 19
a 116 105 18
a 116 171 15
a 116 88 19
a 116 110 18
a 116 102 19
a 116 16 8
a 116 104 19
a 116 56 6
a 116 84 19
a 116 186 17
a 117 118 19
a 117 99 2
a 117 41 7
a 117 29 17
a 117 92 11
a 117 103 14
a 117 169 15
a 117 97 4
a 117 91 18
a 117 101 10
a 117 59 10
a 117 27 4
a 117 85 8
a 117 125 6
a 117 147 2
a 117 131 2
a 117 17 10
a 118 119 12
a 118 168 8
a 118 63 3
a 118 143 4
a 118 164 2
a 118 195 19
a 118 141 9
a 118 37 9
a 118 73 7
a 118 199 3
a 118 29 5
a 118 90 15
a 118 127 3
a 118 55 5
a 118 67 3
a 118 121 9
a 118 83 16
a 118 3 12
a 118 91 16
a 118 181 3
a 118 117 19
a 118 187 6
a 118 26 19
a 119 120 15
a 119 118 13
a 119 25 13
a 119 182 10
a 119 112 19
a 119 95 12
a 119 23 2
a 119 96 16
a 119 78 7
a 119 86 2
a 119 41 13
a 119 163 4
a 119 24 6
a 119 161 9
a 119 10 8
a 119 68 7
a 119 125 14
a 119 197 10
a 119 113 15
a 119 186 12
a 119 17 2
a 119 28 18
a 119 63 5
a 119 59 16
a 119 110 14
a 120 121 2
a 120 152 7
a 120 149 12
a 120 169 12
a 120 137 11
a 120 93 10
a 120 42 1
a 120 34 11
a 120 36 13
a 120 80 6
a 120 13 16
a 120 91 15
a 120 162 9
a 120 187 3
a 120 75 5
a 120 182 13
a 120 170 15
a 120 30 10
a 120 88 6
a 120 38 1
a 120 192 11
a 121 122 4
a 121 31 2
a 121 169 14
a 121 24 16
a 121 54 19
a 121 158 15
a 121 59 6
a 121 65 4
a 121 77 3
a 121 174 12
a 121 106 8
a 121 68 7
a 121 125 6
a 121 150 5
a 121 133 15
a 121 165 3
a 121 62 1
a 121 98 8
a 121 184 11
a 121 46 3
a 121 198 18
a 122 123 13
a 122 43 18
a 122 101 10
a 122 113 11
a 122 56 12
a 122 182 13
a 122 133 11
a 122 14 13
a 122 121 14
a 122 197 8
a 122 171 10
a 122 163 8
a 122 87 17
a 122 28 19
a 122 173 3
a 122 2 12
a 122 165 11
a 122 103 10
a 122 166 15
a 122 115 15
a 122 30 2
a 123 124 19
a 123 81 14
a 123 148 6
a 123 105 11
a 123 59 8
a 123 21 8
a 123 176 12
a 123 117 18
a 123 67 14
a 123 89 10
a 123 22 16
a 123 11 18
a 123 198 9
a 123 147 19
a 123 32 18
a 123 181 14
a 123 72 12
a 123 95 9
a 123 107 4
a 123 60 2
a 123 62 13
a 123 58 3
a 124 125 13
a 124 157 2
a 124 69 18
a 124 123 13
a 124 66 13
a 124 101 7
a 124 134 5
a 124 54 11
a 124 29 12
a 124 27 11
a 124 82 6
a 124 120 7
a 124 83 14
a 124 129 5
a 124 78 12
a 124 107 14
a 124 181 9
a 124 9 19
a 124 87 3
a 125 126 15
a 125 28 6
a 125 129 4
a 125 55 11
a 125 90 19
a 125 32 18
a 125 25 5
a 125 47 1
a 125 142 15
a 125 23 14
a 125 97 11
a 125 100 19
a 125 131 17
a 125 61 5
a 126 127 3
a 126 31 19
a 126 187 9
a 126 92 18
a 126 14 9
a 126 177 11
a 126 66 15
a 126 118 5
a 126 37 15
a 126 139 11
a 126 89 15
a 126 198 12
a 126 64 16
a 126 170 16
a 126 125 19
a 126 178 17
a 126 69 2
a 126 25 15
a 126 80 13
a 126 113 1
a 126 183 16
a 126 86 12
a 126 74 16
a 126 75 14
a 126 63 6
a 126 102 8
a 126 181 8
a 127 128 4
a 127 181 14
a 127 70 9
a 127 182 14
a 127 168 5
a 127 160 6
a 127 133 15
a 127 132 6
a 127 87 13
a 127 97 5
a 127 40 6
a 127 47 17
a 127 174 7
a 127 159 10
a 127 176 7
a 127 50 1
a 127 189 16
a 127 173 17
a 128 129 12
a 128 92 13
a 128 13 1
a 128 121 16
a 128 122 6
a 128 75 5
a 128 41 4
a 128 64 10
a 128 192 12
a 128 52 15
a 128 184 7
a 128 172 16
a 128 160 18
a 128 23 12
a 128 15 5
a 128 111 14
a 128 136 16
a 128 39 9
a 129 130 19
a 129 119 14
a 129 70 9
a 129 87 15
a 129 159 4
a 129 29 8
a 129 2 9
a 129 196 8
a 129 105 19
a 129 7 19
a 129 155 15
a 129 139 14
a 129 135 17
a 129 165 14
a 129 35 2
a 129 25 11
a 129 47 10
a 129 146 3
a 129 24 10
a 129 132 7
a 129 126 3
a 130 131 14
a 130 61 8
a 130 129 3
a 130 167 16
a 130 182 6
a 130 91 2
a 130 52 1
a 130 8 15
a 130 2 17
a 130 165 15
a 130 50 1
a 130 116 1
a 130 189 3
a 131 132 10
a 131 119 5
a 131 63 10
a 131 35 9
a 131 190 11
a 131 78 18
a 131 76 4
a 131 103 5
a 131 163 2
a 131 188 10
a 131 53 2
a 131 172 8
a 131 150 2
a 131 11 13
a 131 79 11
a 131 25 15
a 131 32 3
a 131 6 18
a 131 86 7
a 131 90 11
a 131 5 6
a 131 193 18
a 131 157 4
a 132 133 5
a 132 106 1
a 132 79 7
a 132 173 17
a 132 20 17
a 132 180 10
a 132 42 1
a 132 144 18
a 132 90 17
a 132 122 1
a 132 80 4
a 132 4 18
a 132 81 9
a 132 25 6
a 132 48 1
a 132 139 1
a 132 145 3
a 132 96 15
a 132 85 14
a 133 134 13
a 133 46 11
a 133 135 12
a 133 88 6
a 133 168 16
a 133 34 12
a 133 82 13
a 133 89 15
a 133 97 9
a 133 52 9
a 133 147 15
a 133 116 2
a 133 13 19
a 133 78 10
a 133 126 7
a 133 65 11
a 134 135 2
a 134 101 3
a 134 172 17
a 134 53 9
a 134 14 12
a 134 27 2
a 134 173 13
a 134 159 11
a 134 12 18
a 134 139 2
a 134 3 19
a 134 126 12
a 134 165 5
a 134 58 19
a 134 45 11
a 134 73 7
a 134 13 5
a 134 40 7
a 134 2 4
a 134 112 1
a 134 49 5
a 134 97 16
a 134 149 3
a 134 194 16
a 135 136 15
a 135 8 16
a 135 13 15
a 135 49 18
a 135 101 11
a 135 187 11
a 135 111 12
a 135 117 3
a 135 27 15
a 135 126 17
a 135 186 1
a 135 125 6
a 135 25 7
a 135 109 19
a 135 180 15
a 135 195 10
a 135 129 3
a 135 173 13
a 135 33 9
a 135 142 12
a 135 35 1
a 136 137 1
a 136 175 18
a 136 193 13
a 136 168 4
a 136 84 17
a 136 152 8
a 136 85 14
a 136 144 12
a 136 17 7
a 136 63 12
a 136 13 11
a 136 140 2
a 136 8 19
a 136 66 1
a 136 86 15
a 136 183 18
a 136 61 10
a 136 128 3
a 136 68 11
a 136 109 4
a 136 198 12
a 136 153 2
a 136 161 3
a 137 138 9
a 137 117 17
a 137 113 16
a 137 197 6
a 137 40 3
a 137 49 6
a 137 11 18
a 137 168 18
a 137 118 17
a 137 3 15
a 137 29 13
a 137 96 5
a 137 116 18
a 137 177 18
a 137 169 15
a 137 128 14
a 137 132 13
a 137 167 3
a 137 158 19
a 137 97 2
a 137 123 15
a 137 8 3
a 137 12 1
a 138 139 3
a 138 39 7
a 138 16 7
a 138 58 6
a 138 27 16
a 138 199 14
a 138 107 16
a 138 141 2
a 138 163 4
a 138 157 17
a 138 43 2
a 138 120 14
a 138 112 10
a 138 155 12
a 138 91 2
a 138 81 2
a 138 45 12
a 138 67 16
a 138 24 13
a 138 135 17
a 138 132 2
a 138 186 4
a 138 64 1
a 139 140 12
a 139 24 9
a 139 104 2
a 139 156 9
a 139 125 1
a 139 10 8
a 139 40 19
a 139 115 1
a 139 72 4
a 139 199 9
a 139 185 17
a 139 186 14
a 139 61 17
a 139 143 7
a 140 141 4
a 140 154 1
a 140 170 11
a 140 2 5
a 140 58 6
a 140 175 14
a 140 114 5
a 140 181 3
a 140 11 2
a 140 24 4
a 140 132 18
a 140 126 12
a 140 163 2
a 140 42 3
a 140 49 5
a 140 44 10
a 140 56 14
a 140 182 5
a 141 142 10
a 141 168 5
a 141 75 15
a 141 148 12
a 141 178 9
a 141 52 18
a 141 22 11
a 141 63 6
a 141 104 18
a 141 54 10
a 141 62 1
a 141 9 9
a 141 6 5
a 141 26 16
a 141 49 17
a 141 133 19
a 141 32 17
a 141 42 1
a 142 143 10
a 142 194 13
a 142 50 18
a 142 26 17
a 142 51 8
a 142 145 12
a 142 189 13
a 142 25 13
a 142 154 5
a 142 60 9
a 142 57 10
a 142 150 16
a 142 144 4
a 142 70 12
a 142 41 10
a 142 4 17
a 142 172 2
a 142 184 12
a 142 159 16
a 142 107 8
a 142 14 5
a 143 144 6
a 143 102 2
a 143 147 4
a 143 121 14
a 143 25 11
a 143 52 8
a 143 142 6
a 143 137 14
a 143 64 10
a 143 108 5
a 143 96 3
a 143 167 19
a 143 145 13
a 143 91 4
a 143 191 12
a 143 138 13
a 143 87 5
a 143 49 13
a 143 8 5
a 143 24 14
a 143 181 12
a 143 51 13
a 143 43 6
a 143 27 17
a 143 10 14
a 144 145 14
a 144 100 5
a 144 105 1
a 144 49 1
a 144 152 4
a 144 148 4
a 144 87 19
a 144 48 4
a 144 33 11
a 144 176 16
a 144 29 2
a 144 43 2
a 144 155 16
a 144 110 11
a 144 54 6
a 144 6 7
a 144 184 14
a 144 84 18
a 144 20 13
a 144 25 19
a 144 75 15
a 145 146 4
a 145 6 1
a 145 56 12
a 145 165 11
a 145 67 2
a 145 163 15
a 145 174 8
a 145 125 3
a 145 45 3
a 145 150 8
a 145 37 16
a 145 54 18
a 145 179 19
a 145 7 18
a 145 36 1
a 145 116 19
a 145 104 2
a 145 190 4
a 145 123 4
a 145 31 19
a 145 195 7
a 146 147 19
a 146 130 14
a 146 124 7
a 146 1 1
a 146 38 1
a 146 149 15
a 146 36 2
a 146 186 14
a 146 65 13
a 146 119 12
a 146 30 5
a 146 35 10
a 146 3 4
a 146 137 4
a 146 99 18
a 146 164 1
a 146 12 3
a 146 25 14
a 146 194 15
a 146 177 15
a 146 10 6
a 146 108 10
a 146 93 16
a 147 148 2
a 147 199 14
a 147 14 13
a 147 9 3
a 147 151 6
a 147 150 4
a 147 145 19
a 147 132 16
a 147 184 4
a 147 108 19
a 147 124 2
a 147 102 2
a 147 84 17
a 147 172 1
a 147 72 14
a 147 192 8
a 147 152 10
a 147 162 15
a 147 27 17
a 147 16 5
a 148 149 14
a 148 154 18
a 148 147 17
a 148 139 17
a 148 199 12
a 148 27 19
a 148 37 14
a 148 122 19
a 148 89 3
a 148 118 19
a 148 168 10
a 148 56 2
a 148 187 7
a 148 43 19
a 148 103 15
a 149 150 1
a 149 103 17
a 149 20 5
a 149 87 2
a 149 92 6
a 149 33 6
a 149 181 5
a 149 3 17
a 149 127 9
a 149 61 12
a 149 59 19
a 149 14 17
a 149 108 14
a 149 194 18
a 149 135 4
a 149 138 14
a 149 80 10
a 150 151 17
a 150 118 5
a 150 47 6
a 150 166 7
a 150 145 16
a 150 115 18
a 150 20 18
a 150 94 2
a 150 39 13
a 150 119 2
a 150 136 8
a 150 16 11
a 150 87 17
a 150 170 4
a 150 153 4
a 150 144 15
a 150 160 8
a 150 58 11
a 151 152 2
a 151 118 7
a 151 48 2
a 151 113 16
a 151 181 16
a 151 71 14
a 151 176 12
a 151 192 18
a 151 20 15
a 151 10 2
a 151 104 5
a 151 37 18
a 151 160 7
a 151 163 17
a 151 164 18
a 151 51 3
a 151 119 17
a 151 158 7
a 151 6 18
a 151 54 5
a 151 180 3
a 151 191 18
a 151 25 5
a 151 57 15
a 151 11 11
a 151 190 9
a 151 142 1
a 152 153 16
a 152 67 14
a 152 166 17
a 152 90 3
a 152 182 1
a 152 79 13
a 152 194 13
a 152 78 9
a 152 56 15
a 152 140 14
a 152 185 18
a 152 176 6
a 152 25 8
a 152 127 3
a 152 107 6
a 152 80 15
a 152 87 9
a 152 69 9
a 152 53 5
a 152 81 10
a 152 76 11
a 152 143 14
a 153 154 6
a 153 169 17
a 153 38 19
a 153 40 3
a 153 178 8
a 153 91 5
a 153 83 16
a 153 122 2
a 153 47 4
a 153 25 18
a 153 136 11
a 153 77 15
a 153 170 8
a 153 7 2
a 154 155 11
a 154 164 5
a 154 156 8
a 154 132 17
a 154 74 10
a 154 139 19
a 154 14 4
a 154 17 9
a 155 156 18
a 155 169 9
a 155 137 16
a 155 164 14
a 155 100 17
a 155 48 16
a 155 139 9
a 155 144 1
a 155 86 16
a 155 190 18
a 155 39 2
a 155 50 10
a 155 170 11
a 155 8 13
a 155 140 14
a 155 112 9
a 155 34 9
a 155 108 11
a 155 6 17
a 155 198 6
a 155 25 18
a 155 95 4
a 155 46 1
a 156 157 7
a 156 175 11
a 156 134 13
a 156 78 11
a 156 37 18
a 156 89 14
a 156 39 8
a 156 102 2
a 156 9 16
a 156 44 16
a 156 161 7
a 156 104 10
a 156 81 14
a 156 123 1
a 156 91 18
a 156 101 6
a 156 57 8
a 156 197 1
a 156 20 16
a 156 43 19
a 156 94 7
a 156 12 2
a 156 63 11
a 157 158 16
a 157 72 17
a 157 106 2
a 157 85 3
a 157 176 9
a 157 13 14
a 157 185 1
a 157 199 13
a 157 26 19
a 157 48 4
a 157 129 14
a 157 73 17
a 157 68 11
a 157 152 10
a 157 133 13
a 157 51 6
a 157 192 11
a 157 104 17
a 157 61 16
a 158 159 11
a 158 161 6
a 158 136 4
a 158 74 3
a 158 32 15
a 158 132 6
a 158 3 16
a 158 118 18
a 158 28 15
a 158 110 1
a 158 117 7
a 158 180 8
a 158 72 1
a 158 198 5
a 158 10 2
a 158 64 7
a 158 26 12
a 158 164 18
a 158 25 4
a 158 175 9
a 158 52 10
a 158 60 5
a 159 160 6
a 159 90 14
a 159 76 2
a 159 48 2
a 159 98 7
a 159 65 6
a 159 91 4
a 159 184 15
a 159 55 9
a 159 136 17
a 159 188 10
a 159 125 16
a 159 191 15
a 159 26 6
a 160 161 16
a 160 33 15
a 160 186 18
a 160 44 7
a 160 52 15
a 160 158 19
a 160 10 7
a 160 14 2
a 160 155 18
a 160 145 15
a 160 89 16
a 160 177 11
a 160 72 3
a 160 178 12
a 160 7 17
a 160 82 9
a 160 124 18
a 160 134 9
a 160 185 4
a 160 75 14
a 160 174 14
a 160 32 18
a 160 135 12
a 160 45 13
a 160 190 8
a 160 128 1
a 160 60 17
a 160 30 11
a 161 162 2
a 161 92 5
a 161 61 4
a 161 21 11
a 161 142 5
a 161 28 16
a 161 62 1
a 161 5 3
a 161 13 14
a 161 112 3
a 161 166 14
a 161 77 17
a 161 187 10
a 161 73 2
a 161 78 10
a 161 2 2
a 161 105 19
a 161 135 16
a 161 124 13
a 162 163 11
a 162 58 13
a 162 11 11
a 162 54 3
a 162 150 4
a 162 46 2
a 162 99 15
a 162 113 1
a 162 194 11
a 162 53 15
a 162 172 11
a 162 18 18
a 162 29 10
a 162 5 13
a 162 111 11
a 162 64 14
a 162 87 10
a 162 180 11
a 162 129 14
a 162 81 18
a 162 130 9
a 162 63 18
a 162 192 3
a 163 164 8
a 163 34 14
a 163 11 14
a 163 62 18
a 163 196 4
a 163 179 16
a 163 169 3
a 163 173 17
a 163 95 17
a 163 82 13
a 163 21 7
a 163 167 12
a 163 195 18
a 163 14 6
a 163 89 6
a 163 93 8
a 163 124 1
a 163 127 16
a 163 119 4
a 163 125 5
a 163 22 14
a 163 176 7
a 163 55 18
a 163 77 17
a 163 80 8
a 164 165 13
a 164 92 11
a 164 103 16
a 164 66 6
a 164 10 5
a 164 32 1
a 164 108 13
a 164 179 8
a 164 90 7
a 164 102 5
a 164 11 19
a 164 82 11
a 164 93 8
a 165 166 1
a 165 157 12
a 165 151 15
a 165 198 5
a 165 16 2
a 165 114 9
a 165 101 1
a 165 153 17
a 165 78 10
a 165 64 3
a 165 96 17
a 165 98 1
a 165 10 12
a 165 50 17
a 165 87 15
a 165 53 7
a 165 177 16
a 165 6 17
a 165 21 10
a 165 110 16
a 165 35 6
a 165 122 18
a 165 103 9
a 165 11 17
a 165 100 16
a 166 167 1
a 166 66 11
a 166 130 11
a 166 111 17
a 166 152 7
a 166 196 9
a 166 103 16
a 166 13 14
a 166 68 1
a 166 173 10
a 166 7 8
a 166 101 7
a 166 140 14
a 166 134 2
a 166 172 1
a 166 181 2
a 166 158 2
a 166 67 1
a 166 35 2
a 166 5 12
a 166 99 3
a 167 168 2
a 167 6 16
a 167 152 5
a 167 98 17
a 167 132 6
a 167 60 9
a 167 134 8
a 167 142 12
a 167 46 2
a 167 7 6
a 167 71 4
a 167 54 1
a 167 193 7
a 167 149 1
a 167 68 10
a 167 30 1
a 167 33 13
a 168 169 3
a 168 36 13
a 168 44 14
a 168 43 17
a 168 55 14
a 168 198 15
a 168 93 6
a 168 8 4
a 168 17 9
a 168 160 19
a 168 136 5
a 168 151 15
a 168 71 5
a 168 57 7
a 168 58 1
a 168 77 14
a 168 132 3
a 168 127 8
a 168 143 6
a 168 51 12
a 169 170 12
a 169 79 7
a 169 2 17
a 169 139 3
a 169 160 18
a 169 12 3
a 169 66 10
a 169 88 7
a 169 166 5
a 169 102 6
a 169 154 17
a 169 59 7
a 169 120 19
a 169 87 8
a 169 115 6
a 169 109 17
a 169 176 17
a 169 53 3
a 170 171 8
a 170 28 15
a 170 26 10
a 170 198 14
a 170 21 16
a 170 9 1
a 170 194 5
a 170 33 6
a 170 50 11
a 170 141 3
a 170 45 1
a 170 68 7
a 170 106 12
a 170 126 3
a 171 172 1
a 171 16 9
a 171 35 14
a 171 98 18
a 171 46 16
a 171 63 8
a 171 36 10
a 171 68 17
a 171 162 4
a 171 160 2
a 171 45 12
a 171 133 2
a 171 94 4
a 171 65 12
a 171 159 19
a 171 74 17
a 171 151 11
a 171 195 5
a 171 174 11
a 171 138 5
a 171 181 12
a 172 173 12
a 172 198 13
a 172 72 12
a 172 6 8
a 172 64 16
a 172 16 1
a 172 54 12
a 172 195 11
a 172 169 8
a 172 124 13
a 172 13 19
a 172 168 11
a 172 96 6
a 172 103 2
a 172 88 5
a 172 120 4
a 172 150 3
a 172 41 8
a 172 185 18
a 172 104 12
a 172 130 15
a 172 86 2
a 172 99 10
a 172 97 5
a 172 22 19
a 172 10 9
a 172 42 8
a 173 174 17
a 173 176 4
a 173 138 19
a 173 21 11
a 173 52 15
a 173 66 7
a 173 4 16
a 173 63 13
a 173 112 4
a 173 164 1
a 173 160 11
a 173 152 10
a 173 105 19
a 173 167 15
a 173 189 11
a 173 33 2
a 173 23 14
a 173 181 17
a 173 71 6
a 173 114 7
a 173 146 10
a 173 35 1
a 173 154 1
a 173 24 2
a 173 91 3
a 173 110 17
a 173 150 4
a 174 175 6
a 174 184 19
a 174 83 4
a 174 155 1
a 174 37 8
a 174 138 18
a 174 66 16
a 174 43 5
a 174 115 7
a 174 185 11
a 174 168 9
a 174 98 2
a 174 75 19
a 174 117 16
a 174 36 15
a 174 116 13
a 174 127 16
a 174 134 7
a 174 145 8
a 174 159 7
a 175 176 16
a 175 26 7
a 175 186 12
a 175 191 13
a 175 149 3
a 175 156 1
a 175 60 13
a 175 32 6
a 175 13 8
a 175 65 16
a 175 90 16
a 175 52 18
a 175 59 10
a 175 151 2
a 175 58 5
a 175 1 16
a 175 111 7
a 175 145 14
a 175 22 8
a 175 45 1
a 175 197 11
a 175 38 17
a 175 140 13
a 175 148 14
a 175 78 7
a 175 198 9
a 175 8 19
a 176 177 18
a 176 30 7
a 176 194 12
a 176 140 3
a 176 89 6
a 176 63 15
a 176 137 4
a 176 160 4
a 176 33 16
a 176 178 12
a 176 142 15
a 176 2 1
a 176 198 8
a 176 117 17
a 176 97 16
a 176 24 1
a 176 101 12
a 176 17 13
a 176 28 4
a 176 9 1
a 176 119 5
a 176 91 4
a 176 84 16
a 176 147 2
a 176 14 9
a 177 178 17
a 177 35 14
a 177 79 5
a 177 81 13
a 177 111 5
a 177 85 12
a 177 180 17
a 177 137 6
a 177 161 15
a 177 59 15
a 177 107 2
a 177 154 4
a 177 198 17
a 177 30 4
a 177 43 17
a 177 3 3
a 177 193 11
a 177 196 17
a 177 156 16
a 177 192 12
a 177 83 3
a 177 57 6
a 177 186 11
a 177 63 14
a 177 48 7
a 177 78 19
a 177 77 2
a 177 28 4
a 177 165 15
a 178 179 2
a 178 150 2
a 178 148 18
a 178 26 18
a 178 8 8
a 178 76 14
a 178 81 8
a 178 74 10
a 178 182 14
a 178 1 18
a 178 28 3
a 178 82 5
a 178 40 1
a 178 164 13
a 178 111 6
a 178 140 18
a 179 180 12
a 179 192 9
a 179 145 1
a 179 84 19
a 179 64 5
a 179 188 1
a 179 122 2
a 179 17 11
a 179 158 8
a 179 12 17
a 179 75 17
a 180 181 2
a 180 186 14
a 180 32 13
a 180 15 12
a 180 111 8
a 180 55 13
a 180 48 2
a 180 95 7
a 180 122 7
a 180 109 5
a 180 163 7
a 180 91 15
a 180 24 17
a 180 170 10
a 180 3 14
a 180 38 19
a 180 6 7
a 180 12 14
a 180 74 18
a 180 168 17
a 180 126 3
a 180 166 12
a 180 173 2
a 180 67 14
a 180 150 8
a 181 182 14
a 181 83 14
a 181 159 14
a 181 86 12
a 181 158 10
a 181 6 5
a 181 7 19
a 181 29 6
a 181 43 10
a 181 69 10
a 181 13 5
a 181 117 8
a 181 41 6
a 181 199 2
a 181 63 19
a 181 163 7
a 181 184 7
a 181 172 7
a 182 183 1
a 182 3 18
a 182 137 18
a 182 10 15
a 182 20 15
a 182 43 8
a 182 52 19
a 182 78 19
a 182 12 13
a 182 194 18
a 182 6 16
a 182 126 3
a 182 139 14
a 182 150 9
a 182 38 17
a 182 153 2
a 182 134 5
a 182 61 2
a 182 163 6
a 182 50 14
a 182 113 13
a 183 184 5
a 183 71 17
a 183 59 12
a 183 109 5
a 183 24 11
a 183 163 1
a 183 193 11
a 183 4 3
a 183 72 1
a 183 49 16
a 183 114 14
a 183 118 15
a 183 117 13
a 183 191 6
a 183 134 11
a 183 40 19
a 183 9 7
a 183 99 11
a 183 76 18
a 183 70 13
a 184 185 11
a 184 154 14
a 184 99 8
a 184 160 15
a 184 187 3
a 184 181 11
a 184 19 13
a 184 78 11
a 184 167 13
a 184 125 2
a 184 171 6
a 184 20 6
a 184 76 14
a 184 24 16
a 184 49 6
a 185 186 18
a 185 20 2
a 185 119 5
a 185 35 19
a 185 114 8
a 185 158 10
a 185 1 1
a 185 199 5
a 185 14 8
a 185 16 11
a 185 126 3
a 186 187 6
a 186 1 4
a 186 164 2
a 186 122 1
a 186 30 12
a 186 9 10
a 186 71 17
a 186 60 9
a 186 53 16
a 186 58 9
a 186 103 12
a 186 140 15
a 186 159 14
a 186 105 12
a 186 147 1
a 186 101 19
a 186 138 12
a 186 190 6
a 187 188 15
a 187 92 4
a 187 70 8
a 187 111 14
a 187 32 7
a 187 143 16
a 187 11 8
a 187 34 3
a 187 76 11
a 187 162 18
a 187 67 18
a 187 117 5
a 187 154 11
a 187 10 11
a 187 151 3
a 187 138 13
a 187 75 13
a 187 100 9
a 187 168 12
a 187 116 12
a 187 78 13
a 187 24 17
a 187 134 7
a 187 71 16
a 188 189 17
a 188 96 2
a 188 7 6
a 188 123 19
a 188 27 3
a 188 86 4
a 188 35 14
a 188 194 11
a 188 64 10
a 188 11 19
a 188 63 14
a 188 87 8
a 188 150 10
a 188 187 12
a 188 53 5
a 188 84 1
a 188 136 19
a 188 65 15
a 188 112 9
a 188 98 14
a 188 47 4
a 188 195 14
a 188 151 5
a 188 101 1
a 188 120 3
a 189 190 18
a 189 157 2
a 189 110 10
a 189 1 1
a 189 136 11
a 189 19 2
a 189 6 18
a 189 73 14
a 189 15 14
a 189 151 8
a 189 58 16
a 189 97 16
a 189 175 11
a 189 83 13
a 189 115 16
a 189 181 2
a 190 191 3
a 190 181 17
a 190 25 4
a 190 163 3
a 190 13 7
a 190 148 5
a 190 101 2
a 190 68 4
a 190 70 11
a 190 180 4
a 190 44 1
a 190 96 6
a 190 7 18
a 190 54 2
a 190 45 11
a 191 192 6
a 191 25 10
a 191 150 2
a 191 170 15
a 191 107 16
a 191 102 3
a 191 88 4
a 191 43 15
a 191 9 13
a 191 41 7
a 191 83 11
a 191 89 1
a 191 114 4
a 191 85 14
a 191 23 13
a 192 193 16
a 192 47 16
a 192 147 2
a 192 25 7
a 192 140 3
a 192 5 15
a 192 103 17
a 192 94 5
a 192 85 13
a 192 150 12
a 192 163 19
a 192 75 12
a 192 134 19
a 192 76 7
a 192 189 9
a 192 4 5
a 192 133 17
a 192 129 2
a 192 106 11
a 192 198 5
a 192 61 2
a 192 73 15
a 193 194 15
a 193 188 5
a 193 90 19
a 193 91 17
a 193 130 5
a 193 64 15
a 193 65 19
a 193 34 12
a 193 71 5
a 193 112 2
a 193 39 12
a 193 32 2
a 193 172 1
a 193 107 13
a 193 123 15
a 193 104 5
a 193 187 9
a 193 109 10
a 193 81 1
a 193 113 9
a 193 152 18
a 193 105 12
a 194 195 19
a 194 46 7
a 194 136 9
a 194 186 7
a 194 192 8
a 194 55 13
a 194 25 12
a 194 111 17
a 194 161 1
a 194 60 7
a 194 110 13
a 194 85 14
a 194 108 18
a 194 8 7
a 194 101 17
a 194 61 17
a 194 165 7
a 194 71 8
a 194 160 8
a 194 126 2
a 194 139 7
a 195 196 4
a 195 119 12
a 195 67 15
a 195 118 15
a 195 37 4
a 195 127 13
a 195 32 19
a 195 40 5
a 195 7 8
a 195 194 19
a 195 102 9
a 195 49 10
a 195 25 11
a 195 96 6
a 195 55 13
a 195 173 7
a 195 174 7
a 195 146 15
a 195 99 4
a 195 159 9
a 195 54 10
a 196 197 9
a 196 156 3
a 196 194 14
a 196 26 15
a 196 109 17
a 196 167 4
a 196 2 9
a 196 25 9
a 196 58 17
a 196 74 7
a 196 48 6
a 196 114 11
a 196 110 5
a 196 178 13
a 196 73 4
a 196 33 11
a 196 6 18
a 196 171 5
a 196 66 12
a 196 127 6
a 197 198 12
a 197 85 15
a 197 56 4
a 197 77 3
a 197 192 8
a 197 44 9
a 197 43 18
a 197 2 9
a 197 52 9
a 197 5 12
a 197 9 2
a 197 122 2
a 197 84 14
a 197 24 14
a 198 199 2
a 198 139 5
a 198 1 19
a 198 31 19
a 198 5 9
a 198 136 15
a 198 109 16
a 198 115 14
a 198 188 4
a 198 175 17
a 198 59 10
a 198 43 10
a 198 174 2
a 198 48 3
a 198 131 13
a 198 180 10
a 198 8 12
a 198 179 13
a 198 7 5
c 152 78 12 139 110
c 126 92 75 134 117
c 163 21 163 55 111
c 79 53 119 186 119
c 79 128 168 17 167
c 138 199 111 150 112
c 137 169 10 144 124
c 77 78 68 108 153
c 188 47 93 89 108
c 170 45 104 79 119
c 41 104 128 23 185
c 185 20 56 23 187
c 72 20 154 164 128
c 143 167 176 177 123
c 2 144 191 41 154
c 0 112 15 162 120
c 23 24 133 88 171
c 21 160 145 104 192
c 175 60 31 62 127
c 99 100 63 36 102
c 163 119 122 30 172
c 46 40 176 177 173
c 180 181 136 68 168
c 134 159 40 41 133
c 150 170 173 66 101
c 182 126 163 34 157
c 161 105 135 35 169
c 32 159 120 169 171
c 73 106 135 186 110
c 121 31 22 42 114
c 139 72 153 154 122
c 151 71 162 54 137
c 134 2 176 178 176
c 134 58 198 175 177
c 54 136 103 195 166
c 44 66 23 6 171
c 113 64 34 107 122
c 173 164 136 8 187
c 134 139 11 155 149
c 156 57 175 149 101
c 177 165 192 76 138
c 127 87 135 35 158
c 138 39 176 194 161
c 70 1 56 20 194
c 148 139 129 2 141
c 115 183 76 173 159
c 151 20 193 123 127
c 118 199 180 38 123
c 160 155 82 20 175
c 113 9 17 195 137
c 14 167 77 55 170
c 60 101 130 8 116
c 193 187 35 4 176
c 6 25 154 17 150
c 194 55 57 76 121
c 160 10 140 170 118
c 150 153 24 115 152
c 119 118 3 195 157
c 178 81 36 5 135
c 161 13 135 109 142
c 191 150 58 152 115
c 53 184 106 102 137
c 43 112 129 70 137
c 10 132 195 54 151
c 86 194 101 159 122
c 11 155 49 39 152
c 122 166 177 193 189
c 165 96 40 196 166
c 147 199 24 4 172
c 132 4 60 193 104
c 61 189 73 20 102
c 10 104 146 137 173
c 92 93 20 154 199
c 41 149 1 54 152
c 118 164 111 167 144
c 123 117 128 39 182
c 58 162 142 194 196
c 101 159 151 20 120
c 163 89 174 145 191
c 175 32 91 41 117
c 191 89 53 122 188
c 23 4 97 190 130
c 80 41 65 125 115
c 54 46 188 84 139
c 40 166 123 60 159
c 174 159 126 177 157
c 80 89 27 18 190
c 107 148 88 183 103
c 182 137 167 149 105
c 121 46 6 7 172
c 90 69 146 99 170
c 6 108 92 83 109
c 95 114 177 154 123
c 40 151 6 3 116
c 54 37 171 159 160
c 66 121 141 54 131
c 109 181 152 25 132
c 106 139 193 172 150
c 46 126 158 10 116
c 57 114 44 63 159
c 119 113 20 118 109
c 47 69 151 192 145
c 115 37 114 162 189
c 79 53 126 127 107
c 10 134 100 51 158
c 91 1 110 144 151
c 39 89 42 196 186
c 54 3 131 32 172
c 175 78 127 168 169
c 68 180 45 157 131
c 33 154 18 41 175
c 14 116 196 156 162
c 73 160 81 67 178
c 12 149 134 101 128
c 180 74 152 53 152
c 145 165 96 116 128
c 24 39 173 181 197
c 100 99 5 35 169
c 43 145 115 8 174
c 67 107 94 110 166
c 27 91 93 180 126
c 133 52 95 60 128
c 162 150 144 48 172
c 54 52 134 126 186
c 59 60 97 160 145
c 71 32 27 173 116
c 85 21 162 113 163
c 81 74 141 52 170
c 111 9 30 97 172
c 131 157 168 55 156
c 148 37 155 6 172
c 8 22 3 23 129
c 41 24 124 66 140
c 6 151 187 154 131
c 121 165 140 170 147
c 5 32 55 12 157
c 59 74 191 88 104
c 168 51 91 100 102
c 152 81 89 138 195
c 33 89 164 10 155
c 107 148 28 29 128
c 39 2 130 165 173
c 96 6 50 151 124
c 157 129 103 168 195
c 137 158 49 150 190
c 109 137 113 143 152
c 100 39 193 39 196
c 0 181 145 190 175
c 87 10 130 52 115
c 31 66 187 100 167
c 76 43 166 103 160
c 93 74 112 95 105
c 168 127 59 74 108
c 28 93 80 194 195
c 96 185 188 35 172
c 40 7 39 60 104
c 89 151 14 84 110
c 63 55 114 66 145
c 75 76 97 173 186
c 46 5 118 127 153
c 140 181 102 31 123
c 122 28 62 38 190
c 119 112 137 169 133
c 46 158 92 15 179
c 48 13 76 8 177
c 30 94 11 160 137
c 41 117 34 167 196
c 83 54 16 176 151
c 52 117 176 198 144
c 166 13 53 111 107
c 32 172 45 118 126
c 171 65 81 161 130
c 102 31 2 44 115
c 181 86 103 77 142
c 135 8 64 12 165
c 134 14 68 69 101
c 175 140 22 36 107
c 96 126 111 31 119
c 70 183 111 120 186
c 184 49 193 123 152
c 134 101 149 194 178
c 102 109 152 153 127
c 158 10 169 88 131
c 165 153 99 130 178
c 131 78 155 86 167
c 142 26 80 46 172
c 143 145 151 181 106
c 0 193 156 101 146
c 149 103 50 85 143
c 106 16 56 113 134
c 5 155 88 89 199
c 51 137 40 41 182
c 145 31 14 26 154
c 119 78 143 49 169
c 94 85 188 112 137
c 190 163 71 72 164
c 95 88 51 93 195
c 73 167 11 173 194
c 192 140 111 176 187
c 184 187 129 105 185
c 6 151 36 5 126
c 57 186 165 110 159
c 140 11 122 113 188
c 190 101 118 83 120
c 50 67 189 190 137
c 34 134 146 130 111
c 96 79 94 118 117
c 2 44 111 69 140
c 71 96 33 180 155
c 158 159 194 46 151
c 84 65 77 78 193
c 81 82 79 64 156
c 161 142 82 158 124
c 97 81 29 30 123
c 25 188 87 186 161
c 48 105 76 158 124
c 86 128 54 154 164
c 159 98 60 140 107
c 109 138 196 197 157
c 169 66 6 146 190
c 60 29 91 31 158
c 176 194 151 119 115
c 97 19 10 11 115
c 61 127 131 188 145
c 87 173 128 192 136
c 101 28 121 59 159
c 91 19 1 91 183
c 80 28 55 69 107
c 168 136 139 104 156
c 163 95 119 63 177
c 147 108 184 171 162
c 140 182 97 191 121
c 23 64 19 109 163
c 111 31 196 26 150
c 142 60 43 124 167
c 99 77 116 51 110
c 73 168 27 146 124
c 109 175 69 105 154
c 198 131 190 163 121
c 198 115 102 86 118
c 101 159 100 38 127
c 94 37 192 193 159
c 54 183 14 51 140
c 113 143 69 154 159
c 185 199 188 65 120
c 17 110 169 59 189
c 0 1 80 194 193
c 70 41 20 176 162
c 4 36 88 166 123
c 87 135 144 75 159
c 162 163 12 31 169
c 169 66 76 124 108
c 66 46 78 174 189
c 78 140 1 97 135
c 28 41 15 191 144
c 93 140 137 132 135
c 193 34 65 40 160
c 74 75 169 79 143
c 172 64 182 6 195
c 92 100 111 176 128
c 11 38 36 71 119
c 62 38 6 7 153
c 176 30 77 187 152
c 121 24 75 93 165
c 142 159 46 130 149
c 109 42 114 33 173
c 99 95 74 54 121
c 66 101 86 33 101
c 17 175 24 115 153
c 106 119 44 126 146
c 150 58 138 27 186
c 79 128 69 179 195
c 85 191 151 118 114
c 194 139 43 122 120
c 4 138 118 141 103
c 116 198 103 77 188
c 47 160 193 194 135
c 113 186 100 51 158
c 114 115 181 13 173
c 141 168 192 147 143
c 198 31 75 106 118
c 87 10 79 162 166
c 115 37 70 104 152
c 163 176 56 25 155
c 84 164 53 54 136
c 6 56 30 188 173
c 152 53 24 4 123
c 129 196 96 116 182
c 129 29 173 189 156
c 157 152 142 154 186
c 9 128 182 10 156
c 157 61 114 108 114
c 5 85 68 124 167
c 192 73 191 107 104
c 22 87 65 67 134
c 110 17 77 74 147
c 28 41 185 114 181
c 77 23 34 131 172
c 161 13 53 104 119
c 13 119 100 101 175
c 90 10 156 43 129
c 7 30 64 97 154
c 185 16 0 1 186
c 117 59 7 106 146
c 195 54 78 77 195
c 24 167 66 124 156
c 113 49 45 118 164
c 90 137 82 93 108
c 100 109 152 90 112
c 62 105 63 5 169
c 51 190 104 118 150
c 80 89 98 59 112
c 30 31 91 184 142
c 82 85 27 10 119
c 134 172 185 158 143
c 21 187 141 49 120
c 108 18 19 190 105
c 28 174 73 168 181
c 187 162 64 45 139
c 8 26 26 27 131
c 73 113 72 118 186
c 52 103 118 55 148
c 184 171 49 33 130
c 188 65 107 32 169
c 183 118 107 148 173
c 194 160 97 11 140
c 168 36 22 42 141
c 173 4 100 109 178
c 63 55 119 163 115
c 22 196 99 130 138
c 88 126 12 175 109
c 44 81 29 19 156
c 120 187 38 127 117
c 1 134 30 31 117
c 27 149 27 59 120
c 23 89 36 155 108
c 174 117 126 74 184
c 153 91 186 60 171
c 174 117 173 146 168
c 30 182 180 168 184
c 12 192 10 126 132
c 123 21 25 51 148
c 187 34 126 74 196
c 34 134 65 24 175
c 20 165 42 43 120
c 25 158 124 123 175
c 52 69 5 160 109
c 101 165 16 46 128
c 108 80 16 46 118
c 82 96 185 119 172
c 14 90 152 185 187
c 2 134 115 190 122
c 61 173 78 140 181
c 165 50 56 98 101
c 179 180 88 44 169
c 0 66 102 30 176
c 8 20 16 161 134
c 151 176 20 88 132
c 194 25 27 53 127
c 6 3 119 197 143
c 38 84 124 9 143
c 5 160 100 8 110
c 10 74 155 50 123
c 107 20 96 166 103
c 72 193 1 2 144
c 47 172 58 2 183
c 179 75 48 171 173
c 39 85 73 1 147
c 2 99 49 165 100
c 132 180 107 141 179
c 152 107 21 116 149
c 147 192 87 199 147
c 44 129 19 195 102
c 149 80 100 39 107
c 126 66 52 158 125
c 7 30 63 36 163
c 159 65 79 110 120
c 147 132 63 144 149
c 68 76 52 53 120
c 48 105 44 128 195
c 130 182 41 161 133
c 83 188 16 93 183
c 121 65 161 166 106
c 113 14 39 105 104
c 49 39 132 96 132
c 123 32 138 155 114
c 141 26 19 76 163
c 81 54 85 56 167
c 136 175 178 182 103
c 129 24 118 187 162
c 173 160 108 6 114
c 91 184 62 130 117
c 195 37 193 104 166
c 123 67 77 40 147
c 123 11 15 110 140
c 19 20 89 32 110
c 112 109 58 22 190
c 42 90 148 168 134
c 16 172 58 98 179
c 7 9 180 12 112
c 22 148 108 133 151
c 137 177 78 171 174
c 118 127 123 21 187
c 14 15 53 108 116
c 26 1 74 5 127
c 53 99 168 127 168
c 86 33 20 180 147
c 171 195 119 113 126
c 15 16 165 110 132
c 51 127 26 149 132
c 20 1 158 136 137
c 18 177 180 150 103
c 156 12 74 51 141
c 0 86 78 77 131
c 97 114 36 5 118
c 197 56 128 160 197
c 70 1 174 168 177
c 147 152 4 61 196
c 156 157 70 71 135
c 94 28 73 160 171
c 81 48 92 34 172
c 178 150 101 100 100
c 150 136 54 26 139
c 20 21 2 4 121
c 16 115 150 144 145
c 139 61 172 169 141
c 57 114 177 43 161
c 187 32 150 170 169
c 33 154 88 89 153
c 54 165 123 22 159
c 186 1 173 105 145
c 100 199 195 32 192
c 35 133 42 137 145
c 83 80 146 93 125
c 132 42 133 52 162
c 18 91 90 69 108
c 7 168 6 3 121
c 141 168 93 26 105
c 173 174 117 99 110
c 156 63 128 23 183
c 121 122 183 191 168
c 46 97 26 195 132
c 133 46 16 14 106
c 87 135 95 177 196
c 111 153 22 107 124
c 144 20 190 54 175
c 72 63 128 75 141
c 73 74 138 139 131
c 59 84 59 60 153
c 25 114 76 163 160
c 118 119 61 62 179
c 172 195 155 139 108
c 60 192 27 177 143
c 83 129 100 8 113
c 86 128 193 90 181
c 165 153 160 124 141
c 116 161 45 60 158
c 62 149 10 132 196
c 111 176 125 129 156
c 154 156 197 122 193
c 46 148 133 147 171
c 136 175 1 181 105
c 10 104 6 136 130
c 42 32 126 177 104
c 57 170 187 71 125
c 170 50 132 79 111
c 53 142 119 10 176
c 70 14 47 59 166
c 190 7 45 183 164
c 98 6 143 137 196
c 94 186 57 68 163
c 62 185 171 68 149
c 109 181 110 67 176
c 110 17 112 30 163
c 61 3 81 105 122
c 104 118 36 116 170
c 24 186 167 142 145
c 196 33 93 89 197
c 176 147 103 164 184
c 194 126 104 105 172
c 73 168 12 31 182
c 141 22 16 29 180
c 67 159 43 81 177
c 15 148 52 84 187
c 0 164 164 92 138
c 195 32 81 2 117
c 86 12 129 105 103
c 132 4 12 13 135
c 129 196 20 26 199
c 80 122 25 54 197
c 90 98 194 61 163
c 185 158 163 119 172
c 53 134 106 94 196
c 180 168 55 153 143
c 2 99 175 38 158
c 95 6 169 120 191
c 196 6 121 198 107
c 146 130 142 172 155
c 15 162 11 77 113
c 11 67 138 58 182
c 2 111 168 55 141
c 93 187 136 153 125
c 132 180 146 130 191
c 172 64 95 88 136
c 183 118 3 20 187
c 155 140 188 101 144
c 36 29 10 163 125
c 37 16 176 198 106
c 182 113 54 55 118
c 136 183 78 13 159
c 102 163 107 55 101
c 18 177 96 159 171
c 195 55 146 30 172
c 179 158 131 172 139
c 4 77 14 197 109
c 71 135 85 137 156
c 123 22 27 141 131
c 7 131 173 146 182
c 97 173 129 159 160
c 157 185 51 154 178
c 175 149 132 4 189
c 196 167 56 20 183
c 52 117 77 57 157
c 99 140 94 33 197
c 174 184 77 187 125
c 136 17 54 23 189
c 185 35 23 141 118
c 188 195 61 176 127
c 176 91 155 25 130
c 151 113 42 137 144
c 194 139 177 78 179
c 95 88 189 115 159
c 144 176 15 160 111
c 97 98 110 67 128
c 53 108 58 22 143
c 80 65 64 187 178
c 14 26 178 179 148
c 7 109 5 171 197
c 55 159 40 86 181
c 177 180 119 78 181
c 87 186 92 15 192
c 24 177 197 85 164
c 29 193 166 173 182
c 46 48 17 160 184
c 137 167 158 110 110
c 90 89 44 45 120
c 137 118 145 125 111
c 128 136 54 3 154
c 128 41 23 89 124
c 69 20 65 81 151
c 128 13 44 102 141
c 106 76 60 146 127
c 101 18 30 94 145
c 45 46 61 93 193
c 116 56 163 22 195
c 183 163 56 26 110
c 68 51 140 141 133
c 108 189 146 130 191
c 30 197 7 199 113
c 165 87 102 150 156
c 177 196 61 173 156
c 132 90 61 135 184
c 57 48 185 186 162
c 194 46 69 28 100
c 160 174 134 2 178
c 44 55 46 97 193
c 76 53 193 188 131
c 118 26 198 188 158
c 10 15 102 150 102
c 75 76 193 123 126
c 194 160 138 64 107
c 44 57 146 137 139
c 20 65 114 85 110
c 79 195 101 29 145
c 25 7 9 132 170
c 176 2 94 37 179
c 67 19 144 110 183
c 160 44 44 31 140
c 28 138 176 140 155
c 81 105 94 105 193
c 18 45 74 139 101
c 82 45 53 196 154
c 11 65 167 68 107
c 29 40 35 198 120
c 106 16 14 167 129
c 135 187 19 189 125
c 99 82 68 51 182
c 121 125 54 37 185
c 182 139 194 110 148
c 83 56 80 115 195
c 27 113 46 47 129
c 4 128 20 26 132
c 61 189 196 2 146
c 56 98 91 92 121
c 136 17 25 7 117
c 0 112 23 64 168
c 198 174 195 49 100
c 172 64 168 51 160
c 146 194 141 63 122
c 16 143 136 86 140
c 22 36 189 110 138
c 55 182 194 60 100
c 179 75 43 68 146
c 149 59 74 51 121
c 33 104 85 137 154
c 133 65 178 148 136
c 147 184 138 24 188
c 110 27 173 152 154
c 178 76 176 33 171
c 113 68 94 118 192
c 122 87 86 52 158
c 4 36 36 132 163
c 11 152 81 48 153
c 193 130 39 104 111
c 138 120 134 149 149
c 83 188 66 145 183
c 54 139 191 85 127
c 10 66 157 68 118
c 136 86 37 171 147
c 60 147 111 7 134
c 5 51 132 144 175
c 27 186 182 163 134
c 8 160 34 8 118
c 195 7 52 53 160
c 155 86 17 184 126
c 12 175 63 146 164
c 180 15 57 98 190
c 151 104 119 112 190
c 191 23 26 162 104
c 41 110 20 1 129
c 133 126 81 120 178
c 157 158 85 112 159
c 27 113 134 165 153
c 168 127 117 17 174
c 84 136 48 196 110
c 144 75 131 103 155
c 157 152 180 166 130
c 136 61 10 144 128
c 104 163 126 75 194
c 150 119 93 140 115
c 152 143 113 10 129
c 166 167 177 3 117
c 24 186 53 54 165
c 130 50 82 45 115
c 136 144 189 97 122
c 11 197 55 54 162
c 165 53 113 55 153
c 10 56 69 28 143
c 45 86 123 147 114
c 160 178 165 78 192
c 130 91 167 152 110
c 195 54 183 4 136
c 175 149 3 195 139
c 162 111 73 74 165
c 66 130 16 93 140
c 85 168 59 63 160
c 0 156 14 59 163
c 187 151 26 162 157
c 62 64 150 144 198
c 98 99 134 3 129
c 188 136 41 24 194
c 180 74 167 7 160
c 168 44 188 151 136
c 192 134 36 155 163
c 5 15 7 79 140
c 21 22 76 47 187
c 5 54 56 32 114
c 128 172 24 149 132
c 69 192 105 106 117
c 88 151 81 2 117
c 175 90 169 109 179
c 75 187 0 156 166
c 43 85 75 172 125
c 183 191 45 86 192
c 7 9 80 122 152
c 123 198 94 78 165
c 114 96 181 6 163
c 174 98 77 74 119
c 162 29 131 132 121
c 56 9 103 102 100
c 141 75 134 139 166
c 71 176 178 28 119
c 16 197 152 78 184
c 59 149 61 23 146
c 137 167 181 117 176
c 91 1 14 194 185
c 103 28 188 151 154
c 29 37 120 38 123
c 142 60 158 132 101
c 4 143 99 111 116
c 74 53 62 128 194
c 6 3 10 163 123
c 82 11 99 111 113
c 29 55 91 7 186
c 138 135 53 158 147
c 74 180 137 8 173
c 139 199 96 53 125
c 101 100 74 183 155
c 104 169 123 176 165
c 116 10 18 159 176
c 177 192 188 86 183
c 99 19 170 33 197
c 196 127 175 78 144
c 111 153 40 17 173
c 86 12 106 16 144
c 195 173 73 106 156
c 57 58 58 5 115
c 39 187 177 165 161
c 198 7 44 104 111
c 97 185 161 5 175
c 197 9 91 19 171
c 72 193 51 154 169
c 144 6 193 104 143
c 118 90 72 73 104
c 14 113 70 172 141
c 58 162 40 176 165
c 12 175 25 103 133
c 95 160 157 192 184
c 175 52 31 12 128
c 144 6 152 67 185
c 126 92 132 173 114
c 118 37 173 105 131
c 112 95 142 184 129
c 17 93 171 45 132
c 179 84 66 120 177
c 146 194 22 196 149
c 25 7 70 165 172
c 10 153 140 163 171
c 128 64 194 186 182
c 198 180 88 44 159
c 6 151 54 165 168
c 84 146 142 60 182
c 124 123 64 155 126
c 26 4 9 87 191
c 107 108 10 56 176
c 75 173 1 17 160
c 115 148 16 159 165
c 126 92 52 117 189
c 4 145 77 13 167
c 98 100 188 151 166
c 176 117 187 117 150
c 195 173 29 180 112
c 143 52 173 71 130
c 146 124 163 95 156
c 31 70 19 190 109
c 197 43 45 68 150
c 165 114 145 146 196
c 110 184 81 136 170
c 16 143 87 108 156
c 39 62 13 107 111
c 16 102 128 111 149
c 65 125 80 89 199
c 177 59 165 96 198
c 104 79 45 171 105
c 85 5 143 108 112
c 178 74 29 168 100
c 97 124 92 54 176
c 166 167 111 69 139
c 145 36 111 189 128
c 36 53 58 54 120
c 146 124 149 92 183
c 28 158 59 143 101
c 88 158 192 198 190
c 38 187 158 132 174
c 108 12 131 25 164
c 44 88 144 105 136
c 64 158 3 128 143
c 171 35 85 75 103
c 115 197 113 9 107
c 40 193 40 77 156
c 94 114 138 24 183
c 138 186 178 81 123
c 183 118 156 57 170
c 98 135 167 98 169
c 65 172 103 195 130
c 77 57 83 80 142
c 81 185 164 32 142
c 187 168 19 102 112
c 67 64 17 142 185
c 111 9 29 39 147
c 57 170 48 177 181
c 48 153 149 135 126
c 81 175 49 165 114
c 39 40 198 188 161
c 35 40 87 172 131
c 0 164 98 100 179
c 129 146 49 150 151
c 167 54 78 171 173
c 157 185 75 163 140
c 43 37 84 146 140
c 182 43 110 184 139
c 79 27 180 48 130
c 165 153 131 86 121
c 74 31 6 136 133
c 155 100 73 33 147
c 98 122 66 137 177
c 157 152 151 104 161
c 182 134 3 20 175
c 185 1 30 126 115
c 26 1 23 89 189
c 78 131 175 58 149
c 29 129 55 170 105
c 85 5 33 89 181
c 56 155 163 22 191
c 127 97 87 166 117
c 105 78 186 122 129
c 48 196 195 174 127
c 110 144 153 77 198
c 64 65 111 81 178
c 56 20 98 12 171
c 65 172 91 26 138
c 151 37 157 73 158
c 32 110 198 7 114
c 44 63 195 37 183
c 112 95 54 165 184
c 0 66 80 99 162
c 107 151 104 101 104
c 74 8 105 180 163
c 70 198 120 121 138
c 141 63 82 151 159
c 169 160 23 6 111
c 182 43 113 68 138
c 197 122 65 81 190
c 107 115 176 17 105
c 49 152 168 44 106
c 160 134 74 53 155
c 132 145 175 45 161
c 171 174 173 33 144
c 94 176 170 50 135
c 181 6 108 137 163
c 92 132 92 131 133
c 190 13 109 175 156
c 166 130 57 99 111
c 137 49 99 193 112
c 162 192 123 67 125
c 7 199 78 157 156
c 70 172 188 101 175
c 166 13 135 49 151
c 24 186 168 55 197
c 19 102 5 51 193
c 4 98 91 20 154
c 121 133 76 47 106
c 80 54 25 114 106
c 138 186 41 97 156
c 196 66 34 104 139
c 71 146 84 108 175
c 100 127 135 186 133
c 88 164 24 104 196
c 111 120 25 82 176
c 64 175 17 18 142
c 152 87 84 96 145
c 170 68 9 164 151
c 121 174 122 115 154
c 180 111 138 39 131
c 70 104 108 13 192
c 182 183 51 192 132
c 63 36 52 168 131
c 64 87 195 40 150
c 12 58 194 101 192
c 126 64 34 108 182
c 107 55 114 162 128
c 87 108 155 86 141
c 177 107 157 13 129
c 157 152 152 143 183
c 175 26 43 5 192
c 100 159 90 137 167
c 61 94 156 175 114
c 116 117 102 30 171
c 44 63 34 104 188
c 103 157 38 84 169
c 92 131 159 160 117
c 108 133 169 115 168
c 101 112 29 186 192
c 176 63 111 69 106
c 12 192 114 81 158
c 134 45 66 101 171
c 126 14 40 49 110
c 134 58 156 197 191
c 160 145 113 49 190
c 62 174 50 5 129
c 120 13 70 38 177
c 144 20 153 47 188
c 113 49 20 180 121
c 88 156 175 151 132
c 87 114 180 3 178
c 58 98 8 13 157
c 39 50 65 103 189
c 172 104 180 38 127
c 114 128 11 197 182
c 76 173 73 33 125
c 29 180 33 121 192
c 27 186 112 81 182
c 120 93 158 28 117
c 68 170 151 164 168
c 45 195 34 124 158
c 118 119 0 61 136
c 150 144 98 133 126
c 151 176 31 169 147
c 133 116 29 100 169
c 48 89 178 164 179
c 150 115 56 42 133
c 25 129 128 172 169
c 3 101 2 44 162
c 104 47 73 33 143
c 14 186 56 157 170
c 7 199 171 68 110
c 55 153 163 125 152
c 6 167 7 73 127
c 51 192 10 126 127
c 152 67 163 89 191
c 188 53 34 37 147
c 143 43 176 84 198
c 42 137 61 192 138
c 162 172 14 90 105
c 28 174 196 6 111
c 171 16 0 86 143
c 25 28 43 133 172
c 88 89 23 113 156
c 111 112 60 174 188
c 196 167 142 172 106
c 160 178 158 161 195
c 111 7 0 181 139
c 183 109 186 140 164
c 47 45 79 73 194
c 137 169 56 26 135
c 146 25 6 56 190
c 93 132 53 134 150
c 192 163 129 29 121
c 84 124 160 72 118
c 36 5 187 117 100
c 42 74 102 88 184
c 103 157 115 95 106
c 14 148 194 160 177
c 67 7 78 48 129
c 75 105 180 3 194
c 138 39 118 121 102
c 151 176 123 89 167
c 47 69 119 110 162
c 144 84 168 55 178
c 29 39 70 79 102
c 32 159 92 47 171
c 40 166 27 31 185
c 13 107 134 112 153
c 188 150 128 121 134
c 97 36 29 168 176
c 79 128 11 193 131
c 131 132 98 133 175
c 9 65 106 124 123
c 82 95 159 48 154
c 19 155 0 189 159
c 80 81 11 152 157
c 112 150 40 84 109
c 182 50 181 158 177
c 91 184 81 160 113
c 84 166 85 86 181
c 36 37 71 176 133
c 143 27 16 172 176
c 118 199 160 89 140
c 4 138 78 99 171
c 194 71 150 144 137
c 160 14 174 155 178
c 180 95 103 195 110
c 164 66 167 46 134
c 33 32 184 99 111
c 66 82 115 73 139
c 188 64 111 75 186
c 29 186 78 48 112
c 85 47 11 193 174
c 103 186 93 3 130
c 11 152 79 14 114
c 18 28 197 43 145
c 32 135 163 22 116
c 180 91 45 68 153
c 65 138 149 92 148
c 35 23 111 43 137
c 18 28 103 53 183
c 126 69 8 97 187
c 52 116 81 64 124
c 174 36 192 150 199
c 169 120 151 10 135
c 192 25 111 167 114
c 68 90 14 167 137
c 152 90 127 160 142
c 91 7 144 87 180
c 25 155 153 169 184
c 178 26 146 149 102
c 35 36 11 12 120
c 134 3 183 118 125
c 172 10 44 129 130
c 46 156 165 198 160
c 165 21 82 184 122
c 7 166 57 123 151
c 49 196 163 93 178
c 15 106 53 168 155
c 47 180 127 160 197
c 105 172 12 139 189
c 117 17 36 62 169
c 165 53 76 43 169
c 73 20 10 117 121
c 42 196 122 182 168
c 80 190 99 84 103
c 15 160 69 163 187
c 73 74 183 117 174
c 37 129 142 14 187
c 157 176 87 23 173
c 132 133 109 146 142
c 104 105 55 135 125
c 62 34 172 64 111
c 194 126 74 36 134
c 55 175 165 96 183
c 178 164 128 41 174
c 60 140 166 130 166
c 139 143 117 101 145
c 60 153 23 6 150
c 87 186 0 193 137
c 196 167 194 186 190
c 52 24 102 11 176
c 128 172 103 179 121
c 12 195 19 155 156
c 43 126 133 134 110
c 124 82 177 81 158
c 61 52 168 93 112
c 93 140 130 165 128
c 97 19 188 7 194
c 162 129 41 152 124
c 144 184 176 91 114
c 93 10 68 179 100
c 73 120 66 128 199
c 13 168 105 70 109
c 115 112 39 13 157
c 41 198 14 100 168
c 151 180 184 24 134
c 173 33 165 11 135
c 198 43 5 61 168
c 59 61 53 192 152
c 118 73 9 54 176
c 166 167 78 140 146
c 41 68 62 118 183
c 37 16 89 169 142
c 37 65 22 125 125
c 50 56 85 21 176
c 53 172 97 81 182
c 71 38 172 104 167
c 34 37 101 188 132
c 79 73 45 195 122
c 16 197 120 80 154
c 154 155 100 8 186
c 88 22 111 123 152
c 32 192 183 191 194
c 177 48 8 13 130
c 2 181 158 136 178
c 188 35 140 114 109
c 150 58 8 13 179
c 134 49 92 66 176
c 142 143 65 21 155
c 17 175 96 116 122
c 146 119 43 22 141
c 146 186 1 79 146
c 108 158 104 101 155
c 22 75 188 27 189
c 12 192 85 21 183
c 87 53 75 163 110
c 54 126 134 126 179
c 180 109 166 173 197
c 184 187 102 119 198
c 46 40 164 90 124
c 91 26 107 35 185
c 97 185 179 122 140
c 40 21 120 36 175
c 85 46 100 101 140
c 113 143 116 198 111
c 60 96 191 41 119
c 122 133 122 2 151
c 108 170 104 131 196
c 91 126 129 2 137
c 71 135 12 167 150
c 103 157 61 113 174
c 7 69 198 1 164
c 163 62 111 60 117
c 114 96 60 193 127
c 190 68 94 78 196
c 112 97 42 111 134
c 160 82 87 121 124
c 176 147 94 176 154
c 69 75 17 39 121
c 129 159 77 57 138
c 17 142 159 188 151
c 146 1 125 126 168
c 133 89 171 181 122
c 85 104 29 186 105
c 99 82 129 7 176
c 22 42 89 118 156
c 169 53 44 147 137
c 91 137 4 45 134
c 3 141 125 131 134
c 130 50 111 176 196
c 132 145 186 71 186
c 180 48 64 182 188
c 80 69 100 128 162
c 42 74 168 136 174
c 118 83 156 104 183
c 90 162 174 117 147
c 152 67 170 141 147
c 64 155 71 114 131
c 16 167 102 80 190
c 150 119 64 157 111
c 30 149 4 143 102
c 197 77 86 87 146
c 182 139 126 178 197
c 40 151 134 73 106
c 25 28 59 110 177
c 94 128 155 169 105
c 97 160 40 193 144
c 82 95 23 39 122
c 67 107 86 159 173
c 40 70 57 165 147
c 23 48 91 106 134
c 1 97 68 170 154
c 20 64 70 165 154
c 104 108 47 87 111
c 9 17 64 182 189
c 50 67 99 81 122
c 57 76 115 148 179
c 28 186 165 101 170
c 136 183 107 23 175
c 57 123 134 27 179
c 39 157 20 180 193
c 131 103 127 159 188
c 92 150 57 88 121
c 158 180 20 118 196
c 126 102 119 78 152
c 164 10 39 104 153
c 5 85 158 28 131
c 10 25 4 103 151
c 64 160 28 29 168
c 192 189 147 14 137
c 60 193 28 44 194
c 18 112 126 31 112
c 32 55 88 90 118
c 125 100 21 158 145
c 107 141 187 116 124
c 44 61 37 179 126
c 145 67 97 191 191
c 50 56 146 1 186
c 198 31 95 88 150
c 44 94 14 144 117
c 176 160 13 119 177
c 180 67 6 45 156
c 18 112 27 70 125
c 12 157 182 20 125
c 94 142 54 189 107
c 192 189 67 199 188
c 96 160 100 135 143
c 21 93 32 83 172
c 1 97 40 77 135
c 91 92 94 105 170
c 117 91 105 33 172
c 116 84 160 190 165
c 58 127 44 121 128
c 152 107 66 188 149
c 152 79 131 78 187
c 94 186 87 168 187
c 31 126 126 69 120
c 117 85 47 48 126
c 156 44 2 167 142
c 138 64 163 196 199
c 49 196 167 168 154
c 54 55 144 184 143
c 53 122 176 17 132
c 147 184 71 39 163
c 173 21 85 115 177
c 12 27 118 29 195
c 87 10 5 6 156
c 131 11 126 181 106
c 45 152 65 150 183
c 45 152 173 24 171
c 108 12 136 168 197
c 0 170 52 168 119
c 182 137 5 51 127
c 168 43 80 92 196
c 147 150 183 114 192
c 127 174 62 151 116
c 54 87 76 158 101
c 79 110 19 146 100
c 65 172 128 75 179
c 121 150 84 2 171
c 138 135 96 14 185
c 82 71 8 9 181
c 105 122 172 88 127
c 186 9 186 138 105
c 91 20 103 186 134
c 53 184 197 5 140
c 142 60 176 30 172
c 183 99 104 131 125
c 169 2 190 25 102
c 196 127 56 98 167
c 159 184 62 149 162
c 16 176 67 94 146
c 44 129 72 81 101
c 67 182 111 120 154
c 145 37 162 81 190
c 62 151 68 172 136
c 28 47 168 58 181
c 133 89 144 33 139
c 54 37 186 138 119
c 30 188 0 156 109
c 172 96 137 138 163
c 16 46 36 115 107
c 63 35 44 94 121
c 22 187 11 160 181
c 57 82 22 89 151
c 190 163 107 20 132
c 160 14 151 152 102
c 138 112 177 186 150
c 134 49 126 183 150
c 167 132 166 111 128
c 58 62 74 53 165
c 198 180 28 158 120
c 149 20 72 11 178
c 163 119 171 46 189
c 121 169 72 195 101
c 158 74 113 49 160
c 59 63 66 188 133
c 59 149 152 153 199
c 147 172 193 112 134
c 135 117 164 102 146
c 28 93 54 13 137
c 117 92 90 10 152
c 152 140 40 41 106
c 118 119 163 169 121
c 86 128 94 186 143
c 130 129 60 29 178
c 161 73 108 151 112
c 96 116 107 170 163
c 162 163 85 61 199
c 144 6 157 106 158
c 27 50 66 3 101
c 187 75 54 46 119
c 196 171 53 122 123
c 154 155 158 175 194
c 47 45 158 175 173
c 65 138 36 71 136
c 38 148 133 46 140
c 31 32 122 101 153
c 155 156 182 20 124
c 91 199 81 16 191
c 7 69 98 116 141
c 176 198 61 103 123
c 106 122 194 186 166
c 176 30 92 23 117
c 176 142 126 139 113
c 79 128 130 189 142
c 76 29 135 129 115
c 91 116 187 11 166
c 91 199 112 113 134
c 20 141 69 20 127
c 49 38 186 1 158
c 65 185 7 122 142
c 152 166 70 104 162
c 173 21 112 30 115
c 129 2 187 34 142
c 41 97 37 16 199
c 25 188 66 46 134
c 8 145 164 11 147
c 130 165 173 91 178
c 145 36 60 61 146
c 163 167 192 163 195
c 5 35 38 28 132
c 151 119 126 127 134
c 52 91 103 186 109
c 186 122 86 184 175
c 192 103 61 20 189
c 82 71 146 30 111
c 46 158 2 50 136
c 145 179 116 20 112
c 167 46 114 10 148
c 145 146 126 74 167
c 136 175 110 107 121
c 113 137 66 34 121
c 53 193 123 107 186
c 155 108 47 37 156
c 168 93 112 19 109
c 129 159 19 195 189
c 69 146 150 145 127
c 91 20 93 10 181
c 11 107 193 34 144
c 137 118 32 198 128
c 38 187 97 127 169
c 127 133 6 147 141
c 97 11 14 57 160
c 126 198 2 105 141
c 89 15 57 174 175
c 190 44 46 5 156
c 0 77 24 78 150
c 58 125 105 7 121
c 20 119 177 154 130
c 78 61 128 129 199
c 108 151 79 80 157
c 97 185 7 69 141
c 198 131 177 193 177
c 114 33 64 155 130
c 34 37 184 78 173
c 81 82 179 192 159
c 198 31 14 114 137
c 184 125 195 32 159
c 149 108 132 81 183
c 179 188 49 22 137
c 27 53 180 170 142
c 60 146 165 78 141
c 27 177 91 50 103
c 129 132 95 176 194
c 41 26 55 25 147
c 44 147 126 89 156
c 20 154 46 5 156
c 26 149 116 117 179
c 14 26 86 87 101
c 78 13 29 52 163
c 155 34 131 188 166
c 114 108 82 181 176
c 128 111 107 148 119
c 122 165 124 181 198
c 88 10 64 157 147
c 41 149 196 156 153
c 59 143 160 174 156
c 40 77 120 80 179
c 106 94 23 89 107
c 169 12 23 89 123
c 41 24 172 86 129
c 111 55 192 75 115
c 98 6 55 135 131
c 57 68 71 39 104
c 30 12 102 34 106
c 123 62 129 87 173
c 102 16 115 197 116
c 123 198 24 158 181
c 175 186 10 153 102
c 169 154 166 140 113
c 94 71 118 83 120
c 136 85 82 93 168
c 4 138 136 198 188
c 43 161 131 35 149
c 128 122 30 97 154
c 116 148 111 165 185
c 167 7 67 159 130
c 175 8 51 154 136
c 82 85 76 43 104
c 193 81 152 80 161
c 63 36 107 35 161
c 188 35 176 147 112
c 142 194 144 105 182
c 182 139 183 134 151
c 140 11 141 26 186
c 93 180 86 123 115
c 39 142 169 176 195
c 104 190 176 194 110
c 5 4 20 66 167
c 93 132 178 111 115
c 167 132 171 65 186
c 95 140 100 101 123
c 136 109 50 5 182
c 60 96 100 39 170
c 185 35 87 143 154
c 162 150 61 159 168
c 16 161 51 130 186
c 186 159 176 2 106
c 41 86 41 164 114
c 185 119 29 198 180
c 114 166 163 95 157
c 3 30 51 130 165
c 37 38 78 13 147
c 96 52 53 158 114
c 65 55 108 151 172
c 85 112 17 18 152
c 39 89 108 151 193
c 135 101 166 111 108
c 73 6 44 57 102
c 122 171 188 195 128
c 165 53 178 8 147
c 15 83 150 94 196
c 62 151 156 9 146
c 92 98 99 95 133
c 198 188 34 37 166
c 190 191 155 50 164
c 43 103 59 144 114
c 108 189 181 86 115
c 166 5 0 61 136
c 151 20 97 168 120
c 62 7 80 18 161
c 124 181 25 114 161
c 175 111 7 166 124
c 19 20 59 148 124
c 43 182 85 51 185
c 87 112 18 91 189
c 12 167 64 187 134
c 88 29 69 105 138
c 18 59 123 148 103
c 126 64 79 76 196
c 136 137 189 136 142
c 40 176 68 180 159
c 100 128 7 166 159
c 192 75 186 105 151
c 56 23 181 43 177
c 88 29 111 81 128
c 162 18 183 24 146
c 65 138 21 124 165
c 117 85 188 11 195
c 176 2 170 21 160
c 164 102 40 77 145
c 86 33 124 157 135
c 150 47 24 90 142
c 129 119 31 32 154
c 193 91 29 180 149
c 93 187 50 95 136
c 189 136 96 52 138
c 122 166 61 173 109
c 185 186 91 50 157
c 68 164 134 101 197
c 46 5 160 135 135
c 47 37 1 103 105
c 45 150 136 86 148
c 103 123 79 80 177
c 82 38 75 187 164
c 133 168 3 66 192
c 20 64 158 175 152
c 60 96 190 45 128
c 44 61 137 8 135
c 158 3 15 191 154
c 123 60 177 57 122
c 169 53 126 139 135
c 90 91 189 157 140
c 149 108 121 59 139
c 65 40 117 118 133
c 103 65 0 66 191
c 183 59 22 58 106
c 105 100 175 13 152
c 133 88 185 16 199
c 99 90 36 111 196
c 12 104 56 116 133
c 44 81 83 23 180
c 6 3 9 185 168
c 167 142 191 88 102
c 109 146 188 86 132
c 131 79 134 13 108
c 133 13 16 197 110
c 39 164 57 165 149
c 142 57 15 160 187
c 176 2 165 110 109
c 28 44 123 67 138
c 49 154 126 178 142
c 168 55 57 123 151
c 183 109 186 101 151
c 70 79 186 9 171
c 187 162 44 31 188
c 80 18 7 122 159
c 9 39 81 84 166
c 186 58 41 42 179
c 72 75 67 182 162
c 154 17 8 145 106
c 92 132 127 40 102
c 101 112 22 75 161
c 163 119 81 35 114
c 186 147 155 139 187
c 96 56 10 95 181
c 58 64 75 134 180
c 44 171 131 119 107
c 114 44 159 76 186
c 130 91 144 105 187
c 153 83 100 20 157
c 32 191 101 157 185
c 48 12 43 145 151
c 196 25 25 54 101
c 0 189 52 70 128
c 69 70 79 53 169
c 138 132 151 181 107
c 58 125 110 111 189
c 181 158 174 127 140
c 23 88 106 76 149
c 20 1 2 143 109
c 112 97 182 134 176
c 106 119 33 154 193
c 61 159 94 163 195
c 43 127 34 108 143
c 37 171 125 126 100
c 153 178 60 146 179
c 188 187 44 147 155
c 68 71 107 188 189
c 90 69 110 27 157
c 188 136 88 163 140
c 96 172 171 98 197
c 44 121 37 65 123
c 6 7 143 121 155
c 185 126 122 101 151
c 112 55 150 39 152
c 187 24 186 9 106
c 113 179 60 147 160
c 187 10 17 149 129
c 81 120 93 132 190
c 72 11 22 23 135
c 81 69 88 182 137
c 184 160 14 185 116
c 64 74 53 182 159
c 150 166 137 128 108
c 137 132 181 182 198
c 189 97 162 150 139
c 14 90 43 37 167
c 83 84 113 49 139
c 52 168 48 153 152
c 62 114 121 184 198
c 82 71 163 14 136
c 140 49 172 97 158
c 167 33 172 130 134
c 86 128 28 44 125
c 181 83 93 180 143
c 153 83 160 82 197
c 177 48 182 3 189
c 67 106 82 184 116
c 79 23 82 26 188
c 92 23 105 100 142
c 5 35 49 172 175
c 118 119 1 110 158
c 43 81 145 67 159
c 143 145 56 71 171
c 58 162 47 28 199
c 115 198 39 85 177
c 41 6 14 197 129
c 171 36 137 167 123
c 52 24 25 142 127
c 113 55 158 52 131
c 61 135 9 87 106
c 50 147 81 142 174
c 68 131 107 141 175
c 93 49 57 94 124
c 8 4 18 59 188
c 126 139 127 168 167
c 46 133 57 123 193
c 101 48 150 170 164
c 120 182 15 191 165
c 100 128 194 60 166
c 117 103 73 167 144
c 84 49 122 103 194
c 8 160 186 30 114
c 64 182 146 149 118
c 28 47 163 196 144
c 138 16 53 182 143
c 34 134 8 160 185
c 72 53 24 177 188
c 175 59 107 180 160
c 53 193 78 138 123
c 121 31 130 131 137
c 161 77 2 3 162
c 24 90 121 122 148
c 147 184 194 101 126
c 89 180 184 78 137
c 1 97 60 106 148
c 147 192 182 163 167
c 152 127 66 67 124
c 37 128 16 29 101
c 15 55 137 158 115
c 121 125 114 119 154
c 62 55 189 110 124
c 147 102 117 101 132
c 86 184 65 2 139
c 78 124 7 122 180
c 135 49 129 126 126
c 96 53 2 144 112
c 8 22 4 77 184
c 83 108 122 115 178
c 88 183 57 76 162
c 96 8 196 178 122
c 115 76 52 53 122
c 22 58 189 15 197
c 71 167 158 180 150
c 24 115 23 6 198
c 97 191 0 87 153
c 75 106 131 119 119
c 21 99 163 89 138
c 114 66 120 187 133
c 124 9 61 139 193
c 184 160 167 30 191
c 48 105 126 37 191
c 102 86 74 123 155
c 19 189 22 110 140
c 153 7 85 104 139
