notes: n=100, m=1980, elb=1, eub=20, density=0.2, conf_density=0.002, clb=25, cub= 125, seed= 7329
p spec 100 1980 3918
s 0
t 99
a 0 1 9
a 0 46 6
a 0 62 6
a 0 69 8
a 0 67 2
a 0 93 7
a 0 76 10
a 0 91 7
a 0 65 4
a 0 96 6
a 0 14 5
a 0 13 18
a 0 15 12
a 0 84 5
a 0 17 18
a 0 9 7
a 0 94 13
a 0 50 5
a 1 2 16
a 1 43 7
a 1 88 4
a 1 73 2
a 1 18 10
a 1 82 7
a 1 5 17
a 1 56 11
a 1 7 15
a 1 30 4
a 1 33 6
a 1 95 4
a 1 3 7
a 1 15 3
a 1 83 11
a 1 9 19
a 1 17 5
a 2 3 6
a 2 66 12
a 2 62 14
a 2 46 19
a 2 75 17
a 2 93 18
a 2 11 4
a 2 59 9
a 2 87 8
a 2 8 5
a 2 88 2
a 2 38 10
a 2 35 9
a 2 64 9
a 2 25 18
a 2 80 19
a 2 30 17
a 2 43 12
a 2 32 17
a 2 7 11
a 2 31 10
a 2 5 6
a 2 34 13
a 3 4 17
a 3 54 15
a 3 64 4
a 3 34 17
a 3 40 4
a 3 42 18
a 3 23 16
a 3 41 12
a 3 78 14
a 3 67 10
a 3 15 19
a 3 57 10
a 3 86 12
a 3 66 18
a 3 1 16
a 3 8 3
a 3 20 15
a 3 87 11
a 3 43 7
a 3 39 15
a 4 5 13
a 4 80 15
a 4 93 10
a 4 19 18
a 4 26 9
a 4 78 2
a 4 65 5
a 4 69 18
a 4 20 16
a 4 41 16
a 4 83 14
a 4 99 10
a 4 49 9
a 4 75 8
a 4 18 12
a 4 90 10
a 4 62 18
a 4 25 6
a 4 29 13
a 4 33 11
a 4 88 17
a 5 6 15
a 5 95 4
a 5 58 10
a 5 54 19
a 5 31 15
a 5 21 1
a 5 50 7
a 5 79 18
a 5 12 9
a 5 47 1
a 5 19 16
a 5 27 3
a 5 53 19
a 5 96 6
a 5 38 8
a 5 25 16
a 5 35 7
a 6 7 18
a 6 71 8
a 6 83 6
a 6 46 18
a 6 32 19
a 6 42 9
a 6 73 8
a 6 21 9
a 6 52 17
a 6 5 13
a 6 57 19
a 6 82 13
a 6 97 13
a 6 92 14
a 6 3 8
a 6 36 10
a 6 95 11
a 6 58 9
a 6 38 4
a 6 53 17
a 6 23 5
a 7 8 11
a 7 55 16
a 7 78 1
a 7 76 1
a 7 3 3
a 7 19 4
a 7 59 12
a 7 23 2
a 7 74 7
a 7 43 15
a 7 79 19
a 7 93 5
a 7 94 16
a 7 39 12
a 7 68 2
a 8 9 14
a 8 98 12
a 8 88 13
a 8 68 8
a 8 54 4
a 8 75 12
a 8 58 3
a 8 5 2
a 8 50 17
a 8 26 16
a 8 29 10
a 8 67 12
a 8 17 19
a 8 70 18
a 8 63 18
a 8 69 13
a 8 86 3
a 8 3 13
a 8 30 2
a 9 10 15
a 9 60 14
a 9 85 17
a 9 97 14
a 9 84 11
a 9 56 6
a 9 70 9
a 9 69 18
a 9 63 18
a 9 37 14
a 9 27 15
a 9 76 5
a 10 11 16
a 10 64 7
a 10 86 7
a 10 77 8
a 10 87 14
a 10 32 7
a 10 60 1
a 10 36 6
a 10 48 4
a 10 94 11
a 10 88 12
a 10 76 3
a 10 59 7
a 10 40 15
a 10 69 15
a 10 47 5
a 10 20 11
a 10 31 9
a 10 28 9
a 11 12 19
a 11 84 4
a 11 8 6
a 11 68 17
a 11 82 1
a 11 57 6
a 11 19 18
a 11 20 10
a 11 69 14
a 11 34 8
a 11 87 9
a 11 28 10
a 11 83 14
a 11 55 16
a 11 56 16
a 11 77 7
a 11 24 16
a 12 13 8
a 12 34 18
a 12 2 12
a 12 33 17
a 12 79 4
a 12 54 6
a 12 8 11
a 12 40 2
a 12 63 19
a 12 18 19
a 12 52 16
a 12 22 13
a 12 85 17
a 12 61 4
a 12 67 6
a 12 72 17
a 12 89 18
a 12 14 17
a 12 95 10
a 12 86 16
a 13 14 2
a 13 44 13
a 13 85 7
a 13 66 14
a 13 51 14
a 13 29 15
a 13 97 12
a 13 55 9
a 13 90 3
a 13 15 9
a 13 81 19
a 13 93 12
a 13 2 4
a 13 35 16
a 13 18 14
a 13 27 15
a 13 31 13
a 13 89 7
a 13 37 17
a 14 15 7
a 14 57 19
a 14 73 13
a 14 52 3
a 14 78 14
a 14 42 4
a 14 7 18
a 14 69 11
a 14 53 16
a 14 48 9
a 14 39 3
a 14 82 7
a 14 9 3
a 14 68 5
a 14 98 10
a 14 19 19
a 15 16 9
a 15 24 19
a 15 64 12
a 15 67 18
a 15 85 2
a 15 17 14
a 15 14 11
a 15 76 11
a 15 5 8
a 15 65 1
a 15 92 6
a 15 90 16
a 15 47 18
a 15 2 14
a 15 12 3
a 15 4 4
a 16 17 4
a 16 14 11
a 16 81 2
a 16 45 3
a 16 55 7
a 16 93 14
a 16 8 6
a 16 88 9
a 16 95 12
a 16 15 5
a 16 98 6
a 16 21 8
a 16 32 10
a 16 11 8
a 16 6 7
a 16 85 11
a 16 86 15
a 16 94 11
a 16 5 18
a 16 54 7
a 16 27 8
a 16 84 14
a 16 49 1
a 16 58 6
a 16 92 18
a 16 42 2
a 16 59 8
a 16 96 14
a 16 30 17
a 16 89 5
a 17 18 5
a 17 4 3
a 17 6 17
a 17 53 4
a 17 22 4
a 17 27 11
a 17 51 13
a 17 29 2
a 17 21 10
a 17 56 7
a 17 66 3
a 17 79 19
a 17 57 8
a 17 80 17
a 17 13 15
a 18 19 7
a 18 77 6
a 18 96 17
a 18 29 6
a 18 30 9
a 18 3 8
a 18 43 19
a 18 31 10
a 18 64 7
a 18 60 5
a 18 6 10
a 18 17 13
a 18 99 10
a 18 41 7
a 18 82 7
a 18 65 1
a 18 24 4
a 18 59 6
a 18 55 18
a 18 62 4
a 19 20 2
a 19 40 15
a 19 76 18
a 19 81 16
a 19 16 4
a 19 25 5
a 19 54 17
a 19 24 12
a 19 6 16
a 19 17 15
a 19 32 3
a 19 10 6
a 19 67 3
a 19 13 4
a 19 48 18
a 19 7 11
a 20 21 12
a 20 41 19
a 20 44 19
a 20 72 9
a 20 92 5
a 20 52 4
a 20 61 14
a 20 78 15
a 20 83 10
a 20 99 13
a 20 1 19
a 20 63 5
a 20 26 6
a 21 22 15
a 21 32 10
a 21 98 5
a 21 18 14
a 21 27 12
a 21 29 5
a 21 34 16
a 21 47 5
a 21 19 18
a 21 99 5
a 21 92 18
a 21 9 8
a 21 42 10
a 21 50 1
a 21 53 19
a 21 77 10
a 21 61 2
a 21 13 7
a 22 23 18
a 22 52 19
a 22 54 2
a 22 48 5
a 22 43 2
a 22 79 10
a 22 29 7
a 22 73 7
a 22 65 10
a 22 81 4
a 22 57 11
a 22 51 4
a 22 88 17
a 22 15 13
a 22 75 2
a 22 33 6
a 22 80 9
a 22 59 15
a 22 91 2
a 23 24 12
a 23 3 17
a 23 56 19
a 23 81 13
a 23 53 12
a 23 84 4
a 23 36 2
a 23 47 11
a 23 88 19
a 23 92 15
a 23 43 9
a 23 38 8
a 23 41 4
a 23 40 17
a 23 27 3
a 23 79 12
a 23 57 11
a 23 28 18
a 24 25 3
a 24 33 15
a 24 45 14
a 24 97 19
a 24 87 4
a 24 42 10
a 24 48 10
a 24 52 13
a 24 30 7
a 24 53 8
a 24 75 14
a 24 76 8
a 24 44 1
a 24 9 14
a 24 72 19
a 24 14 17
a 24 16 12
a 24 18 14
a 25 26 2
a 25 21 14
a 25 42 17
a 25 48 3
a 25 40 18
a 25 57 5
a 25 95 12
a 25 55 11
a 25 10 17
a 25 87 3
a 25 37 16
a 25 59 19
a 25 67 14
a 25 20 19
a 25 65 15
a 25 24 7
a 25 5 17
a 25 6 4
a 25 88 1
a 25 23 9
a 26 27 18
a 26 75 11
a 26 40 2
a 26 80 9
a 26 49 4
a 26 12 13
a 26 46 4
a 26 63 2
a 26 66 19
a 26 51 8
a 26 61 17
a 26 56 17
a 26 1 13
a 26 43 15
a 26 33 1
a 26 83 6
a 26 54 9
a 26 18 7
a 26 2 17
a 26 13 8
a 26 88 2
a 26 10 2
a 26 84 15
a 26 53 2
a 26 71 9
a 27 28 16
a 27 88 4
a 27 92 15
a 27 44 10
a 27 38 4
a 27 62 18
a 27 63 14
a 27 53 4
a 27 39 4
a 27 4 9
a 27 13 17
a 27 46 18
a 27 73 13
a 27 93 2
a 27 72 2
a 27 22 10
a 27 65 11
a 27 45 17
a 27 21 16
a 27 75 3
a 27 10 3
a 28 29 6
a 28 15 16
a 28 20 4
a 28 94 17
a 28 74 12
a 28 76 19
a 28 17 12
a 28 77 19
a 28 2 7
a 28 86 1
a 28 96 14
a 28 70 12
a 28 44 10
a 28 58 5
a 28 42 1
a 28 69 4
a 28 60 12
a 28 6 3
a 28 3 5
a 28 32 9
a 28 25 10
a 28 99 19
a 28 23 15
a 28 67 7
a 28 49 6
a 29 30 5
a 29 42 17
a 29 31 5
a 29 72 4
a 29 70 19
a 29 25 10
a 29 5 9
a 29 14 11
a 29 94 10
a 29 74 14
a 29 82 19
a 29 44 17
a 29 47 9
a 29 78 18
a 29 99 2
a 29 11 5
a 29 40 12
a 29 46 2
a 29 39 18
a 29 81 10
a 29 27 16
a 29 48 11
a 29 89 4
a 29 86 12
a 30 31 5
a 30 71 6
a 30 84 8
a 30 25 6
a 30 93 2
a 30 3 14
a 30 88 5
a 30 10 16
a 30 85 13
a 30 54 5
a 30 45 16
a 30 34 15
a 30 6 18
a 30 42 15
a 30 62 15
a 30 83 18
a 30 37 4
a 30 55 18
a 31 32 8
a 31 83 2
a 31 16 10
a 31 89 4
a 31 46 3
a 31 96 2
a 31 49 7
a 31 27 15
a 31 59 18
a 31 39 14
a 31 14 7
a 31 64 16
a 31 4 2
a 31 2 18
a 31 66 14
a 31 30 6
a 31 67 17
a 31 65 15
a 31 28 2
a 31 82 14
a 31 1 5
a 31 58 19
a 32 33 11
a 32 15 8
a 32 96 7
a 32 62 12
a 32 97 12
a 32 53 7
a 32 58 2
a 32 2 17
a 32 14 15
a 32 51 15
a 32 48 9
a 32 37 5
a 32 52 1
a 32 92 3
a 32 65 10
a 32 76 4
a 32 41 12
a 32 79 9
a 32 87 5
a 32 4 5
a 32 64 18
a 32 90 14
a 33 34 15
a 33 72 17
a 33 51 18
a 33 97 19
a 33 67 3
a 33 76 1
a 33 47 3
a 33 79 17
a 33 49 13
a 33 20 13
a 33 23 17
a 33 26 12
a 33 99 4
a 33 68 19
a 33 71 14
a 33 62 19
a 33 89 15
a 33 14 2
a 33 41 3
a 33 32 13
a 33 36 10
a 33 38 14
a 33 93 14
a 33 27 18
a 34 35 15
a 34 40 12
a 34 19 7
a 34 53 17
a 34 23 4
a 34 10 5
a 34 32 15
a 34 14 10
a 34 38 10
a 34 61 5
a 34 11 7
a 34 81 16
a 34 99 2
a 34 86 16
a 34 68 12
a 34 42 8
a 34 15 1
a 34 88 17
a 34 91 17
a 35 36 12
a 35 50 19
a 35 80 9
a 35 95 4
a 35 96 1
a 35 30 2
a 35 45 11
a 35 17 18
a 35 74 12
a 35 4 7
a 35 3 19
a 35 44 2
a 35 86 8
a 35 72 6
a 35 76 17
a 35 77 15
a 35 27 2
a 35 13 1
a 36 37 13
a 36 96 12
a 36 38 18
a 36 97 19
a 36 24 1
a 36 72 10
a 36 23 10
a 36 29 13
a 36 26 14
a 36 12 11
a 36 81 5
a 36 77 14
a 36 42 2
a 36 45 11
a 36 35 7
a 36 83 2
a 36 43 13
a 36 55 8
a 37 38 1
a 37 33 19
a 37 28 3
a 37 3 8
a 37 1 11
a 37 89 12
a 37 70 16
a 37 41 5
a 37 62 5
a 37 55 17
a 37 95 5
a 37 72 7
a 37 58 7
a 37 8 10
a 37 53 12
a 37 11 13
a 37 20 17
a 37 32 14
a 38 39 17
a 38 88 5
a 38 14 9
a 38 20 15
a 38 5 5
a 38 9 16
a 38 21 11
a 38 43 5
a 38 19 10
a 38 36 1
a 38 16 3
a 38 60 18
a 38 79 2
a 38 37 9
a 38 15 4
a 38 29 18
a 38 68 19
a 38 18 4
a 38 26 18
a 38 95 2
a 38 62 3
a 39 40 9
a 39 10 5
a 39 98 13
a 39 55 6
a 39 11 4
a 39 71 12
a 39 99 8
a 39 97 2
a 39 41 2
a 39 29 3
a 39 95 14
a 40 41 8
a 40 70 8
a 40 78 11
a 40 69 6
a 40 42 11
a 40 20 14
a 40 73 9
a 40 77 9
a 40 29 15
a 40 25 5
a 40 6 8
a 40 97 17
a 40 79 16
a 40 28 18
a 40 12 3
a 40 74 14
a 40 2 12
a 40 57 5
a 40 10 12
a 40 30 10
a 40 98 7
a 40 96 3
a 40 55 14
a 40 85 2
a 40 52 2
a 41 42 7
a 41 9 16
a 41 67 16
a 41 38 5
a 41 57 8
a 41 21 2
a 41 43 19
a 41 84 15
a 41 89 5
a 41 71 11
a 41 27 10
a 41 98 5
a 41 2 2
a 41 51 2
a 41 75 15
a 41 5 19
a 41 87 15
a 41 23 16
a 42 43 14
a 42 47 4
a 42 8 5
a 42 56 5
a 42 44 3
a 42 84 17
a 42 5 11
a 42 2 13
a 42 61 12
a 42 34 3
a 42 70 19
a 42 3 11
a 42 21 19
a 42 31 19
a 42 78 13
a 42 12 14
a 42 32 16
a 42 93 14
a 42 37 16
a 42 51 18
a 42 39 9
a 42 86 15
a 42 62 18
a 42 77 10
a 42 83 15
a 42 4 8
a 42 76 10
a 43 44 4
a 43 96 14
a 43 71 14
a 43 34 19
a 43 46 19
a 43 82 7
a 43 99 13
a 43 59 2
a 43 45 6
a 43 9 1
a 43 36 13
a 43 42 12
a 43 31 12
a 43 70 9
a 43 21 13
a 43 1 4
a 43 16 1
a 43 28 5
a 43 68 8
a 43 17 12
a 43 93 9
a 43 12 10
a 44 45 12
a 44 14 10
a 44 71 19
a 44 60 8
a 44 5 15
a 44 2 3
a 44 57 14
a 44 49 14
a 44 54 10
a 44 67 18
a 44 41 16
a 44 27 11
a 44 90 18
a 44 58 13
a 45 46 11
a 45 18 9
a 45 19 12
a 45 14 9
a 45 52 16
a 45 56 14
a 45 77 12
a 45 74 13
a 45 42 3
a 45 30 12
a 45 95 1
a 45 35 1
a 45 39 17
a 45 41 16
a 45 16 12
a 45 38 1
a 45 20 4
a 46 47 11
a 46 82 1
a 46 28 15
a 46 8 2
a 46 79 18
a 46 75 6
a 46 31 19
a 46 39 9
a 46 27 8
a 46 15 6
a 46 30 10
a 46 68 16
a 46 32 10
a 46 64 13
a 46 95 11
a 46 81 14
a 46 70 18
a 46 76 4
a 46 13 11
a 46 16 5
a 46 86 3
a 46 9 18
a 46 88 2
a 46 98 16
a 46 57 6
a 47 48 7
a 47 73 14
a 47 90 4
a 47 1 10
a 47 99 4
a 47 41 8
a 47 93 2
a 47 17 15
a 47 94 2
a 47 92 1
a 47 81 8
a 47 29 8
a 47 14 7
a 47 95 13
a 47 74 5
a 47 68 10
a 47 51 15
a 48 49 19
a 48 28 2
a 48 10 13
a 48 67 10
a 48 59 7
a 48 9 9
a 48 15 12
a 48 74 11
a 48 35 9
a 48 96 2
a 48 2 15
a 48 53 14
a 48 86 6
a 48 17 1
a 48 92 13
a 48 1 5
a 48 57 19
a 48 4 4
a 48 32 8
a 48 84 6
a 48 55 5
a 48 22 17
a 49 50 18
a 49 71 1
a 49 24 17
a 49 33 16
a 49 81 19
a 49 84 14
a 49 99 12
a 49 37 3
a 49 64 17
a 49 96 11
a 49 35 14
a 49 62 7
a 49 29 2
a 49 19 1
a 49 95 17
a 49 92 7
a 50 51 16
a 50 79 19
a 50 94 15
a 50 72 6
a 50 26 9
a 50 49 1
a 50 28 9
a 50 12 10
a 50 62 19
a 50 53 8
a 50 44 7
a 50 75 8
a 50 70 16
a 50 4 19
a 51 52 5
a 51 97 17
a 51 87 3
a 51 74 7
a 51 35 19
a 51 63 13
a 51 75 8
a 51 37 8
a 51 2 11
a 51 48 18
a 51 28 12
a 51 82 8
a 51 9 14
a 51 50 10
a 51 16 6
a 51 33 5
a 51 91 16
a 51 61 3
a 52 53 19
a 52 51 7
a 52 82 19
a 52 97 15
a 52 90 16
a 52 30 5
a 52 10 10
a 52 14 16
a 52 29 3
a 52 8 16
a 52 69 9
a 52 64 15
a 52 87 9
a 52 26 4
a 52 76 9
a 52 44 1
a 52 17 7
a 52 91 2
a 52 21 12
a 52 22 12
a 52 38 4
a 52 11 4
a 52 81 10
a 52 24 6
a 52 73 15
a 52 99 12
a 52 55 11
a 53 54 10
a 53 85 6
a 53 11 18
a 53 46 12
a 53 60 18
a 53 36 10
a 53 29 11
a 53 21 4
a 53 27 19
a 53 75 10
a 53 41 10
a 53 61 12
a 53 52 6
a 53 38 17
a 53 71 8
a 53 59 5
a 53 64 9
a 54 55 11
a 54 39 12
a 54 32 8
a 54 61 2
a 54 84 18
a 54 22 4
a 54 66 8
a 54 38 7
a 54 45 2
a 54 26 19
a 54 13 2
a 54 83 14
a 54 50 14
a 54 3 1
a 54 4 10
a 54 7 5
a 54 59 9
a 54 74 14
a 54 19 13
a 54 70 5
a 54 86 16
a 54 96 10
a 54 79 12
a 54 71 8
a 54 31 13
a 54 97 16
a 54 8 13
a 55 56 11
a 55 24 14
a 55 48 13
a 55 34 4
a 55 20 12
a 55 91 11
a 55 45 13
a 55 88 19
a 55 99 13
a 55 33 5
a 55 80 7
a 55 18 8
a 55 39 8
a 55 13 6
a 55 93 15
a 55 63 17
a 55 21 14
a 55 1 13
a 55 60 12
a 55 3 19
a 55 29 13
a 55 47 16
a 55 25 15
a 55 44 2
a 55 77 11
a 55 42 19
a 56 57 8
a 56 5 12
a 56 50 13
a 56 51 13
a 56 54 16
a 56 36 19
a 56 15 5
a 56 21 6
a 56 8 1
a 56 94 5
a 56 52 7
a 56 20 16
a 57 58 10
a 57 1 3
a 57 41 13
a 57 18 18
a 57 97 8
a 57 90 14
a 57 67 7
a 57 54 17
a 57 38 15
a 57 83 13
a 57 84 15
a 57 12 15
a 57 39 19
a 57 74 5
a 57 78 7
a 57 89 7
a 57 32 19
a 57 29 8
a 57 66 6
a 57 61 15
a 57 25 5
a 57 27 8
a 58 59 5
a 58 5 10
a 58 20 9
a 58 47 12
a 58 14 8
a 58 86 16
a 58 97 6
a 58 82 3
a 58 69 4
a 58 57 3
a 58 19 18
a 58 44 4
a 58 60 9
a 58 28 5
a 58 62 17
a 58 65 7
a 58 1 11
a 58 73 12
a 58 17 16
a 58 54 6
a 58 36 7
a 58 30 5
a 58 80 13
a 58 43 15
a 59 60 12
a 59 68 1
a 59 77 17
a 59 73 5
a 59 1 11
a 59 7 2
a 59 25 5
a 59 16 19
a 59 88 1
a 59 84 3
a 59 72 1
a 59 65 6
a 59 28 13
a 59 75 11
a 59 18 5
a 59 23 18
a 59 43 18
a 59 50 17
a 59 89 13
a 59 64 13
a 59 70 18
a 59 12 9
a 59 80 5
a 60 61 5
a 60 69 18
a 60 58 9
a 60 74 19
a 60 87 19
a 60 97 14
a 60 36 8
a 60 79 11
a 60 6 9
a 60 81 9
a 60 75 19
a 60 14 15
a 60 62 18
a 60 89 10
a 60 49 1
a 60 67 18
a 60 99 2
a 60 47 9
a 60 93 2
a 60 43 17
a 61 62 10
a 61 97 13
a 61 31 3
a 61 10 11
a 61 29 17
a 61 37 8
a 61 32 16
a 61 83 13
a 61 99 12
a 61 19 9
a 61 86 18
a 61 12 16
a 61 50 3
a 61 85 4
a 61 34 16
a 61 71 2
a 61 23 4
a 61 1 17
a 61 14 16
a 62 63 17
a 62 56 16
a 62 54 19
a 62 39 14
a 62 2 8
a 62 60 6
a 62 96 2
a 62 89 17
a 62 10 5
a 62 84 10
a 62 35 16
a 62 29 3
a 62 40 6
a 62 64 4
a 62 78 3
a 62 52 16
a 62 99 19
a 62 65 18
a 62 3 19
a 62 94 6
a 62 31 18
a 62 15 5
a 63 64 7
a 63 43 3
a 63 38 9
a 63 80 2
a 63 34 16
a 63 49 13
a 63 69 17
a 63 68 7
a 63 44 13
a 63 47 8
a 63 78 8
a 63 48 6
a 63 11 1
a 63 93 6
a 63 92 12
a 63 90 13
a 63 55 3
a 63 70 5
a 63 72 19
a 63 6 11
a 63 10 3
a 63 17 2
a 63 25 6
a 63 14 8
a 63 76 17
a 63 71 19
a 63 33 5
a 64 65 18
a 64 20 18
a 64 98 9
a 64 84 10
a 64 36 5
a 64 78 7
a 64 55 4
a 64 42 5
a 64 79 7
a 64 43 13
a 64 37 4
a 64 30 2
a 64 19 11
a 64 5 3
a 64 51 8
a 64 48 5
a 64 77 3
a 64 66 13
a 64 4 2
a 65 66 1
a 65 7 7
a 65 36 4
a 65 85 7
a 65 98 18
a 65 78 11
a 65 21 1
a 65 42 13
a 65 8 10
a 65 19 4
a 65 56 8
a 65 44 18
a 66 67 13
a 66 91 14
a 66 6 9
a 66 44 10
a 66 55 13
a 66 75 13
a 66 32 15
a 66 56 12
a 66 78 11
a 66 39 5
a 66 31 6
a 66 46 2
a 66 51 11
a 66 47 8
a 66 43 12
a 66 62 15
a 66 33 16
a 66 38 2
a 66 99 4
a 66 64 2
a 66 21 9
a 67 68 13
a 67 42 9
a 67 69 12
a 67 8 12
a 67 48 19
a 67 52 9
a 67 71 15
a 67 80 14
a 67 98 12
a 67 18 11
a 67 58 4
a 67 99 6
a 67 60 18
a 67 55 8
a 67 20 17
a 67 19 11
a 67 37 9
a 67 23 11
a 67 21 13
a 67 78 1
a 67 3 18
a 67 90 18
a 68 69 3
a 68 81 16
a 68 10 15
a 68 52 6
a 68 57 8
a 68 60 4
a 68 3 5
a 68 40 6
a 68 80 2
a 68 8 18
a 68 59 16
a 68 35 6
a 68 4 17
a 68 32 16
a 68 39 13
a 69 70 18
a 69 54 14
a 69 63 4
a 69 97 4
a 69 66 17
a 69 68 9
a 69 87 18
a 69 76 16
a 69 88 12
a 69 91 10
a 69 37 13
a 69 27 4
a 69 21 12
a 69 47 11
a 69 81 12
a 69 41 11
a 69 67 10
a 69 35 5
a 69 17 19
a 69 34 6
a 70 71 14
a 70 23 9
a 70 49 1
a 70 38 9
a 70 97 14
a 70 2 2
a 70 8 7
a 70 52 16
a 70 31 11
a 70 73 16
a 70 64 9
a 70 82 17
a 70 78 15
a 70 26 17
a 70 44 6
a 70 87 16
a 70 41 17
a 70 85 17
a 70 92 1
a 70 42 17
a 70 3 12
a 70 1 13
a 70 63 19
a 70 84 2
a 71 72 4
a 71 5 4
a 71 90 1
a 71 59 10
a 71 18 16
a 71 82 8
a 71 35 8
a 71 99 14
a 71 53 12
a 71 76 3
a 71 94 8
a 71 89 11
a 71 69 9
a 71 24 10
a 71 6 7
a 71 43 12
a 71 51 17
a 71 50 10
a 71 48 5
a 71 27 19
a 72 73 15
a 72 98 13
a 72 21 13
a 72 84 17
a 72 99 19
a 72 41 13
a 72 39 4
a 72 63 11
a 72 79 8
a 72 91 19
a 72 45 15
a 72 2 19
a 72 97 14
a 72 10 11
a 72 35 13
a 72 64 16
a 72 11 5
a 72 88 2
a 72 19 16
a 72 77 10
a 72 13 18
a 72 81 18
a 73 74 18
a 73 7 8
a 73 24 17
a 73 48 10
a 73 56 13
a 73 63 3
a 73 14 7
a 73 33 19
a 73 26 7
a 73 89 17
a 73 68 17
a 73 64 8
a 73 83 1
a 73 18 18
a 73 27 19
a 73 17 5
a 73 86 11
a 73 42 17
a 73 31 16
a 73 55 3
a 73 62 3
a 74 75 6
a 74 53 19
a 74 77 1
a 74 10 5
a 74 93 1
a 74 47 13
a 74 32 9
a 74 99 5
a 74 92 2
a 74 70 3
a 74 14 10
a 74 27 1
a 74 31 12
a 74 5 1
a 74 66 15
a 74 64 4
a 74 6 9
a 74 52 13
a 74 90 19
a 74 1 14
a 74 78 3
a 75 76 6
a 75 63 14
a 75 85 1
a 75 79 19
a 75 84 15
a 75 98 6
a 75 65 3
a 75 24 12
a 75 31 19
a 75 83 4
a 75 39 4
a 75 23 7
a 75 96 17
a 75 37 14
a 75 92 16
a 75 93 7
a 75 68 12
a 75 61 11
a 76 77 16
a 76 41 1
a 76 45 15
a 76 7 1
a 76 30 5
a 76 70 18
a 76 51 18
a 76 55 14
a 76 24 17
a 76 95 3
a 76 44 17
a 76 25 13
a 76 52 6
a 76 23 18
a 76 10 5
a 76 78 3
a 76 60 16
a 76 85 3
a 76 37 15
a 76 33 9
a 76 11 17
a 76 14 18
a 76 12 18
a 76 72 3
a 76 66 6
a 76 65 9
a 77 78 5
a 77 22 13
a 77 47 14
a 77 68 17
a 77 38 8
a 77 2 10
a 77 87 5
a 77 55 13
a 77 73 7
a 77 83 17
a 77 84 14
a 77 95 12
a 77 34 14
a 77 86 1
a 77 66 13
a 77 67 17
a 77 18 4
a 77 52 9
a 77 44 5
a 78 79 5
a 78 27 7
a 78 94 15
a 78 88 10
a 78 21 5
a 78 60 13
a 78 49 3
a 78 13 3
a 78 30 13
a 78 10 7
a 78 29 8
a 78 23 16
a 78 70 3
a 78 19 3
a 78 68 16
a 78 34 3
a 78 45 18
a 78 1 8
a 78 53 3
a 78 59 5
a 78 81 19
a 78 75 6
a 78 43 18
a 79 80 7
a 79 83 4
a 79 4 12
a 79 67 10
a 79 33 13
a 79 84 5
a 79 17 12
a 79 39 1
a 79 54 19
a 79 12 9
a 79 69 19
a 79 26 6
a 79 86 17
a 79 23 8
a 79 10 1
a 79 38 12
a 79 40 8
a 80 81 18
a 80 96 12
a 80 88 6
a 80 77 5
a 80 37 8
a 80 19 9
a 80 18 8
a 80 47 14
a 80 3 8
a 80 36 18
a 80 63 1
a 80 99 19
a 80 26 7
a 80 2 16
a 80 24 6
a 80 16 18
a 80 7 14
a 80 67 5
a 80 69 11
a 80 90 1
a 80 76 1
a 80 87 2
a 80 31 11
a 81 82 2
a 81 70 17
a 81 49 7
a 81 87 19
a 81 84 17
a 81 75 9
a 81 1 15
a 81 38 12
a 81 47 19
a 81 25 12
a 81 44 13
a 81 89 6
a 81 29 9
a 81 58 14
a 81 80 10
a 81 90 14
a 81 51 1
a 81 68 7
a 81 21 8
a 81 5 19
a 81 97 14
a 81 63 15
a 81 74 3
a 81 48 13
a 82 83 3
a 82 65 8
a 82 61 1
a 82 63 4
a 82 73 12
a 82 19 9
a 82 33 9
a 82 27 7
a 82 74 11
a 82 69 19
a 82 45 3
a 82 49 4
a 82 7 15
a 82 91 12
a 82 22 8
a 82 54 19
a 82 64 9
a 82 10 15
a 82 18 16
a 82 28 16
a 82 39 18
a 82 57 18
a 82 23 4
a 82 51 2
a 82 67 19
a 82 78 14
a 82 29 10
a 82 58 15
a 83 84 12
a 83 76 5
a 83 63 15
a 83 4 10
a 83 88 19
a 83 39 19
a 83 28 1
a 83 80 18
a 83 64 15
a 83 1 10
a 83 42 18
a 83 3 9
a 83 26 14
a 83 17 15
a 83 98 13
a 83 86 16
a 83 50 16
a 83 24 2
a 83 62 3
a 84 85 17
a 84 11 9
a 84 90 9
a 84 41 3
a 84 79 11
a 84 42 10
a 84 86 4
a 84 46 12
a 84 64 19
a 84 82 3
a 84 25 1
a 84 96 14
a 84 29 15
a 84 59 4
a 84 49 14
a 84 56 14
a 84 24 4
a 84 48 7
a 84 74 13
a 84 66 15
a 84 88 14
a 85 86 1
a 85 76 9
a 85 45 17
a 85 94 1
a 85 90 2
a 85 19 18
a 85 81 8
a 85 38 2
a 85 59 19
a 85 12 1
a 85 46 1
a 85 65 15
a 85 55 7
a 85 39 11
a 85 68 2
a 85 63 4
a 85 78 12
a 85 14 2
a 85 77 15
a 85 69 7
a 85 53 12
a 85 64 17
a 85 89 19
a 85 2 7
a 85 70 11
a 85 28 2
a 86 87 2
a 86 17 17
a 86 51 4
a 86 39 1
a 86 99 2
a 86 53 18
a 86 68 19
a 86 46 1
a 86 36 1
a 86 14 18
a 86 48 6
a 86 29 17
a 86 44 7
a 86 69 19
a 86 61 8
a 86 50 3
a 86 88 2
a 86 11 8
a 86 10 1
a 87 88 11
a 87 33 6
a 87 17 1
a 87 24 3
a 87 78 19
a 87 53 2
a 87 80 4
a 87 69 15
a 87 47 15
a 87 61 7
a 87 27 17
a 87 14 3
a 87 92 3
a 87 84 5
a 87 51 4
a 87 63 10
a 87 11 10
a 88 89 5
a 88 21 6
a 88 37 7
a 88 75 11
a 88 44 7
a 88 91 17
a 88 70 18
a 88 32 11
a 88 6 9
a 88 54 15
a 88 38 12
a 88 95 8
a 88 61 15
a 88 71 11
a 88 87 3
a 88 7 6
a 88 16 9
a 88 2 9
a 89 90 17
a 89 68 9
a 89 46 2
a 89 16 14
a 89 25 12
a 89 74 15
a 89 22 4
a 89 34 12
a 89 5 10
a 89 20 11
a 89 45 10
a 89 42 16
a 89 7 2
a 89 91 16
a 89 63 14
a 89 84 10
a 89 83 5
a 89 64 10
a 89 77 6
a 89 49 17
a 90 91 11
a 90 78 9
a 90 70 13
a 90 50 18
a 90 94 13
a 90 35 6
a 90 87 11
a 90 67 9
a 90 13 6
a 90 5 17
a 90 42 3
a 90 9 10
a 90 14 3
a 90 30 9
a 90 19 6
a 90 20 18
a 90 29 6
a 90 37 9
a 90 88 16
a 90 97 1
a 90 32 2
a 90 21 1
a 90 80 5
a 90 73 1
a 90 38 7
a 90 16 11
a 90 1 8
a 91 92 12
a 91 26 4
a 91 46 9
a 91 39 2
a 91 73 15
a 91 9 11
a 91 25 14
a 91 51 19
a 91 86 7
a 91 30 4
a 91 55 13
a 91 40 18
a 91 53 2
a 91 58 12
a 91 29 8
a 91 38 13
a 91 1 8
a 91 62 10
a 91 93 13
a 91 6 1
a 92 93 7
a 92 28 15
a 92 35 13
a 92 62 9
a 92 59 14
a 92 32 10
a 92 67 11
a 92 16 7
a 92 31 4
a 92 60 16
a 92 69 2
a 92 33 10
a 92 83 7
a 92 26 19
a 92 68 3
a 92 54 9
a 93 94 17
a 93 27 19
a 93 52 5
a 93 22 19
a 93 71 3
a 93 51 18
a 93 74 6
a 93 12 7
a 93 87 10
a 93 7 18
a 93 84 11
a 93 91 15
a 93 70 16
a 93 61 4
a 93 80 3
a 93 60 11
a 93 6 8
a 93 34 14
a 93 65 6
a 94 95 7
a 94 86 15
a 94 14 14
a 94 99 17
a 94 41 2
a 94 98 16
a 94 78 16
a 94 32 9
a 94 9 2
a 94 24 15
a 94 45 18
a 95 96 15
a 95 9 7
a 95 41 2
a 95 11 6
a 95 1 16
a 95 92 4
a 95 25 8
a 95 78 17
a 95 10 16
a 95 42 8
a 95 53 6
a 95 75 10
a 95 6 4
a 95 43 12
a 95 87 7
a 95 72 2
a 95 94 1
a 95 15 4
a 95 2 16
a 95 90 7
a 95 26 17
a 96 97 17
a 96 95 10
a 96 85 8
a 96 13 12
a 96 37 18
a 96 40 5
a 96 4 12
a 96 60 7
a 96 77 1
a 96 17 7
a 96 41 5
a 96 74 10
a 96 86 1
a 96 62 6
a 96 80 9
a 96 8 18
a 96 49 8
a 97 98 1
a 97 46 5
a 97 24 14
a 97 31 12
a 97 27 2
a 97 62 14
a 97 51 18
a 97 67 14
a 97 74 16
a 97 61 11
a 97 79 5
a 97 80 1
a 97 90 5
a 97 68 19
a 97 84 15
a 97 60 12
a 97 28 12
a 97 48 1
a 97 47 12
a 97 69 16
a 97 86 8
a 97 92 10
a 97 18 7
a 97 56 1
a 97 95 10
a 97 7 19
a 97 58 11
a 97 45 2
a 97 19 17
a 97 63 1
a 98 99 13
a 98 73 8
a 98 67 15
a 98 26 4
a 98 47 18
a 98 87 16
a 98 90 6
a 98 43 2
a 98 54 6
a 98 77 8
a 98 71 8
a 98 10 19
a 98 15 19
a 98 23 12
a 98 21 5
a 98 91 10
a 98 84 8
a 98 40 12
a 98 76 3
a 98 53 7
c 35 86 94 78 57
c 50 62 73 68 124
c 18 17 10 86 97
c 75 85 58 54 72
c 53 85 76 77 80
c 46 16 21 18 32
c 22 91 57 12 116
c 81 84 26 12 66
c 14 57 66 78 104
c 85 28 48 96 37
c 80 88 53 27 37
c 42 21 46 88 55
c 14 98 63 47 96
c 38 36 93 7 120
c 53 75 61 31 65
c 82 22 56 94 123
c 84 56 51 16 93
c 35 95 77 34 79
c 54 45 33 41 31
c 17 22 42 5 106
c 19 32 22 75 49
c 12 79 90 50 27
c 13 85 80 67 62
c 5 31 26 43 51
c 82 22 4 41 28
c 43 36 76 52 36
c 6 92 85 68 58
c 97 62 62 39 60
c 71 24 76 72 30
c 77 68 43 42 38
c 28 69 71 27 103
c 82 49 83 28 55
c 73 56 28 29 59
c 19 20 10 40 90
c 53 52 23 56 89
c 46 70 86 39 42
c 30 84 31 32 116
c 14 78 44 60 94
c 61 10 33 14 101
c 29 81 3 20 67
c 48 86 1 15 101
c 67 60 42 21 49
c 33 36 10 64 78
c 77 34 16 86 120
c 97 80 52 22 86
c 41 43 77 84 107
c 3 54 40 79 124
c 28 49 86 14 99
c 36 97 24 44 96
c 70 87 11 77 30
c 84 85 47 99 38
c 24 42 85 59 86
c 48 74 77 66 89
c 69 87 23 28 120
c 23 3 9 37 77
c 66 43 49 92 91
c 19 16 15 5 66
c 86 39 70 23 52
c 27 28 40 98 117
c 61 12 14 7 66
c 53 85 87 14 79
c 74 99 6 32 93
c 90 88 62 3 27
c 35 4 74 77 109
c 56 94 70 26 105
c 3 41 76 14 71
c 61 85 78 43 28
c 62 31 7 43 74
c 38 68 46 13 98
c 50 79 10 28 97
c 79 38 89 63 75
c 24 30 51 63 45
c 44 67 48 96 40
c 98 47 29 5 87
c 65 44 31 59 105
c 57 1 74 77 107
c 5 53 79 26 80
c 96 86 52 10 98
c 17 29 80 99 26
c 52 8 57 97 101
c 92 16 60 61 81
c 34 23 30 88 71
c 58 59 73 26 42
c 70 1 49 64 64
c 94 24 77 84 26
c 7 68 27 10 69
c 50 26 55 80 25
c 79 33 55 45 115
c 95 25 28 44 96
c 70 1 41 21 97
c 59 80 58 62 85
c 50 79 26 66 75
c 78 27 7 3 29
c 76 51 17 53 111
c 55 48 73 68 86
c 61 97 51 97 43
c 51 52 76 14 107
c 85 68 73 56 45
c 35 4 97 58 117
c 62 35 98 67 123
c 16 86 52 10 108
c 22 43 51 37 53
c 29 74 76 45 105
c 31 30 70 3 38
c 70 3 25 24 111
c 8 70 1 30 48
c 51 9 67 58 46
c 85 70 74 70 54
c 69 66 63 72 78
c 7 39 52 69 92
c 95 6 10 59 97
c 8 70 72 98 92
c 85 2 10 36 88
c 34 40 7 93 51
c 80 88 16 59 120
c 88 38 27 39 87
c 17 18 84 82 31
c 46 86 69 70 45
c 23 88 97 18 36
c 1 30 59 70 66
c 92 68 12 86 93
c 72 45 63 11 87
c 26 12 66 31 118
c 7 76 12 14 89
c 16 49 6 46 25
c 15 92 26 10 78
c 85 12 40 30 55
c 28 49 59 73 45
c 11 82 64 36 121
c 77 78 25 40 97
c 63 43 97 46 101
c 26 84 69 91 121
c 12 85 59 89 114
c 58 82 32 96 29
c 37 89 20 83 119
c 89 91 72 79 94
c 37 20 92 67 90
c 1 30 90 97 122
c 73 74 35 30 116
c 19 20 84 25 119
c 66 99 70 97 100
c 75 79 95 90 62
c 7 94 45 35 44
c 8 30 90 19 120
c 92 62 53 29 26
c 77 34 11 55 42
c 36 72 83 26 50
c 59 75 30 83 60
c 1 73 16 5 37
c 7 19 10 88 36
c 9 60 46 47 118
c 78 27 37 38 56
c 86 50 95 75 97
c 12 85 61 19 62
c 63 92 83 28 48
c 31 67 42 84 92
c 31 46 33 34 73
c 31 67 96 40 87
c 43 12 34 68 31
c 86 69 84 29 83
c 63 48 2 64 48
c 91 62 35 27 72
c 35 17 27 88 79
c 42 5 70 3 121
c 18 30 28 42 28
c 95 90 66 99 103
c 15 92 83 76 30
c 88 70 1 9 61
c 98 84 95 75 114
c 5 31 14 52 116
c 39 95 62 89 82
c 12 95 35 80 35
c 62 65 31 66 78
c 93 27 94 32 121
c 32 14 72 11 58
c 19 40 29 42 35
c 88 37 70 84 37
c 29 42 1 18 96
c 53 71 90 78 77
c 98 91 35 77 121
c 67 68 32 33 61
c 78 1 25 59 83
c 45 39 81 51 55
c 41 51 93 65 108
c 46 8 84 64 60
c 79 40 62 84 70
c 31 46 9 69 40
c 62 10 7 23 111
c 98 40 14 53 117
c 74 47 20 78 101
c 37 20 46 13 27
c 55 88 77 2 56
c 62 96 97 27 88
c 18 59 57 41 38
c 70 85 9 85 43
c 34 81 92 35 65
c 9 84 37 8 65
c 1 9 67 58 35
c 86 61 50 53 35
c 0 84 48 22 36
c 80 19 49 37 36
c 85 69 24 76 59
c 62 63 53 21 54
c 23 47 52 26 32
c 27 38 85 68 76
c 32 58 46 70 92
c 80 81 10 40 75
c 22 23 73 27 116
c 10 59 59 88 58
c 20 26 33 76 79
c 97 84 44 49 101
c 35 13 52 87 82
c 19 24 57 1 83
c 59 89 32 97 49
c 69 21 87 63 68
c 0 9 63 71 77
c 70 3 32 14 93
c 62 40 24 33 114
c 91 93 67 23 114
c 26 63 64 4 120
c 53 46 73 24 27
c 76 33 32 87 54
c 83 62 23 47 89
c 38 21 72 88 55
c 43 16 58 19 31
c 58 73 33 27 96
c 94 9 66 33 98
c 82 22 58 57 38
c 76 95 80 18 54
c 32 96 67 37 120
c 98 26 8 17 61
c 79 86 33 99 74
c 74 32 0 13 97
c 74 5 71 5 93
c 34 14 63 43 110
c 82 22 16 32 45
c 61 37 84 74 117
c 63 80 38 36 30
c 81 97 52 29 120
c 97 19 17 27 42
c 10 94 89 7 86
c 96 85 19 16 121
c 32 64 10 88 106
c 63 92 13 51 92
c 58 20 76 44 88
c 85 53 56 54 39
c 72 21 63 71 91
c 47 68 27 53 108
c 58 1 29 46 105
c 67 98 97 62 36
c 70 73 27 88 89
c 8 69 13 85 35
c 45 19 29 78 46
c 52 51 38 16 77
c 12 33 69 63 68
c 31 49 52 99 45
c 38 39 64 48 27
c 6 95 89 90 47
c 80 81 29 99 62
c 19 40 7 23 71
c 6 71 13 37 122
c 78 70 46 30 85
c 82 45 64 19 92
c 66 64 7 8 53
c 58 73 41 67 80
c 31 65 51 61 105
c 6 71 89 42 55
c 51 75 62 39 70
c 53 36 16 45 48
c 6 83 90 29 86
c 95 9 64 84 118
c 7 39 34 11 30
c 57 61 98 76 61
c 33 71 46 15 70
c 8 67 43 31 106
c 13 93 29 40 64
c 43 31 83 1 37
c 12 34 78 21 109
c 52 29 79 38 29
c 87 24 58 43 112
c 72 79 80 37 113
c 48 84 79 84 44
c 96 77 48 15 56
c 42 56 71 48 40
c 38 26 93 71 78
c 17 80 89 45 95
c 82 69 29 72 100
c 26 84 88 21 55
c 60 89 80 69 114
c 10 48 32 79 103
c 68 80 60 75 59
c 70 8 66 99 88
c 4 29 45 14 53
c 3 86 57 83 85
c 82 64 81 49 26
c 90 20 57 97 38
c 52 64 31 27 35
c 89 20 28 2 67
c 57 27 12 8 106
c 94 86 90 42 96
c 43 82 38 79 46
c 82 51 47 94 72
c 75 61 72 64 53
c 65 42 42 51 120
c 26 43 68 3 47
c 97 60 17 18 118
c 97 31 54 59 37
c 89 74 55 88 83
c 81 75 89 42 59
c 27 28 61 85 38
c 80 63 93 80 118
c 70 85 58 1 97
c 33 89 63 72 91
c 27 45 35 50 28
c 64 79 3 4 53
c 62 94 42 21 117
c 82 18 29 94 115
c 11 87 69 17 78
c 60 97 62 29 36
c 71 43 2 32 26
c 40 6 75 84 38
c 62 56 63 64 76
c 7 59 67 68 82
c 16 8 69 27 64
c 91 92 77 86 124
c 91 40 24 52 44
c 87 61 44 57 122
c 80 76 93 65 60
c 84 56 82 74 105
c 6 82 75 93 100
c 16 17 33 51 122
c 63 76 97 7 84
c 84 85 34 81 32
c 32 2 67 99 61
c 18 64 94 98 87
c 12 2 41 98 65
c 51 28 76 7 25
c 33 51 66 56 27
c 81 68 8 9 69
c 61 97 42 86 60
c 24 48 41 67 79
c 94 78 93 61 101
c 15 64 76 95 71
c 81 51 12 79 50
c 70 44 97 62 47
c 90 42 35 76 75
c 85 2 46 82 55
c 75 63 4 65 48
c 38 60 56 51 41
c 42 47 82 23 36
c 12 40 69 35 61
c 31 28 21 18 88
c 29 78 14 7 113
c 13 15 6 36 122
c 42 86 29 70 34
c 97 74 47 93 122
c 42 2 10 32 62
c 61 32 16 6 30
c 28 42 45 77 89
c 33 38 82 28 51
c 33 72 72 45 121
c 52 91 58 30 60
c 20 72 28 86 97
c 42 8 62 65 103
c 90 42 40 98 31
c 27 63 87 88 33
c 8 50 37 8 34
c 54 26 97 19 59
c 91 58 91 46 53
c 82 10 51 52 36
c 74 31 16 54 29
c 20 26 41 75 34
c 97 51 32 53 90
c 38 14 97 19 65
c 73 26 82 54 26
c 82 18 18 82 82
c 28 29 16 86 42
c 80 47 91 51 60
c 56 94 40 69 56
c 16 15 40 98 96
c 77 47 68 8 90
c 67 52 2 62 76
c 54 39 52 55 121
c 52 90 64 98 60
c 87 27 58 80 34
c 4 49 42 84 27
c 64 4 45 35 102
c 90 70 7 43 88
c 65 56 12 34 46
c 84 48 15 4 77
c 89 77 94 86 107
c 31 58 71 5 38
c 76 51 82 64 87
c 49 35 14 15 108
c 82 19 63 90 43
c 59 64 82 64 53
c 38 26 2 64 47
c 61 12 34 91 37
c 39 97 18 43 85
c 57 54 84 88 46
c 5 58 84 49 88
c 69 76 38 39 119
c 32 90 52 82 123
c 58 30 0 14 77
c 63 44 48 67 124
c 33 76 80 37 52
c 98 26 86 88 80
c 56 5 1 30 98
c 6 95 10 48 43
c 32 90 98 77 93
c 28 6 15 76 85
c 9 37 93 27 31
c 92 68 89 83 103
c 97 51 84 66 100
c 87 69 74 77 63
c 37 33 85 14 104
c 81 44 76 72 97
c 77 84 64 48 37
c 20 72 31 66 79
c 52 44 67 19 34
c 45 41 14 48 81
c 82 61 28 99 69
c 63 17 12 14 100
c 40 52 8 5 65
c 58 5 72 11 62
c 13 44 10 48 87
c 8 50 52 14 98
c 34 19 74 92 53
c 92 31 81 75 66
c 90 30 90 35 110
c 47 90 0 94 87
c 46 76 13 35 50
c 90 73 20 92 86
c 42 93 82 64 47
c 43 12 33 23 75
c 8 9 57 90 51
c 4 20 75 84 57
c 23 53 44 71 99
c 33 27 53 29 115
c 16 49 23 88 121
c 28 2 71 90 32
c 0 1 63 33 66
c 25 23 22 29 119
c 8 68 76 52 74
c 63 25 51 82 42
c 55 25 74 64 74
c 17 27 41 87 85
c 25 95 0 67 77
c 94 14 26 27 96
c 26 12 62 35 41
c 28 70 51 52 49
c 0 93 50 49 105
c 51 75 59 12 115
c 26 33 23 81 43
c 68 40 66 6 111
c 18 62 4 99 87
c 48 96 49 64 53
c 70 49 41 21 106
c 17 51 91 29 70
c 77 73 97 18 106
c 54 61 10 48 35
c 69 41 33 41 79
c 83 24 75 23 113
c 13 44 16 85 54
c 67 23 37 55 96
c 26 66 75 84 32
c 63 64 93 61 37
c 67 37 74 27 100
c 88 61 97 18 95
c 73 33 15 90 62
c 29 31 2 64 102
c 8 50 77 22 91
c 74 5 78 1 120
c 66 75 4 26 45
c 61 37 81 90 71
c 96 77 11 84 114
c 33 49 85 76 51
c 83 39 36 77 83
c 44 2 96 13 95
c 36 26 69 88 70
c 41 98 47 81 111
c 31 59 22 51 112
c 76 10 11 84 53
c 59 77 33 38 91
c 16 5 37 72 118
c 11 19 77 68 123
c 80 24 41 75 30
c 82 39 38 21 59
c 45 20 26 80 69
c 68 35 7 8 41
c 76 45 74 47 103
c 84 25 59 68 108
c 55 20 28 15 29
c 65 78 90 1 103
c 16 89 90 80 39
c 72 88 51 33 72
c 11 12 40 78 49
c 49 29 90 37 119
c 80 99 59 77 33
c 28 23 75 93 77
c 6 21 90 19 112
c 55 44 63 72 97
c 80 67 98 91 101
c 70 31 4 18 88
c 50 72 83 39 32
c 53 52 28 42 86
c 7 94 2 46 63
c 97 18 82 22 94
c 66 32 43 31 27
c 83 50 87 63 73
c 21 19 9 76 61
c 37 3 75 63 50
c 86 51 83 84 65
c 83 80 44 71 122
c 39 55 73 24 27
c 83 62 68 69 81
c 39 99 61 23 116
c 89 91 89 45 69
c 93 74 4 18 60
c 73 7 38 18 93
c 28 44 53 54 50
c 62 39 40 42 52
c 27 75 41 42 115
c 55 39 7 43 54
c 91 86 38 68 67
c 55 63 0 84 73
c 62 3 15 17 89
c 12 86 67 99 73
c 6 57 87 61 33
c 49 96 25 40 109
c 42 70 32 92 25
c 8 3 58 30 88
c 78 10 58 20 28
c 91 46 14 57 57
c 76 70 33 72 75
c 32 90 29 78 66
c 36 42 85 19 76
c 32 14 90 88 124
c 12 54 67 71 39
c 7 76 27 72 28
c 91 93 37 28 63
c 19 10 70 73 47
c 89 84 55 80 55
c 74 52 9 70 26
c 2 11 79 39 109
c 70 64 72 77 31
c 25 37 52 76 96
c 25 5 7 59 27
c 69 76 54 59 54
c 76 72 6 97 50
c 52 90 17 6 78
c 56 57 36 12 64
c 16 94 55 29 40
c 26 43 53 27 38
c 26 54 42 47 59
c 4 75 21 92 33
c 49 29 15 64 93
c 19 25 91 53 52
c 42 77 84 29 48
c 61 19 53 29 41
c 58 57 63 64 96
c 59 65 21 18 41
c 59 7 14 39 99
c 74 5 36 83 37
c 19 20 33 68 122
c 78 13 55 99 118
c 14 7 40 12 102
c 6 7 61 83 82
c 26 18 76 33 62
c 35 95 31 2 77
c 79 38 4 33 98
c 31 82 95 15 26
c 91 73 71 5 85
c 17 13 65 44 118
c 8 58 26 18 86
c 92 16 57 83 51
c 58 20 24 25 37
c 59 1 15 90 115
c 1 95 14 42 35
c 89 49 88 91 59
c 28 17 52 55 88
c 36 77 37 20 67
c 11 24 97 67 55
c 21 42 16 17 61
c 16 6 51 87 25
c 49 84 30 83 84
c 62 31 55 48 96
c 49 35 42 70 106
c 64 51 76 45 97
c 86 29 48 92 123
c 86 48 10 77 76
c 58 28 38 39 40
c 33 41 25 5 120
c 20 44 73 56 36
c 44 58 19 81 25
c 32 15 65 21 93
c 26 33 20 78 56
c 15 67 66 99 118
c 27 73 17 18 77
c 71 6 31 83 73
c 31 49 75 92 34
c 88 91 8 17 70
c 33 68 78 94 114
c 49 81 2 80 115
c 82 33 25 5 81
c 83 26 79 33 85
c 10 32 70 85 113
c 92 31 53 41 89
c 7 94 2 3 53
c 50 53 47 41 39
c 70 82 81 29 38
c 77 78 81 1 121
c 49 99 82 51 71
c 40 6 1 3 81
c 39 40 73 31 89
c 97 27 66 31 110
c 26 1 22 48 64
c 36 97 85 70 74
c 33 67 39 98 101
c 52 11 90 29 83
c 82 78 1 56 85
c 32 14 24 72 41
c 40 42 24 87 119
c 44 5 45 46 49
c 90 67 49 96 91
c 71 51 16 49 28
c 10 86 6 36 53
c 78 19 63 72 97
c 50 94 32 92 53
c 79 39 38 9 43
c 79 54 2 30 38
c 62 40 81 58 110
c 19 67 17 4 30
c 97 90 98 26 90
c 8 17 70 49 72
c 82 58 47 73 80
c 0 1 58 65 79
c 28 2 18 19 89
c 0 14 55 63 60
c 42 2 90 94 85
c 29 48 86 61 78
c 58 59 80 2 92
c 65 66 32 15 82
c 53 60 7 59 59
c 33 20 19 16 38
c 85 89 37 70 98
c 0 9 97 45 102
c 4 75 78 79 79
c 23 56 65 85 97
c 64 66 93 84 73
c 48 32 43 68 32
c 26 40 48 2 61
c 97 79 52 73 72
c 52 26 76 7 90
c 91 51 8 30 31
c 16 15 33 72 27
c 64 65 51 82 109
c 47 68 34 14 79
c 57 29 80 90 37
c 69 34 38 88 26
c 18 31 26 54 85
c 5 58 54 22 51
c 59 65 29 82 48
c 26 88 0 9 80
c 35 72 11 83 44
c 8 98 30 6 108
c 82 23 9 27 94
c 51 2 88 38 30
c 41 21 91 55 92
c 71 72 0 14 26
c 83 26 52 17 96
c 43 28 21 47 40
c 13 15 2 87 89
c 76 78 51 74 58
c 85 78 26 46 42
c 86 17 42 78 47
c 80 69 32 58 100
c 29 74 36 29 71
c 74 99 44 57 77
c 46 8 82 18 30
c 39 11 62 15 66
c 46 57 97 63 60
c 88 54 60 93 112
c 90 9 77 67 96
c 79 12 4 29 99
c 13 29 76 33 58
c 90 78 65 36 109
c 18 30 22 80 46
c 26 80 84 86 89
c 62 94 27 53 32
c 66 39 28 44 52
c 11 68 74 66 42
c 92 93 97 7 70
c 70 44 18 59 52
c 28 6 81 38 51
c 98 91 26 12 37
c 40 85 83 28 28
c 17 13 42 34 107
c 44 54 81 29 44
c 40 55 95 2 29
c 70 1 92 54 58
c 57 84 22 79 95
c 48 92 44 67 81
c 12 86 60 67 79
c 80 76 40 70 72
c 36 55 58 97 69
c 32 96 96 62 111
c 86 88 57 83 106
c 42 86 66 46 27
c 66 6 87 17 65
c 55 24 77 18 74
c 8 70 29 5 37
c 62 65 26 53 100
c 69 17 31 4 35
c 84 42 1 73 58
c 97 80 81 5 33
c 21 92 48 22 53
c 42 93 37 3 89
c 50 49 5 21 30
c 30 10 54 66 42
c 13 81 90 73 80
c 38 43 89 42 104
c 77 66 89 5 41
c 6 95 27 72 75
c 45 18 72 91 64
c 1 15 82 19 50
c 2 35 81 5 25
c 63 90 83 98 25
c 1 33 68 81 39
c 36 12 49 29 27
c 6 21 53 36 74
c 85 19 59 70 103
c 58 82 59 50 80
c 59 43 97 79 87
c 81 49 80 24 51
c 1 17 97 79 29
c 31 89 94 78 28
c 81 97 86 44 26
c 56 52 42 44 40
c 10 32 3 34 85
c 12 14 6 52 53
c 75 61 67 42 101
c 58 62 10 87 28
c 29 78 19 20 90
c 62 78 5 31 31
c 38 79 31 1 115
c 70 63 71 43 43
c 15 90 26 71 42
c 87 69 96 13 83
c 24 42 5 79 84
c 14 69 73 48 31
c 10 36 79 84 107
c 90 50 80 18 77
c 89 68 74 66 67
c 98 47 57 89 100
c 58 30 12 86 39
c 84 56 80 96 44
c 27 45 11 57 29
c 67 8 96 86 99
c 12 13 80 87 96
c 71 76 26 84 66
c 22 23 55 99 70
c 86 11 76 37 106
c 42 86 59 23 34
c 52 69 95 78 68
c 60 62 57 1 31
c 93 71 2 7 107
c 63 14 15 14 50
c 41 9 8 88 63
c 0 91 7 8 33
c 17 22 28 60 36
c 73 63 50 51 75
c 60 43 18 64 58
c 86 53 85 70 49
c 53 60 89 16 105
c 22 51 98 90 47
c 52 69 79 39 65
c 24 9 9 76 32
c 12 85 1 17 61
c 21 61 19 32 108
c 28 2 43 31 122
c 39 98 21 50 118
c 14 98 40 96 31
c 6 46 31 82 122
c 25 59 78 23 110
c 28 94 24 42 61
c 92 68 25 40 26
c 60 6 91 38 99
c 35 3 95 92 111
c 32 90 67 55 105
c 42 31 97 62 80
c 52 55 82 19 74
c 60 6 83 63 114
c 11 87 76 25 43
c 78 45 24 87 84
c 94 9 57 78 124
c 30 45 64 79 114
c 90 78 49 99 68
c 92 54 98 23 122
c 3 66 43 70 34
c 64 42 17 4 27
c 54 96 78 10 120
c 90 94 85 14 116
c 24 72 60 67 26
c 67 68 23 24 40
c 63 48 16 42 117
c 14 57 0 93 48
c 65 19 25 23 123
c 66 39 42 56 115
c 79 86 14 68 27
c 40 29 29 30 103
c 57 18 95 72 76
c 69 34 59 70 100
c 29 70 80 99 61
c 16 98 97 24 31
c 45 38 38 60 35
c 2 75 43 31 66
c 55 24 77 78 107
c 37 53 82 22 116
c 59 68 23 57 67
c 61 86 52 55 119
c 29 99 95 9 53
c 87 27 29 46 41
c 18 62 61 31 100
c 62 78 7 8 61
c 61 34 58 43 53
c 18 41 86 39 55
c 74 75 38 79 103
c 73 56 92 26 80
c 11 8 48 67 56
c 2 87 97 28 104
c 19 76 58 59 37
c 50 44 93 71 41
c 97 79 62 64 55
c 16 6 89 22 64
c 4 78 58 20 37
c 13 85 3 15 49
c 34 11 80 67 76
c 90 73 58 5 103
c 14 7 82 28 25
c 19 10 52 97 95
c 75 83 9 27 41
c 40 98 19 16 68
c 38 88 53 11 55
c 33 32 29 25 107
c 12 8 74 47 109
c 86 50 69 81 45
c 35 74 7 8 66
c 16 81 57 58 108
c 79 83 3 64 117
c 57 32 16 15 68
c 54 59 12 2 102
c 77 95 26 12 93
c 32 96 81 75 51
c 64 20 86 68 55
c 81 38 20 63 58
c 95 72 1 30 25
c 28 67 18 60 76
c 53 61 22 81 30
c 95 41 41 27 110
c 7 39 11 84 41
c 8 88 20 83 111
c 63 55 74 5 52
c 90 67 58 17 59
c 33 47 36 42 31
c 55 3 37 55 62
c 5 96 54 79 113
c 1 95 69 17 84
c 25 88 15 16 28
c 5 79 73 62 66
c 82 23 76 41 58
c 32 51 2 3 48
c 82 29 35 74 75
c 71 27 28 67 72
c 30 31 46 16 92
c 40 97 86 51 96
c 69 76 90 19 112
c 82 10 58 65 119
c 30 45 80 3 110
c 74 32 20 78 45
c 16 54 36 81 86
c 54 79 27 62 41
c 77 2 31 96 69
c 14 7 18 30 102
c 35 50 52 55 68
c 42 47 96 8 80
c 8 67 92 67 58
c 64 37 95 90 39
c 24 25 90 14 112
c 42 39 61 71 121
c 3 64 89 45 69
c 46 57 16 93 26
c 62 56 59 68 117
c 8 50 7 8 79
c 65 98 37 32 94
c 3 1 55 3 61
c 59 28 10 88 97
c 56 8 35 96 61
c 20 1 21 98 81
c 98 15 31 32 116
c 75 93 97 18 54
c 48 22 37 8 120
c 38 37 72 73 83
c 35 76 93 52 76
c 7 55 85 64 88
c 74 92 2 25 90
c 92 93 40 28 46
c 17 51 63 55 118
c 27 13 71 35 118
c 92 60 54 86 54
c 31 39 57 38 121
c 55 13 53 46 45
c 80 69 78 45 123
c 17 4 50 79 60
c 81 48 13 85 124
c 93 51 38 15 54
c 91 38 6 71 45
c 5 38 82 69 120
c 14 9 24 72 114
c 44 2 71 27 124
c 92 60 32 64 90
c 97 84 74 31 56
c 48 53 60 67 63
c 72 98 47 90 90
c 96 74 18 62 42
c 72 84 43 59 110
c 60 74 58 86 70
c 31 89 65 36 71
c 3 86 47 95 86
c 36 38 77 87 28
c 93 91 3 34 69
c 15 2 76 52 44
c 95 96 17 22 47
c 41 5 63 70 77
c 21 18 66 31 36
c 86 53 29 94 54
c 86 44 90 9 90
c 93 84 70 2 103
c 26 61 53 46 72
c 63 17 98 99 113
c 48 74 87 63 53
c 47 68 67 55 66
c 45 95 55 39 115
c 87 69 35 3 44
c 33 51 40 70 106
c 32 52 95 53 119
c 38 26 96 40 61
c 40 6 50 44 88
c 68 81 3 54 96
c 75 83 4 25 101
c 23 28 28 76 91
c 11 87 69 21 114
c 32 4 61 71 75
c 80 90 54 61 56
c 83 42 66 56 84
c 8 5 76 60 25
c 46 70 60 75 42
c 74 1 42 37 49
c 72 11 20 1 59
c 98 87 36 24 97
c 46 81 77 34 90
c 37 32 76 77 86
c 48 17 77 87 86
c 81 80 85 77 74
c 88 89 90 5 120
c 89 46 57 89 53
c 83 39 25 26 102
c 84 42 63 69 74
c 32 65 11 24 111
c 67 52 28 99 48
c 59 80 63 25 103
c 71 48 59 7 114
c 16 14 16 55 102
c 79 67 43 42 116
c 5 6 55 39 120
c 85 59 50 4 118
c 31 58 89 34 84
c 22 23 68 52 74
c 71 69 25 48 107
c 65 8 84 82 111
c 73 26 15 90 84
c 20 83 58 65 116
c 43 12 76 95 118
c 85 90 81 89 80
c 37 11 12 40 33
c 85 70 64 37 116
c 75 23 2 32 35
c 81 47 98 99 94
c 79 54 72 21 78
c 52 14 96 74 49
c 46 47 35 4 78
c 23 56 43 96 81
c 27 44 91 53 106
c 59 68 1 7 124
c 73 42 96 49 101
c 32 76 53 61 122
c 17 53 14 78 44
c 62 52 65 8 67
c 61 99 28 94 25
c 33 99 5 50 46
c 73 31 14 73 52
c 38 88 71 72 87
c 44 60 97 90 84
c 24 18 48 59 104
c 50 12 83 39 124
c 59 1 31 89 76
c 83 1 96 80 40
c 90 5 69 54 112
c 59 80 30 54 67
c 11 55 30 3 86
c 4 29 93 84 106
c 6 23 43 34 75
c 98 67 72 98 36
c 21 53 87 78 65
c 1 56 43 45 103
c 73 33 15 47 68
c 63 43 73 33 33
c 90 97 65 85 79
c 25 55 51 33 124
c 69 67 93 94 30
c 30 85 71 53 29
c 93 27 11 34 39
c 19 48 23 43 28
c 98 91 62 56 92
c 29 78 1 73 40
c 75 92 76 33 32
c 0 50 21 9 82
c 20 52 38 29 37
c 73 62 60 69 106
c 2 3 35 13 83
c 22 15 67 78 120
c 96 49 19 13 51
c 83 76 90 13 78
c 10 76 70 44 41
c 12 52 34 86 48
c 35 36 72 2 30
c 64 5 52 76 77
c 6 73 76 65 83
c 67 19 12 13 28
c 27 22 9 60 84
c 30 84 15 90 66
c 46 47 72 73 62
c 67 90 90 21 124
c 10 31 29 44 55
c 24 44 34 61 108
c 5 25 5 19 56
c 30 25 85 77 102
c 61 37 83 4 87
c 26 2 14 39 39
c 13 15 3 78 108
c 22 23 38 88 117
c 42 8 44 58 73
c 65 42 89 34 103
c 77 86 14 78 108
c 59 64 53 75 30
c 11 57 38 37 113
c 78 81 48 22 60
c 10 77 51 37 109
c 92 33 66 51 29
c 1 5 66 64 41
c 98 90 33 20 47
c 75 65 83 63 107
c 93 60 16 81 85
c 67 58 3 64 65
c 41 42 33 89 64
c 59 60 91 6 29
c 76 33 14 7 113
c 26 75 4 49 82
c 33 14 73 31 66
c 61 14 10 59 39
c 3 1 16 94 59
c 0 15 26 84 123
c 13 15 26 2 55
c 71 51 5 38 32
c 56 52 67 98 86
c 73 31 2 59 28
c 53 60 13 37 91
c 52 22 32 53 114
c 24 75 72 45 88
c 20 63 62 39 55
c 40 52 97 92 103
c 64 65 42 47 51
c 61 32 96 86 82
c 55 93 37 28 121
c 89 68 12 22 118
c 0 96 89 68 106
c 16 85 25 57 43
c 81 5 43 9 103
c 54 50 84 56 83
c 25 88 54 84 27
c 33 76 28 25 119
c 63 6 20 21 106
c 88 75 50 28 109
c 35 27 20 44 81
c 78 68 57 1 117
c 69 76 54 70 44
c 81 82 28 20 35
c 13 51 73 63 45
c 76 11 37 3 77
c 82 10 5 12 55
c 80 99 40 30 57
c 97 61 4 93 105
c 52 69 12 67 31
c 64 48 28 44 86
c 2 34 42 43 62
c 57 1 25 10 109
c 66 62 98 53 115
c 24 42 4 41 68
c 13 66 4 90 91
c 34 11 3 1 40
c 20 21 8 67 42
c 30 34 45 39 58
c 36 43 79 40 111
c 80 63 34 38 119
c 55 48 73 48 90
c 23 56 87 33 122
c 7 78 82 78 32
c 73 27 42 34 61
c 64 55 87 84 77
c 4 18 52 14 50
c 42 31 10 87 27
c 28 32 53 60 110
c 67 48 88 95 106
c 34 91 63 70 63
c 74 32 36 12 97
c 35 86 72 2 35
c 81 58 33 97 27
c 14 48 39 55 74
c 69 34 84 25 98
c 68 40 29 39 84
c 63 69 63 10 34
c 14 82 83 62 31
c 89 45 15 64 68
c 23 40 71 43 55
c 40 29 50 72 33
c 97 61 72 64 115
c 97 69 29 39 42
c 54 39 97 60 112
c 18 30 79 33 93
c 78 43 70 87 65
c 69 88 40 74 94
c 70 8 64 51 51
c 97 62 83 80 116
c 93 84 34 68 108
c 65 85 71 76 77
c 9 85 80 7 109
c 36 35 21 50 105
c 53 61 54 7 107
c 63 55 94 78 87
c 96 49 31 89 29
c 72 99 69 70 74
c 71 5 61 62 28
c 38 88 45 39 38
c 15 90 61 97 123
c 74 64 39 97 47
c 73 86 28 6 58
c 98 21 36 81 81
c 74 90 80 2 47
c 74 53 52 11 83
c 16 27 89 25 112
c 85 76 64 30 80
c 0 93 89 7 99
c 57 83 38 16 51
c 5 50 63 90 71
c 19 16 73 56 43
c 57 90 10 88 46
c 23 38 90 16 90
c 97 67 65 85 87
c 11 20 98 21 109
c 8 50 76 45 53
c 13 15 31 39 52
c 66 99 4 93 95
c 84 41 68 8 116
c 45 46 17 27 102
c 82 7 31 39 55
c 24 72 92 69 64
c 29 78 63 14 113
c 33 41 66 64 95
c 2 34 57 84 32
c 43 93 17 56 38
c 17 4 8 30 122
c 48 32 42 78 58
c 67 8 15 24 94
c 45 95 48 22 88
c 10 36 65 7 95
c 81 80 20 78 79
c 35 96 10 94 30
c 50 79 67 78 59
c 69 88 30 84 84
c 2 66 35 45 80
c 2 87 42 5 64
c 63 34 24 48 53
c 51 97 97 46 124
c 91 51 33 49 48
c 64 77 58 54 50
c 43 82 81 84 114
c 2 43 88 70 25
c 43 31 7 76 68
c 67 99 82 39 63
c 34 38 69 81 57
c 53 85 43 1 51
c 48 10 46 81 48
c 48 2 91 55 97
c 0 13 63 14 67
c 76 24 2 32 111
c 78 30 80 7 113
c 58 44 90 87 109
c 18 31 3 87 95
c 30 54 31 16 106
c 86 48 47 92 27
c 50 75 33 36 95
c 35 27 73 74 85
c 2 11 46 68 72
c 44 57 46 39 36
c 97 95 26 13 68
c 12 14 36 83 115
c 98 67 35 4 58
c 62 40 35 76 37
c 21 29 35 96 94
c 0 13 17 53 107
c 66 47 70 49 102
c 55 25 66 56 26
c 15 67 3 34 53
c 88 95 42 5 43
c 37 95 62 89 105
c 22 48 28 74 115
c 61 50 44 54 45
c 58 73 80 18 87
c 19 17 28 77 26
c 0 93 41 71 77
c 54 83 15 76 53
c 15 4 67 60 120
c 60 61 47 93 102
c 76 72 50 28 69
c 51 37 90 13 41
c 47 73 70 97 122
c 75 24 63 34 45
c 39 97 27 28 38
c 82 18 8 86 111
c 83 64 85 94 30
c 89 63 5 12 77
c 74 70 1 56 111
c 30 54 11 57 66
c 18 41 62 35 54
c 48 96 46 98 85
c 70 38 44 58 79
c 40 52 55 21 54
c 63 90 29 81 84
c 51 82 49 35 95
c 96 86 60 36 37
c 1 18 21 9 50
c 49 96 0 50 64
c 63 11 95 2 37
c 15 16 20 83 41
c 8 86 34 40 70
c 79 10 40 97 59
c 82 19 97 19 74
c 31 1 59 7 48
c 36 77 64 19 90
c 18 60 72 91 82
c 6 36 17 18 86
c 39 11 25 42 96
c 51 61 72 63 28
c 4 62 11 19 75
c 84 11 87 63 45
c 90 42 97 95 46
c 2 7 25 65 55
c 65 44 62 65 76
c 42 61 52 90 107
c 90 32 58 47 84
c 51 28 47 14 37
c 82 23 86 50 102
c 17 56 15 17 58
c 85 81 0 93 92
c 63 44 3 8 115
c 16 88 93 84 40
c 78 1 26 84 42
c 75 96 18 43 104
c 43 42 28 67 56
c 62 52 39 29 106
c 72 21 16 17 26
c 94 41 54 84 70
c 83 42 86 68 102
c 3 15 51 2 110
c 31 49 61 23 63
c 88 32 33 32 70
c 76 65 30 62 99
c 78 81 2 80 50
c 73 27 79 67 123
c 2 87 66 33 115
c 8 70 90 32 78
c 82 22 74 66 119
c 15 4 94 99 86
c 96 62 20 44 99
c 17 13 54 66 78
c 75 63 74 90 46
c 71 82 13 97 112
c 76 30 57 41 124
c 47 29 8 54 113
c 27 88 4 78 121
c 40 98 16 42 51
c 57 39 54 66 76
c 73 56 36 29 72
c 43 36 3 87 26
c 83 42 60 36 111
c 92 83 42 70 88
c 81 84 15 5 28
c 81 38 53 59 56
c 67 99 13 37 120
c 50 49 25 67 86
c 97 86 70 38 108
c 36 96 62 29 50
c 25 6 36 23 67
c 10 69 75 24 98
c 29 94 63 38 47
c 29 99 95 92 35
c 45 39 97 98 96
c 6 52 14 82 94
c 30 31 95 10 104
c 56 15 90 70 94
c 32 64 7 78 62
c 5 53 65 78 114
c 90 50 1 18 33
c 90 21 24 44 94
c 41 51 21 13 26
c 37 62 40 77 85
c 70 8 26 46 55
c 41 98 31 1 112
c 13 66 25 5 32
c 24 45 39 98 73
c 23 53 30 3 74
c 31 66 82 78 76
c 81 1 32 53 36
c 55 88 12 18 99
c 37 32 61 85 55
c 1 88 8 9 107
c 21 34 6 3 25
c 5 79 95 1 111
c 22 52 56 50 61
c 58 82 6 21 70
c 74 70 7 68 26
c 61 31 26 1 117
c 19 10 54 97 62
c 46 98 41 5 71
c 4 20 62 40 107
c 34 10 0 1 39
c 74 78 10 47 58
c 26 43 16 8 52
c 38 15 14 78 31
c 63 93 73 83 89
c 58 82 82 18 82
c 76 60 98 90 118
c 64 79 84 41 87
c 32 48 80 90 87
c 38 79 69 87 81
c 43 99 11 84 36
c 55 88 75 23 47
c 66 33 12 52 67
c 87 47 41 57 116
c 82 54 78 29 25
c 62 54 46 16 74
c 60 87 90 50 117
c 27 45 29 82 46
c 59 18 80 31 44
c 22 88 90 35 110
c 97 46 33 67 85
c 50 26 21 29 84
c 80 7 81 29 52
c 96 60 50 70 68
c 55 34 68 40 66
c 60 69 98 40 82
c 70 3 29 72 77
c 6 92 38 14 86
c 82 61 3 34 105
c 11 82 88 16 55
c 45 52 0 1 115
c 93 74 91 38 60
c 80 37 11 12 105
c 43 99 37 33 108
c 36 23 6 42 48
c 82 83 31 64 31
c 8 70 58 65 95
c 53 29 72 11 29
c 71 82 92 83 86
c 88 91 52 81 43
c 40 79 24 48 49
c 45 18 67 23 28
c 92 67 83 3 91
c 14 9 15 64 61
c 74 66 97 79 120
c 34 14 67 8 99
c 71 50 8 63 49
c 72 91 40 55 47
c 20 99 79 39 73
c 5 19 1 17 27
c 89 25 82 18 52
c 42 86 97 7 52
c 48 32 95 75 48
c 1 30 3 86 51
c 32 62 62 89 119
c 82 19 27 72 124
c 88 87 90 32 34
c 70 84 96 8 71
c 28 76 3 78 42
c 67 99 71 82 73
c 11 69 37 55 83
c 7 8 58 43 102
c 68 59 27 4 43
c 16 8 55 44 33
c 63 47 21 92 35
c 57 78 68 32 40
c 5 31 43 21 78
c 80 63 24 87 107
c 86 36 27 4 111
c 46 70 76 60 89
c 35 76 28 67 65
c 48 9 77 87 77
c 8 69 57 54 71
c 68 35 65 19 92
c 52 17 57 27 85
c 47 41 63 17 75
c 38 15 32 37 29
c 55 18 42 3 90
c 57 25 11 56 105
c 37 8 45 74 54
c 6 3 72 98 67
c 20 21 3 66 79
c 98 77 63 64 70
c 45 74 17 29 110
c 61 14 64 4 52
c 18 41 83 62 107
c 6 57 47 74 84
c 10 88 65 36 104
c 89 34 95 92 115
c 89 68 27 28 30
c 94 14 96 40 45
c 66 6 29 39 107
c 3 39 33 89 72
c 33 71 71 53 72
c 29 82 52 53 80
c 40 98 70 2 51
c 6 58 85 63 50
c 61 29 66 44 107
c 5 58 37 55 64
c 86 50 32 48 60
c 97 79 66 21 118
c 15 4 89 25 92
c 59 68 70 2 96
c 2 64 97 28 99
c 6 53 12 33 45
c 22 48 46 15 96
c 53 85 4 5 28
c 2 8 71 72 38
c 10 32 14 78 72
c 54 31 42 86 65
c 67 69 33 68 65
c 22 52 82 51 95
c 31 30 95 9 95
c 69 67 47 95 92
c 81 38 72 99 113
c 39 11 49 35 65
c 76 12 82 78 53
c 38 95 33 99 41
c 62 10 9 70 57
c 18 41 50 44 56
c 55 77 86 14 74
c 72 91 47 1 82
c 96 97 42 78 52
c 77 95 22 57 33
c 3 78 46 57 124
c 78 88 73 31 87
c 38 43 64 65 31
c 2 80 18 60 111
c 67 8 31 28 74
c 42 93 88 91 104
c 55 99 28 74 50
c 95 87 59 77 108
c 17 6 38 18 124
c 70 92 86 29 111
c 55 21 25 59 91
c 82 73 96 17 76
c 78 45 54 79 76
c 75 93 96 74 112
c 9 60 39 98 90
c 78 45 32 51 80
c 24 72 28 58 70
c 46 86 23 3 90
c 81 51 71 69 115
c 61 1 18 77 111
c 28 15 96 41 67
c 46 13 46 98 78
c 8 69 2 11 60
c 64 30 71 89 95
c 18 6 89 68 38
c 6 97 3 15 82
c 86 14 31 46 69
c 87 78 66 99 91
c 42 77 55 47 88
c 2 93 38 62 40
c 50 94 40 28 78
c 17 29 39 29 93
c 69 54 59 72 76
c 5 53 76 11 104
c 83 50 72 73 84
c 75 79 71 18 63
c 49 81 21 22 42
c 7 68 23 41 92
c 77 44 94 95 61
c 42 2 26 18 43
c 55 93 42 43 62
c 94 98 14 52 112
c 69 27 26 54 121
c 19 40 25 67 71
c 97 68 8 75 90
c 80 77 66 75 25
c 95 87 30 42 99
c 65 44 0 67 86
c 23 40 60 87 51
c 42 2 85 19 39
c 29 99 9 37 89
c 98 91 57 84 91
c 43 1 11 34 59
c 11 77 81 70 32
c 12 67 52 22 82
c 30 42 81 68 104
c 26 71 28 99 65
c 54 86 76 37 65
c 26 75 48 57 105
c 42 2 79 4 38
c 51 82 4 29 90
c 61 34 66 91 115
c 82 33 91 53 28
c 15 92 42 3 53
c 52 82 97 19 95
c 79 54 32 97 107
c 18 55 42 37 65
c 59 70 81 84 71
c 57 67 77 44 92
c 18 60 24 33 97
c 9 97 3 54 113
c 2 62 82 63 106
c 88 32 71 48 54
c 28 23 14 69 58
c 46 47 96 49 65
c 40 12 12 54 40
c 82 58 78 29 87
c 16 27 1 43 87
c 73 89 81 58 98
c 17 21 69 70 25
c 76 60 18 64 43
c 74 70 21 9 50
c 20 78 59 73 34
c 15 85 50 94 120
c 14 15 47 48 36
c 49 92 88 6 75
c 8 9 87 69 115
c 72 88 91 73 53
c 70 38 36 72 80
c 31 65 75 84 81
c 29 46 2 7 75
c 53 27 76 33 43
c 28 2 27 38 81
c 83 1 79 69 60
c 26 51 55 80 100
c 80 63 93 65 28
c 36 97 92 26 49
c 71 82 78 53 47
c 88 6 97 92 110
c 46 81 10 32 122
c 93 52 1 82 100
c 63 93 55 47 35
c 72 79 16 14 67
c 13 31 35 74 121
c 85 46 43 34 71
c 72 91 66 31 39
c 38 14 61 29 35
c 80 81 76 33 100
c 82 69 43 42 88
c 90 20 60 36 65
c 43 44 91 40 92
c 15 92 95 42 80
c 30 88 1 9 98
c 32 97 18 31 29
c 42 39 39 40 77
c 90 94 92 33 52
c 82 51 96 60 37
c 27 22 41 75 46
c 16 5 9 97 97
c 65 21 15 76 59
c 40 74 52 81 82
c 25 21 83 84 74
c 8 88 92 54 82
c 4 75 79 38 69
c 72 21 58 47 90
c 66 31 24 42 48
c 60 62 55 91 47
c 68 4 78 53 102
c 86 14 53 54 70
c 31 16 0 13 112
c 55 13 71 51 63
c 80 3 94 95 124
c 41 2 44 49 29
c 26 40 81 49 30
c 27 53 74 77 51
c 32 37 74 10 62
c 5 96 88 70 71
c 40 6 64 98 55
c 56 5 82 18 59
c 2 25 80 81 74
c 3 86 98 87 42
c 37 38 21 47 89
c 81 58 66 21 34
c 57 84 70 71 94
c 70 78 83 76 34
c 2 8 34 14 38
c 15 4 14 69 34
c 55 45 42 43 117
c 27 72 4 25 124
c 6 97 45 95 111
c 83 80 33 14 108
c 68 59 79 40 49
c 74 53 42 84 120
c 12 89 47 17 97
c 58 14 54 3 50
c 51 87 78 53 65
c 19 25 14 42 96
c 93 60 9 63 102
c 40 70 33 47 42
c 97 60 70 49 99
c 55 39 29 70 97
c 68 57 88 91 40
c 74 78 3 87 38
c 60 87 77 34 74
c 41 2 24 75 104
c 5 95 88 75 44
c 2 38 59 64 42
c 76 55 58 43 106
c 92 93 42 77 64
c 85 19 5 35 121
c 86 69 40 2 35
c 29 74 70 42 115
c 56 50 12 95 66
c 73 24 11 84 106
c 63 48 14 52 107
c 97 61 81 1 93
c 71 76 84 90 54
c 67 20 57 78 39
c 89 46 60 74 56
c 55 99 54 61 57
c 26 75 28 69 26
c 42 86 65 42 86
c 2 75 98 99 70
c 71 82 96 37 61
c 39 98 83 64 27
c 74 6 4 33 119
c 67 55 13 85 46
c 93 7 37 89 81
c 93 61 80 96 33
c 8 9 2 80 92
c 45 30 56 8 35
c 31 64 46 27 42
c 47 14 2 30 84
c 15 92 77 95 30
c 85 94 31 58 57
c 82 58 10 87 48
c 55 21 66 38 116
c 70 38 52 64 32
c 19 25 6 23 104
c 66 31 3 64 111
c 4 75 35 95 47
c 73 83 51 52 122
c 33 62 4 80 25
c 75 61 16 81 56
c 28 6 46 16 112
c 15 17 19 20 86
c 55 45 40 55 27
c 82 69 2 7 55
c 87 11 69 68 81
c 87 69 24 25 62
c 10 28 37 70 106
c 83 24 35 77 98
c 81 49 29 47 124
c 80 3 38 16 124
c 63 72 32 79 92
c 94 45 62 2 100
c 81 49 11 28 65
c 12 2 63 48 100
c 75 65 78 88 55
c 90 50 2 75 110
c 24 48 20 52 102
c 23 38 22 54 71
c 92 93 85 94 122
c 43 9 77 66 43
c 49 37 58 47 102
c 86 11 62 10 35
c 33 76 78 75 117
c 34 32 72 81 73
c 29 46 43 71 31
c 55 34 53 27 62
c 57 29 62 35 101
c 25 67 66 99 36
c 50 53 61 86 48
c 37 1 28 86 111
c 43 70 70 92 121
c 48 92 97 45 78
c 30 10 1 83 77
c 36 45 78 59 122
c 45 14 60 6 70
c 33 76 1 33 74
c 11 68 56 21 41
c 64 78 20 99 86
c 9 97 97 45 84
c 61 86 46 82 82
c 80 90 59 7 45
c 89 46 56 51 120
c 32 87 48 49 91
c 55 80 80 67 35
c 50 28 79 17 95
c 29 42 8 5 91
c 54 59 29 94 101
c 74 70 3 78 109
c 67 90 28 17 95
c 31 2 19 81 118
c 48 32 82 91 123
c 63 90 41 9 45
c 46 8 70 64 31
c 50 12 20 26 28
c 69 34 39 41 54
c 36 55 12 89 122
c 91 40 82 83 30
c 43 28 97 46 33
c 83 64 85 68 62
c 97 67 22 75 112
c 85 45 95 15 70
c 68 60 13 15 44
c 84 85 24 45 79
c 54 13 29 74 104
c 75 85 41 71 65
c 91 93 82 19 51
c 68 10 87 80 99
c 93 12 5 58 53
c 57 78 57 41 84
c 40 57 34 11 54
c 4 83 55 39 123
c 80 3 21 32 69
c 19 24 42 76 117
c 42 84 15 17 40
c 32 58 9 84 115
c 29 40 48 10 103
c 52 14 29 86 95
c 98 43 96 8 100
c 17 27 54 22 80
c 37 38 5 19 88
c 29 81 46 95 64
c 6 42 59 25 121
c 4 75 68 60 97
c 78 23 75 76 45
c 95 75 72 97 108
c 1 30 67 71 56
c 17 53 59 80 62
c 55 34 22 59 101
c 49 35 33 67 96
c 91 51 2 66 71
c 98 10 11 69 88
c 70 71 96 49 68
c 61 29 70 8 106
c 41 21 42 34 28
c 29 30 35 50 60
c 68 35 52 44 93
c 5 38 96 95 38
c 52 38 8 9 66
c 37 33 28 77 54
c 58 28 4 93 45
c 5 50 21 13 44
c 89 45 54 97 50
c 64 20 14 73 107
c 32 62 52 8 83
c 53 29 22 23 120
c 38 62 3 20 97
c 28 60 91 73 75
c 17 4 16 98 116
c 73 68 83 17 94
c 34 11 10 94 122
c 48 17 82 51 103
c 27 65 4 83 50
c 90 42 4 62 79
c 10 87 90 9 37
c 70 3 93 87 50
c 59 75 30 6 92
c 92 31 86 51 87
c 69 21 35 80 56
c 24 33 61 14 104
c 2 64 81 5 92
c 61 12 64 98 46
c 15 76 46 98 51
c 27 4 57 39 55
c 77 22 96 17 98
c 23 57 74 47 83
c 33 36 59 72 78
c 66 91 3 78 78
c 25 55 29 82 51
c 67 99 73 74 61
c 55 91 26 13 47
c 98 10 93 7 68
c 34 40 72 13 73
c 81 87 70 38 39
c 80 7 54 26 39
c 52 22 72 81 76
c 39 99 83 80 104
c 42 4 67 90 93
c 8 50 73 33 26
c 82 65 34 81 43
c 6 57 81 63 123
c 21 50 98 15 62
c 9 37 96 49 93
c 78 21 36 23 59
c 45 46 84 48 39
c 35 3 54 7 118
c 41 51 31 49 63
c 16 14 54 97 92
c 13 66 82 22 100
c 18 60 34 61 83
c 2 75 60 99 45
c 19 67 89 68 42
c 9 37 91 92 116
c 44 41 95 96 27
c 81 49 87 69 99
c 33 72 48 53 39
c 89 83 88 37 55
c 69 41 85 14 39
c 11 56 86 14 62
c 60 62 32 62 75
c 66 33 19 13 105
c 64 42 51 61 29
c 90 50 17 22 79
c 59 28 56 57 98
c 82 57 42 37 116
c 27 53 25 21 70
c 19 76 35 3 84
c 95 1 52 73 114
c 97 61 90 80 52
c 70 92 97 61 109
c 65 19 22 57 87
c 48 86 7 93 28
c 71 51 35 76 102
c 70 41 34 32 52
c 70 87 45 35 53
c 64 55 77 66 33
c 97 48 58 5 56
c 62 94 57 84 123
c 18 65 93 27 124
c 29 74 50 53 98
c 28 86 33 23 36
c 35 30 51 75 108
c 93 22 3 67 113
c 19 7 53 61 104
c 97 67 49 71 40
c 89 7 52 24 85
c 1 43 26 27 55
c 17 79 73 68 93
c 4 29 42 2 88
c 76 45 43 36 72
c 26 2 43 9 27
c 39 41 9 60 48
c 75 65 25 87 92
c 50 26 50 75 67
c 45 38 92 28 115
c 96 4 49 84 51
c 82 27 59 77 30
c 8 58 96 13 52
c 53 27 86 36 59
c 27 21 47 74 53
c 69 35 95 25 50
c 1 73 1 5 61
c 11 56 78 94 74
c 76 52 84 11 81
c 63 70 86 53 75
c 12 18 18 31 48
c 71 72 47 73 91
c 76 72 33 36 117
c 39 71 54 86 107
c 98 76 50 62 121
c 8 26 68 80 41
c 82 22 85 45 46
c 82 54 7 74 75
c 7 94 6 3 25
c 42 84 8 5 90
c 18 55 88 7 83
c 86 51 21 32 60
c 74 6 44 49 74
c 78 81 90 1 27
c 46 28 98 77 104
c 21 61 26 63 51
c 66 67 15 2 53
c 43 12 11 56 25
c 63 80 54 59 52
c 97 86 2 62 96
c 76 85 83 88 102
c 84 41 37 95 72
c 70 63 53 29 39
c 33 38 90 13 58
c 73 63 89 91 97
c 4 5 91 93 42
c 88 21 47 17 68
c 4 19 18 3 123
c 51 37 76 14 100
c 44 5 82 33 123
c 50 49 66 6 80
c 63 69 83 4 124
c 89 90 56 94 92
c 30 54 45 46 122
c 97 63 32 41 123
c 12 54 74 75 51
c 28 76 11 20 25
c 54 86 49 50 124
c 57 84 98 10 82
c 20 61 43 28 25
c 12 95 42 51 77
c 30 25 55 47 78
c 52 8 71 27 101
c 43 45 58 80 89
c 79 17 68 52 40
c 23 40 58 57 39
c 49 50 72 13 77
c 47 68 88 54 104
c 97 47 80 7 107
c 42 47 6 58 46
c 21 98 40 70 96
c 24 42 50 62 29
c 36 29 7 76 47
c 52 55 13 89 78
c 97 98 23 41 31
c 70 44 62 39 27
c 2 38 70 97 42
c 28 32 69 87 79
c 85 70 58 59 63
c 3 54 32 64 50
c 27 22 11 55 99
c 45 56 78 21 48
c 84 74 44 49 63
c 50 72 76 55 54
c 98 87 52 51 109
c 51 2 48 59 51
c 6 7 27 28 96
c 85 46 27 73 84
c 41 21 94 95 62
c 67 48 26 80 48
c 92 93 74 92 59
c 25 67 59 75 116
c 91 73 44 41 105
c 90 16 73 7 42
c 27 75 60 89 41
c 78 79 11 83 75
c 29 27 41 9 54
c 28 86 44 49 79
c 38 5 34 14 124
c 49 33 1 15 26
c 64 98 53 60 116
c 60 87 12 61 72
c 31 16 24 14 62
c 95 53 2 31 79
c 21 47 23 28 77
c 38 68 87 84 93
c 13 2 30 34 34
c 22 80 78 27 67
c 14 53 6 52 120
c 2 80 0 93 95
c 46 86 4 25 51
c 18 99 16 15 112
c 79 26 86 69 50
c 1 18 25 87 88
c 4 69 40 30 106
c 53 46 45 52 124
c 39 97 13 97 71
c 19 48 4 90 106
c 98 23 47 41 29
c 79 17 8 68 83
c 0 1 17 53 74
c 57 67 92 32 75
c 69 47 4 65 65
c 57 39 0 14 37
c 77 18 59 50 92
c 0 62 92 93 30
c 52 44 36 77 34
c 85 76 88 54 62
c 27 38 42 70 30
c 3 20 28 3 62
c 17 18 96 60 69
c 0 69 21 98 45
c 71 18 18 24 48
c 47 73 89 63 119
c 90 13 76 66 81
c 28 23 29 30 118
c 63 80 77 44 28
c 41 98 84 48 100
c 79 83 13 93 111
c 18 65 75 83 106
c 24 53 96 41 52
c 98 91 34 15 53
c 28 32 78 13 62
c 54 50 41 9 66
c 38 18 90 91 113
c 38 5 85 55 33
c 67 80 37 8 108
c 82 18 73 86 91
c 33 99 5 47 115
c 28 3 27 53 35
c 60 89 35 30 42
c 36 42 64 51 123
c 36 26 16 45 58
c 70 23 90 97 27
c 76 30 81 89 80
c 62 84 25 55 84
c 80 16 46 76 74
c 46 28 7 39 31
c 81 44 62 52 97
c 2 30 14 57 81
c 86 61 76 37 113
c 62 31 80 77 122
c 82 39 31 39 106
c 86 29 33 32 26
c 77 73 49 96 84
c 30 88 95 90 60
c 96 49 90 37 100
c 7 68 89 22 78
c 85 45 29 27 105
c 87 88 40 85 99
c 39 97 54 86 118
c 76 33 80 63 54
c 58 69 3 15 46
c 25 67 95 26 81
c 93 91 16 30 100
c 21 34 39 97 93
c 88 7 42 21 55
c 81 1 24 33 55
c 71 72 57 84 88
c 42 32 28 67 89
c 63 6 19 32 30
c 78 49 30 93 94
c 40 57 49 37 43
c 38 36 1 30 113
c 59 12 12 52 41
c 25 5 38 21 68
c 35 50 16 49 34
c 59 50 28 23 55
c 74 10 69 81 57
c 6 58 42 5 70
c 92 33 8 17 84
c 54 38 57 83 32
c 73 31 97 67 33
c 93 84 6 21 33
c 48 96 13 31 121
c 59 18 13 44 68
c 64 37 24 75 40
c 43 34 57 58 104
c 24 97 23 79 48
c 37 32 82 61 26
c 35 76 97 61 83
c 84 24 77 95 56
c 67 71 83 63 90
c 1 18 95 53 83
c 72 39 47 74 59
c 98 54 69 63 65
c 81 21 57 61 122
c 35 77 64 65 58
c 48 9 93 7 96
c 27 10 23 27 26
c 35 50 97 95 37
c 29 86 76 66 92
c 97 69 15 17 56
c 52 22 81 1 46
c 51 74 51 75 74
c 24 44 85 86 53
c 78 60 52 44 102
c 95 15 98 91 100
c 86 53 35 3 94
c 95 11 81 38 56
c 10 87 32 15 52
c 65 21 95 72 104
c 3 15 17 56 115
c 73 55 35 44 69
c 62 10 81 21 103
c 71 51 70 63 32
c 95 6 29 11 114
c 47 48 67 37 105
c 70 41 5 58 45
c 42 2 34 99 48
c 40 41 32 53 37
c 98 84 92 33 45
c 67 55 26 49 66
c 66 51 48 96 41
c 50 26 18 65 50
c 75 79 32 58 36
c 46 82 77 22 101
c 84 41 42 62 41
c 3 34 90 21 111
c 33 97 29 82 37
c 20 41 55 18 25
c 48 15 33 89 43
c 84 41 12 63 69
c 82 61 37 3 58
c 24 76 30 6 80
c 97 48 1 9 99
c 31 4 82 7 59
c 39 97 71 48 42
c 60 67 80 90 35
c 10 48 61 34 97
c 48 74 86 99 42
c 33 93 19 6 29
c 90 20 89 34 100
c 0 84 23 92 49
c 6 53 77 66 121
c 36 72 32 41 39
c 81 25 84 86 32
c 27 88 16 58 115
c 82 65 83 64 37
c 61 62 74 31 53
c 61 85 92 32 103
c 68 52 3 4 75
c 15 5 55 93 52
c 31 2 17 21 73
c 22 88 13 81 95
c 27 39 10 47 85
c 6 73 31 32 94
c 78 30 29 31 95
c 97 45 18 19 73
c 95 94 72 41 107
c 21 22 65 98 32
c 71 69 25 88 32
c 32 65 17 22 64
c 26 83 89 77 83
c 95 42 57 97 35
c 8 69 12 72 38
c 59 70 97 92 91
c 75 37 35 76 99
c 33 38 91 73 67
c 42 51 85 77 45
c 28 96 70 52 53
c 40 10 73 48 42
c 97 92 16 86 65
c 90 50 14 48 44
c 69 87 3 20 95
c 16 30 90 94 44
c 3 4 36 12 102
c 26 1 94 98 44
c 15 92 17 21 120
c 17 56 4 49 116
c 27 62 59 43 90
c 12 8 33 62 39
c 56 54 66 64 70
c 53 59 36 38 98
c 22 51 14 53 43
c 24 18 21 99 59
c 35 4 68 69 113
c 85 63 35 3 113
c 74 78 33 67 123
c 58 97 63 14 50
c 2 46 18 62 90
c 75 79 87 53 28
c 6 38 98 99 101
c 72 11 63 76 113
c 63 6 32 41 104
c 82 61 46 64 48
c 82 28 64 36 100
c 42 51 17 51 82
c 33 26 89 25 39
c 20 92 5 25 110
c 26 84 82 18 34
c 83 17 14 69 111
c 4 62 22 51 104
c 40 97 87 53 29
c 71 72 40 79 68
c 97 95 82 73 123
c 50 79 46 39 75
c 15 76 94 95 89
c 63 25 16 32 72
c 2 7 22 59 46
c 75 93 1 88 114
c 35 13 90 91 108
c 5 21 67 8 37
c 44 14 52 81 104
c 74 31 33 32 48
c 22 48 57 27 41
c 6 7 41 38 34
c 78 88 50 12 48
c 91 55 46 82 93
c 85 77 35 77 64
c 66 6 97 79 43
c 54 3 74 75 81
c 80 76 48 55 102
c 58 14 62 52 38
c 90 70 26 49 111
c 2 87 3 42 82
c 90 29 53 64 103
c 66 67 68 57 107
c 90 50 45 41 26
c 48 57 37 95 111
c 63 72 48 2 100
c 35 74 68 10 32
c 87 69 93 60 98
c 36 55 62 15 117
c 80 18 98 26 26
c 59 28 70 92 69
c 54 32 97 51 94
c 58 19 97 47 48
c 30 85 54 13 72
c 4 78 36 77 36
c 62 39 79 69 38
c 46 75 12 67 37
c 49 64 90 97 27
c 40 25 5 95 65
c 55 33 76 78 78
c 59 28 28 49 35
c 2 38 12 52 122
c 18 6 76 25 106
c 11 20 66 67 107
c 57 25 26 46 57
c 60 58 54 3 99
c 28 20 16 88 95
c 52 51 87 47 93
c 89 90 23 27 108
c 43 44 21 29 94
c 29 40 88 54 92
c 14 52 49 35 61
c 74 77 41 89 101
c 54 66 53 21 53
c 21 34 79 54 80
c 12 54 64 37 81
c 55 45 70 38 96
c 47 94 34 40 65
c 90 9 69 88 113
c 93 74 84 86 45
c 46 8 93 6 66
c 84 88 24 25 107
c 95 15 67 37 63
c 55 99 28 17 103
c 88 87 9 76 65
c 46 15 9 84 100
c 54 79 46 98 105
c 81 47 59 7 73
c 26 46 81 63 44
c 52 21 45 39 53
c 27 13 72 81 123
c 28 44 49 81 120
c 76 33 47 17 93
c 57 67 33 41 105
c 30 10 58 69 40
c 29 44 31 39 119
c 96 60 89 34 101
c 33 27 68 8 116
c 32 51 0 17 91
c 6 23 74 14 97
c 82 67 48 1 31
c 38 18 77 67 99
c 28 42 31 82 84
c 86 11 89 46 123
c 97 19 27 62 101
c 95 10 1 3 80
c 31 14 76 55 93
c 57 29 67 69 70
c 19 48 47 99 57
c 10 20 30 55 117
c 88 16 9 85 113
c 84 88 67 58 83
c 95 9 13 2 92
c 28 58 2 59 77
c 34 11 97 84 70
c 11 34 70 73 121
c 81 84 32 37 122
c 70 78 81 25 36
c 98 53 4 75 80
c 85 65 73 74 29
c 71 69 39 55 59
c 79 39 11 8 79
c 23 92 32 52 81
c 4 19 87 24 81
c 72 39 53 41 66
c 78 70 7 93 25
c 16 81 27 46 55
c 61 1 45 39 123
c 46 82 83 98 32
c 93 74 22 81 59
c 29 31 77 38 86
c 21 53 80 88 72
c 1 83 7 68 84
c 72 39 74 99 99
c 92 93 91 46 78
c 12 79 73 56 53
c 93 80 42 44 81
c 80 3 55 24 42
c 61 97 83 1 43
c 49 62 66 47 57
c 76 95 91 62 66
c 51 9 78 27 55
c 59 70 73 62 105
c 22 88 28 94 71
c 98 15 23 40 33
c 57 58 75 68 77
c 11 83 18 24 95
c 22 65 97 74 96
c 98 87 88 32 108
c 95 1 10 69 83
c 82 22 88 75 81
c 84 29 16 92 29
c 79 17 7 78 112
c 51 48 0 15 65
c 18 3 39 41 26
c 85 64 80 88 85
c 6 53 50 49 53
c 58 54 52 21 119
c 22 91 62 64 106
c 85 12 2 80 33
c 70 3 44 58 29
c 84 25 92 59 80
c 3 66 4 62 92
c 79 84 75 92 75
c 52 87 76 45 86
c 14 52 81 44 96
c 33 68 44 54 112
c 10 88 4 93 52
c 18 60 68 59 36
c 96 74 10 36 52
c 36 45 95 25 74
c 98 76 76 60 39
c 57 78 56 20 46
c 55 88 55 48 116
c 61 12 48 32 110
c 24 45 95 53 90
c 6 23 81 84 72
c 48 74 83 26 97
c 3 40 26 51 111
c 18 82 92 16 103
c 36 45 68 40 119
c 10 64 70 42 94
c 54 84 20 83 41
c 92 83 6 97 123
c 54 66 4 25 73
c 20 63 84 42 59
c 95 6 15 12 119
c 81 90 12 67 113
c 81 44 25 67 49
c 41 89 6 23 77
c 77 83 59 75 83
c 61 37 86 68 72
c 66 31 33 72 81
c 4 90 65 78 103
c 42 3 91 55 49
c 51 82 56 54 106
c 8 86 80 3 104
c 3 1 54 50 44
c 12 61 6 57 45
c 66 6 15 76 51
c 32 52 53 36 107
c 89 63 45 52 99
c 98 54 78 27 98
c 56 57 61 85 74
c 39 41 11 82 60
c 38 60 46 64 47
c 7 55 39 95 55
c 61 1 87 61 98
c 84 79 0 15 75
c 59 75 24 30 67
c 84 66 61 32 62
c 58 69 42 44 98
c 8 54 90 67 110
c 50 49 76 55 34
c 46 79 97 48 40
c 27 39 93 87 46
c 2 34 63 76 124
c 35 74 81 48 77
c 45 14 48 10 54
c 31 27 18 64 43
c 54 22 86 10 48
c 98 47 22 88 73
c 20 21 5 19 68
c 61 85 80 69 60
c 80 81 81 47 82
c 92 35 97 98 122
c 46 8 38 26 108
c 42 86 77 66 37
c 88 70 73 24 34
c 54 13 74 90 84
c 76 12 72 45 95
c 43 28 63 80 83
c 63 76 84 88 25
c 69 81 52 55 45
c 43 31 67 21 102
c 72 41 24 75 87
c 76 65 85 64 116
c 29 81 35 74 86
c 63 34 46 68 51
c 23 41 64 4 40
c 3 20 58 19 78
c 23 47 1 5 36
c 3 39 0 67 87
c 74 64 79 84 95
c 16 32 20 92 62
c 14 48 70 38 113
c 92 16 37 62 94
c 2 88 75 76 50
c 28 3 49 33 47
c 57 29 8 30 81
c 25 24 41 71 28
c 24 53 98 47 97
c 6 71 95 15 36
c 31 27 34 99 34
c 61 37 86 44 25
c 49 33 15 17 40
c 48 96 15 76 62
c 41 51 49 35 123
c 82 23 91 30 85
c 67 69 3 40 55
c 76 44 28 44 123
c 97 79 62 65 86
c 53 41 82 67 120
c 43 46 27 28 79
c 25 26 86 87 48
c 64 77 4 90 70
c 46 57 54 83 71
c 66 75 10 20 45
c 63 64 46 82 117
c 69 41 95 43 69
c 42 86 10 88 60
c 26 53 51 52 96
c 47 68 98 40 32
c 13 27 89 7 95
c 23 24 17 4 120
c 25 37 59 77 59
c 95 43 90 42 62
c 63 68 64 48 94
c 16 45 94 86 80
c 69 76 4 20 98
c 31 1 92 31 30
c 80 90 39 71 90
c 71 76 43 12 42
c 44 67 0 76 105
c 13 18 58 44 25
c 36 38 4 99 85
c 42 32 29 82 62
c 97 92 82 73 80
c 9 85 53 38 112
c 2 75 91 9 98
c 82 28 62 64 83
c 83 39 75 76 112
c 77 2 63 71 28
c 24 9 50 70 103
c 60 62 72 63 120
c 42 34 82 39 101
c 47 94 76 12 68
c 63 64 38 60 38
c 31 32 58 97 100
c 6 71 85 64 79
c 83 24 16 49 116
c 58 47 58 5 93
c 84 42 62 64 106
c 3 4 91 55 64
c 72 10 75 98 78
c 33 34 66 62 120
c 46 68 0 96 99
c 37 1 97 86 38
c 57 27 0 9 113
c 8 17 54 96 66
c 90 35 29 30 34
c 81 70 35 30 107
c 97 31 85 76 100
c 31 64 83 62 64
c 57 41 42 34 122
c 45 56 46 57 81
c 54 39 71 59 37
c 38 5 53 54 68
c 67 48 92 16 45
c 51 9 6 46 124
c 36 42 14 15 60
c 14 9 26 27 93
c 20 44 73 86 51
c 65 7 83 86 66
c 35 17 96 85 108
c 98 76 49 92 96
c 33 26 67 68 48
c 6 71 18 64 80
c 74 10 53 11 104
c 5 47 3 67 51
c 3 41 78 94 113
c 6 58 81 44 68
c 62 15 25 24 85
c 82 23 18 17 93
c 18 6 29 46 121
c 2 35 79 38 53
c 9 37 9 60 82
c 55 88 24 75 68
c 72 39 64 48 71
c 11 24 11 56 56
c 36 83 11 34 34
c 46 88 64 30 53
c 16 59 81 1 32
c 31 1 89 22 116
c 31 28 76 44 82
c 3 15 40 42 80
c 19 48 61 50 69
c 56 36 86 53 100
c 73 14 21 92 115
c 63 38 44 45 75
c 31 28 20 63 70
c 46 8 39 98 59
c 82 65 16 92 32
c 68 59 74 47 39
c 17 79 15 16 26
c 87 51 91 30 85
c 22 75 62 31 65
c 91 53 17 21 116
c 18 6 24 53 106
c 16 8 76 66 80
c 62 29 78 30 54
c 61 23 81 70 75
c 28 58 81 49 107
c 93 6 80 67 73
c 28 74 93 84 53
c 66 99 46 98 72
c 0 91 51 48 87
c 41 71 55 47 78
c 67 3 17 18 32
c 33 14 26 46 116
c 22 91 36 97 121
c 16 14 88 71 124
c 21 27 98 47 54
c 88 21 12 63 114
c 76 66 40 55 57
c 12 18 7 39 52
c 42 37 1 33 102
c 70 2 46 79 119
c 50 4 97 24 63
c 82 49 33 67 43
c 71 6 19 48 101
c 79 40 98 23 26
c 27 13 73 48 34
c 54 4 55 21 26
c 64 36 23 3 112
c 55 44 90 9 119
c 45 52 93 61 40
c 32 4 1 9 106
c 77 78 61 12 45
c 73 63 12 89 119
c 74 27 41 5 85
c 97 63 19 10 30
c 30 37 90 88 56
c 76 60 97 63 64
c 55 13 55 20 91
c 48 4 40 98 88
c 49 33 59 18 112
c 9 70 37 58 65
c 63 92 66 67 60
c 75 37 62 65 34
c 70 42 47 81 95
c 9 76 42 44 34
c 6 95 2 75 52
c 76 14 93 34 123
c 41 23 80 87 81
c 18 3 68 32 111
c 2 59 28 76 36
c 26 61 42 44 48
c 97 45 36 24 36
c 89 68 38 5 51
c 12 86 29 11 62
c 76 7 79 17 103
c 10 59 47 94 80
c 7 8 53 61 124
c 70 41 47 94 85
c 91 53 11 84 123
c 34 15 24 87 69
c 32 97 80 69 121
c 21 29 44 60 100
c 41 98 14 52 101
c 67 48 82 69 48
c 78 68 49 81 65
c 95 72 52 76 94
c 33 72 22 88 99
c 69 21 45 19 94
c 90 91 79 23 120
c 6 73 96 86 62
c 43 42 68 3 99
c 95 43 32 58 118
c 63 64 0 62 89
c 35 13 55 3 62
c 19 24 67 99 99
c 16 98 71 6 89
c 18 55 95 15 82
c 78 27 73 27 31
c 5 21 37 28 89
c 46 9 6 83 71
c 84 74 16 30 106
c 16 17 30 34 112
c 81 47 31 64 81
c 26 80 3 39 119
c 26 80 73 64 41
c 16 8 15 2 41
c 70 42 52 21 45
c 20 78 5 21 80
c 36 45 43 45 72
c 90 16 41 51 58
c 44 14 29 30 99
c 77 78 25 48 36
c 15 12 62 99 43
c 42 93 40 77 76
c 85 14 32 2 56
c 89 5 4 49 78
c 14 19 52 51 119
c 58 60 97 24 30
c 66 91 63 47 87
c 77 2 67 19 45
c 23 57 41 38 89
c 3 43 84 42 121
c 91 9 80 96 110
c 25 59 57 54 31
c 63 17 30 10 38
c 2 88 72 97 97
c 3 20 82 78 55
c 1 18 83 42 86
c 54 19 97 98 101
c 51 35 97 46 86
c 82 67 60 87 50
c 93 34 52 44 104
c 24 48 76 10 28
c 52 55 70 82 92
c 54 32 86 48 120
c 89 90 49 35 119
c 63 55 13 14 65
c 41 9 60 47 60
c 86 46 84 59 100
c 4 69 80 18 48
c 81 68 90 9 60
c 24 42 83 50 38
c 84 11 40 28 114
c 90 73 3 66 120
c 71 48 78 1 83
c 21 9 38 39 123
c 52 17 78 23 123
c 66 91 90 42 60
c 43 9 59 60 71
c 17 66 44 60 68
c 39 98 83 84 64
c 56 36 8 54 38
c 91 92 49 37 61
c 1 9 27 4 114
c 46 81 1 33 65
c 53 60 95 9 102
c 27 73 95 94 110
c 18 77 29 48 117
c 22 23 46 39 29
c 87 88 33 41 85
c 2 11 87 14 122
c 33 72 22 57 63
c 28 25 97 79 87
c 36 23 19 13 79
c 29 27 78 13 31
c 27 63 0 14 111
c 5 27 67 99 97
c 1 5 75 39 68
c 87 53 30 71 88
c 55 21 64 48 116
c 16 11 42 2 77
c 45 35 43 42 123
c 29 86 21 42 82
c 53 38 20 63 95
c 26 33 7 76 36
c 92 67 65 98 83
c 32 41 98 47 26
c 9 76 42 5 73
c 21 32 80 7 98
c 7 3 98 99 25
c 32 65 45 14 70
c 15 85 59 88 64
c 27 93 43 31 108
c 96 49 15 24 118
c 33 38 16 5 34
c 81 38 10 88 87
c 92 28 6 58 58
c 92 68 29 39 106
c 39 99 41 21 48
c 94 14 8 30 84
c 85 94 24 52 91
c 72 63 34 86 29
c 81 58 28 15 97
c 65 36 67 18 91
c 3 15 43 42 100
c 22 59 95 10 31
c 36 97 26 10 116
c 40 85 39 71 54
c 57 54 25 26 29
c 3 40 97 79 78
c 30 45 98 40 64
c 54 3 16 85 116
c 50 49 4 83 102
c 38 43 31 83 61
c 54 31 49 64 124
c 29 74 37 41 47
c 10 94 90 30 49
c 22 59 32 52 102
c 41 71 52 30 33
c 32 96 49 33 34
c 31 83 82 69 116
c 95 87 96 60 104
c 25 57 63 90 70
c 85 81 91 55 112
c 58 43 77 83 52
c 57 41 57 67 45
c 26 53 13 51 77
c 70 41 97 98 25
c 83 42 30 83 44
c 88 32 93 12 74
c 8 63 21 9 31
c 72 19 63 68 124
c 57 12 48 96 88
c 67 20 12 18 81
c 8 54 3 34 41
c 78 70 76 24 81
c 82 49 52 21 53
c 74 31 71 90 106
c 60 6 29 99 96
c 6 38 88 32 71
c 63 80 95 78 99
c 40 28 18 31 31
c 71 27 93 84 55
c 82 27 46 76 55
c 25 65 80 77 26
c 18 24 73 26 85
c 11 87 82 18 79
c 20 41 8 67 92
c 13 14 1 30 98
c 57 67 13 97 81
c 86 99 83 26 57
c 63 6 65 85 76
c 55 1 66 44 75
c 10 86 6 58 74
c 72 77 5 27 55
c 47 95 43 9 82
c 43 36 38 5 36
c 87 47 26 71 73
c 58 1 63 70 82
c 61 31 51 87 28
c 43 82 16 86 68
c 66 47 55 13 39
c 16 8 64 79 121
c 73 26 42 44 42
c 90 1 2 88 100
c 19 76 89 83 67
c 3 42 70 8 106
c 33 93 91 9 105
c 31 66 0 9 78
c 29 81 38 39 89
c 73 86 2 62 70
c 28 17 41 42 81
c 82 61 17 79 74
c 46 64 21 99 68
c 97 68 13 31 94
c 84 24 52 81 85
c 21 42 46 68 98
c 23 28 46 70 117
c 37 20 42 47 60
c 13 81 88 71 35
c 46 79 43 17 34
c 48 2 6 23 94
c 88 32 74 75 113
c 64 37 31 1 52
c 52 8 14 15 95
c 8 50 54 59 63
c 43 34 18 77 112
c 94 9 68 40 123
c 33 38 91 26 64
c 68 35 65 98 29
c 42 34 98 26 81
c 27 63 51 74 87
c 35 74 62 39 41
c 74 75 29 5 38
c 58 54 10 77 30
c 12 40 54 13 79
c 31 39 67 99 107
c 51 35 31 2 110
c 3 41 26 83 44
c 60 58 98 90 79
c 47 99 56 8 38
c 42 86 71 27 91
c 40 41 80 16 69
c 33 76 26 88 38
c 76 41 1 88 109
c 0 96 39 11 76
c 93 52 43 28 36
c 72 19 51 9 28
c 31 28 64 48 121
c 68 69 71 50 109
c 97 95 69 67 32
c 78 43 17 51 80
c 48 28 82 7 56
c 54 38 34 99 90
c 22 54 53 11 101
c 91 30 55 18 53
c 52 87 87 17 29
c 20 61 20 52 29
c 86 11 29 72 80
c 55 25 73 74 80
c 81 5 49 62 49
c 87 84 6 36 35
c 69 81 15 90 72
c 61 86 73 89 107
c 20 99 38 36 83
c 24 9 73 14 28
c 3 41 41 98 63
c 32 76 32 87 81
c 2 30 78 30 110
c 30 88 25 59 109
c 74 99 30 37 121
c 19 81 15 17 107
c 67 90 85 45 107
c 45 16 2 75 81
c 42 62 61 14 82
c 37 41 97 79 32
c 36 45 57 18 93
c 84 85 88 70 48
c 97 56 30 54 100
c 39 41 73 7 110
c 87 47 83 98 68
c 68 35 43 21 112
c 62 94 54 50 91
c 78 49 45 56 93
c 97 48 55 93 78
c 95 92 58 65 80
c 92 62 28 60 66
c 32 62 64 43 100
c 84 48 41 23 86
c 15 65 31 32 91
c 46 75 41 71 52
c 39 41 56 36 92
c 8 30 89 77 31
c 39 99 66 21 121
c 82 69 77 87 33
c 65 42 0 69 43
c 67 98 73 56 69
c 46 47 45 52 33
c 81 84 77 78 73
c 51 63 70 73 48
c 93 74 54 79 123
c 37 72 81 48 53
c 46 13 1 2 59
c 16 11 86 46 76
c 91 86 30 62 96
c 30 54 70 97 44
c 66 56 48 10 105
c 73 31 69 47 87
c 21 34 54 79 38
c 82 78 58 14 25
c 54 32 72 99 70
c 79 38 23 41 79
c 80 99 5 54 55
c 17 6 39 99 43
c 4 90 81 44 87
c 41 9 24 72 30
c 72 35 46 86 37
c 21 27 72 19 69
c 67 21 9 70 80
c 86 88 18 41 28
c 90 88 34 15 47
c 29 99 6 21 96
c 63 44 75 96 62
c 38 62 54 39 107
c 68 80 55 34 95
c 60 87 48 67 93
c 84 11 18 29 45
c 74 64 60 69 84
c 74 78 40 77 112
c 26 88 12 52 77
c 66 39 21 99 69
c 74 66 65 36 34
c 40 74 62 64 122
c 30 71 43 99 66
c 62 3 46 64 55
c 2 87 86 68 43
c 97 80 21 22 108
c 76 12 29 89 37
c 56 94 55 93 32
c 69 70 89 49 52
c 94 32 97 74 37
c 70 8 26 88 89
c 3 40 79 80 33
c 8 75 88 75 105
c 66 55 13 85 122
c 87 78 71 69 104
c 87 61 0 13 107
c 0 91 33 27 48
c 33 76 58 73 37
c 69 63 47 48 115
c 96 62 9 27 51
c 36 43 86 69 56
c 15 16 89 83 80
c 76 44 76 85 50
c 85 12 43 42 102
c 55 47 66 6 86
c 42 76 53 54 68
c 48 35 36 72 112
c 26 13 20 26 58
c 18 24 90 30 72
c 35 76 70 8 81
c 38 43 0 9 121
c 19 25 10 11 43
c 32 37 79 23 115
c 20 99 61 19 52
c 11 68 45 42 80
c 69 67 52 22 50
c 68 57 24 76 89
c 1 9 76 12 104
c 96 8 51 74 122
c 42 34 96 49 108
c 61 23 24 48 69
c 54 79 2 75 37
c 85 14 29 86 116
c 39 98 90 35 121
c 73 63 38 5 46
c 13 66 56 20 31
c 54 38 61 83 83
c 34 14 23 92 60
c 63 25 63 72 104
c 42 4 91 86 119
c 90 19 33 51 44
c 65 7 63 44 95
c 13 97 51 91 26
c 81 75 30 55 42
c 90 16 46 13 88
c 58 60 22 57 75
c 16 5 32 64 111
c 85 28 33 14 74
c 6 42 26 83 28
c 74 64 70 23 79
c 66 67 70 26 29
c 27 62 38 43 77
c 46 31 27 39 53
c 75 63 27 28 99
c 7 79 76 78 30
c 81 63 38 37 36
c 37 70 34 86 35
c 38 88 93 91 37
c 69 68 23 43 115
c 1 82 19 17 32
c 80 19 78 49 65
c 59 73 91 73 100
c 82 57 28 15 92
c 38 39 92 83 49
c 56 21 78 30 118
c 59 68 78 45 114
c 75 76 28 32 93
c 62 78 92 16 102
c 54 7 25 42 67
c 85 77 31 66 27
c 7 19 90 5 32
c 97 79 75 37 37
c 4 49 80 2 122
c 59 43 83 76 38
c 50 49 98 87 101
c 95 96 80 18 25
c 78 60 43 82 110
c 60 43 43 82 110
c 62 99 29 89 122
c 1 7 46 30 122
c 72 11 35 4 93
c 60 49 7 76 101
c 81 82 28 49 43
c 21 13 64 20 60
c 68 57 66 62 91
c 90 80 5 95 57
c 76 77 82 18 34
c 64 66 32 51 113
c 26 51 91 30 94
c 4 90 21 29 113
c 68 52 72 11 112
c 21 42 56 15 51
c 11 83 56 57 57
c 90 38 32 48 50
c 57 84 68 40 88
c 31 28 92 69 102
c 95 1 12 86 106
c 23 40 85 94 118
c 15 76 3 8 41
c 67 60 22 23 83
c 97 98 73 63 47
c 75 96 52 82 91
c 8 75 52 91 26
c 97 74 82 27 30
c 31 58 73 26 122
c 19 40 73 63 54
c 46 32 33 76 70
c 70 1 67 23 56
c 15 12 45 30 27
c 32 65 93 74 80
c 80 69 46 47 32
c 90 38 93 60 85
c 3 41 32 14 109
c 56 5 42 86 92
c 61 97 88 38 57
c 52 38 57 1 85
c 18 65 63 34 95
c 54 50 63 10 106
c 40 10 85 12 32
c 82 22 49 71 93
c 13 89 69 41 115
c 98 84 84 29 123
c 64 77 52 69 51
c 38 60 92 59 83
c 3 1 91 93 73
c 78 88 40 52 49
c 24 48 77 66 61
c 40 29 45 35 48
c 98 21 54 97 61
c 41 2 18 17 79
c 69 27 89 46 26
c 52 17 82 27 123
c 42 5 38 14 51
c 82 10 41 38 93
c 76 24 43 42 45
c 48 15 58 82 55
c 57 41 78 19 68
c 83 88 80 99 27
c 76 12 42 39 112
c 76 11 85 38 45
c 33 41 76 12 83
c 85 14 83 42 34
c 38 26 14 82 46
c 95 78 72 97 31
c 76 51 67 8 83
c 81 80 55 99 69
c 49 92 52 21 59
c 61 62 11 69 88
c 7 94 76 95 113
c 63 69 62 84 88
c 77 55 8 69 51
c 74 47 73 48 26
c 33 72 10 76 78
c 96 4 48 49 121
c 77 86 70 1 102
c 48 96 48 17 71
c 12 8 7 8 46
c 4 19 83 4 40
c 50 4 58 47 81
c 82 58 47 68 74
c 50 72 61 1 94
c 81 70 71 76 103
c 78 75 81 1 43
c 18 43 25 40 93
c 16 55 23 38 40
c 16 86 35 76 65
c 89 25 93 84 92
c 45 35 30 3 58
c 30 42 36 38 62
c 40 85 87 92 73
c 60 81 29 47 117
c 30 84 61 97 26
c 50 26 76 25 108
c 41 38 2 30 77
c 74 77 79 38 34
c 27 65 59 72 117
c 94 32 8 50 122
c 48 55 1 43 118
c 69 21 46 95 109
c 93 27 69 21 41
c 96 95 54 61 114
c 19 13 9 84 32
c 39 41 16 98 81
c 27 62 73 74 70
c 17 80 66 78 120
c 10 76 45 95 73
c 82 29 26 63 106
c 15 24 68 80 30
c 8 17 12 86 57
c 43 46 24 53 34
c 67 98 6 23 33
c 46 16 97 86 54
c 4 78 20 26 88
c 32 96 58 5 112
c 45 18 63 11 88
c 13 35 24 75 70
c 0 96 48 10 58
c 65 36 39 98 74
c 19 24 78 29 41
c 27 45 78 88 51
c 43 9 1 95 92
c 89 7 80 87 75
c 64 42 1 7 38
c 74 14 44 27 84
c 16 93 92 28 84
c 3 39 86 51 56
c 43 45 73 18 124
c 85 28 11 57 92
c 27 46 27 13 42
c 21 61 0 93 122
c 91 39 11 56 55
c 63 55 4 99 117
c 47 92 55 93 83
c 26 10 63 80 74
c 54 38 27 45 109
c 54 86 63 90 98
c 76 77 45 16 41
c 47 74 92 35 110
c 27 63 90 50 106
c 74 78 7 43 99
c 95 42 78 68 83
c 53 75 77 47 77
c 72 81 45 56 53
c 40 29 51 63 89
c 58 57 30 54 88
c 62 65 24 16 27
c 32 79 70 84 114
c 43 68 44 58 31
c 12 22 10 40 30
c 96 8 46 70 82
c 29 94 37 20 75
c 5 53 18 43 25
c 41 5 37 72 57
c 65 98 47 1 81
c 50 49 71 69 114
c 22 48 13 66 93
c 91 38 63 93 115
c 92 32 58 54 111
c 69 97 27 92 38
c 31 83 87 92 41
c 67 78 26 27 52
c 73 64 17 6 81
c 75 92 62 89 104
c 87 27 42 93 57
c 28 77 66 64 69
c 64 43 15 76 88
c 60 74 11 24 27
c 22 59 70 73 98
c 72 81 94 32 123
c 63 90 64 84 101
c 5 47 86 29 77
c 69 35 65 56 61
c 59 72 85 64 84
c 40 20 30 85 63
c 88 70 78 81 93
c 22 73 57 78 83
c 6 71 84 11 86
c 39 71 19 17 32
c 71 6 81 90 119
c 77 44 77 18 59
c 55 77 47 1 25
c 67 90 19 16 48
c 26 53 43 70 109
c 70 49 79 12 49
c 52 81 52 38 98
c 55 63 73 62 27
c 72 98 66 62 110
c 57 25 83 62 120
c 10 69 28 70 58
c 55 25 80 16 47
c 4 18 71 99 79
c 18 41 38 60 80
c 51 97 11 19 106
c 6 71 60 62 31
c 6 23 84 82 118
c 25 55 67 80 59
c 29 82 44 14 62
c 88 2 70 38 40
c 31 65 13 14 121
c 3 15 80 31 36
c 65 78 8 58 102
c 13 85 84 86 31
c 31 66 32 62 77
c 0 46 12 34 25
c 15 14 13 89 123
c 90 78 48 84 96
c 40 74 30 93 39
c 3 8 34 40 67
c 71 99 72 91 87
c 33 79 88 91 54
c 12 79 96 62 46
c 17 29 9 84 46
c 31 65 78 49 89
c 78 13 98 53 68
c 16 42 45 35 58
c 67 80 87 63 91
c 80 7 61 12 41
c 40 79 43 16 43
c 97 80 23 79 42
c 87 11 33 79 120
c 91 40 69 54 109
c 18 96 35 17 58
c 20 78 31 30 37
c 3 1 40 98 46
c 90 29 58 69 62
c 84 90 23 43 42
c 16 21 26 56 115
c 32 53 27 39 72
c 52 38 59 50 99
c 89 25 1 33 105
c 64 51 88 16 43
c 50 49 59 23 48
c 97 69 19 16 44
c 73 31 16 32 124
c 10 11 85 86 109
c 30 3 59 73 53
c 55 93 74 66 120
c 21 29 25 10 32
c 68 8 63 14 75
c 82 58 95 42 66
c 25 88 27 73 90
c 62 60 27 28 39
c 8 9 31 14 95
c 0 1 84 41 105
c 89 34 24 16 92
c 36 26 86 87 109
c 8 3 72 81 101
c 52 21 18 6 110
c 17 22 61 34 61
c 98 77 52 24 27
c 58 86 50 49 34
c 1 17 82 45 26
c 78 21 80 90 92
c 13 15 71 89 44
c 68 35 4 49 52
c 81 44 26 56 75
c 25 57 85 19 76
c 82 33 55 1 60
c 84 24 52 82 110
c 97 31 62 78 29
c 37 32 12 34 40
c 1 73 79 54 119
c 35 86 74 77 53
c 80 26 20 63 104
c 61 23 22 48 102
c 25 26 76 85 76
c 4 29 45 39 111
c 80 99 57 74 99
c 63 68 8 17 46
c 46 82 98 77 69
c 93 94 76 85 77
c 12 33 25 40 30
c 38 14 7 76 81
c 82 10 0 15 36
c 57 84 26 83 118
c 75 93 95 72 59
c 93 84 85 78 66
c 55 88 22 79 77
c 63 93 87 17 114
c 80 69 90 5 37
c 89 20 22 43 27
c 22 15 13 81 73
c 54 13 68 59 72
c 80 96 71 94 70
c 65 21 46 32 59
c 72 11 15 12 41
c 83 28 90 13 76
c 51 35 46 15 62
c 47 90 12 54 54
c 26 61 60 93 60
c 2 88 63 34 41
c 16 84 75 68 43
c 54 86 23 40 31
c 49 29 84 79 114
c 76 33 93 61 124
c 13 89 84 11 39
c 54 22 85 46 62
c 23 38 78 21 44
c 63 47 86 29 98
c 77 86 82 39 110
c 38 60 98 47 98
c 56 20 15 5 89
c 47 90 52 73 49
c 30 93 16 27 98
c 19 48 24 75 40
c 9 63 29 14 35
c 86 87 82 58 46
c 33 93 8 5 97
c 8 30 20 99 76
c 40 85 52 44 56
c 98 77 93 84 40
c 43 93 43 31 121
c 38 9 13 93 117
c 3 54 43 45 52
c 30 83 53 36 114
c 74 27 16 6 71
c 60 67 92 67 77
c 12 86 97 46 50
c 59 84 33 32 26
c 35 45 75 31 100
c 5 21 76 52 71
c 65 21 72 11 95
c 33 26 9 97 50
c 6 23 68 4 62
c 25 59 59 77 58
c 90 9 58 60 62
c 17 80 85 94 81
c 84 11 98 71 100
c 20 41 97 62 92
c 2 31 28 25 77
c 95 41 8 86 92
c 92 28 52 76 81
c 31 96 0 84 39
c 97 51 64 51 48
c 22 52 90 80 110
c 10 20 32 33 54
c 44 60 98 71 106
c 16 27 31 66 82
c 29 99 76 24 43
c 27 63 45 56 121
c 3 4 54 8 76
c 35 27 66 64 119
c 68 60 76 10 76
c 46 88 62 39 62
c 10 69 1 30 63
c 97 68 76 66 100
c 35 76 55 1 56
c 70 26 33 14 118
c 13 89 17 53 97
c 41 43 46 82 39
c 97 51 29 11 77
c 26 51 13 2 81
c 50 94 53 64 109
c 82 73 54 74 62
c 58 57 60 36 30
c 78 1 80 63 102
c 71 5 88 71 96
c 33 71 42 2 60
c 22 80 85 86 34
c 69 88 27 46 114
c 62 40 81 97 75
c 98 47 77 78 46
c 95 42 60 36 34
c 36 72 97 56 95
c 81 5 23 56 45
c 69 87 44 2 67
c 74 93 3 87 47
c 89 64 29 44 87
c 31 58 51 48 122
c 56 54 78 94 103
c 76 12 50 70 81
c 23 28 80 63 120
c 74 10 33 68 124
c 69 47 17 57 45
c 23 41 60 93 59
c 55 39 82 69 75
c 23 28 1 18 34
c 38 62 67 71 58
c 77 2 49 71 77
c 16 5 40 57 66
c 55 13 76 24 104
c 59 43 51 91 89
c 85 46 65 19 65
c 57 1 25 40 110
c 89 42 97 90 64
c 84 41 24 72 76
c 48 9 69 35 85
c 40 69 68 69 39
c 41 9 27 72 101
c 49 37 91 29 120
c 68 35 45 16 29
c 85 12 59 65 39
c 42 43 26 75 75
c 66 47 58 60 42
c 8 3 35 17 120
c 44 90 16 98 38
c 32 51 8 63 88
c 5 35 15 2 47
c 26 51 95 43 102
c 91 46 68 52 52
c 84 74 57 29 43
c 93 34 38 20 30
c 0 1 62 96 37
c 70 78 72 21 90
c 94 32 16 30 89
c 27 63 98 21 31
c 5 53 24 75 47
c 40 78 81 1 124
c 26 27 42 31 107
c 65 66 2 87 92
c 31 46 66 46 79
c 43 28 66 43 120
c 3 66 16 17 66
c 86 50 84 49 73
c 71 82 4 75 102
c 32 15 66 56 86
c 43 28 31 89 106
c 90 78 97 7 29
c 46 13 65 98 69
c 19 7 73 86 33
c 72 91 79 39 103
c 10 31 76 77 57
c 6 5 76 11 88
c 46 75 28 23 61
c 64 42 96 86 118
c 90 21 42 4 70
c 49 92 52 97 34
c 86 61 69 54 97
c 10 87 41 84 108
c 53 46 76 12 100
c 44 67 45 18 96
c 85 39 29 11 89
c 7 76 95 15 121
c 55 29 65 44 104
c 20 78 67 20 86
c 45 41 20 63 97
c 54 96 29 72 38
c 96 97 25 37 40
c 34 40 80 87 59
c 58 43 47 95 73
c 94 24 90 38 53
c 22 81 90 20 107
c 57 25 9 56 109
c 26 66 49 24 57
c 19 25 56 20 62
c 61 10 53 41 115
c 64 84 71 43 30
c 23 40 41 5 92
c 4 20 81 1 56
c 66 38 31 59 101
c 10 77 63 6 55
c 6 42 43 71 49
c 18 43 88 89 84
c 23 24 16 95 52
c 29 42 15 2 25
c 38 39 35 30 76
c 43 42 56 5 113
c 73 62 6 52 108
c 89 42 0 91 89
c 48 84 74 14 82
c 16 6 58 86 88
c 14 39 0 96 115
c 70 38 68 60 90
c 94 9 67 8 87
c 69 70 54 4 67
c 95 92 24 44 87
c 88 32 86 68 117
c 30 42 17 66 57
c 88 2 58 57 58
c 5 31 97 84 106
c 85 19 62 40 56
c 73 62 28 67 83
c 15 90 97 79 60
c 36 81 15 64 34
c 22 79 12 13 121
c 74 47 70 63 33
c 2 66 91 58 88
c 26 83 57 54 88
c 65 42 14 39 92
c 69 37 32 51 115
c 58 28 64 43 38
c 89 20 21 18 67
c 77 95 4 19 95
c 0 65 90 14 34
c 54 79 44 71 57
c 70 85 31 89 82
c 42 8 61 99 115
c 61 50 5 21 92
c 56 94 89 34 108
c 13 89 22 91 54
c 84 96 90 14 61
c 72 2 82 67 113
c 44 5 34 15 114
c 18 55 60 6 78
c 81 44 19 81 120
c 7 3 97 31 108
c 24 44 57 83 40
c 14 15 88 44 49
c 85 14 90 14 50
c 50 44 62 63 102
c 97 67 8 17 100
c 92 33 65 85 96
c 85 12 72 81 61
c 33 20 52 44 116
c 32 79 18 62 79
c 70 63 37 28 89
c 66 46 33 47 36
c 38 39 64 19 47
c 60 81 40 96 104
c 46 27 66 99 74
c 0 50 29 81 98
c 28 6 60 69 116
c 32 51 10 76 94
c 37 58 66 56 118
c 28 74 72 88 45
c 55 47 0 46 103
c 5 38 97 74 27
c 47 81 23 53 113
c 35 96 6 46 113
c 77 38 5 21 49
c 92 60 5 12 85
c 78 88 21 22 78
c 80 47 89 7 112
c 5 25 52 22 88
c 24 87 84 41 114
c 37 32 67 55 80
c 66 47 0 94 61
c 70 38 8 63 79
c 30 31 3 1 35
c 77 95 95 25 34
c 80 76 82 23 58
c 33 32 28 25 50
c 45 95 85 38 120
c 23 3 33 27 78
c 4 33 60 49 53
c 13 35 23 28 46
c 93 60 47 68 49
c 85 46 29 39 82
c 85 90 82 23 44
c 70 38 61 97 31
c 66 64 38 39 56
c 7 43 39 98 81
c 15 2 86 50 65
c 22 33 28 49 110
c 54 83 52 81 71
c 66 78 96 4 107
c 95 90 67 98 69
c 21 77 12 67 51
c 22 79 96 40 90
c 33 26 96 60 28
c 17 80 43 82 65
c 97 28 82 65 97
c 70 3 67 23 122
c 91 29 77 18 30
c 89 63 72 91 29
c 84 64 37 55 76
c 25 6 2 80 66
c 86 51 8 75 72
c 21 42 97 47 108
c 27 10 91 30 76
c 57 18 86 11 121
c 36 12 34 86 84
c 14 42 80 77 97
c 4 99 23 53 118
c 76 66 70 1 67
c 39 97 81 51 53
c 90 35 58 97 66
c 29 48 54 7 113
c 42 37 78 68 76
c 21 29 2 7 87
c 5 79 98 54 69
c 18 59 10 94 78
c 7 23 79 33 70
c 52 55 53 64 40
c 67 98 59 65 121
c 27 10 22 65 71
c 4 93 63 34 71
c 59 50 56 51 68
c 44 14 82 19 53
c 40 78 59 65 25
c 8 54 40 78 54
c 56 50 85 81 33
c 55 48 15 5 100
c 12 67 90 29 97
c 67 19 86 50 64
c 18 82 36 81 64
c 74 92 59 75 117
c 73 74 25 23 117
c 87 47 39 41 89
c 94 14 40 20 57
c 20 72 27 65 31
c 0 14 30 62 102
c 34 42 11 55 26
c 18 82 83 88 49
c 36 12 82 67 78
c 32 65 58 28 114
c 20 52 59 77 74
c 38 62 93 34 121
c 62 52 64 78 121
c 61 14 73 55 35
c 95 26 30 10 95
c 10 40 55 1 110
c 31 64 84 96 119
c 53 46 86 51 64
c 46 79 13 66 101
c 54 13 64 77 76
c 66 31 68 32 73
c 27 88 83 28 51
c 67 8 70 38 36
c 8 30 33 76 99
c 2 64 70 97 77
c 62 35 26 51 28
c 82 64 87 69 62
c 92 62 87 33 89
c 58 36 86 69 56
c 16 86 68 10 85
c 52 91 51 9 115
c 64 37 13 2 60
c 33 36 78 79 61
c 88 38 55 1 50
c 17 22 98 87 110
c 10 86 92 28 68
c 88 70 51 33 76
c 73 7 55 45 67
c 36 45 82 73 83
c 73 83 42 39 98
c 76 30 65 8 31
c 52 29 33 99 97
c 18 17 85 28 96
c 90 21 37 70 85
c 39 55 90 37 112
c 18 31 82 29 48
c 38 62 85 68 108
c 27 73 46 70 98
c 31 64 82 69 78
c 77 95 67 58 69
c 74 1 94 78 69
c 33 51 15 24 41
c 28 49 83 98 67
c 45 41 85 94 93
c 0 76 24 18 65
c 3 66 75 85 62
c 28 44 36 37 59
c 45 18 90 9 53
c 26 12 17 6 84
c 55 56 4 88 56
c 11 8 11 34 51
c 85 86 62 56 60
c 98 10 40 6 49
c 42 61 51 61 63
c 46 13 68 81 115
c 23 92 76 14 33
c 85 68 5 79 27
c 16 85 80 31 120
c 65 36 81 90 100
c 11 77 30 62 100
c 51 74 50 49 41
c 34 38 3 78 49
c 29 78 89 63 60
c 87 47 76 44 39
c 45 39 92 62 112
c 82 45 13 81 49
c 31 14 98 76 50
c 63 33 78 19 71
c 94 14 2 62 92
c 82 54 12 67 91
c 7 59 86 39 58
c 33 76 9 56 104
c 10 60 80 36 29
c 39 29 21 34 48
c 47 68 76 77 91
c 98 76 62 15 111
c 82 67 11 19 43
c 98 26 70 49 48
c 79 84 30 71 61
c 84 41 31 58 117
c 77 52 79 23 74
c 48 4 27 73 48
c 22 91 38 15 68
c 84 46 34 42 92
c 84 41 66 21 45
c 67 3 2 3 41
c 86 46 79 33 98
c 26 71 16 11 53
c 51 97 70 42 107
c 58 19 3 23 70
c 17 4 52 30 97
c 91 25 30 83 36
c 29 39 54 22 106
c 63 6 80 2 40
c 34 99 83 1 114
c 6 52 37 95 88
c 42 83 0 96 98
c 75 24 80 18 89
c 87 51 13 66 93
c 67 18 81 84 55
c 2 31 59 88 33
c 33 99 11 19 49
c 72 84 30 62 71
c 67 90 40 42 26
c 30 37 67 58 121
c 69 70 82 73 33
c 22 65 11 57 84
c 52 17 63 80 28
c 34 11 57 27 86
c 25 95 78 81 46
c 97 31 10 64 105
c 68 59 42 86 50
c 71 90 72 77 45
c 0 13 79 10 120
c 25 87 42 37 52
c 57 90 12 8 69
c 12 54 93 60 124
c 48 49 58 19 67
c 93 6 26 75 85
c 71 69 25 59 51
c 2 32 90 1 76
c 80 18 53 11 45
c 26 1 48 22 62
c 64 66 16 95 123
c 7 19 5 47 123
c 85 68 15 24 54
c 82 58 20 44 47
c 68 35 19 76 113
c 45 19 58 59 57
c 85 19 47 51 39
c 61 83 77 44 55
c 88 95 55 3 100
c 90 19 27 39 108
c 76 85 61 86 50
c 4 33 51 97 46
c 81 70 68 39 106
c 84 29 0 1 123
c 42 39 33 27 58
c 63 72 60 62 123
c 42 43 52 17 58
c 88 75 7 55 106
c 42 43 33 79 26
c 38 68 1 43 39
c 87 51 83 50 55
c 94 86 90 78 74
c 90 29 74 53 89
c 95 92 19 54 97
c 47 1 43 36 106
c 32 48 47 29 30
c 2 32 2 80 90
c 8 30 65 36 62
c 17 6 15 16 66
c 36 29 75 39 70
c 38 29 74 64 39
c 16 42 84 86 70
c 79 67 90 5 104
c 29 25 84 11 46
c 56 5 49 37 107
c 84 85 98 84 46
c 43 9 59 50 58
c 95 2 3 64 78
c 8 26 46 28 93
c 57 29 75 31 80
c 80 47 47 1 100
c 33 32 87 69 104
c 23 56 69 47 115
c 60 99 85 2 97
c 13 18 57 89 43
c 77 83 66 33 94
c 97 79 12 34 108
c 90 73 54 55 56
c 58 30 11 24 70
c 62 10 20 26 71
c 82 63 54 83 41
c 83 39 6 7 109
c 32 97 97 86 101
c 56 36 88 95 45
c 26 56 12 8 105
c 74 32 77 73 43
c 28 25 66 99 124
c 4 33 47 14 91
c 36 26 59 50 96
c 16 17 62 40 87
c 17 27 86 46 112
c 53 85 43 36 52
c 33 97 26 71 67
c 82 69 43 28 107
c 46 75 26 84 89
c 0 50 3 15 96
c 55 47 10 36 52
c 57 27 67 42 82
c 85 45 38 15 123
c 20 21 70 82 95
c 75 96 13 81 32
c 27 75 80 7 67
c 44 49 59 7 101
c 72 63 80 76 34
c 52 10 8 68 115
c 2 88 31 83 84
c 9 76 8 98 48
c 42 34 47 73 84
c 90 67 20 52 100
c 19 20 81 38 62
c 33 72 13 14 117
c 55 25 39 11 108
c 32 53 47 17 116
c 9 37 96 74 117
c 27 65 73 56 33
c 55 56 16 89 63
c 16 14 36 97 44
c 14 19 37 28 31
c 75 83 97 79 61
c 13 90 57 54 114
c 18 31 75 92 106
c 4 26 43 17 109
c 49 64 60 87 35
c 39 99 57 84 90
c 42 37 54 79 92
c 32 41 65 42 106
c 20 52 57 74 80
c 43 99 17 21 103
c 91 25 88 16 43
c 78 59 28 23 64
c 63 43 98 90 118
c 51 97 31 30 121
c 6 52 84 49 27
c 95 6 27 45 71
c 6 57 79 12 122
c 93 6 27 92 98
c 3 41 86 87 94
c 89 63 0 69 73
c 55 48 35 72 94
c 81 75 69 76 62
c 41 51 18 64 110
c 22 75 30 88 90
c 5 6 42 43 42
c 58 86 57 74 35
c 66 56 22 81 111
c 86 50 79 23 39
c 61 10 42 76 109
c 72 41 71 51 82
c 77 67 97 98 49
c 15 85 52 44 59
c 67 60 62 89 64
c 45 35 20 99 54
c 22 88 81 87 119
c 42 78 3 41 61
c 90 35 54 22 44
c 82 22 52 30 68
c 70 64 33 99 61
c 77 68 16 27 108
c 68 4 70 1 117
c 13 89 74 99 68
c 96 41 40 55 60
c 22 75 63 14 111
c 20 72 26 71 92
c 19 48 44 14 122
c 49 37 5 95 43
c 98 87 56 57 102
c 73 7 26 1 70
c 88 44 40 30 100
c 52 51 88 54 117
c 55 33 73 83 75
c 28 20 64 84 72
c 68 8 85 70 91
c 16 8 57 29 61
c 23 28 60 36 87
c 41 84 42 44 104
c 71 24 5 79 71
c 71 72 95 53 105
c 35 30 23 53 89
c 81 87 18 31 119
c 89 84 90 37 29
c 45 35 35 50 42
c 86 68 94 9 90
c 51 61 56 51 46
c 77 22 24 97 81
c 29 74 77 68 48
c 54 31 36 97 100
c 52 97 85 46 31
c 80 31 86 17 120
c 61 34 94 95 99
c 81 75 21 9 116
c 42 70 31 39 62
c 12 40 3 42 57
c 80 2 16 6 35
c 57 38 84 48 40
c 75 98 49 92 115
c 97 61 12 67 49
c 38 39 17 66 70
c 13 15 36 96 37
c 16 84 30 6 53
c 38 36 67 78 67
c 94 99 16 58 36
c 0 91 23 43 67
c 4 41 51 2 81
c 86 99 84 56 56
c 46 68 63 90 119
c 57 25 93 74 59
c 95 43 2 93 33
c 71 35 53 21 26
c 42 43 97 69 104
c 85 53 53 59 114
c 22 57 59 64 33
c 18 6 28 69 114
c 95 11 3 39 118
c 91 26 31 28 120
c 13 14 30 10 84
c 62 35 70 2 29
c 32 76 74 10 54
c 36 81 98 10 97
c 2 25 68 57 92
c 92 54 80 77 32
c 46 95 61 83 76
c 25 6 96 80 88
c 27 21 20 83 72
c 22 33 48 59 75
c 84 46 28 32 80
c 75 83 15 76 120
c 9 70 33 49 121
c 44 49 30 3 96
c 2 43 96 13 26
c 42 77 66 44 78
c 55 88 24 45 58
c 39 41 91 86 95
c 2 30 1 17 66
c 80 88 41 67 38
c 30 45 55 99 95
c 45 74 70 2 37
c 26 84 66 75 49
c 86 39 62 39 113
c 43 59 25 67 78
c 84 46 48 96 72
c 73 62 22 33 108
c 51 33 86 69 87
c 41 98 21 19 60
c 7 3 27 62 59
c 93 84 75 98 81
c 40 41 70 44 34
c 18 64 65 98 109
c 23 28 42 37 28
c 14 7 12 18 117
c 2 43 61 32 46
c 17 4 67 90 73
c 38 60 29 81 51
c 30 88 18 59 52
c 46 8 42 47 82
c 97 62 5 19 101
c 11 28 45 19 104
c 23 47 27 44 32
c 48 1 72 39 77
c 18 30 59 75 66
c 93 22 89 16 61
c 63 14 81 47 43
c 87 53 16 54 83
c 12 14 73 86 52
c 78 70 41 51 71
c 26 12 96 86 105
c 91 25 57 83 46
c 38 37 84 56 98
c 38 79 60 58 93
c 58 30 88 38 54
