notes: n=200, m=3980, elb=1, eub=20, density=0.1, conf_density=0.0001, clb=100, cub= 200, seed= 6477
p spec 200 3980 791
s 0
t 199
a 0 1 18
a 0 157 9
a 0 178 19
a 0 12 14
a 0 174 15
a 0 113 19
a 0 34 9
a 0 140 7
a 0 37 2
a 0 22 17
a 0 192 15
a 0 88 15
a 0 81 14
a 0 65 2
a 0 161 11
a 0 166 8
a 0 67 15
a 0 168 13
a 0 118 3
a 1 2 15
a 1 52 6
a 1 119 19
a 1 130 12
a 1 123 5
a 1 195 15
a 1 29 14
a 1 190 13
a 1 161 16
a 1 105 7
a 1 53 19
a 1 94 7
a 1 148 6
a 1 138 7
a 1 95 11
a 1 56 12
a 1 168 10
a 2 3 7
a 2 131 19
a 2 94 3
a 2 62 2
a 2 104 3
a 2 152 10
a 2 155 5
a 2 30 13
a 2 35 5
a 2 167 13
a 2 126 15
a 2 23 19
a 2 5 12
a 2 53 19
a 2 115 19
a 2 161 4
a 2 97 6
a 2 63 7
a 2 148 8
a 3 4 8
a 3 192 1
a 3 182 5
a 3 135 2
a 3 21 1
a 3 116 16
a 3 142 15
a 3 111 8
a 3 69 12
a 3 84 3
a 3 175 9
a 3 156 11
a 3 76 3
a 3 108 7
a 3 51 10
a 3 37 14
a 3 189 5
a 3 50 7
a 3 89 12
a 3 16 13
a 4 5 9
a 4 142 18
a 4 6 3
a 4 68 17
a 4 172 12
a 4 178 4
a 4 24 11
a 4 101 3
a 4 91 10
a 4 197 11
a 4 100 16
a 4 51 13
a 4 182 15
a 4 198 18
a 4 165 11
a 4 90 5
a 4 121 8
a 4 27 11
a 4 131 7
a 4 22 12
a 4 87 15
a 4 189 6
a 5 6 5
a 5 93 1
a 5 152 4
a 5 41 17
a 5 122 1
a 5 188 18
a 5 184 8
a 5 94 7
a 5 178 9
a 5 149 3
a 5 11 7
a 5 137 6
a 5 74 9
a 5 193 12
a 5 116 12
a 5 97 2
a 5 96 11
a 5 67 11
a 5 135 4
a 6 7 10
a 6 114 5
a 6 84 9
a 6 43 14
a 6 32 5
a 6 141 7
a 6 119 18
a 6 31 9
a 6 24 17
a 6 87 13
a 6 134 10
a 6 191 4
a 6 16 14
a 6 95 7
a 6 123 2
a 6 171 6
a 6 88 18
a 6 161 18
a 6 70 19
a 6 111 2
a 6 121 6
a 7 8 3
a 7 76 15
a 7 197 2
a 7 15 13
a 7 99 1
a 7 24 1
a 7 114 2
a 7 34 1
a 7 20 15
a 7 190 5
a 7 181 9
a 7 37 16
a 8 9 1
a 8 174 16
a 8 91 4
a 8 118 18
a 8 114 14
a 8 146 4
a 8 7 15
a 8 111 14
a 8 11 10
a 8 37 14
a 8 129 11
a 8 53 6
a 8 71 12
a 8 194 19
a 8 55 17
a 8 92 1
a 8 115 3
a 8 177 13
a 8 54 16
a 8 21 8
a 9 10 4
a 9 135 4
a 9 198 14
a 9 152 7
a 9 59 14
a 9 112 8
a 9 108 14
a 9 124 15
a 9 38 18
a 9 129 2
a 9 87 8
a 9 19 12
a 9 176 4
a 9 55 2
a 9 182 1
a 9 20 7
a 9 171 19
a 9 7 12
a 10 11 15
a 10 57 1
a 10 154 17
a 10 175 14
a 10 126 19
a 10 186 18
a 10 104 14
a 10 196 5
a 10 91 10
a 10 68 2
a 10 194 7
a 10 174 16
a 10 123 17
a 10 5 13
a 10 59 8
a 10 100 9
a 10 14 16
a 10 192 16
a 11 12 15
a 11 22 1
a 11 143 8
a 11 56 19
a 11 49 12
a 11 191 12
a 11 50 2
a 11 178 7
a 11 42 8
a 11 144 17
a 11 168 8
a 11 92 12
a 11 126 6
a 11 155 3
a 11 172 11
a 11 28 5
a 11 41 11
a 11 124 4
a 11 163 3
a 11 187 10
a 11 193 14
a 12 13 7
a 12 155 6
a 12 23 19
a 12 103 1
a 12 130 12
a 12 45 6
a 12 156 12
a 12 98 17
a 12 133 3
a 12 154 6
a 12 187 5
a 12 132 16
a 12 112 1
a 12 119 13
a 12 64 2
a 12 113 18
a 12 58 4
a 13 14 2
a 13 77 16
a 13 16 9
a 13 46 14
a 13 87 4
a 13 156 7
a 13 92 15
a 13 85 13
a 13 23 4
a 13 42 9
a 13 35 6
a 13 83 13
a 13 15 6
a 13 178 2
a 13 135 17
a 13 8 2
a 13 12 14
a 13 119 6
a 13 9 1
a 13 128 3
a 13 4 6
a 13 185 4
a 13 126 18
a 13 84 18
a 14 15 6
a 14 170 2
a 14 46 13
a 14 185 19
a 14 43 13
a 14 88 2
a 14 17 4
a 14 33 10
a 14 90 6
a 14 140 14
a 14 23 8
a 14 134 16
a 14 166 7
a 14 18 12
a 14 51 12
a 14 158 18
a 14 64 1
a 14 75 12
a 14 10 18
a 15 16 9
a 15 172 7
a 15 70 5
a 15 33 9
a 15 67 1
a 15 73 17
a 15 127 6
a 15 180 11
a 15 124 4
a 15 35 19
a 15 149 15
a 15 165 19
a 15 96 14
a 15 153 14
a 15 60 3
a 15 78 8
a 15 10 17
a 15 111 19
a 15 23 15
a 15 49 18
a 16 17 4
a 16 19 6
a 16 90 16
a 16 159 9
a 16 181 4
a 16 190 7
a 16 53 12
a 16 42 16
a 16 23 10
a 16 39 7
a 16 146 17
a 16 115 16
a 16 175 7
a 16 36 11
a 16 52 10
a 16 142 11
a 16 62 19
a 17 18 6
a 17 11 4
a 17 20 15
a 17 99 10
a 17 55 2
a 17 32 9
a 17 140 18
a 17 90 14
a 17 141 1
a 17 86 8
a 17 192 3
a 17 60 19
a 17 87 12
a 17 194 12
a 17 172 11
a 17 122 2
a 17 184 14
a 18 19 15
a 18 75 11
a 18 95 18
a 18 49 19
a 18 57 11
a 18 25 9
a 18 199 16
a 18 73 3
a 18 158 8
a 18 64 6
a 18 191 19
a 18 113 15
a 18 35 1
a 18 111 13
a 18 94 3
a 19 20 9
a 19 173 5
a 19 104 7
a 19 194 18
a 19 22 5
a 19 180 19
a 19 34 11
a 19 17 3
a 19 170 8
a 19 134 3
a 19 28 5
a 19 86 9
a 19 57 14
a 19 99 1
a 19 43 8
a 19 39 7
a 19 94 16
a 20 21 9
a 20 173 12
a 20 74 6
a 20 41 17
a 20 186 14
a 20 64 9
a 20 72 10
a 20 115 5
a 20 178 12
a 20 125 14
a 20 6 12
a 20 27 15
a 20 45 8
a 20 195 18
a 20 116 4
a 20 92 2
a 21 22 13
a 21 131 2
a 21 56 15
a 21 53 9
a 21 123 15
a 21 140 2
a 21 175 17
a 21 191 3
a 21 107 15
a 21 83 4
a 21 52 10
a 21 76 4
a 21 126 2
a 21 132 2
a 21 62 3
a 21 88 14
a 21 79 16
a 21 141 18
a 21 6 5
a 21 108 6
a 21 150 5
a 22 23 7
a 22 138 14
a 22 54 6
a 22 187 12
a 22 180 4
a 22 12 4
a 22 58 19
a 22 57 5
a 22 52 5
a 22 146 10
a 22 96 13
a 22 84 13
a 22 63 9
a 22 166 16
a 22 121 10
a 22 21 18
a 22 78 8
a 22 99 13
a 23 24 12
a 23 90 15
a 23 194 8
a 23 143 9
a 23 136 7
a 23 95 5
a 23 171 9
a 23 42 3
a 23 108 7
a 23 25 11
a 23 151 12
a 23 146 5
a 23 147 5
a 23 113 14
a 23 157 7
a 24 25 2
a 24 57 15
a 24 60 3
a 24 184 19
a 24 122 4
a 24 78 1
a 24 173 7
a 24 69 3
a 24 118 8
a 24 121 7
a 24 187 12
a 24 196 6
a 24 189 5
a 24 99 7
a 24 100 6
a 24 130 19
a 24 111 19
a 24 145 10
a 24 109 14
a 24 14 12
a 24 31 8
a 24 38 13
a 24 193 19
a 25 26 9
a 25 101 13
a 25 126 8
a 25 149 3
a 25 158 12
a 25 21 5
a 25 23 11
a 25 171 10
a 25 155 9
a 25 107 6
a 25 154 6
a 25 106 12
a 25 174 10
a 25 141 13
a 25 66 1
a 26 27 7
a 26 161 13
a 26 46 18
a 26 153 12
a 26 133 17
a 26 196 5
a 26 48 8
a 26 120 3
a 26 31 9
a 26 172 3
a 26 2 8
a 26 47 17
a 26 134 12
a 26 41 7
a 26 141 3
a 26 50 16
a 26 45 11
a 26 163 8
a 26 65 5
a 26 135 19
a 27 28 17
a 27 68 3
a 27 176 17
a 27 175 11
a 27 188 15
a 27 181 1
a 27 45 14
a 27 189 6
a 27 107 3
a 27 92 6
a 27 66 10
a 27 89 8
a 27 22 16
a 27 104 18
a 27 77 19
a 27 125 1
a 27 172 8
a 27 120 10
a 27 93 19
a 27 129 13
a 27 97 14
a 27 122 4
a 27 88 4
a 27 31 12
a 27 110 15
a 28 29 2
a 28 34 4
a 28 135 5
a 28 177 9
a 28 79 1
a 28 23 4
a 28 119 16
a 28 156 16
a 28 30 17
a 28 183 19
a 28 9 15
a 28 133 11
a 28 105 10
a 28 167 14
a 28 32 14
a 28 51 1
a 28 112 17
a 28 53 16
a 28 127 11
a 28 169 3
a 28 54 5
a 29 30 7
a 29 177 3
a 29 62 4
a 29 155 6
a 29 166 4
a 29 183 12
a 29 159 4
a 29 104 15
a 29 81 6
a 29 181 11
a 29 87 18
a 29 182 12
a 29 95 15
a 29 112 3
a 29 33 13
a 29 186 17
a 29 125 14
a 29 85 2
a 29 21 10
a 29 127 6
a 29 180 6
a 29 152 2
a 29 146 6
a 29 10 4
a 30 31 5
a 30 88 14
a 30 165 3
a 30 105 14
a 30 8 15
a 30 16 14
a 30 72 10
a 30 98 8
a 30 62 11
a 30 168 1
a 30 156 9
a 30 29 10
a 30 17 12
a 30 52 16
a 31 32 6
a 31 172 7
a 31 152 18
a 31 50 11
a 31 127 19
a 31 66 15
a 31 162 16
a 31 104 1
a 31 119 12
a 31 121 17
a 31 13 19
a 31 112 17
a 31 189 4
a 31 144 9
a 31 76 13
a 31 156 2
a 31 62 18
a 31 117 15
a 31 98 17
a 31 194 8
a 32 33 6
a 32 92 4
a 32 123 1
a 32 113 12
a 32 162 4
a 32 139 11
a 32 40 18
a 32 161 13
a 32 121 7
a 32 167 5
a 32 188 13
a 32 81 18
a 32 54 7
a 32 95 7
a 32 24 5
a 32 49 17
a 32 30 15
a 32 175 19
a 32 5 10
a 32 10 9
a 32 78 4
a 32 109 5
a 32 51 2
a 32 140 13
a 33 34 12
a 33 139 16
a 33 159 19
a 33 162 12
a 33 40 5
a 33 111 12
a 33 121 18
a 33 166 10
a 33 21 9
a 33 46 19
a 33 51 9
a 33 5 8
a 33 152 15
a 33 48 12
a 33 41 8
a 33 27 16
a 33 31 14
a 33 148 3
a 33 59 12
a 34 35 7
a 34 102 2
a 34 113 15
a 34 183 8
a 34 151 7
a 34 191 2
a 34 156 7
a 34 114 17
a 34 26 16
a 34 143 17
a 34 51 1
a 34 111 10
a 34 139 15
a 34 142 9
a 34 84 3
a 34 152 9
a 34 18 18
a 34 16 5
a 34 76 1
a 34 185 8
a 34 46 17
a 35 36 17
a 35 146 14
a 35 77 14
a 35 118 14
a 35 156 19
a 35 64 1
a 35 83 14
a 35 165 7
a 35 124 13
a 35 2 5
a 35 168 5
a 35 95 14
a 35 187 14
a 35 150 18
a 35 159 1
a 35 171 1
a 35 44 10
a 35 170 11
a 35 136 14
a 35 46 11
a 35 189 10
a 35 53 14
a 35 31 15
a 35 82 1
a 36 37 7
a 36 194 5
a 36 14 7
a 36 57 12
a 36 199 1
a 36 93 18
a 36 180 11
a 36 64 15
a 36 58 10
a 36 105 19
a 36 8 9
a 36 4 19
a 36 38 19
a 36 167 16
a 36 117 8
a 36 102 16
a 36 152 13
a 36 1 5
a 37 38 8
a 37 139 3
a 37 130 7
a 37 88 9
a 37 146 10
a 37 36 2
a 37 29 15
a 37 92 7
a 37 34 9
a 37 74 3
a 37 73 12
a 37 50 7
a 37 122 19
a 37 135 2
a 37 107 17
a 37 61 6
a 37 166 19
a 37 115 16
a 37 49 14
a 37 118 19
a 37 116 9
a 37 185 12
a 37 147 5
a 38 39 12
a 38 55 14
a 38 138 3
a 38 47 11
a 38 96 15
a 38 86 11
a 38 25 5
a 38 199 6
a 38 150 15
a 38 168 6
a 38 139 13
a 38 154 15
a 38 177 19
a 38 156 1
a 38 127 11
a 38 119 19
a 39 40 6
a 39 68 6
a 39 8 14
a 39 36 16
a 39 43 14
a 39 134 2
a 39 55 14
a 39 183 1
a 39 72 14
a 39 120 9
a 39 90 1
a 39 98 3
a 39 24 16
a 39 7 19
a 39 13 4
a 39 113 11
a 39 159 18
a 39 117 11
a 39 95 12
a 39 101 8
a 39 193 19
a 39 88 7
a 39 192 12
a 39 166 7
a 39 153 19
a 39 49 5
a 39 73 6
a 39 64 10
a 40 41 2
a 40 161 15
a 40 87 19
a 40 17 19
a 40 77 1
a 40 159 14
a 40 143 9
a 40 188 8
a 40 127 7
a 40 57 4
a 40 165 14
a 40 51 12
a 40 144 9
a 40 64 2
a 40 132 12
a 40 85 4
a 40 105 1
a 40 98 9
a 40 160 6
a 40 38 7
a 41 42 2
a 41 102 5
a 41 199 17
a 41 145 5
a 41 106 3
a 41 159 18
a 41 18 6
a 41 3 8
a 41 54 7
a 41 161 19
a 41 174 7
a 41 127 17
a 41 175 3
a 41 120 11
a 41 162 5
a 41 147 11
a 42 43 7
a 42 4 13
a 42 176 3
a 42 197 13
a 42 14 7
a 42 91 2
a 42 125 12
a 42 108 3
a 42 174 4
a 42 81 7
a 42 1 3
a 42 110 16
a 43 44 13
a 43 140 19
a 43 20 10
a 43 134 3
a 43 118 18
a 43 30 19
a 43 46 8
a 43 74 2
a 43 152 7
a 43 71 17
a 43 18 14
a 43 25 5
a 43 47 5
a 43 27 13
a 43 109 14
a 43 91 13
a 43 17 6
a 43 149 8
a 43 112 2
a 43 128 12
a 43 21 10
a 44 45 4
a 44 64 19
a 44 33 9
a 44 73 7
a 44 177 14
a 44 53 10
a 44 152 10
a 44 96 14
a 44 86 5
a 44 169 6
a 44 151 7
a 44 121 18
a 44 90 13
a 44 49 19
a 44 159 3
a 44 179 11
a 44 198 1
a 45 46 4
a 45 136 1
a 45 152 13
a 45 43 19
a 45 33 12
a 45 83 13
a 45 173 8
a 45 20 17
a 45 16 1
a 45 17 13
a 45 135 8
a 45 122 7
a 45 10 11
a 45 95 4
a 45 137 7
a 45 9 1
a 45 97 18
a 45 57 3
a 45 124 6
a 45 100 9
a 45 194 1
a 45 25 7
a 46 47 7
a 46 45 14
a 46 60 4
a 46 110 10
a 46 38 9
a 46 30 19
a 46 50 11
a 46 35 4
a 46 12 11
a 46 64 10
a 46 153 5
a 46 32 5
a 46 151 8
a 46 115 7
a 46 71 11
a 46 152 16
a 46 21 10
a 46 170 11
a 47 48 14
a 47 199 18
a 47 83 3
a 47 139 17
a 47 24 2
a 47 180 2
a 47 97 2
a 47 167 12
a 47 59 19
a 47 36 5
a 47 75 2
a 47 58 18
a 47 44 1
a 48 49 17
a 48 129 4
a 48 76 14
a 48 176 2
a 48 4 6
a 48 93 4
a 48 181 19
a 48 162 17
a 48 40 1
a 48 186 18
a 48 121 17
a 48 78 19
a 48 6 6
a 48 29 18
a 48 64 16
a 48 152 12
a 48 85 19
a 49 50 14
a 49 101 16
a 49 91 13
a 49 193 15
a 49 196 19
a 49 166 6
a 49 170 5
a 49 21 13
a 49 15 15
a 49 157 4
a 49 162 18
a 49 151 12
a 49 58 17
a 49 81 2
a 49 65 19
a 49 134 14
a 49 104 4
a 49 94 9
a 50 51 4
a 50 17 19
a 50 6 13
a 50 118 3
a 50 103 6
a 50 38 12
a 50 43 3
a 50 133 1
a 50 60 4
a 50 196 7
a 50 177 4
a 50 92 4
a 50 58 12
a 50 42 3
a 50 115 14
a 50 119 2
a 50 149 19
a 50 186 19
a 50 34 6
a 51 52 9
a 51 106 16
a 51 65 8
a 51 182 12
a 51 183 17
a 51 188 8
a 51 134 6
a 51 127 8
a 51 46 6
a 51 198 5
a 51 39 17
a 51 170 12
a 51 48 7
a 51 199 9
a 51 9 18
a 51 197 13
a 51 125 17
a 51 95 16
a 51 143 7
a 51 88 7
a 52 53 12
a 52 173 18
a 52 170 1
a 52 171 4
a 52 145 6
a 52 93 8
a 52 140 3
a 52 168 3
a 52 156 8
a 52 178 16
a 52 141 18
a 52 65 12
a 52 33 5
a 52 12 15
a 52 199 11
a 52 72 7
a 52 191 18
a 52 45 5
a 52 125 1
a 52 68 7
a 52 20 8
a 52 167 8
a 52 144 16
a 52 177 8
a 52 122 5
a 52 165 16
a 53 54 15
a 53 107 17
a 53 31 4
a 53 183 9
a 53 188 6
a 53 64 8
a 53 28 4
a 53 194 3
a 53 155 16
a 53 145 1
a 53 171 7
a 53 10 2
a 53 111 7
a 53 16 19
a 53 84 3
a 53 198 9
a 53 121 10
a 53 83 17
a 54 55 12
a 54 77 14
a 54 191 19
a 54 73 3
a 54 7 3
a 54 187 13
a 54 65 7
a 54 148 2
a 54 113 5
a 54 13 6
a 54 36 1
a 54 169 6
a 54 150 4
a 54 112 2
a 54 125 4
a 54 92 14
a 54 192 1
a 54 195 2
a 54 167 15
a 54 153 17
a 55 56 1
a 55 122 6
a 55 186 7
a 55 190 5
a 55 192 1
a 55 11 10
a 55 61 1
a 55 42 12
a 55 47 6
a 55 50 9
a 55 38 15
a 55 48 17
a 55 178 8
a 55 142 10
a 55 15 1
a 55 112 1
a 55 49 13
a 55 146 14
a 55 103 17
a 55 195 4
a 55 141 6
a 55 78 15
a 55 145 13
a 56 57 14
a 56 88 19
a 56 63 4
a 56 81 14
a 56 49 18
a 56 174 12
a 56 142 9
a 56 79 2
a 56 93 10
a 56 141 12
a 56 110 6
a 56 91 10
a 56 151 6
a 56 193 12
a 56 178 7
a 56 39 12
a 57 58 15
a 57 119 3
a 57 83 7
a 57 59 12
a 57 154 13
a 57 124 14
a 57 114 14
a 57 148 2
a 57 109 3
a 57 128 8
a 57 157 16
a 57 87 3
a 57 144 13
a 58 59 16
a 58 105 18
a 58 74 12
a 58 117 15
a 58 7 1
a 58 21 6
a 58 52 9
a 58 192 9
a 58 112 9
a 58 93 9
a 58 158 1
a 58 180 13
a 58 53 19
a 58 131 11
a 58 70 9
a 58 27 2
a 58 73 7
a 58 129 4
a 58 83 12
a 59 60 5
a 59 26 13
a 59 164 8
a 59 171 7
a 59 143 16
a 59 192 11
a 59 83 13
a 59 88 2
a 59 175 13
a 59 36 16
a 59 100 19
a 59 170 9
a 59 10 5
a 59 11 17
a 59 30 6
a 59 131 13
a 59 141 16
a 59 119 15
a 59 161 3
a 59 181 15
a 59 191 9
a 59 111 1
a 60 61 14
a 60 112 15
a 60 139 6
a 60 45 9
a 60 179 1
a 60 119 11
a 60 109 2
a 60 73 11
a 60 110 18
a 60 129 16
a 60 32 7
a 60 113 15
a 60 172 2
a 60 169 12
a 60 199 8
a 60 59 19
a 60 170 11
a 60 86 6
a 61 62 16
a 61 121 9
a 61 90 6
a 61 85 10
a 61 112 6
a 61 60 17
a 61 199 14
a 61 52 17
a 61 93 1
a 61 14 17
a 61 182 9
a 61 70 17
a 61 6 6
a 61 137 5
a 62 63 7
a 62 158 6
a 62 3 7
a 62 87 7
a 62 155 17
a 62 160 11
a 62 116 11
a 62 91 6
a 62 4 12
a 62 48 3
a 62 84 17
a 62 14 8
a 62 52 8
a 62 97 8
a 62 197 12
a 62 111 8
a 62 188 4
a 62 157 14
a 62 178 11
a 62 64 10
a 63 64 18
a 63 84 5
a 63 97 4
a 63 133 16
a 63 136 7
a 63 148 2
a 63 61 17
a 63 105 14
a 63 139 6
a 63 195 16
a 63 46 6
a 63 53 8
a 63 181 4
a 63 104 9
a 63 81 9
a 63 67 10
a 63 113 14
a 63 75 14
a 64 65 16
a 64 125 5
a 64 181 1
a 64 58 12
a 64 136 7
a 64 89 4
a 64 90 18
a 64 32 10
a 64 108 1
a 64 117 10
a 64 196 11
a 64 182 5
a 64 113 6
a 64 173 12
a 64 198 17
a 64 26 1
a 64 13 17
a 64 25 19
a 64 104 6
a 64 84 6
a 64 129 1
a 64 61 9
a 65 66 15
a 65 130 17
a 65 121 17
a 65 55 5
a 65 2 11
a 65 155 18
a 65 167 10
a 65 80 15
a 65 48 3
a 65 58 9
a 65 102 4
a 65 94 8
a 65 148 17
a 65 164 14
a 65 191 10
a 65 181 11
a 65 110 7
a 66 67 9
a 66 14 16
a 66 56 8
a 66 71 13
a 66 192 3
a 66 51 12
a 66 9 8
a 66 169 17
a 66 178 13
a 66 149 2
a 66 143 19
a 66 101 16
a 66 47 10
a 66 140 9
a 67 68 5
a 67 148 12
a 67 54 3
a 67 84 17
a 67 197 1
a 67 164 8
a 67 195 16
a 67 156 17
a 67 100 8
a 67 48 3
a 67 191 9
a 67 64 14
a 67 27 7
a 67 43 13
a 67 126 1
a 67 38 12
a 67 3 6
a 67 62 8
a 67 36 16
a 68 69 12
a 68 95 16
a 68 124 11
a 68 186 17
a 68 145 6
a 68 185 5
a 68 56 11
a 68 149 18
a 68 44 4
a 68 188 14
a 68 130 8
a 68 43 6
a 68 179 15
a 68 108 9
a 68 152 1
a 68 61 1
a 68 143 14
a 68 181 17
a 68 175 4
a 68 41 1
a 69 70 9
a 69 149 19
a 69 180 11
a 69 108 14
a 69 63 10
a 69 13 14
a 69 51 13
a 69 197 6
a 69 96 14
a 69 14 18
a 69 59 19
a 69 176 3
a 69 29 15
a 69 190 1
a 69 116 5
a 69 161 5
a 69 46 4
a 69 35 2
a 69 75 2
a 70 71 18
a 70 72 15
a 70 99 2
a 70 59 13
a 70 93 18
a 70 199 3
a 70 64 19
a 70 150 16
a 70 74 3
a 70 66 15
a 70 102 1
a 70 190 13
a 70 191 15
a 70 154 1
a 70 194 11
a 70 11 13
a 71 72 17
a 71 147 16
a 71 198 7
a 71 179 6
a 71 115 8
a 71 135 7
a 71 75 19
a 71 56 1
a 71 99 17
a 71 103 12
a 71 42 12
a 71 31 4
a 71 196 1
a 71 10 16
a 72 73 8
a 72 8 18
a 72 56 15
a 72 140 1
a 72 48 11
a 72 121 7
a 72 14 6
a 72 89 14
a 72 42 10
a 72 113 18
a 72 155 14
a 72 182 1
a 72 10 19
a 72 18 14
a 72 172 3
a 72 41 19
a 72 27 17
a 72 79 10
a 72 161 11
a 72 138 13
a 72 90 15
a 72 145 5
a 72 142 16
a 72 55 5
a 72 61 4
a 72 123 8
a 72 152 12
a 73 74 7
a 73 46 16
a 73 116 5
a 73 42 10
a 73 78 14
a 73 61 1
a 73 66 10
a 73 96 11
a 73 163 17
a 73 158 7
a 73 120 3
a 73 166 6
a 73 172 9
a 73 168 15
a 74 75 15
a 74 111 3
a 74 191 8
a 74 45 14
a 74 148 10
a 74 81 13
a 74 53 16
a 74 134 17
a 74 19 3
a 74 102 18
a 74 152 18
a 74 177 18
a 74 61 17
a 74 116 12
a 74 41 15
a 74 36 10
a 74 16 2
a 74 188 10
a 74 14 4
a 74 11 3
a 74 100 2
a 74 155 11
a 74 92 3
a 74 174 7
a 74 105 16
a 74 163 1
a 74 47 18
a 75 76 2
a 75 80 1
a 75 114 17
a 75 19 13
a 75 25 8
a 75 59 3
a 75 116 16
a 75 84 9
a 75 21 15
a 75 181 14
a 75 112 5
a 75 142 11
a 75 161 9
a 75 111 3
a 75 169 3
a 75 141 15
a 75 49 3
a 75 22 8
a 75 137 1
a 75 66 11
a 75 160 3
a 76 77 13
a 76 59 15
a 76 96 11
a 76 1 8
a 76 66 16
a 76 99 3
a 76 67 3
a 76 48 14
a 76 90 17
a 76 181 11
a 76 177 13
a 76 152 5
a 76 186 1
a 77 78 10
a 77 43 15
a 77 47 11
a 77 67 13
a 77 33 16
a 77 171 18
a 77 57 19
a 77 190 10
a 77 24 16
a 77 143 18
a 77 125 1
a 77 89 7
a 77 8 13
a 77 108 18
a 77 149 14
a 77 9 8
a 77 83 7
a 77 18 5
a 78 79 1
a 78 166 9
a 78 87 16
a 78 58 7
a 78 169 6
a 78 25 4
a 78 173 6
a 78 7 10
a 78 140 7
a 78 199 7
a 78 154 2
a 78 42 9
a 78 14 7
a 78 177 14
a 78 16 14
a 78 81 2
a 78 129 6
a 78 121 2
a 79 80 6
a 79 100 9
a 79 26 6
a 79 189 10
a 79 12 8
a 79 24 15
a 79 93 17
a 79 76 17
a 79 87 10
a 79 149 4
a 79 30 17
a 79 74 8
a 79 109 9
a 79 27 1
a 79 10 8
a 79 151 9
a 79 140 11
a 79 20 9
a 79 2 19
a 79 14 3
a 79 81 19
a 79 145 19
a 79 59 2
a 79 159 9
a 79 56 12
a 80 81 17
a 80 199 10
a 80 175 9
a 80 7 16
a 80 27 7
a 80 121 9
a 80 24 16
a 80 66 1
a 80 168 4
a 80 170 6
a 80 59 9
a 80 77 9
a 80 36 11
a 80 105 16
a 80 47 5
a 80 60 2
a 80 34 17
a 80 57 8
a 80 17 6
a 80 124 9
a 80 97 7
a 80 185 5
a 80 179 4
a 81 82 1
a 81 69 14
a 81 127 6
a 81 136 16
a 81 125 8
a 81 21 3
a 81 154 13
a 81 101 3
a 81 107 18
a 81 140 16
a 81 22 16
a 81 166 9
a 81 150 13
a 81 181 9
a 81 53 19
a 81 85 4
a 81 39 17
a 82 83 16
a 82 185 2
a 82 68 6
a 82 107 1
a 82 182 1
a 82 191 16
a 82 163 19
a 82 89 16
a 82 34 11
a 82 23 12
a 82 40 6
a 82 5 15
a 82 22 6
a 82 143 4
a 82 39 3
a 82 16 6
a 82 44 11
a 82 104 14
a 82 75 4
a 82 86 5
a 82 137 18
a 83 84 5
a 83 169 10
a 83 170 1
a 83 92 6
a 83 168 8
a 83 22 12
a 83 139 2
a 83 133 13
a 83 175 6
a 83 38 1
a 83 117 16
a 83 111 11
a 83 31 11
a 83 147 11
a 83 152 2
a 83 56 16
a 83 159 12
a 83 35 5
a 83 104 19
a 83 51 5
a 83 86 2
a 83 144 12
a 83 121 8
a 83 10 5
a 83 37 13
a 83 194 4
a 83 77 7
a 84 85 17
a 84 172 17
a 84 21 11
a 84 75 15
a 84 161 19
a 84 111 8
a 84 83 16
a 84 86 1
a 84 199 14
a 84 157 16
a 84 11 7
a 84 45 11
a 84 128 19
a 84 17 1
a 84 151 5
a 84 112 13
a 84 42 18
a 84 120 9
a 85 86 17
a 85 186 11
a 85 55 4
a 85 179 13
a 85 144 19
a 85 25 17
a 85 152 19
a 85 50 16
a 85 68 3
a 85 43 16
a 85 88 15
a 85 112 8
a 85 127 16
a 85 29 9
a 85 162 5
a 85 14 4
a 86 87 3
a 86 43 18
a 86 147 12
a 86 139 18
a 86 39 10
a 86 175 11
a 86 128 11
a 86 194 17
a 86 131 16
a 86 149 3
a 86 114 10
a 86 134 9
a 86 191 1
a 86 133 13
a 86 42 19
a 86 34 9
a 86 77 2
a 86 171 6
a 86 120 6
a 86 113 18
a 86 64 6
a 86 4 8
a 86 69 3
a 86 124 3
a 86 36 13
a 87 88 12
a 87 21 2
a 87 145 4
a 87 129 18
a 87 82 6
a 87 16 11
a 87 193 18
a 87 91 14
a 87 174 11
a 87 90 18
a 87 84 15
a 87 143 6
a 87 5 15
a 87 51 10
a 87 29 8
a 87 183 2
a 87 65 15
a 87 138 7
a 87 28 17
a 88 89 1
a 88 11 17
a 88 74 16
a 88 60 3
a 88 31 12
a 88 129 19
a 88 54 4
a 88 155 10
a 88 46 9
a 88 51 18
a 88 163 19
a 88 108 16
a 88 111 9
a 88 179 5
a 88 185 10
a 88 137 15
a 88 99 6
a 88 182 19
a 88 150 11
a 88 151 13
a 89 90 12
a 89 55 8
a 89 52 12
a 89 111 11
a 89 49 17
a 89 130 17
a 89 117 19
a 89 80 16
a 89 68 18
a 89 119 8
a 89 11 19
a 89 155 12
a 89 25 10
a 89 50 9
a 89 175 12
a 89 33 14
a 89 163 13
a 89 118 6
a 89 22 7
a 89 104 12
a 89 99 12
a 90 91 18
a 90 60 6
a 90 110 4
a 90 35 9
a 90 105 13
a 90 146 5
a 90 189 19
a 90 47 15
a 90 143 15
a 90 119 15
a 90 164 15
a 90 145 19
a 90 190 14
a 90 160 17
a 90 113 1
a 90 19 17
a 90 68 6
a 90 55 18
a 90 134 4
a 90 27 5
a 90 13 4
a 90 96 6
a 91 92 2
a 91 97 11
a 91 122 19
a 91 60 2
a 91 74 15
a 91 155 14
a 91 14 2
a 91 180 6
a 91 195 2
a 91 65 4
a 91 194 19
a 91 43 4
a 91 68 8
a 91 59 14
a 91 96 4
a 91 126 17
a 91 73 11
a 91 28 15
a 91 11 5
a 91 58 19
a 92 93 2
a 92 166 5
a 92 165 8
a 92 101 7
a 92 61 6
a 92 184 18
a 92 161 11
a 92 139 3
a 92 72 14
a 92 34 10
a 92 144 9
a 92 96 16
a 92 143 9
a 92 176 17
a 92 74 19
a 92 174 17
a 92 103 1
a 92 159 3
a 92 20 16
a 92 172 4
a 92 33 12
a 93 94 17
a 93 66 8
a 93 18 13
a 93 83 19
a 93 52 6
a 93 85 15
a 93 159 16
a 93 108 13
a 93 69 12
a 93 15 19
a 93 173 1
a 93 77 14
a 93 130 5
a 93 86 9
a 93 182 12
a 93 163 19
a 93 54 16
a 93 113 7
a 93 196 14
a 93 50 14
a 93 157 19
a 93 137 15
a 93 140 5
a 93 191 6
a 94 95 3
a 94 147 3
a 94 130 4
a 94 77 18
a 94 108 6
a 94 138 15
a 94 161 4
a 94 86 7
a 94 3 9
a 94 9 16
a 94 38 4
a 94 16 6
a 94 152 11
a 94 69 6
a 94 36 1
a 94 125 3
a 94 116 13
a 94 75 2
a 95 96 11
a 95 2 7
a 95 154 18
a 95 108 7
a 95 52 5
a 95 146 12
a 95 63 3
a 95 187 19
a 95 157 14
a 95 11 11
a 95 39 14
a 95 142 18
a 95 121 12
a 95 46 4
a 95 115 14
a 95 94 17
a 95 97 3
a 95 36 18
a 95 5 15
a 96 97 18
a 96 170 16
a 96 50 8
a 96 106 4
a 96 178 11
a 96 56 8
a 96 143 2
a 96 4 9
a 96 126 19
a 96 2 2
a 96 107 14
a 96 51 11
a 96 121 3
a 96 24 19
a 96 81 3
a 96 144 4
a 96 38 7
a 96 133 11
a 97 98 4
a 97 174 5
a 97 157 2
a 97 116 13
a 97 67 7
a 97 71 2
a 97 198 12
a 97 156 14
a 97 146 18
a 97 91 12
a 97 104 1
a 97 42 7
a 97 59 2
a 97 107 4
a 97 74 10
a 97 172 14
a 97 27 11
a 97 29 15
a 97 80 10
a 97 93 1
a 97 95 18
a 97 123 7
a 97 56 11
a 97 114 19
a 98 99 4
a 98 178 11
a 98 116 13
a 98 185 9
a 98 157 8
a 98 172 14
a 98 164 9
a 98 161 2
a 98 192 16
a 98 143 16
a 98 59 8
a 98 144 16
a 98 136 14
a 98 9 13
a 98 48 4
a 98 56 10
a 98 111 11
a 98 7 7
a 98 1 5
a 98 16 16
a 98 122 12
a 98 58 10
a 98 198 12
a 98 186 17
a 99 100 19
a 99 149 14
a 99 192 3
a 99 10 11
a 99 8 4
a 99 155 12
a 99 159 18
a 99 137 6
a 99 147 11
a 99 114 2
a 99 160 16
a 99 165 2
a 99 6 17
a 99 189 8
a 99 106 3
a 99 128 1
a 99 143 9
a 99 36 7
a 99 190 7
a 99 105 8
a 99 13 4
a 99 4 15
a 99 134 8
a 100 101 9
a 100 182 16
a 100 176 11
a 100 157 18
a 100 24 17
a 100 26 8
a 100 61 6
a 100 190 4
a 100 67 16
a 100 132 5
a 100 168 8
a 100 68 18
a 100 160 1
a 100 52 4
a 100 55 18
a 100 30 17
a 100 107 15
a 100 110 13
a 100 85 14
a 100 91 9
a 100 174 17
a 100 170 16
a 100 73 16
a 100 177 9
a 101 102 10
a 101 99 11
a 101 188 11
a 101 75 1
a 101 88 6
a 101 133 17
a 101 84 8
a 101 92 17
a 101 53 1
a 101 161 15
a 101 27 1
a 101 196 7
a 101 177 16
a 101 97 5
a 101 78 5
a 101 21 4
a 101 137 5
a 101 165 3
a 102 103 3
a 102 2 4
a 102 191 10
a 102 5 12
a 102 6 13
a 102 156 6
a 102 175 1
a 102 155 19
a 102 44 9
a 102 162 4
a 102 148 17
a 102 78 7
a 102 181 12
a 102 157 19
a 102 189 10
a 102 20 1
a 103 104 13
a 103 65 12
a 103 184 16
a 103 32 9
a 103 105 7
a 103 27 11
a 103 178 2
a 103 60 13
a 103 36 8
a 103 117 8
a 103 111 17
a 103 95 13
a 103 158 14
a 103 101 19
a 103 76 6
a 103 6 2
a 103 122 10
a 103 129 3
a 103 115 10
a 103 37 13
a 103 121 10
a 103 80 16
a 103 68 11
a 103 71 10
a 103 89 1
a 103 84 19
a 103 172 1
a 104 105 15
a 104 109 12
a 104 90 6
a 104 161 1
a 104 140 5
a 104 15 14
a 104 147 16
a 104 130 13
a 104 43 19
a 104 20 15
a 104 125 6
a 104 182 15
a 104 72 9
a 104 144 19
a 104 103 14
a 104 165 3
a 104 166 10
a 104 195 13
a 104 18 2
a 104 154 2
a 104 16 16
a 104 35 9
a 105 106 19
a 105 137 14
a 105 173 4
a 105 191 11
a 105 143 2
a 105 25 2
a 105 13 3
a 105 119 9
a 105 63 18
a 105 84 15
a 105 136 16
a 105 19 2
a 105 127 7
a 105 89 4
a 105 102 9
a 105 8 4
a 105 40 16
a 105 146 14
a 105 46 13
a 105 124 16
a 105 66 5
a 105 7 8
a 105 112 4
a 106 107 5
a 106 165 6
a 106 119 16
a 106 9 18
a 106 40 5
a 106 83 11
a 106 156 14
a 106 24 3
a 106 153 3
a 106 21 6
a 106 43 3
a 106 137 5
a 106 68 10
a 106 152 11
a 106 171 8
a 106 109 13
a 106 198 12
a 106 3 8
a 106 132 2
a 106 154 13
a 107 108 2
a 107 50 3
a 107 71 12
a 107 57 2
a 107 169 14
a 107 97 14
a 107 68 13
a 107 73 14
a 107 86 4
a 107 104 9
a 107 148 12
a 107 134 7
a 107 116 11
a 107 43 12
a 107 182 11
a 107 99 16
a 108 109 11
a 108 112 17
a 108 150 17
a 108 17 11
a 108 78 9
a 108 53 18
a 108 165 15
a 108 63 12
a 108 162 8
a 108 49 11
a 108 106 2
a 108 121 18
a 108 12 19
a 108 189 1
a 108 123 19
a 108 151 7
a 108 61 5
a 108 113 12
a 108 51 18
a 108 10 7
a 108 101 9
a 108 191 17
a 108 82 19
a 108 160 6
a 108 75 19
a 108 136 14
a 108 111 8
a 109 110 5
a 109 84 19
a 109 59 1
a 109 120 10
a 109 42 10
a 109 156 12
a 109 66 18
a 109 166 3
a 109 155 4
a 109 41 3
a 109 55 10
a 109 157 2
a 109 111 18
a 109 56 3
a 109 139 10
a 109 50 3
a 109 146 12
a 109 49 6
a 109 54 9
a 109 192 1
a 109 127 3
a 109 4 13
a 109 22 3
a 110 111 3
a 110 103 4
a 110 38 6
a 110 5 1
a 110 162 14
a 110 177 5
a 110 26 16
a 110 64 18
a 110 143 12
a 110 192 3
a 110 24 13
a 110 161 9
a 110 37 2
a 110 22 3
a 110 108 7
a 110 142 7
a 110 77 9
a 110 175 13
a 110 176 15
a 110 91 12
a 110 68 15
a 110 113 3
a 110 71 2
a 110 107 1
a 110 169 11
a 111 112 9
a 111 114 11
a 111 147 4
a 111 195 19
a 111 130 16
a 111 192 10
a 111 61 2
a 111 134 15
a 111 103 7
a 111 58 14
a 111 156 13
a 111 12 18
a 111 36 5
a 111 18 3
a 111 190 15
a 111 59 16
a 111 132 1
a 111 127 13
a 111 191 6
a 111 95 10
a 111 105 8
a 111 56 13
a 111 151 17
a 111 128 14
a 112 113 5
a 112 118 13
a 112 77 5
a 112 11 7
a 112 73 15
a 112 83 2
a 112 42 8
a 112 36 8
a 112 90 14
a 112 4 18
a 112 110 10
a 112 25 8
a 112 182 14
a 112 185 7
a 112 107 1
a 112 102 4
a 112 139 13
a 112 93 3
a 112 23 13
a 112 8 6
a 112 26 3
a 112 117 19
a 112 68 1
a 112 163 5
a 113 114 12
a 113 53 17
a 113 86 13
a 113 26 13
a 113 3 6
a 113 124 6
a 113 47 17
a 113 104 9
a 113 170 5
a 113 51 9
a 113 118 3
a 113 24 18
a 113 108 3
a 113 60 8
a 113 96 15
a 113 130 18
a 113 33 10
a 113 7 1
a 113 155 8
a 113 154 18
a 113 122 17
a 113 88 6
a 114 115 1
a 114 143 13
a 114 183 12
a 114 170 3
a 114 89 4
a 114 186 7
a 114 70 8
a 114 162 17
a 114 193 14
a 114 105 15
a 114 199 15
a 114 17 16
a 114 109 4
a 114 133 6
a 114 51 1
a 114 11 8
a 115 116 3
a 115 84 9
a 115 3 3
a 115 14 17
a 115 26 5
a 115 144 15
a 115 12 3
a 115 195 1
a 115 160 9
a 115 32 17
a 115 64 2
a 115 70 12
a 115 122 5
a 115 63 4
a 115 92 17
a 115 60 18
a 115 42 3
a 115 52 4
a 115 180 7
a 116 117 2
a 116 52 17
a 116 19 19
a 116 120 14
a 116 70 19
a 116 22 13
a 116 34 17
a 116 180 7
a 116 37 1
a 116 92 14
a 116 81 1
a 116 146 12
a 116 178 2
a 116 138 13
a 116 17 13
a 116 171 5
a 116 172 6
a 117 118 7
a 117 116 9
a 117 26 4
a 117 128 11
a 117 140 7
a 117 81 16
a 117 127 16
a 117 60 5
a 117 133 11
a 117 97 4
a 117 160 1
a 117 44 12
a 117 52 19
a 117 76 12
a 117 79 8
a 117 158 3
a 117 163 4
a 117 61 2
a 117 184 16
a 117 102 19
a 117 185 18
a 117 141 13
a 117 22 19
a 118 119 2
a 118 26 13
a 118 193 8
a 118 43 1
a 118 23 17
a 118 196 1
a 118 134 6
a 118 44 1
a 118 150 12
a 118 110 14
a 118 168 13
a 118 80 4
a 118 100 6
a 118 156 6
a 118 28 4
a 118 117 4
a 118 135 5
a 118 123 17
a 118 124 14
a 118 59 4
a 118 171 17
a 118 71 17
a 118 92 13
a 118 106 7
a 119 120 9
a 119 29 8
a 119 107 10
a 119 154 7
a 119 35 6
a 119 60 3
a 119 31 13
a 119 89 12
a 119 192 15
a 119 99 18
a 119 4 14
a 119 96 9
a 119 137 14
a 119 139 6
a 119 182 17
a 119 190 8
a 119 51 19
a 120 121 7
a 120 139 12
a 120 4 9
a 120 72 5
a 120 30 18
a 120 118 2
a 120 191 17
a 120 48 16
a 120 151 13
a 120 143 14
a 120 181 10
a 120 49 17
a 120 83 1
a 120 173 15
a 120 172 2
a 120 29 6
a 120 187 15
a 120 77 19
a 120 50 5
a 120 159 1
a 120 198 15
a 120 24 15
a 120 127 1
a 120 87 13
a 121 122 3
a 121 87 11
a 121 36 16
a 121 32 3
a 121 53 2
a 121 95 18
a 121 134 11
a 121 66 15
a 121 102 19
a 121 26 16
a 121 143 18
a 121 162 7
a 121 10 8
a 121 57 19
a 121 185 12
a 121 81 2
a 122 123 9
a 122 144 12
a 122 5 1
a 122 86 8
a 122 38 11
a 122 12 7
a 122 193 14
a 122 109 9
a 122 63 1
a 122 56 14
a 122 136 10
a 122 14 8
a 122 168 7
a 122 153 1
a 122 194 14
a 122 29 2
a 122 167 9
a 122 126 19
a 122 178 10
a 122 175 19
a 122 22 17
a 123 124 2
a 123 122 17
a 123 31 1
a 123 40 18
a 123 91 1
a 123 58 10
a 123 133 2
a 123 131 4
a 123 163 8
a 123 52 11
a 123 155 2
a 123 172 7
a 123 101 17
a 123 115 16
a 123 32 13
a 123 135 8
a 123 157 19
a 123 43 4
a 123 175 5
a 123 110 11
a 123 39 18
a 124 125 1
a 124 186 3
a 124 136 16
a 124 130 5
a 124 13 2
a 124 116 8
a 124 7 18
a 124 63 13
a 124 140 7
a 124 138 11
a 124 95 16
a 124 189 19
a 124 165 10
a 124 139 11
a 124 53 19
a 124 71 11
a 124 68 13
a 124 52 15
a 124 49 13
a 125 126 8
a 125 52 10
a 125 76 18
a 125 93 3
a 125 84 5
a 125 50 6
a 125 162 10
a 125 43 4
a 125 70 2
a 125 99 6
a 125 147 10
a 125 53 16
a 125 151 2
a 125 180 7
a 125 128 7
a 125 169 10
a 125 157 12
a 125 178 14
a 125 122 13
a 125 194 12
a 125 173 15
a 125 119 10
a 126 127 17
a 126 129 8
a 126 45 19
a 126 101 16
a 126 104 13
a 126 160 13
a 126 31 17
a 126 66 16
a 126 77 11
a 126 182 1
a 126 108 17
a 126 41 4
a 126 67 18
a 126 36 15
a 127 128 4
a 127 135 16
a 127 4 13
a 127 45 1
a 127 163 18
a 127 56 13
a 127 122 17
a 127 109 6
a 127 20 2
a 127 48 15
a 127 190 10
a 127 46 18
a 127 112 11
a 127 74 19
a 127 138 8
a 127 103 9
a 127 113 18
a 127 133 9
a 127 188 7
a 127 191 16
a 127 126 2
a 127 30 18
a 127 47 11
a 127 99 2
a 127 36 13
a 127 111 15
a 127 11 6
a 127 35 17
a 127 63 4
a 127 3 17
a 128 129 14
a 128 43 16
a 128 177 17
a 128 79 17
a 128 195 19
a 128 169 11
a 128 101 19
a 128 1 4
a 128 184 10
a 128 29 12
a 128 164 16
a 128 67 4
a 128 87 16
a 128 41 13
a 128 198 6
a 128 130 14
a 129 130 9
a 129 112 19
a 129 85 9
a 129 177 12
a 129 99 2
a 129 59 17
a 129 25 17
a 129 10 8
a 129 185 10
a 129 161 17
a 129 168 14
a 129 193 6
a 129 140 10
a 129 144 5
a 129 122 12
a 129 6 5
a 129 109 11
a 129 41 12
a 129 184 1
a 129 81 16
a 129 170 16
a 129 13 12
a 129 49 9
a 129 100 3
a 129 164 18
a 129 104 10
a 130 131 19
a 130 172 5
a 130 53 8
a 130 113 1
a 130 14 8
a 130 116 12
a 130 150 19
a 130 31 7
a 130 188 19
a 130 96 15
a 130 118 16
a 130 34 8
a 130 121 8
a 130 128 6
a 130 135 10
a 130 184 2
a 130 60 8
a 130 117 2
a 131 132 10
a 131 109 18
a 131 63 2
a 131 101 3
a 131 22 16
a 131 67 4
a 131 76 11
a 131 199 12
a 131 141 16
a 131 175 15
a 131 7 4
a 131 184 15
a 131 161 15
a 131 31 14
a 131 28 6
a 131 192 1
a 131 85 6
a 131 48 17
a 131 180 8
a 131 60 7
a 131 13 8
a 132 133 17
a 132 70 10
a 132 78 6
a 132 171 5
a 132 7 5
a 132 83 8
a 132 81 8
a 132 106 15
a 132 50 12
a 132 175 3
a 132 164 10
a 132 158 6
a 132 169 16
a 132 53 6
a 132 39 2
a 132 12 13
a 132 36 8
a 132 142 9
a 132 47 4
a 132 139 13
a 132 94 7
a 132 2 9
a 132 108 13
a 132 77 2
a 132 113 17
a 133 134 10
a 133 77 1
a 133 21 14
a 133 149 19
a 133 68 15
a 133 130 18
a 133 159 2
a 133 197 13
a 133 105 6
a 133 79 10
a 133 152 5
a 134 135 5
a 134 94 6
a 134 87 4
a 134 77 10
a 134 112 7
a 134 13 7
a 134 159 3
a 134 199 10
a 134 2 15
a 134 62 14
a 134 95 14
a 134 161 14
a 134 196 7
a 134 182 16
a 134 80 15
a 134 157 16
a 134 21 1
a 134 76 12
a 134 111 1
a 135 136 4
a 135 189 12
a 135 149 19
a 135 192 8
a 135 26 8
a 135 124 11
a 135 19 17
a 135 93 8
a 135 164 19
a 135 184 19
a 135 138 12
a 135 112 14
a 135 60 12
a 135 121 18
a 135 22 4
a 135 25 13
a 135 64 14
a 135 191 3
a 135 62 2
a 135 193 14
a 135 5 12
a 135 195 9
a 135 53 8
a 135 115 4
a 135 6 12
a 135 49 7
a 135 125 18
a 136 137 10
a 136 126 17
a 136 72 6
a 136 109 18
a 136 139 8
a 136 93 13
a 136 128 1
a 136 57 15
a 136 46 6
a 136 170 12
a 136 20 19
a 136 32 2
a 136 91 3
a 136 94 12
a 136 41 12
a 137 138 10
a 137 124 19
a 137 72 15
a 137 41 18
a 137 87 17
a 137 96 17
a 137 143 14
a 137 105 2
a 137 59 3
a 137 5 8
a 137 106 14
a 137 89 2
a 137 167 7
a 137 151 7
a 137 187 13
a 137 25 12
a 137 102 5
a 137 97 15
a 137 171 15
a 137 155 16
a 138 139 10
a 138 151 8
a 138 44 17
a 138 113 10
a 138 146 18
a 138 102 14
a 138 31 17
a 138 185 16
a 138 134 18
a 138 174 7
a 138 48 15
a 138 60 3
a 138 169 5
a 138 25 17
a 138 17 8
a 138 43 12
a 138 16 11
a 138 115 16
a 138 97 18
a 138 190 7
a 138 78 9
a 138 38 17
a 138 62 3
a 138 47 6
a 138 167 19
a 138 152 19
a 138 28 5
a 138 68 4
a 138 143 16
a 139 140 14
a 139 123 13
a 139 17 1
a 139 119 13
a 139 166 14
a 139 12 15
a 139 44 7
a 139 57 1
a 139 169 7
a 139 193 1
a 139 64 9
a 139 56 16
a 139 8 14
a 139 85 1
a 139 90 7
a 139 122 2
a 139 114 1
a 139 59 4
a 139 177 6
a 139 32 5
a 139 81 19
a 139 120 11
a 140 141 10
a 140 105 1
a 140 162 11
a 140 113 5
a 140 77 11
a 140 79 5
a 140 47 19
a 140 25 19
a 140 196 7
a 140 128 16
a 140 44 6
a 141 142 3
a 141 145 17
a 141 24 17
a 141 80 15
a 141 73 14
a 141 106 14
a 141 155 14
a 141 60 8
a 141 67 10
a 141 42 15
a 141 18 3
a 141 87 8
a 141 48 6
a 141 17 8
a 141 49 18
a 141 183 15
a 142 143 5
a 142 2 2
a 142 199 19
a 142 29 19
a 142 70 6
a 142 89 3
a 142 155 2
a 142 164 18
a 142 116 18
a 142 1 8
a 142 7 15
a 142 28 9
a 142 5 3
a 142 184 7
a 142 99 6
a 142 139 8
a 142 132 6
a 142 13 10
a 142 86 8
a 142 193 9
a 142 76 8
a 142 94 14
a 142 59 19
a 142 20 15
a 143 144 17
a 143 5 6
a 143 78 6
a 143 162 13
a 143 62 12
a 143 17 8
a 143 50 9
a 143 15 3
a 143 6 2
a 143 157 10
a 143 177 3
a 143 132 14
a 143 64 14
a 143 23 7
a 144 145 1
a 144 66 8
a 144 191 18
a 144 30 12
a 144 99 9
a 144 124 6
a 144 34 18
a 144 25 11
a 144 41 2
a 144 142 3
a 144 44 10
a 144 84 18
a 144 136 7
a 144 97 10
a 144 12 17
a 144 32 15
a 144 9 8
a 144 105 10
a 144 187 8
a 144 37 12
a 144 109 19
a 144 146 4
a 144 8 12
a 144 27 15
a 144 60 18
a 144 137 18
a 144 62 11
a 144 2 10
a 144 56 17
a 145 146 5
a 145 102 19
a 145 8 14
a 145 179 4
a 145 100 5
a 145 59 17
a 145 138 14
a 145 164 9
a 145 55 5
a 145 190 2
a 145 66 6
a 145 188 10
a 145 26 17
a 145 107 7
a 146 147 15
a 146 192 7
a 146 169 3
a 146 62 5
a 146 97 13
a 146 184 8
a 146 110 18
a 146 188 13
a 146 142 1
a 146 4 11
a 146 132 8
a 146 78 13
a 146 5 14
a 146 10 5
a 146 34 2
a 146 80 8
a 146 114 15
a 146 118 13
a 146 108 9
a 146 174 10
a 146 48 16
a 146 143 6
a 146 102 13
a 147 148 13
a 147 195 3
a 147 171 8
a 147 120 18
a 147 138 11
a 147 64 4
a 147 79 12
a 147 98 2
a 147 88 19
a 147 9 16
a 147 186 19
a 147 17 13
a 147 198 9
a 147 85 3
a 147 192 3
a 147 65 13
a 147 115 3
a 147 18 10
a 147 70 12
a 148 149 10
a 148 63 2
a 148 158 16
a 148 101 1
a 148 156 14
a 148 150 1
a 148 83 7
a 148 196 9
a 148 27 17
a 148 57 9
a 148 105 10
a 148 110 10
a 148 68 10
a 148 85 11
a 148 65 18
a 148 7 10
a 148 4 11
a 148 169 8
a 148 74 2
a 148 177 11
a 148 172 18
a 148 135 14
a 148 17 6
a 149 150 8
a 149 99 17
a 149 172 14
a 149 74 10
a 149 115 14
a 149 61 2
a 149 35 1
a 149 69 15
a 149 182 17
a 149 57 6
a 149 194 12
a 149 36 6
a 149 48 7
a 149 71 19
a 149 197 9
a 149 186 12
a 149 114 10
a 149 33 19
a 149 23 5
a 150 151 10
a 150 148 8
a 150 118 8
a 150 189 17
a 150 70 8
a 150 143 1
a 150 185 16
a 150 64 5
a 150 138 11
a 150 48 7
a 150 97 8
a 150 154 10
a 151 152 3
a 151 148 15
a 151 132 1
a 151 49 5
a 151 13 5
a 151 141 4
a 151 30 7
a 151 65 17
a 151 94 17
a 151 24 19
a 151 54 9
a 151 133 11
a 151 192 7
a 151 68 8
a 151 36 11
a 151 55 15
a 151 170 2
a 151 64 13
a 151 3 19
a 151 99 16
a 152 153 6
a 152 51 13
a 152 171 11
a 152 78 16
a 152 163 17
a 152 146 14
a 152 196 8
a 152 86 2
a 152 34 2
a 152 130 4
a 152 125 8
a 152 88 7
a 152 61 2
a 152 187 14
a 152 161 9
a 152 7 10
a 152 2 19
a 152 172 5
a 152 37 10
a 152 29 8
a 152 189 5
a 153 154 1
a 153 29 9
a 153 163 19
a 153 109 17
a 153 137 4
a 153 44 16
a 153 175 16
a 153 13 13
a 153 141 14
a 153 38 9
a 153 185 19
a 153 82 1
a 153 103 2
a 153 63 5
a 153 130 7
a 153 91 13
a 153 52 12
a 153 26 6
a 153 111 4
a 153 8 2
a 154 155 9
a 154 7 12
a 154 81 10
a 154 38 5
a 154 172 13
a 154 121 8
a 154 190 5
a 154 163 19
a 154 47 9
a 154 78 18
a 154 25 19
a 154 152 7
a 154 193 13
a 154 191 14
a 154 158 15
a 154 130 18
a 154 15 5
a 154 118 18
a 154 58 3
a 154 176 16
a 154 164 13
a 154 2 1
a 154 82 5
a 155 156 8
a 155 174 8
a 155 175 1
a 155 100 9
a 155 35 14
a 155 124 19
a 155 170 6
a 155 189 8
a 155 108 11
a 155 98 19
a 155 76 1
a 155 115 3
a 155 12 12
a 155 114 2
a 155 144 1
a 155 199 8
a 155 103 15
a 155 105 3
a 155 142 2
a 155 75 19
a 155 32 12
a 155 102 10
a 155 38 3
a 155 198 17
a 155 44 8
a 156 157 9
a 156 171 9
a 156 120 5
a 156 49 11
a 156 38 2
a 156 183 9
a 156 11 17
a 156 127 9
a 156 170 14
a 156 62 4
a 156 112 4
a 156 163 15
a 156 197 15
a 156 125 10
a 157 158 18
a 157 42 11
a 157 78 4
a 157 154 18
a 157 16 14
a 157 120 1
a 157 96 19
a 157 6 14
a 157 110 8
a 157 24 2
a 157 5 15
a 157 194 16
a 157 119 17
a 157 170 10
a 157 9 15
a 157 181 16
a 157 122 7
a 157 130 18
a 157 48 16
a 157 111 2
a 157 155 1
a 157 139 14
a 157 171 6
a 157 199 16
a 157 152 19
a 157 101 19
a 157 117 15
a 157 59 5
a 157 51 11
a 157 98 13
a 157 53 11
a 157 168 17
a 157 125 13
a 158 159 11
a 158 143 3
a 158 59 3
a 158 77 4
a 158 197 8
a 158 43 7
a 158 183 7
a 158 20 18
a 158 31 8
a 158 41 12
a 158 16 8
a 158 101 15
a 158 34 10
a 158 94 3
a 158 48 12
a 158 109 18
a 158 93 16
a 158 171 11
a 158 24 15
a 158 187 9
a 158 115 15
a 158 172 10
a 158 113 3
a 158 83 12
a 158 145 12
a 159 160 11
a 159 16 3
a 159 135 2
a 159 71 7
a 159 138 6
a 159 154 17
a 159 43 12
a 159 194 10
a 159 170 18
a 159 128 14
a 159 173 3
a 159 140 14
a 159 61 6
a 159 121 17
a 159 188 9
a 159 89 3
a 159 193 6
a 159 147 16
a 159 12 2
a 159 41 3
a 159 134 14
a 159 119 13
a 160 161 9
a 160 176 13
a 160 169 13
a 160 86 12
a 160 62 5
a 160 61 3
a 160 121 16
a 160 151 16
a 160 188 9
a 160 79 12
a 160 55 8
a 160 54 15
a 160 70 1
a 160 56 6
a 160 104 1
a 160 184 9
a 160 191 5
a 161 162 19
a 161 115 3
a 161 9 1
a 161 153 15
a 161 196 7
a 161 75 17
a 161 125 4
a 161 100 5
a 161 63 15
a 161 70 7
a 161 131 8
a 161 107 6
a 161 11 6
a 161 108 2
a 161 86 3
a 161 23 7
a 161 82 8
a 161 109 19
a 162 163 15
a 162 178 3
a 162 70 17
a 162 180 12
a 162 193 14
a 162 53 18
a 162 48 3
a 162 130 19
a 162 198 17
a 162 145 4
a 162 66 16
a 162 30 9
a 162 46 1
a 162 77 3
a 162 170 19
a 162 120 15
a 162 44 6
a 162 35 18
a 162 142 9
a 163 164 8
a 163 161 1
a 163 90 12
a 163 48 12
a 163 78 18
a 163 75 4
a 163 136 13
a 163 52 13
a 163 6 2
a 163 67 7
a 163 145 2
a 163 134 5
a 163 115 2
a 163 148 6
a 163 23 8
a 163 38 17
a 163 54 6
a 163 162 9
a 163 116 5
a 163 96 6
a 163 111 4
a 163 141 15
a 163 9 14
a 163 61 17
a 163 26 14
a 163 91 13
a 163 15 17
a 163 73 5
a 163 7 13
a 164 165 1
a 164 95 11
a 164 48 14
a 164 93 19
a 164 42 2
a 164 152 12
a 164 52 5
a 164 98 5
a 164 160 7
a 164 9 11
a 164 21 5
a 164 120 10
a 164 180 16
a 164 147 1
a 164 136 12
a 165 166 4
a 165 46 2
a 165 11 16
a 165 181 18
a 165 22 6
a 165 20 9
a 165 194 19
a 165 111 7
a 165 120 3
a 165 47 17
a 165 73 18
a 165 4 15
a 165 124 10
a 165 71 2
a 165 196 1
a 165 199 3
a 165 85 17
a 165 67 2
a 165 19 12
a 165 58 1
a 165 16 13
a 165 18 19
a 165 74 18
a 165 43 14
a 166 167 7
a 166 140 4
a 166 113 15
a 166 95 2
a 166 72 2
a 166 35 4
a 166 3 14
a 166 47 15
a 166 159 19
a 166 62 14
a 166 125 15
a 166 121 4
a 166 157 16
a 166 99 7
a 166 73 15
a 166 128 17
a 166 144 8
a 167 168 18
a 167 110 3
a 167 20 3
a 167 100 10
a 167 192 4
a 167 34 13
a 167 171 17
a 167 10 18
a 167 64 1
a 167 39 8
a 167 1 5
a 167 95 5
a 167 55 18
a 168 169 11
a 168 186 4
a 168 103 16
a 168 147 13
a 168 159 12
a 168 11 5
a 168 66 13
a 168 163 14
a 168 114 7
a 168 35 18
a 168 172 13
a 168 117 19
a 168 15 1
a 168 8 14
a 168 170 10
a 168 197 9
a 168 120 8
a 168 24 14
a 168 137 17
a 168 122 11
a 168 25 18
a 168 189 8
a 168 18 18
a 168 20 16
a 168 121 11
a 169 170 8
a 169 95 14
a 169 172 14
a 169 108 3
a 169 129 11
a 169 17 6
a 169 38 8
a 169 69 14
a 169 120 5
a 169 101 5
a 169 134 3
a 169 64 8
a 169 132 5
a 169 196 9
a 169 25 4
a 169 182 9
a 169 137 8
a 169 73 2
a 170 171 16
a 170 107 1
a 170 149 11
a 170 90 18
a 170 127 10
a 170 59 9
a 170 66 3
a 170 197 6
a 170 43 5
a 170 38 1
a 170 124 15
a 170 101 19
a 170 102 14
a 170 118 12
a 170 104 6
a 170 56 15
a 170 123 8
a 170 72 10
a 171 172 6
a 171 22 8
a 171 69 18
a 171 32 17
a 171 185 4
a 171 144 4
a 171 85 1
a 171 96 6
a 171 124 14
a 171 58 3
a 171 52 19
a 171 13 16
a 171 9 14
a 171 89 15
a 171 17 13
a 171 114 1
a 171 79 8
a 171 33 14
a 171 109 10
a 171 31 16
a 171 73 6
a 171 28 8
a 171 112 1
a 171 99 19
a 172 173 13
a 172 161 18
a 172 11 14
a 172 93 5
a 172 61 1
a 172 13 12
a 172 58 12
a 172 198 19
a 172 126 18
a 172 160 12
a 172 134 15
a 172 101 6
a 172 175 19
a 172 148 14
a 172 197 1
a 172 35 5
a 172 59 9
a 172 127 11
a 172 16 6
a 172 71 11
a 172 82 3
a 172 39 10
a 173 174 2
a 173 195 8
a 173 108 7
a 173 32 19
a 173 137 13
a 173 47 13
a 173 196 13
a 173 159 6
a 173 193 18
a 173 29 3
a 173 140 18
a 173 21 4
a 173 132 11
a 173 92 15
a 173 125 14
a 173 181 10
a 173 158 10
a 173 161 8
a 173 28 10
a 173 94 6
a 173 17 10
a 173 75 5
a 173 179 6
a 174 175 1
a 174 67 16
a 174 14 14
a 174 167 11
a 174 47 6
a 174 146 5
a 174 75 9
a 174 147 3
a 174 181 18
a 174 118 5
a 174 18 18
a 174 100 9
a 174 126 14
a 174 104 14
a 174 150 5
a 174 23 19
a 174 119 16
a 174 114 14
a 174 8 12
a 174 25 8
a 175 176 8
a 175 168 6
a 175 110 4
a 175 69 6
a 175 117 9
a 175 60 3
a 175 124 10
a 175 68 7
a 175 135 4
a 175 109 14
a 175 28 5
a 175 50 6
a 175 10 3
a 175 103 14
a 175 94 1
a 175 119 17
a 175 11 17
a 175 118 12
a 176 177 18
a 176 147 15
a 176 102 3
a 176 122 11
a 176 81 12
a 176 195 4
a 176 21 12
a 176 159 8
a 176 110 11
a 176 47 7
a 176 91 15
a 176 90 19
a 176 131 4
a 176 84 15
a 176 152 12
a 176 76 8
a 176 178 15
a 176 120 7
a 176 89 9
a 176 60 4
a 177 178 3
a 177 115 1
a 177 143 13
a 177 37 3
a 177 53 3
a 177 124 8
a 177 30 4
a 177 33 3
a 177 43 12
a 177 7 2
a 177 94 2
a 177 160 14
a 177 6 15
a 177 149 4
a 177 36 16
a 177 119 4
a 177 19 5
a 177 73 8
a 177 130 7
a 177 11 16
a 177 38 3
a 177 135 7
a 177 136 7
a 177 69 12
a 178 179 6
a 178 102 18
a 178 90 19
a 178 74 12
a 178 95 13
a 178 7 10
a 178 27 11
a 178 137 4
a 178 75 17
a 178 110 7
a 178 50 7
a 178 39 8
a 178 36 14
a 178 106 19
a 178 119 15
a 178 12 12
a 179 180 8
a 179 138 16
a 179 150 14
a 179 127 6
a 179 53 4
a 179 79 8
a 179 139 17
a 179 29 5
a 179 90 6
a 179 163 7
a 179 155 3
a 179 54 10
a 179 11 8
a 179 5 6
a 179 186 14
a 179 159 7
a 179 62 3
a 179 185 9
a 179 146 3
a 180 181 11
a 180 127 16
a 180 144 18
a 180 125 5
a 180 174 7
a 180 59 2
a 180 53 13
a 180 190 15
a 180 134 14
a 180 22 14
a 180 78 10
a 180 91 11
a 180 21 9
a 180 17 1
a 180 114 15
a 180 138 9
a 180 35 7
a 180 124 19
a 180 83 10
a 180 103 16
a 180 178 19
a 180 66 7
a 180 95 11
a 180 113 1
a 181 182 13
a 181 179 2
a 181 177 11
a 181 104 18
a 181 126 16
a 181 38 10
a 181 165 2
a 181 196 2
a 181 167 15
a 181 89 14
a 181 113 5
a 181 143 17
a 181 95 2
a 181 76 9
a 181 169 4
a 182 183 18
a 182 66 8
a 182 161 4
a 182 29 9
a 182 133 12
a 182 58 16
a 182 6 6
a 182 1 1
a 182 14 4
a 182 108 3
a 182 187 13
a 182 132 6
a 182 188 19
a 182 52 14
a 182 7 13
a 182 107 14
a 182 97 12
a 182 148 10
a 182 18 16
a 183 184 10
a 183 47 6
a 183 16 5
a 183 4 19
a 183 186 9
a 183 163 12
a 183 127 4
a 183 31 11
a 183 124 14
a 183 153 16
a 183 21 7
a 183 66 2
a 183 33 16
a 183 18 10
a 183 57 4
a 183 173 8
a 183 133 6
a 183 45 13
a 183 58 10
a 183 10 16
a 183 168 10
a 183 169 9
a 183 196 6
a 183 121 19
a 184 185 16
a 184 26 1
a 184 11 19
a 184 96 6
a 184 98 18
a 184 122 12
a 184 113 2
a 184 15 13
a 184 66 17
a 184 67 10
a 184 76 2
a 184 51 13
a 184 171 11
a 184 86 15
a 184 167 19
a 184 84 3
a 184 156 2
a 184 192 11
a 184 47 18
a 184 36 17
a 184 183 17
a 184 2 2
a 184 83 13
a 185 186 14
a 185 65 12
a 185 147 1
a 185 80 11
a 185 20 8
a 185 155 4
a 185 59 11
a 185 90 11
a 185 179 19
a 185 6 1
a 185 39 17
a 185 154 5
a 185 157 6
a 185 29 5
a 185 92 19
a 185 176 5
a 186 187 8
a 186 165 18
a 186 182 13
a 186 47 6
a 186 192 7
a 186 101 4
a 186 96 18
a 186 58 2
a 186 92 18
a 186 100 15
a 186 25 19
a 186 24 19
a 186 110 13
a 186 197 13
a 186 135 6
a 186 185 9
a 186 57 5
a 186 68 13
a 186 12 17
a 186 61 14
a 187 188 16
a 187 85 2
a 187 94 14
a 187 155 5
a 187 14 19
a 187 185 11
a 187 33 10
a 187 139 15
a 187 49 2
a 187 183 15
a 187 173 17
a 187 108 16
a 187 39 4
a 188 189 19
a 188 27 9
a 188 96 1
a 188 9 8
a 188 107 5
a 188 88 8
a 188 165 2
a 188 178 14
a 188 106 8
a 188 32 16
a 188 190 2
a 188 171 10
a 188 23 9
a 188 105 4
a 188 16 13
a 188 17 3
a 188 53 19
a 188 61 6
a 188 85 14
a 189 190 11
a 189 173 1
a 189 177 1
a 189 13 2
a 189 130 3
a 189 61 9
a 189 50 2
a 189 62 1
a 189 195 7
a 189 112 10
a 189 184 3
a 189 9 12
a 189 44 9
a 189 187 9
a 189 191 6
a 189 39 10
a 189 64 15
a 189 171 17
a 189 65 18
a 189 81 18
a 189 101 10
a 190 191 4
a 190 103 15
a 190 132 10
a 190 101 10
a 190 177 18
a 190 152 9
a 190 52 3
a 190 106 13
a 190 169 11
a 190 119 19
a 190 118 16
a 190 93 13
a 190 21 11
a 190 44 16
a 190 188 7
a 190 196 18
a 190 35 2
a 190 39 9
a 190 141 13
a 190 20 9
a 190 96 14
a 190 64 4
a 190 55 14
a 191 192 15
a 191 163 14
a 191 62 4
a 191 134 13
a 191 155 9
a 191 154 14
a 191 138 19
a 191 176 4
a 191 116 10
a 191 38 14
a 191 6 14
a 191 168 1
a 191 95 15
a 191 26 18
a 191 51 18
a 191 88 17
a 191 87 8
a 191 162 1
a 191 98 10
a 191 14 13
a 192 193 11
a 192 185 16
a 192 194 12
a 192 16 18
a 192 30 16
a 192 93 19
a 192 138 6
a 192 46 11
a 192 116 3
a 192 104 11
a 192 142 13
a 192 98 10
a 192 75 17
a 192 181 4
a 192 37 10
a 192 88 16
a 193 194 17
a 193 33 7
a 193 147 10
a 193 105 9
a 193 78 3
a 193 45 15
a 193 104 17
a 193 10 19
a 193 141 12
a 193 8 12
a 193 156 4
a 193 146 13
a 193 145 12
a 193 129 17
a 193 121 9
a 193 73 12
a 193 178 8
a 193 74 3
a 193 19 1
a 193 57 2
a 193 153 10
a 193 90 10
a 194 195 17
a 194 170 3
a 194 58 7
a 194 66 18
a 194 130 2
a 194 39 14
a 194 179 11
a 194 161 4
a 194 165 3
a 194 191 15
a 194 69 19
a 194 106 18
a 194 53 19
a 194 132 17
a 194 173 7
a 194 72 6
a 194 184 9
a 194 47 7
a 194 85 8
a 194 12 7
a 194 136 12
a 194 113 6
a 194 86 9
a 195 196 12
a 195 98 7
a 195 43 3
a 195 185 13
a 195 28 6
a 195 65 10
a 195 54 11
a 195 193 4
a 195 149 11
a 195 134 5
a 195 163 4
a 195 67 18
a 195 142 2
a 195 72 10
a 195 153 11
a 195 29 2
a 195 42 13
a 195 40 7
a 195 152 18
a 195 86 5
a 195 30 8
a 195 21 10
a 195 189 8
a 195 198 16
a 195 138 18
a 195 89 19
a 195 107 15
a 195 87 16
a 195 117 1
a 195 101 7
a 195 18 5
a 195 61 3
a 195 175 1
a 196 197 9
a 196 143 7
a 196 127 16
a 196 142 15
a 196 198 10
a 196 177 6
a 196 55 18
a 196 12 9
a 196 90 12
a 196 155 15
a 196 42 4
a 196 59 1
a 196 92 19
a 196 81 14
a 196 94 19
a 196 56 10
a 196 191 1
a 196 147 15
a 196 139 9
a 196 21 14
a 196 169 9
a 196 41 17
a 197 198 12
a 197 116 19
a 197 112 8
a 197 99 3
a 197 94 3
a 197 85 3
a 197 187 9
a 197 55 8
a 197 164 13
a 197 64 7
a 197 167 18
a 197 45 15
a 197 166 17
a 197 132 5
a 197 56 4
a 197 22 1
a 197 84 2
a 197 189 4
a 198 199 5
a 198 141 7
a 198 177 18
a 198 164 19
a 198 133 10
a 198 189 2
a 198 20 10
a 198 114 15
a 198 83 6
a 198 11 17
a 198 194 9
a 198 90 6
a 198 171 6
a 198 77 4
a 198 193 6
a 198 184 4
a 198 63 3
a 198 66 1
a 198 7 3
c 146 192 84 85 120
c 90 19 45 124 118
c 162 178 180 114 129
c 4 100 85 152 104
c 108 82 8 9 178
c 163 116 50 34 168
c 104 18 37 107 150
c 63 195 196 198 117
c 194 136 151 30 194
c 15 149 32 139 146
c 146 62 179 53 172
c 6 43 85 152 124
c 22 23 176 110 133
c 154 130 195 54 170
c 55 15 13 77 174
c 140 77 25 106 112
c 184 113 183 66 131
c 0 67 28 127 145
c 19 194 145 138 191
c 100 190 117 76 195
c 51 170 172 35 155
c 94 147 90 119 140
c 59 88 152 86 147
c 98 198 177 119 131
c 93 66 195 153 177
c 171 79 86 34 141
c 69 35 56 49 162
c 107 148 54 65 125
c 31 13 90 47 123
c 1 105 35 189 131
c 172 16 55 112 156
c 194 132 41 162 105
c 89 25 152 29 162
c 35 189 36 37 175
c 45 97 102 2 144
c 138 43 132 47 124
c 63 61 39 24 116
c 158 94 198 189 143
c 108 151 191 138 162
c 83 168 138 169 130
c 165 16 14 51 180
c 55 48 30 98 168
c 54 92 174 175 116
c 155 175 82 44 160
c 110 37 52 168 113
c 109 4 142 13 126
c 75 161 27 181 157
c 98 7 82 191 164
c 45 83 126 45 156
c 21 83 135 192 113
c 190 132 176 81 172
c 74 163 161 131 108
c 130 188 198 77 114
c 195 98 159 43 103
c 39 117 148 27 116
c 118 43 159 89 184
c 52 68 194 136 168
c 64 84 108 75 117
c 84 112 139 123 193
c 164 95 28 32 169
c 152 7 32 113 151
c 138 139 81 101 198
c 146 62 5 184 185
c 165 16 112 23 131
c 59 181 150 148 159
c 148 17 142 13 178
c 163 61 45 137 124
c 109 41 147 18 164
c 61 112 3 4 105
c 120 173 17 141 153
c 40 144 131 7 170
c 109 50 16 52 179
c 72 145 82 191 197
c 198 63 73 96 164
c 46 151 66 51 103
c 116 17 178 110 186
c 89 33 32 92 168
c 3 175 170 101 157
c 174 75 24 130 140
c 148 150 63 84 166
c 104 35 154 38 155
c 96 81 181 169 103
c 68 44 174 67 112
c 97 95 3 76 187
c 194 132 29 146 120
c 135 149 108 17 162
c 91 194 122 38 119
c 63 195 60 109 108
c 130 31 184 11 114
c 99 160 195 152 125
c 163 134 143 15 133
c 191 6 121 134 138
c 132 158 101 97 194
c 121 102 104 105 136
c 161 9 114 199 113
c 129 6 177 160 162
c 28 53 112 25 151
c 75 80 73 166 171
c 166 113 9 182 123
c 173 179 172 175 163
c 138 146 138 17 178
c 117 97 50 43 135
c 111 156 193 147 152
c 103 158 54 77 178
c 35 46 175 118 125
c 60 199 135 22 104
c 46 47 148 196 190
c 112 90 177 6 171
c 120 49 124 189 128
c 181 196 52 125 121
c 83 10 124 165 139
c 63 64 68 43 116
c 45 173 109 41 123
c 29 85 125 70 176
c 165 19 163 6 168
c 49 91 181 143 183
c 8 71 88 179 128
c 60 129 148 101 130
c 114 17 89 55 153
c 95 2 23 143 184
c 103 84 110 143 161
c 188 9 173 181 150
c 167 20 71 179 145
c 32 24 91 74 127
c 86 139 45 152 135
c 51 48 34 152 162
c 91 195 141 145 197
c 131 141 92 165 153
c 140 162 146 174 172
c 101 133 147 9 166
c 5 135 190 44 159
c 173 125 89 68 100
c 29 177 98 161 103
c 154 47 29 62 133
c 83 22 138 44 167
c 27 68 97 27 198
c 173 158 0 1 185
c 136 32 96 38 193
c 66 140 46 170 157
c 52 65 59 26 156
c 14 140 33 48 195
c 171 33 110 161 101
c 156 197 95 39 172
c 67 84 108 101 186
c 189 65 7 20 132
c 74 19 60 112 114
c 25 141 25 101 142
c 15 149 22 23 130
c 68 179 101 165 146
c 191 6 94 130 138
c 26 45 77 33 135
c 68 149 119 89 194
c 135 124 167 192 193
c 72 61 38 177 130
c 61 121 155 170 195
c 7 181 175 109 128
c 77 143 171 89 111
c 142 184 84 17 139
c 143 162 177 124 122
c 110 38 78 129 163
c 168 186 141 17 178
c 66 140 97 29 100
c 22 166 29 183 156
c 157 51 10 126 103
c 116 171 38 86 172
c 74 45 183 45 107
c 36 8 31 144 117
c 124 130 168 170 188
c 86 77 149 57 108
c 163 136 104 144 148
c 116 81 80 57 187
c 149 150 142 59 104
c 168 147 166 73 199
c 22 187 69 59 177
c 170 171 151 49 188
c 146 102 87 90 179
c 146 114 16 36 115
c 26 48 181 76 168
c 152 189 21 140 125
c 82 104 62 3 104
c 0 65 152 2 188
c 152 130 77 47 125
c 73 158 85 127 116
c 52 199 82 163 127
c 98 185 58 131 193
c 38 138 9 20 198
c 66 169 99 128 181
c 26 48 195 193 118
c 83 117 67 164 171
c 64 182 19 86 134
c 110 26 65 130 128
c 106 107 8 54 180
c 194 130 66 192 104
c 4 100 175 124 129
c 191 192 89 80 106
c 14 18 96 81 127
c 192 116 113 33 161
c 80 34 5 188 166
c 171 144 126 41 176
c 51 199 67 38 157
c 2 167 14 10 127
c 36 38 75 116 125
c 10 91 187 183 185
c 155 114 138 48 125
c 109 66 3 108 194
c 175 110 163 26 135
c 64 89 15 78 111
c 163 115 159 128 189
c 32 95 1 119 177
c 42 176 129 10 131
c 127 109 113 7 141
c 30 98 170 43 115
c 98 9 198 193 120
c 194 132 198 133 167
c 180 95 143 64 104
c 131 132 190 21 126
c 163 23 184 76 102
c 184 26 132 83 114
c 77 57 194 195 104
c 3 189 52 144 148
c 193 19 187 33 146
c 11 155 96 107 105
c 92 93 104 182 193
c 93 108 179 139 197
c 167 20 94 9 168
c 74 92 64 89 142
c 8 37 6 16 124
c 149 71 67 48 198
c 115 160 198 63 199
c 109 111 7 99 161
c 132 83 71 103 137
c 105 66 184 183 116
c 68 41 74 148 159
c 101 188 125 173 119
c 92 143 48 76 119
c 63 104 134 157 152
c 192 93 45 122 162
c 130 31 40 144 190
c 42 108 150 70 186
c 80 179 161 153 137
c 52 20 182 107 168
c 40 132 15 153 184
c 29 183 172 59 193
c 132 171 109 59 133
c 79 145 159 121 108
c 92 174 148 83 140
c 132 108 35 159 147
c 192 116 13 87 126
c 105 137 5 94 170
c 77 143 130 172 108
c 190 119 125 194 137
c 127 103 80 121 120
c 37 92 97 29 154
c 61 90 89 117 103
c 195 28 116 70 131
c 182 7 23 143 184
c 112 8 104 125 112
c 55 61 5 94 156
c 12 103 157 168 166
c 181 196 44 90 107
c 131 161 4 101 103
c 162 46 115 26 178
c 138 143 114 51 155
c 189 50 162 46 149
c 196 155 44 152 168
c 71 179 120 49 147
c 136 128 153 103 153
c 110 64 100 52 181
c 70 72 27 122 147
c 107 73 188 32 137
c 135 62 127 109 179
c 32 113 41 174 128
c 84 199 6 32 121
c 85 152 85 50 118
c 123 172 89 33 181
c 15 33 93 77 163
c 175 103 103 84 155
c 48 6 123 32 179
c 0 37 138 134 155
c 168 114 146 174 154
c 66 178 1 148 113
c 165 4 172 58 182
c 4 22 135 149 148
c 157 122 59 191 166
c 150 154 32 121 143
c 75 76 194 173 141
c 161 108 109 4 186
c 82 22 158 43 152
c 131 7 106 40 183
c 29 182 28 9 175
c 7 76 61 199 110
c 157 155 112 42 136
c 100 160 197 132 126
c 105 8 35 44 171
c 96 121 101 165 196
c 182 66 90 47 104
c 80 27 69 96 141
c 139 123 69 46 135
c 49 81 137 102 191
c 39 55 192 93 132
c 92 143 25 126 146
c 98 198 131 109 186
c 186 197 108 151 131
c 195 138 102 5 171
c 131 180 153 13 184
c 146 184 46 152 147
c 54 7 195 67 197
c 195 138 74 111 169
c 185 29 118 196 131
c 151 64 129 168 156
c 38 96 42 14 155
c 91 14 125 157 157
c 82 137 65 130 177
c 173 174 123 163 103
c 174 104 50 6 166
c 52 199 73 166 107
c 52 65 18 199 152
c 62 48 116 17 115
c 189 39 25 155 175
c 27 175 104 130 110
c 9 135 5 94 146
c 63 181 97 95 145
c 155 114 190 35 134
c 89 130 186 187 112
c 8 21 43 152 136
c 158 77 190 21 125
c 83 84 28 135 145
c 141 80 185 80 187
c 23 95 53 194 120
c 51 188 114 11 192
c 13 9 116 146 140
c 58 59 22 180 126
c 17 122 46 71 144
c 163 90 20 41 100
c 35 146 43 109 136
c 144 97 97 27 161
c 195 185 40 87 164
c 49 50 71 31 158
c 43 109 65 110 139
c 153 29 124 53 168
c 60 59 195 42 195
c 168 159 174 75 138
c 154 155 164 152 153
c 195 101 179 90 198
c 152 171 112 139 145
c 72 182 158 93 126
c 19 28 136 32 175
c 21 132 93 140 193
c 22 187 8 11 135
c 57 128 22 166 113
c 72 73 102 44 109
c 103 84 186 25 137
c 41 120 154 163 189
c 77 57 56 81 136
c 74 19 51 199 158
c 97 98 28 9 111
c 37 61 171 85 182
c 68 175 49 94 105
c 118 168 178 95 172
c 45 20 155 189 147
c 108 160 171 172 167
c 167 110 19 20 117
c 173 193 107 182 109
c 157 194 158 83 182
c 166 159 134 21 147
c 67 54 180 21 192
c 151 68 53 111 168
c 30 156 148 83 173
c 24 111 24 189 117
c 156 197 129 81 102
c 74 45 82 163 197
c 120 29 121 122 177
c 8 174 188 190 114
c 57 87 179 185 157
c 105 25 51 182 159
c 180 17 13 14 120
c 27 188 182 52 149
c 65 167 53 84 102
c 145 26 46 30 122
c 153 109 139 64 165
c 103 95 31 112 111
c 174 118 185 176 118
c 72 142 10 194 193
c 157 42 61 90 123
c 63 81 44 49 112
c 29 177 27 172 102
c 195 28 197 94 169
c 95 5 5 122 103
c 72 8 48 6 105
c 119 29 100 26 116
c 182 14 7 37 128
c 103 71 151 65 151
c 122 22 145 179 160
c 156 38 109 54 153
c 81 154 82 182 198
c 56 57 154 58 180
c 123 52 46 60 121
c 123 155 62 63 176
c 52 125 29 177 102
c 98 178 194 130 146
c 139 123 109 66 193
c 168 189 184 83 154
c 11 143 138 169 138
c 163 96 69 14 191
c 15 153 82 83 160
c 33 159 182 29 100
c 146 48 104 166 149
c 163 54 3 84 139
c 155 100 134 62 192
c 99 160 15 16 107
c 161 63 180 114 110
c 189 195 176 131 117
c 70 99 128 1 165
c 110 175 14 75 145
c 82 89 165 194 162
c 151 133 196 142 172
c 96 170 109 156 150
c 83 35 157 199 106
c 6 141 103 158 168
c 31 104 93 69 193
c 0 81 161 11 115
c 114 70 83 37 191
c 176 110 148 4 132
c 37 107 67 197 104
c 6 95 151 65 163
c 8 146 140 196 106
c 79 10 27 93 197
c 122 126 143 144 100
c 137 151 132 36 101
c 179 11 146 174 148
c 194 161 59 161 111
c 62 3 40 17 195
c 162 77 73 158 147
c 2 23 152 61 195
c 94 36 95 108 197
c 65 148 183 153 120
c 169 69 55 122 198
c 63 148 110 64 159
c 0 118 172 175 111
c 128 195 80 168 116
c 191 168 171 185 166
c 65 102 17 194 196
c 74 191 95 5 149
c 91 60 113 33 162
c 103 122 124 186 166
c 111 105 76 77 196
c 149 23 148 63 105
c 37 50 78 177 100
c 111 190 140 77 119
c 139 169 37 116 160
c 18 64 46 152 123
c 72 145 90 190 180
c 66 14 148 85 187
c 67 54 27 129 135
c 54 92 34 35 142
c 13 119 10 91 176
c 181 113 56 93 148
c 19 22 145 8 188
c 2 63 129 10 151
c 37 73 67 191 109
c 183 153 144 146 147
c 63 181 13 8 182
c 46 21 128 177 177
c 84 172 129 144 195
c 112 23 174 23 143
c 58 70 59 30 143
c 137 106 157 111 180
c 195 142 144 99 132
c 40 161 57 154 173
c 30 168 88 99 169
c 190 21 178 36 142
c 177 33 124 130 120
c 18 57 39 73 125
c 10 100 119 190 105
c 150 143 134 112 195
c 81 125 108 53 115
c 158 172 90 19 143
c 99 147 158 16 197
c 94 86 136 109 173
c 151 24 24 111 196
c 110 5 125 53 180
c 50 118 137 41 121
c 187 94 93 54 182
c 101 75 27 110 135
c 123 40 124 71 187
c 161 109 91 155 185
c 146 114 148 135 134
c 111 132 40 143 116
c 86 114 103 6 122
c 118 196 152 78 108
c 151 148 178 102 187
c 104 144 100 61 131
c 51 88 129 112 109
c 53 28 121 26 158
c 6 31 106 3 104
c 190 44 33 34 104
c 83 37 85 68 187
c 7 99 146 114 183
c 35 82 59 161 199
c 44 177 72 161 160
c 35 83 37 92 134
c 21 22 136 57 130
c 194 165 193 57 119
c 91 65 56 88 122
c 173 159 197 45 154
c 97 95 32 81 146
c 7 76 20 21 107
c 169 196 179 163 166
c 87 51 168 120 195
c 32 95 134 21 105
c 118 119 72 155 187
c 78 25 63 61 135
c 118 196 127 35 124
c 27 125 49 157 110
c 123 31 81 150 199
c 40 143 130 53 112
c 192 88 48 40 128
c 67 36 198 194 186
c 110 71 49 104 179
c 98 111 116 138 139
c 62 84 194 161 153
c 149 194 111 95 143
c 24 196 12 103 159
c 173 17 78 199 158
c 180 91 86 128 110
c 189 130 86 134 100
c 49 157 133 79 192
c 37 139 171 31 106
c 32 10 54 125 122
c 88 155 135 62 159
c 83 147 155 102 125
c 14 15 96 56 126
c 92 184 77 143 114
c 190 39 65 58 118
c 126 108 31 66 112
c 36 64 2 5 189
c 169 38 104 109 174
c 62 116 175 176 164
c 196 12 175 103 144
c 171 185 35 36 166
c 113 155 55 186 170
c 193 178 191 155 153
c 163 23 54 187 122
c 69 108 180 144 195
c 178 50 93 137 123
c 24 121 32 24 166
c 127 46 106 9 174
c 72 145 195 107 162
c 52 20 168 35 163
c 86 114 92 96 121
c 15 78 13 185 157
c 134 111 30 165 137
c 153 103 151 49 101
c 14 46 86 34 180
c 112 42 91 155 167
c 72 73 93 86 193
c 15 124 194 184 184
c 189 195 143 64 122
c 99 105 189 177 168
c 37 88 147 70 162
c 152 34 105 63 179
c 9 152 145 66 193
c 160 79 72 145 175
c 129 184 117 61 108
c 176 177 30 168 198
c 128 43 74 19 133
c 80 175 129 81 172
c 195 87 97 27 145
c 65 102 162 178 179
c 69 63 125 52 159
c 185 155 67 62 117
c 34 46 67 54 123
c 101 102 108 151 180
c 82 5 195 87 161
c 127 99 105 25 154
c 27 89 178 90 149
c 92 166 143 64 190
c 158 20 31 112 130
c 97 123 5 149 151
c 10 123 127 190 104
c 37 115 175 168 176
c 108 106 43 74 114
c 98 99 138 102 197
c 100 182 148 169 167
c 102 2 106 132 143
c 121 185 155 199 177
c 135 22 113 51 128
c 188 85 128 101 127
c 68 181 183 47 199
c 20 45 170 124 163
c 148 156 78 173 188
c 142 164 124 95 127
c 48 29 127 4 195
c 123 157 60 32 175
c 133 130 178 137 134
c 195 21 158 20 197
c 79 20 58 59 147
c 58 180 51 197 172
c 169 95 154 193 177
c 102 191 90 146 109
c 172 39 53 171 106
c 20 72 178 50 150
c 188 107 146 143 178
c 99 190 169 132 123
c 191 116 168 137 133
c 31 119 165 47 140
c 59 161 95 96 167
c 107 104 9 59 141
c 159 119 172 160 122
c 55 78 162 53 114
c 40 143 34 111 141
c 72 48 160 86 124
c 143 157 105 143 172
c 15 96 38 127 191
c 139 123 79 20 176
c 142 7 142 116 160
c 142 199 23 42 148
c 161 9 149 197 199
c 80 47 108 151 193
c 111 105 172 197 120
c 32 10 130 34 122
c 137 5 97 71 164
c 98 59 171 28 168
c 59 26 48 29 127
c 97 104 123 133 141
c 17 122 55 195 119
c 162 35 86 42 160
c 95 5 172 61 155
c 44 96 192 138 166
c 152 61 168 11 137
c 181 165 170 118 141
c 55 190 32 140 164
c 74 174 108 109 183
c 140 105 98 172 193
c 18 73 156 38 135
c 185 154 182 108 143
c 189 171 129 6 122
c 82 16 20 72 146
c 194 195 39 8 148
c 158 93 101 102 164
c 24 173 171 124 174
c 27 88 2 63 145
c 28 29 4 100 188
c 94 3 182 161 180
c 160 121 13 4 140
c 171 85 37 116 165
c 38 119 4 87 138
c 184 86 179 139 146
c 135 149 159 61 123
c 111 151 72 123 106
c 148 74 122 126 150
c 8 71 154 172 179
c 70 199 83 86 165
c 194 113 38 154 160
c 42 81 70 93 164
c 50 34 139 64 119
c 124 7 103 32 149
c 49 193 72 48 136
c 128 184 20 27 178
c 1 105 171 17 109
c 37 107 184 15 119
c 2 5 48 93 188
c 145 190 56 174 127
c 120 30 159 119 139
c 50 133 177 43 183
c 85 152 39 90 182
c 104 43 185 90 193
c 195 28 197 187 148
c 154 58 24 111 149
c 134 13 105 124 109
c 10 68 32 30 115
c 88 108 135 93 117
c 179 62 144 145 151
c 51 127 165 181 185
c 123 131 4 142 100
c 196 191 41 18 195
c 139 8 13 128 149
c 177 6 173 108 117
c 87 65 53 188 106
c 11 155 158 31 126
c 153 175 85 127 157
c 106 9 100 177 152
c 152 37 158 172 126
c 123 101 81 21 119
c 179 11 19 134 149
c 14 43 51 9 184
c 83 168 2 30 146
c 52 45 128 79 181
c 116 52 37 135 136
c 176 152 64 58 170
c 171 172 3 21 192
c 15 78 56 63 129
c 176 91 146 174 198
c 178 75 147 79 152
c 50 92 79 189 128
c 180 181 0 178 133
c 155 174 82 163 187
c 191 138 59 10 162
c 74 75 158 101 100
c 39 88 148 105 165
c 115 26 66 14 139
c 164 93 126 108 188
c 46 153 181 182 159
c 157 119 15 172 168
c 145 190 154 158 157
c 126 182 157 78 143
c 50 34 123 58 197
c 80 7 75 84 151
c 189 61 71 99 189
c 143 78 75 181 149
c 77 171 40 87 195
c 134 159 118 44 109
c 47 75 120 87 176
c 11 12 81 127 134
c 136 46 97 146 160
c 24 184 103 68 168
c 137 59 70 102 197
c 182 29 177 160 173
c 5 149 9 171 138
c 122 22 182 29 111
c 56 39 186 58 187
c 102 181 77 149 152
c 135 62 137 97 157
c 132 164 196 55 174
c 108 82 127 191 137
c 95 108 192 138 116
c 41 42 186 182 108
c 117 184 37 130 130
c 51 199 3 76 159
c 159 12 110 77 152
c 1 2 171 79 166
c 101 27 26 47 198
c 131 7 157 117 187
c 50 119 53 194 153
c 99 8 72 155 140
c 125 43 86 39 164
c 86 114 130 135 136
c 93 83 103 36 130
c 130 117 112 25 173
c 111 112 3 182 114
c 134 62 129 99 174
c 2 161 32 139 186
c 158 171 128 130 178
c 26 172 138 62 111
c 26 161 108 191 132
c 98 122 129 122 139
c 8 55 195 30 198
c 185 155 112 113 183
c 75 25 27 176 177
c 128 67 154 155 183
c 91 126 87 90 130
c 3 111 3 4 108
c 152 51 69 108 106
c 138 97 40 159 141
c 126 36 144 34 117
c 178 39 142 199 124
c 106 154 90 35 171
c 196 142 25 141 155
c 127 191 194 132 104
c 64 89 39 193 132
c 46 153 179 159 134
c 15 96 113 60 191
c 120 127 53 84 124
c 74 102 135 192 132
c 47 48 22 166 110
c 124 7 60 169 184
c 96 121 58 112 114
c 49 104 127 47 113
c 71 115 33 51 185
c 101 196 158 94 175
c 144 105 88 74 190
c 48 64 134 95 129
c 186 92 126 77 178
c 146 102 3 21 170
c 96 144 23 25 127
c 161 108 91 14 159
c 129 170 187 33 109
c 90 96 43 46 198
c 190 39 177 135 179
c 129 81 194 136 196
c 169 132 129 177 179
c 57 124 83 38 161
c 127 3 174 100 174
c 164 180 21 140 151
c 59 175 188 27 134
c 143 78 132 77 188
c 88 151 138 60 169
c 189 44 18 75 108
c 68 186 2 94 145
c 131 13 83 147 175
c 22 21 68 145 103
