notes: n=200, m=3980, elb=1, eub=20, density=0.1, conf_density=0.0002, clb=50, cub= 150, seed= 6845
p spec 200 3980 1583
s 0
t 199
a 0 1 4
a 0 198 16
a 0 81 10
a 0 116 17
a 0 17 5
a 0 62 17
a 0 11 5
a 0 122 8
a 0 121 16
a 0 71 12
a 0 112 4
a 0 76 12
a 0 180 8
a 0 46 14
a 0 13 7
a 0 103 16
a 0 97 11
a 0 72 10
a 0 39 6
a 0 109 4
a 0 23 12
a 1 2 19
a 1 135 9
a 1 112 6
a 1 111 1
a 1 159 19
a 1 25 15
a 1 86 14
a 1 134 15
a 1 45 12
a 1 117 14
a 1 96 9
a 1 163 11
a 1 99 9
a 1 173 2
a 1 146 11
a 1 20 11
a 1 108 14
a 2 3 12
a 2 89 8
a 2 45 19
a 2 199 12
a 2 58 11
a 2 24 8
a 2 46 4
a 2 174 17
a 2 164 17
a 2 106 1
a 2 198 2
a 2 155 12
a 2 13 17
a 2 179 18
a 2 99 18
a 2 148 2
a 2 17 13
a 3 4 19
a 3 132 5
a 3 26 12
a 3 120 2
a 3 87 19
a 3 21 19
a 3 33 7
a 3 105 13
a 3 192 4
a 3 11 12
a 3 147 1
a 3 85 17
a 3 50 4
a 3 166 18
a 3 109 18
a 3 73 15
a 3 18 13
a 3 106 15
a 3 154 10
a 3 89 4
a 4 5 14
a 4 120 18
a 4 20 19
a 4 38 3
a 4 134 10
a 4 116 19
a 4 97 15
a 4 19 2
a 4 158 15
a 4 76 1
a 4 70 5
a 4 136 5
a 4 162 17
a 4 196 9
a 4 118 9
a 4 65 4
a 4 50 17
a 4 152 2
a 4 139 4
a 4 181 6
a 4 184 10
a 4 156 17
a 5 6 19
a 5 114 18
a 5 185 11
a 5 165 3
a 5 196 5
a 5 101 6
a 5 9 2
a 5 111 3
a 5 20 6
a 6 7 6
a 6 197 3
a 6 179 6
a 6 5 14
a 6 75 3
a 6 161 6
a 6 79 11
a 6 185 11
a 6 12 7
a 6 139 2
a 6 3 14
a 6 101 10
a 6 123 10
a 6 54 14
a 6 99 11
a 6 188 2
a 6 136 8
a 6 53 12
a 6 39 8
a 6 71 6
a 6 162 2
a 7 8 16
a 7 62 9
a 7 79 5
a 7 15 12
a 7 130 11
a 7 98 19
a 7 23 1
a 7 71 14
a 7 31 2
a 7 143 6
a 7 142 14
a 7 77 3
a 7 164 13
a 7 124 3
a 7 56 5
a 7 4 19
a 8 9 11
a 8 190 5
a 8 53 12
a 8 154 18
a 8 11 15
a 8 106 19
a 8 96 9
a 8 167 6
a 8 85 2
a 8 59 8
a 8 136 1
a 8 100 2
a 8 127 4
a 8 149 9
a 8 150 14
a 8 121 4
a 8 90 10
a 8 86 10
a 8 92 7
a 8 132 6
a 8 179 19
a 8 75 17
a 9 10 14
a 9 179 16
a 9 14 7
a 9 131 11
a 9 160 19
a 9 197 15
a 9 12 4
a 9 76 16
a 9 194 4
a 9 155 18
a 9 97 12
a 9 129 16
a 9 54 4
a 9 65 5
a 9 167 17
a 9 22 9
a 9 177 15
a 9 39 5
a 9 5 14
a 9 193 18
a 10 11 5
a 10 158 16
a 10 7 14
a 10 188 13
a 10 138 19
a 10 66 8
a 10 120 18
a 10 173 8
a 10 36 12
a 10 41 18
a 10 62 4
a 10 5 5
a 10 146 12
a 10 98 13
a 10 114 7
a 11 12 2
a 11 170 7
a 11 154 7
a 11 181 4
a 11 184 1
a 11 34 16
a 11 199 9
a 11 185 4
a 11 13 3
a 11 60 7
a 11 28 6
a 11 98 15
a 11 142 5
a 11 59 2
a 11 111 1
a 11 189 8
a 11 67 13
a 11 8 17
a 11 173 7
a 11 123 6
a 11 92 2
a 11 162 9
a 11 4 13
a 11 160 16
a 12 13 15
a 12 136 10
a 12 177 15
a 12 113 6
a 12 81 6
a 12 14 4
a 12 67 10
a 12 87 9
a 12 176 7
a 12 35 18
a 12 153 13
a 12 63 11
a 12 179 4
a 12 62 18
a 12 127 19
a 12 97 19
a 12 137 2
a 13 14 11
a 13 75 1
a 13 46 7
a 13 152 1
a 13 180 10
a 13 125 17
a 13 8 15
a 13 179 5
a 13 129 2
a 13 80 14
a 13 35 13
a 13 10 8
a 13 113 18
a 13 39 5
a 14 15 9
a 14 110 1
a 14 67 11
a 14 4 8
a 14 11 9
a 14 160 1
a 14 18 18
a 14 91 9
a 14 36 10
a 14 95 18
a 14 132 2
a 14 140 14
a 14 131 6
a 14 164 16
a 14 153 11
a 14 118 3
a 14 47 4
a 14 169 19
a 14 97 16
a 14 176 1
a 14 32 11
a 14 128 19
a 14 55 17
a 14 86 13
a 14 79 6
a 14 109 8
a 14 139 10
a 15 16 14
a 15 108 5
a 15 88 12
a 15 43 6
a 15 164 11
a 15 79 12
a 15 38 17
a 15 32 8
a 15 67 15
a 15 13 18
a 15 129 1
a 15 50 16
a 15 10 7
a 15 155 10
a 15 118 7
a 15 11 15
a 15 130 3
a 16 17 1
a 16 178 3
a 16 29 11
a 16 118 6
a 16 49 14
a 16 172 4
a 16 134 6
a 16 185 9
a 16 14 3
a 16 97 12
a 16 58 15
a 16 186 5
a 16 106 5
a 16 127 13
a 16 114 11
a 16 130 6
a 16 111 18
a 16 96 13
a 16 71 17
a 17 18 5
a 17 9 4
a 17 37 2
a 17 88 1
a 17 106 19
a 17 93 5
a 17 151 7
a 17 145 4
a 17 101 2
a 17 179 2
a 17 186 14
a 17 94 14
a 17 50 12
a 17 103 17
a 17 121 1
a 17 126 2
a 17 170 3
a 17 52 4
a 17 129 17
a 17 82 5
a 17 38 11
a 17 4 15
a 18 19 13
a 18 163 17
a 18 38 17
a 18 198 17
a 18 135 15
a 18 160 4
a 18 101 6
a 18 177 18
a 18 131 16
a 18 81 12
a 18 158 11
a 18 194 17
a 18 172 3
a 18 3 7
a 18 146 8
a 19 20 11
a 19 41 6
a 19 113 3
a 19 180 11
a 19 161 19
a 19 154 12
a 19 182 10
a 19 128 8
a 19 155 6
a 19 97 5
a 19 193 8
a 19 172 10
a 19 13 17
a 19 76 6
a 19 54 4
a 19 158 8
a 19 159 12
a 19 85 16
a 19 23 3
a 19 121 9
a 19 153 12
a 20 21 19
a 20 182 9
a 20 199 1
a 20 128 11
a 20 180 11
a 20 177 3
a 20 83 10
a 20 85 9
a 20 41 13
a 20 82 7
a 20 46 15
a 20 169 2
a 20 170 12
a 20 174 8
a 20 121 6
a 20 165 14
a 20 45 19
a 21 22 13
a 21 104 3
a 21 187 6
a 21 121 8
a 21 125 9
a 21 42 11
a 21 180 2
a 21 113 18
a 21 8 18
a 21 134 18
a 21 194 10
a 21 143 12
a 21 123 10
a 21 174 18
a 21 72 7
a 21 91 18
a 21 154 18
a 21 107 1
a 21 35 12
a 21 26 13
a 22 23 13
a 22 172 5
a 22 144 16
a 22 196 16
a 22 32 5
a 22 85 6
a 22 89 9
a 22 28 1
a 22 193 2
a 22 31 10
a 22 184 16
a 22 1 4
a 22 102 14
a 22 148 15
a 23 24 1
a 23 22 8
a 23 118 6
a 23 33 19
a 23 131 13
a 23 82 11
a 23 41 8
a 23 1 3
a 23 126 10
a 23 169 10
a 23 111 6
a 23 56 6
a 23 14 15
a 23 9 4
a 23 91 8
a 23 29 11
a 23 171 5
a 23 25 15
a 23 21 14
a 23 62 14
a 24 25 12
a 24 67 6
a 24 99 6
a 24 103 4
a 24 187 18
a 24 152 18
a 24 79 4
a 24 60 3
a 24 108 7
a 24 146 10
a 24 190 6
a 24 165 1
a 24 50 4
a 24 55 13
a 24 78 8
a 24 72 12
a 24 180 17
a 24 29 6
a 24 114 4
a 24 121 11
a 24 26 5
a 24 56 17
a 25 26 1
a 25 183 11
a 25 135 17
a 25 123 13
a 25 151 4
a 25 159 6
a 25 124 9
a 25 181 7
a 25 156 9
a 25 161 11
a 25 46 12
a 25 101 11
a 25 160 7
a 25 179 4
a 25 18 4
a 26 27 15
a 26 1 6
a 26 36 15
a 26 179 18
a 26 107 3
a 26 157 17
a 26 2 3
a 26 160 6
a 26 132 12
a 26 193 8
a 26 170 16
a 26 104 9
a 26 136 10
a 26 57 1
a 26 53 1
a 26 135 4
a 26 75 3
a 27 28 8
a 27 172 5
a 27 18 7
a 27 63 19
a 27 82 13
a 27 152 1
a 27 6 11
a 27 113 4
a 27 150 18
a 27 72 8
a 27 46 19
a 27 139 12
a 27 25 11
a 27 97 10
a 27 5 11
a 27 99 11
a 27 68 10
a 27 65 16
a 27 57 2
a 27 34 15
a 28 29 18
a 28 199 19
a 28 73 5
a 28 140 16
a 28 65 3
a 28 7 10
a 28 134 1
a 28 193 8
a 28 18 7
a 28 141 8
a 28 138 8
a 28 159 19
a 28 120 13
a 28 104 11
a 28 185 1
a 28 124 12
a 28 181 13
a 28 11 8
a 28 39 5
a 28 149 11
a 28 74 5
a 29 30 11
a 29 97 4
a 29 75 19
a 29 16 5
a 29 185 12
a 29 199 3
a 29 196 6
a 29 67 12
a 29 27 10
a 29 170 10
a 29 13 9
a 29 130 7
a 29 171 2
a 29 90 13
a 29 18 4
a 29 70 6
a 29 139 1
a 29 122 15
a 29 59 3
a 30 31 9
a 30 73 11
a 30 114 6
a 30 71 7
a 30 86 2
a 30 156 9
a 30 32 19
a 30 82 15
a 30 155 11
a 30 118 9
a 30 14 7
a 30 77 13
a 30 72 9
a 30 134 16
a 30 143 15
a 30 178 17
a 30 164 14
a 30 101 15
a 30 84 5
a 30 37 12
a 30 137 13
a 30 1 8
a 30 153 17
a 31 32 18
a 31 3 16
a 31 30 5
a 31 98 13
a 31 144 4
a 31 69 16
a 31 47 15
a 31 93 19
a 31 116 16
a 31 61 3
a 31 92 15
a 31 96 13
a 31 185 10
a 31 111 12
a 31 95 10
a 31 199 1
a 31 1 7
a 31 189 8
a 31 71 13
a 31 177 19
a 31 6 5
a 31 89 18
a 32 33 14
a 32 43 17
a 32 47 9
a 32 187 1
a 32 140 5
a 32 28 5
a 32 160 10
a 32 181 18
a 32 54 13
a 32 190 7
a 32 185 13
a 32 123 15
a 32 166 11
a 32 115 8
a 32 161 12
a 32 102 6
a 32 35 13
a 32 59 12
a 32 172 5
a 32 80 5
a 33 34 1
a 33 140 6
a 33 119 17
a 33 129 18
a 33 35 19
a 33 161 5
a 33 187 13
a 33 63 5
a 33 52 14
a 33 106 19
a 33 194 15
a 33 148 3
a 33 139 1
a 33 154 5
a 33 160 4
a 33 36 7
a 33 32 10
a 33 66 16
a 33 152 19
a 33 54 4
a 33 199 1
a 34 35 10
a 34 108 4
a 34 2 2
a 34 126 1
a 34 156 3
a 34 122 12
a 34 54 1
a 34 47 17
a 34 154 4
a 34 171 12
a 34 165 19
a 34 19 10
a 34 160 6
a 34 26 4
a 34 153 8
a 34 164 7
a 34 4 3
a 34 84 6
a 34 60 14
a 34 105 11
a 34 14 7
a 34 75 6
a 34 173 3
a 34 9 16
a 34 121 10
a 35 36 8
a 35 14 16
a 35 164 4
a 35 163 4
a 35 21 10
a 35 195 17
a 35 18 5
a 35 15 7
a 35 7 11
a 35 94 3
a 35 17 19
a 35 62 14
a 36 37 16
a 36 123 4
a 36 162 4
a 36 55 18
a 36 81 1
a 36 53 4
a 36 137 10
a 36 11 14
a 36 108 2
a 36 86 18
a 36 67 2
a 36 21 13
a 36 163 12
a 36 160 18
a 36 39 8
a 36 1 15
a 36 15 17
a 36 138 19
a 36 6 1
a 36 171 18
a 36 151 17
a 36 52 14
a 36 19 7
a 36 187 18
a 36 12 1
a 37 38 1
a 37 178 19
a 37 121 12
a 37 39 10
a 37 186 7
a 37 72 7
a 37 5 7
a 37 127 7
a 37 106 5
a 37 100 17
a 37 170 8
a 37 197 7
a 37 156 12
a 37 150 15
a 37 108 13
a 37 137 14
a 37 8 7
a 37 48 4
a 37 113 4
a 37 117 15
a 37 198 6
a 37 87 7
a 38 39 3
a 38 166 17
a 38 10 15
a 38 28 4
a 38 169 18
a 38 70 9
a 38 172 11
a 38 49 18
a 38 111 14
a 38 106 7
a 38 168 2
a 38 171 19
a 38 6 4
a 38 50 9
a 38 141 15
a 38 199 12
a 38 94 6
a 38 78 5
a 38 186 4
a 38 189 16
a 39 40 18
a 39 126 6
a 39 185 14
a 39 111 14
a 39 165 16
a 39 93 5
a 39 33 3
a 39 78 12
a 39 122 1
a 39 72 19
a 39 12 2
a 39 36 5
a 39 56 10
a 39 133 19
a 39 156 11
a 39 65 4
a 39 49 6
a 39 15 9
a 39 125 13
a 39 120 10
a 39 89 10
a 39 48 15
a 39 168 2
a 39 84 9
a 39 116 10
a 39 135 13
a 39 153 4
a 40 41 17
a 40 116 7
a 40 144 2
a 40 5 16
a 40 29 7
a 40 68 16
a 40 157 14
a 40 79 18
a 40 97 19
a 40 70 18
a 40 184 2
a 40 22 16
a 40 149 12
a 40 197 6
a 40 66 5
a 40 114 8
a 40 85 12
a 40 106 2
a 40 88 17
a 40 155 5
a 40 93 14
a 40 7 19
a 41 42 5
a 41 161 9
a 41 129 8
a 41 49 17
a 41 86 10
a 41 9 11
a 41 115 8
a 41 51 5
a 41 5 15
a 41 130 18
a 41 189 2
a 41 23 15
a 41 108 18
a 41 173 13
a 41 68 4
a 41 166 2
a 41 105 19
a 41 138 19
a 41 53 6
a 41 151 19
a 41 75 6
a 41 188 11
a 42 43 19
a 42 157 13
a 42 58 2
a 42 56 19
a 42 10 1
a 42 113 11
a 42 192 4
a 42 74 15
a 42 28 9
a 42 48 9
a 42 143 15
a 42 162 1
a 42 89 15
a 42 73 8
a 42 159 1
a 42 83 14
a 43 44 6
a 43 74 16
a 43 75 2
a 43 53 18
a 43 63 4
a 43 23 3
a 43 42 1
a 43 72 4
a 43 143 15
a 43 176 8
a 43 34 1
a 43 36 3
a 43 145 19
a 43 56 1
a 43 195 11
a 43 45 5
a 43 167 10
a 43 114 2
a 43 155 10
a 44 45 4
a 44 71 11
a 44 116 10
a 44 118 12
a 44 131 10
a 44 168 19
a 44 20 12
a 44 159 5
a 44 146 15
a 44 197 8
a 44 10 1
a 44 53 19
a 44 141 16
a 44 114 18
a 44 130 17
a 44 191 12
a 44 108 12
a 45 46 13
a 45 1 4
a 45 51 5
a 45 176 6
a 45 16 6
a 45 95 11
a 45 187 7
a 45 192 15
a 45 184 16
a 45 181 1
a 45 22 4
a 45 109 5
a 46 47 12
a 46 36 14
a 46 105 5
a 46 180 6
a 46 49 13
a 46 48 10
a 46 144 3
a 46 158 14
a 46 192 8
a 46 96 19
a 46 159 18
a 46 129 5
a 46 114 4
a 46 143 6
a 46 44 15
a 46 99 11
a 46 89 5
a 46 112 14
a 47 48 9
a 47 9 15
a 47 161 17
a 47 43 10
a 47 6 7
a 47 155 18
a 47 14 17
a 47 118 10
a 47 25 18
a 47 91 15
a 47 108 17
a 47 183 1
a 47 142 5
a 47 20 19
a 47 40 17
a 47 153 15
a 47 96 4
a 48 49 17
a 48 61 3
a 48 161 6
a 48 18 11
a 48 58 5
a 48 46 19
a 48 6 8
a 48 168 17
a 48 25 9
a 48 38 6
a 48 47 12
a 49 50 9
a 49 138 11
a 49 59 13
a 49 55 1
a 49 99 5
a 49 115 11
a 49 47 8
a 49 157 13
a 49 87 3
a 49 25 18
a 49 167 19
a 49 45 12
a 50 51 14
a 50 131 18
a 50 188 15
a 50 21 9
a 50 102 3
a 50 173 11
a 50 119 19
a 50 41 1
a 50 40 9
a 50 84 8
a 50 31 17
a 50 107 19
a 50 71 6
a 50 67 3
a 50 95 12
a 50 179 18
a 50 82 15
a 50 63 2
a 50 153 16
a 50 91 8
a 51 52 3
a 51 62 16
a 51 165 2
a 51 82 14
a 51 16 3
a 51 146 15
a 51 190 7
a 51 124 4
a 51 14 14
a 51 118 3
a 51 184 9
a 51 104 16
a 51 129 18
a 51 131 5
a 51 193 16
a 51 113 17
a 51 101 1
a 51 198 14
a 51 48 2
a 52 53 2
a 52 28 7
a 52 38 11
a 52 49 12
a 52 103 19
a 52 158 6
a 52 164 13
a 52 46 13
a 52 118 16
a 52 99 4
a 52 161 19
a 53 54 5
a 53 187 17
a 53 153 3
a 53 175 10
a 53 127 4
a 53 69 18
a 53 20 17
a 53 41 19
a 53 25 13
a 53 8 3
a 53 84 6
a 53 173 15
a 53 62 19
a 53 3 13
a 53 92 16
a 53 1 4
a 53 177 16
a 53 57 19
a 53 71 9
a 53 176 7
a 53 183 7
a 53 64 16
a 53 138 3
a 53 94 17
a 53 147 13
a 53 199 19
a 54 55 10
a 54 95 3
a 54 129 1
a 54 65 18
a 54 111 14
a 54 47 1
a 54 77 13
a 54 23 13
a 54 180 4
a 54 171 17
a 54 38 19
a 54 6 7
a 54 101 16
a 54 75 5
a 54 67 10
a 54 31 9
a 54 63 17
a 54 42 14
a 55 56 19
a 55 154 1
a 55 179 6
a 55 77 19
a 55 33 1
a 55 50 13
a 55 39 13
a 55 110 18
a 55 148 2
a 55 14 17
a 55 187 18
a 55 104 11
a 55 131 6
a 55 167 15
a 55 132 19
a 55 67 13
a 55 189 11
a 56 57 14
a 56 170 2
a 56 167 4
a 56 55 5
a 56 97 7
a 56 28 12
a 56 119 6
a 56 135 7
a 56 166 13
a 56 130 19
a 56 115 5
a 56 75 15
a 56 95 19
a 56 89 14
a 56 35 13
a 56 52 10
a 56 54 19
a 57 58 12
a 57 192 14
a 57 39 5
a 57 130 6
a 57 133 9
a 57 123 18
a 57 163 11
a 57 77 12
a 57 134 5
a 57 188 5
a 57 111 9
a 57 102 4
a 57 138 12
a 57 18 16
a 57 41 17
a 57 159 5
a 57 89 13
a 57 144 18
a 57 165 3
a 58 59 6
a 58 188 15
a 58 50 2
a 58 123 7
a 58 122 1
a 58 190 5
a 58 49 11
a 58 194 12
a 58 32 5
a 58 147 2
a 58 119 2
a 58 100 16
a 58 21 18
a 58 99 1
a 58 17 16
a 58 104 14
a 58 146 18
a 58 174 3
a 58 101 11
a 59 60 19
a 59 76 14
a 59 32 19
a 59 163 10
a 59 185 17
a 59 5 15
a 59 123 19
a 59 72 13
a 59 41 13
a 59 144 11
a 59 159 7
a 59 91 18
a 59 155 16
a 59 183 3
a 59 108 13
a 59 138 18
a 60 61 6
a 60 12 4
a 60 179 17
a 60 44 13
a 60 42 17
a 60 48 1
a 60 87 16
a 60 98 19
a 60 100 12
a 60 178 19
a 60 32 10
a 60 102 19
a 60 148 13
a 60 164 16
a 60 86 16
a 60 193 9
a 60 74 15
a 60 122 2
a 60 13 11
a 60 131 3
a 60 188 18
a 60 127 10
a 60 152 16
a 60 43 16
a 60 176 7
a 60 146 4
a 60 72 19
a 60 113 5
a 60 23 12
a 61 62 18
a 61 138 5
a 61 172 2
a 61 81 14
a 61 198 11
a 61 133 11
a 61 184 3
a 61 40 15
a 61 125 19
a 61 53 7
a 61 84 19
a 61 191 2
a 61 77 15
a 61 180 11
a 61 89 10
a 61 52 19
a 61 167 13
a 61 71 2
a 61 96 11
a 61 44 18
a 61 43 16
a 61 143 3
a 61 31 9
a 61 102 15
a 62 63 15
a 62 128 14
a 62 98 5
a 62 174 18
a 62 73 16
a 62 163 3
a 62 35 13
a 62 160 17
a 62 118 12
a 62 69 8
a 62 182 17
a 62 93 13
a 62 81 12
a 62 43 19
a 62 177 15
a 62 183 8
a 62 114 2
a 62 65 3
a 62 142 6
a 62 138 5
a 62 41 2
a 62 168 8
a 62 9 1
a 63 64 17
a 63 54 12
a 63 21 18
a 63 38 12
a 63 2 4
a 63 83 2
a 63 12 7
a 63 170 11
a 63 79 15
a 63 113 15
a 63 122 16
a 63 144 4
a 63 189 6
a 63 87 6
a 63 119 2
a 63 88 5
a 63 147 2
a 63 169 12
a 63 116 15
a 63 7 13
a 63 11 12
a 64 65 14
a 64 171 3
a 64 109 17
a 64 101 6
a 64 175 13
a 64 143 19
a 64 155 8
a 64 150 5
a 64 135 7
a 64 111 2
a 64 66 1
a 64 104 18
a 64 20 14
a 64 170 17
a 64 71 9
a 64 190 8
a 64 145 3
a 64 148 4
a 64 93 10
a 65 66 10
a 65 26 2
a 65 62 7
a 65 77 1
a 65 84 5
a 65 78 4
a 65 133 14
a 65 187 15
a 65 182 9
a 65 63 8
a 65 114 15
a 65 42 18
a 65 81 3
a 65 196 15
a 65 87 8
a 65 31 13
a 65 76 8
a 65 141 7
a 65 2 8
a 65 93 8
a 65 97 1
a 65 163 9
a 66 67 15
a 66 142 7
a 66 81 15
a 66 172 15
a 66 37 4
a 66 65 18
a 66 138 3
a 66 136 6
a 66 56 19
a 66 129 12
a 66 14 1
a 66 79 13
a 67 68 13
a 67 124 7
a 67 186 10
a 67 22 4
a 67 49 1
a 67 71 15
a 67 23 12
a 67 86 3
a 67 104 1
a 67 103 16
a 67 61 13
a 67 119 12
a 67 47 4
a 67 136 13
a 67 131 2
a 67 113 12
a 67 93 9
a 67 5 13
a 67 92 13
a 67 10 8
a 68 69 4
a 68 149 5
a 68 4 6
a 68 66 4
a 68 95 17
a 68 120 9
a 68 61 3
a 68 52 17
a 68 100 2
a 68 133 14
a 68 123 7
a 68 22 8
a 68 51 2
a 68 62 2
a 68 64 8
a 68 70 13
a 68 190 1
a 68 171 3
a 68 49 17
a 68 135 6
a 68 56 8
a 69 70 13
a 69 138 6
a 69 113 4
a 69 19 17
a 69 165 8
a 69 48 18
a 69 55 14
a 69 65 12
a 69 133 16
a 69 25 2
a 69 14 1
a 69 92 1
a 69 170 3
a 69 158 7
a 69 163 2
a 69 88 1
a 69 59 16
a 69 127 4
a 69 27 6
a 69 124 6
a 69 17 7
a 69 6 5
a 69 171 7
a 69 5 5
a 69 16 9
a 69 173 14
a 70 71 12
a 70 99 4
a 70 198 12
a 70 14 19
a 70 122 2
a 70 139 6
a 70 102 8
a 70 36 17
a 70 69 7
a 70 189 7
a 70 78 14
a 70 131 12
a 70 27 3
a 70 28 16
a 70 30 14
a 70 186 7
a 70 44 4
a 70 145 16
a 70 150 8
a 70 192 10
a 70 187 16
a 70 173 8
a 70 180 6
a 70 143 15
a 70 157 9
a 70 22 13
a 70 107 17
a 70 11 4
a 70 148 14
a 70 65 4
a 71 72 17
a 71 176 7
a 71 76 18
a 71 144 15
a 71 1 7
a 71 121 6
a 71 60 11
a 71 103 5
a 71 173 12
a 71 3 19
a 71 118 19
a 71 131 7
a 71 40 18
a 71 166 3
a 71 77 2
a 71 46 8
a 72 73 11
a 72 145 5
a 72 114 1
a 72 11 18
a 72 118 1
a 72 23 16
a 72 2 3
a 72 109 16
a 72 74 13
a 72 198 14
a 72 184 9
a 72 160 13
a 72 166 7
a 72 197 2
a 72 182 3
a 72 167 13
a 72 83 4
a 72 183 15
a 72 87 13
a 72 92 19
a 72 115 16
a 73 74 13
a 73 42 12
a 73 190 4
a 73 45 5
a 73 49 15
a 73 152 2
a 73 132 1
a 73 39 13
a 73 180 10
a 73 159 8
a 73 12 6
a 73 76 5
a 73 4 8
a 73 179 7
a 73 99 6
a 73 137 19
a 73 126 4
a 73 114 10
a 73 123 17
a 73 100 19
a 73 14 8
a 74 75 14
a 74 25 5
a 74 80 9
a 74 44 10
a 74 134 13
a 74 109 7
a 74 51 19
a 74 181 7
a 74 90 10
a 74 177 1
a 74 146 5
a 74 167 17
a 74 3 3
a 74 128 6
a 74 41 11
a 74 164 3
a 74 49 5
a 74 5 8
a 74 18 14
a 75 76 5
a 75 9 4
a 75 27 12
a 75 28 1
a 75 163 15
a 75 72 16
a 75 26 17
a 75 127 15
a 75 196 13
a 75 177 9
a 75 71 3
a 75 91 2
a 75 120 19
a 75 77 17
a 75 151 12
a 75 49 3
a 75 109 9
a 75 134 13
a 75 129 6
a 75 11 5
a 75 189 14
a 75 155 7
a 75 2 8
a 75 19 6
a 76 77 4
a 76 40 1
a 76 145 7
a 76 189 9
a 76 176 14
a 76 129 6
a 76 63 2
a 76 94 15
a 76 155 10
a 76 65 15
a 76 153 9
a 76 66 8
a 76 74 1
a 76 135 9
a 76 137 12
a 76 44 17
a 77 78 9
a 77 36 15
a 77 127 12
a 77 181 16
a 77 130 11
a 77 93 4
a 77 164 16
a 77 146 2
a 77 118 16
a 77 43 15
a 77 19 18
a 77 42 18
a 77 128 1
a 77 119 8
a 77 67 13
a 77 174 13
a 77 140 6
a 77 169 9
a 77 120 15
a 77 163 4
a 77 183 7
a 77 49 2
a 77 38 3
a 77 83 5
a 77 190 3
a 77 100 16
a 78 79 6
a 78 47 10
a 78 192 8
a 78 27 11
a 78 96 4
a 78 112 9
a 78 127 18
a 78 99 14
a 78 41 7
a 78 128 1
a 78 70 3
a 78 60 13
a 78 24 13
a 78 187 7
a 78 193 4
a 78 116 14
a 78 142 1
a 78 154 13
a 78 152 9
a 79 80 18
a 79 72 12
a 79 47 6
a 79 179 12
a 79 103 10
a 79 193 1
a 79 123 17
a 79 136 14
a 79 92 16
a 79 182 17
a 79 107 10
a 79 142 19
a 79 14 10
a 79 97 8
a 79 160 3
a 79 28 15
a 79 161 6
a 79 132 3
a 79 90 13
a 80 81 17
a 80 1 19
a 80 172 3
a 80 180 2
a 80 10 5
a 80 53 8
a 80 185 12
a 80 146 2
a 80 176 11
a 80 71 10
a 80 55 12
a 80 109 2
a 80 157 6
a 80 97 9
a 80 140 3
a 80 186 18
a 80 163 6
a 80 34 19
a 80 133 18
a 80 128 1
a 80 59 2
a 80 25 3
a 80 168 2
a 80 166 7
a 81 82 2
a 81 141 6
a 81 68 8
a 81 73 9
a 81 182 9
a 81 4 3
a 81 20 16
a 81 30 7
a 81 65 16
a 81 97 3
a 81 122 18
a 81 80 9
a 81 94 1
a 81 138 14
a 81 129 6
a 81 15 16
a 81 168 10
a 81 76 1
a 81 119 5
a 81 54 17
a 81 67 2
a 81 195 12
a 81 83 8
a 81 1 12
a 81 108 14
a 82 83 11
a 82 79 16
a 82 153 12
a 82 95 10
a 82 162 11
a 82 32 5
a 82 114 16
a 82 197 6
a 82 45 8
a 82 46 14
a 82 51 16
a 82 80 1
a 82 121 4
a 82 195 19
a 82 175 17
a 82 105 3
a 82 88 5
a 82 73 16
a 82 180 19
a 82 37 8
a 82 44 9
a 83 84 7
a 83 115 18
a 83 128 8
a 83 113 14
a 83 72 7
a 83 95 5
a 83 109 15
a 83 182 15
a 83 176 10
a 83 3 3
a 83 44 12
a 83 75 5
a 83 92 12
a 83 157 1
a 83 139 19
a 83 104 6
a 83 100 6
a 83 142 15
a 84 85 1
a 84 191 10
a 84 27 12
a 84 104 15
a 84 23 12
a 84 21 9
a 84 100 14
a 84 197 18
a 84 88 19
a 84 150 5
a 84 181 15
a 84 68 7
a 84 145 9
a 84 49 5
a 84 194 1
a 84 50 8
a 84 172 14
a 84 53 17
a 84 155 19
a 84 14 12
a 84 46 15
a 84 133 15
a 84 184 9
a 84 141 9
a 84 58 8
a 84 36 1
a 84 5 6
a 84 69 1
a 85 86 6
a 85 161 13
a 85 168 6
a 85 36 4
a 85 73 19
a 85 87 18
a 85 11 12
a 85 190 12
a 85 189 5
a 85 99 7
a 85 58 15
a 85 49 6
a 85 100 9
a 85 19 1
a 85 169 5
a 85 130 13
a 85 172 8
a 85 21 19
a 85 153 4
a 86 87 12
a 86 173 2
a 86 124 7
a 86 177 14
a 86 137 10
a 86 52 11
a 86 145 18
a 86 89 17
a 86 143 8
a 86 71 14
a 86 81 9
a 86 168 11
a 86 125 18
a 86 35 19
a 86 96 17
a 86 62 5
a 87 88 14
a 87 133 18
a 87 143 14
a 87 76 7
a 87 156 10
a 87 174 6
a 87 69 9
a 87 124 8
a 87 104 17
a 87 43 18
a 87 173 16
a 88 89 15
a 88 157 18
a 88 52 19
a 88 41 19
a 88 135 2
a 88 37 4
a 88 76 1
a 88 6 9
a 88 174 16
a 88 164 19
a 88 99 4
a 88 172 19
a 88 149 14
a 88 191 13
a 88 17 14
a 88 84 18
a 88 183 5
a 88 175 15
a 88 116 17
a 88 107 4
a 89 90 2
a 89 74 9
a 89 104 3
a 89 196 8
a 89 148 8
a 89 133 7
a 89 56 12
a 89 193 14
a 89 140 15
a 89 164 7
a 89 126 16
a 89 45 6
a 89 136 15
a 89 39 8
a 89 149 2
a 89 87 13
a 89 15 13
a 89 38 7
a 89 80 14
a 89 65 12
a 90 91 7
a 90 47 16
a 90 108 15
a 90 147 16
a 90 69 16
a 90 6 9
a 90 18 10
a 90 140 17
a 90 68 1
a 90 128 12
a 90 120 10
a 90 182 13
a 90 155 11
a 90 186 9
a 90 43 14
a 90 142 8
a 90 133 10
a 90 52 10
a 90 81 4
a 91 92 15
a 91 69 8
a 91 65 17
a 91 86 14
a 91 119 1
a 91 108 11
a 91 23 14
a 91 191 11
a 91 149 8
a 91 155 1
a 91 38 18
a 91 172 14
a 91 81 13
a 91 13 19
a 91 20 2
a 91 11 5
a 91 122 15
a 91 67 5
a 91 167 2
a 92 93 6
a 92 85 13
a 92 27 19
a 92 65 10
a 92 71 15
a 92 19 8
a 92 36 2
a 92 40 17
a 92 96 6
a 92 23 10
a 92 53 7
a 92 157 13
a 92 158 9
a 92 126 4
a 92 102 12
a 92 151 3
a 92 18 4
a 92 170 6
a 92 84 18
a 92 132 1
a 92 81 17
a 92 175 4
a 92 26 19
a 92 75 15
a 92 8 18
a 92 128 1
a 92 142 12
a 92 83 3
a 92 55 2
a 92 195 6
a 93 94 16
a 93 122 11
a 93 141 19
a 93 30 8
a 93 92 8
a 93 135 8
a 93 104 5
a 93 31 13
a 93 87 2
a 93 69 8
a 93 85 14
a 93 154 16
a 93 145 9
a 93 27 10
a 93 166 16
a 93 108 8
a 93 151 14
a 93 173 16
a 93 115 15
a 93 82 1
a 93 169 10
a 93 168 16
a 93 5 2
a 93 23 17
a 93 140 19
a 94 95 7
a 94 189 9
a 94 186 18
a 94 25 14
a 94 172 10
a 94 184 15
a 94 47 11
a 94 41 1
a 94 187 19
a 94 56 14
a 94 46 19
a 94 162 16
a 94 87 3
a 94 106 1
a 94 19 8
a 94 139 13
a 94 14 7
a 94 24 17
a 94 109 4
a 95 96 3
a 95 156 19
a 95 164 10
a 95 149 17
a 95 72 16
a 95 22 15
a 95 57 9
a 95 2 4
a 95 147 5
a 95 161 18
a 95 127 1
a 95 107 17
a 95 101 5
a 95 198 17
a 95 195 19
a 95 27 11
a 95 100 18
a 95 129 10
a 95 36 18
a 95 34 15
a 96 97 10
a 96 50 14
a 96 75 8
a 96 45 11
a 96 155 2
a 96 18 4
a 96 147 14
a 96 47 12
a 96 184 8
a 96 130 9
a 96 82 18
a 96 74 7
a 96 24 17
a 96 11 16
a 96 142 12
a 96 154 9
a 96 101 1
a 96 6 3
a 96 120 4
a 97 98 12
a 97 5 3
a 97 188 5
a 97 104 5
a 97 73 6
a 97 6 9
a 97 123 15
a 97 27 12
a 97 113 19
a 97 168 1
a 97 184 6
a 97 66 2
a 97 4 5
a 97 34 1
a 97 119 10
a 97 181 19
a 97 82 10
a 97 30 19
a 97 150 9
a 97 141 16
a 97 161 18
a 97 166 14
a 98 99 2
a 98 46 19
a 98 24 11
a 98 123 14
a 98 122 5
a 98 162 12
a 98 186 8
a 98 96 4
a 98 43 4
a 98 33 14
a 98 60 1
a 98 137 17
a 98 80 16
a 98 39 16
a 98 8 18
a 98 157 18
a 98 11 11
a 98 192 12
a 98 151 7
a 98 67 18
a 99 100 2
a 99 63 3
a 99 83 12
a 99 106 11
a 99 122 10
a 99 36 3
a 99 51 10
a 99 198 18
a 99 37 16
a 99 132 13
a 99 7 13
a 99 16 19
a 99 2 16
a 99 92 4
a 99 15 6
a 99 162 7
a 100 101 19
a 100 79 15
a 100 175 15
a 100 72 5
a 100 87 8
a 100 137 14
a 100 176 5
a 100 154 17
a 100 10 5
a 100 1 2
a 100 186 17
a 100 115 14
a 100 89 3
a 100 132 9
a 100 82 4
a 100 114 9
a 100 140 8
a 101 102 4
a 101 11 12
a 101 193 2
a 101 10 2
a 101 65 17
a 101 135 15
a 101 192 18
a 101 186 8
a 101 160 11
a 101 137 1
a 101 108 8
a 101 43 6
a 101 172 5
a 101 32 5
a 101 112 15
a 101 23 15
a 101 148 13
a 101 152 11
a 101 80 14
a 101 71 18
a 101 1 12
a 101 97 7
a 101 146 6
a 101 22 10
a 102 103 4
a 102 127 7
a 102 140 11
a 102 113 17
a 102 179 17
a 102 112 6
a 102 37 16
a 102 2 19
a 102 3 2
a 102 104 9
a 102 130 5
a 102 45 1
a 102 24 14
a 102 74 12
a 102 49 10
a 102 40 4
a 102 155 5
a 102 195 9
a 102 148 14
a 102 66 13
a 102 160 5
a 102 118 17
a 102 121 11
a 102 184 10
a 102 144 7
a 103 104 11
a 103 187 16
a 103 39 1
a 103 105 15
a 103 133 14
a 103 122 15
a 103 35 4
a 103 164 6
a 103 93 12
a 103 181 14
a 103 94 15
a 103 42 16
a 103 193 3
a 103 171 19
a 103 26 14
a 103 9 13
a 103 166 11
a 103 44 7
a 103 179 13
a 103 85 1
a 103 22 1
a 103 111 19
a 103 79 19
a 103 174 19
a 103 124 6
a 103 109 13
a 103 15 9
a 104 105 3
a 104 76 12
a 104 93 6
a 104 37 11
a 104 5 17
a 104 39 1
a 104 92 10
a 104 181 15
a 104 111 5
a 104 2 6
a 104 24 18
a 104 158 18
a 104 58 11
a 104 198 16
a 104 89 9
a 104 1 7
a 104 15 15
a 104 16 11
a 104 196 12
a 104 143 18
a 104 62 19
a 104 27 10
a 104 155 9
a 105 106 12
a 105 26 15
a 105 75 8
a 105 67 13
a 105 96 17
a 105 99 5
a 105 63 14
a 105 153 12
a 105 56 5
a 105 128 19
a 105 53 12
a 105 20 13
a 105 183 1
a 105 150 9
a 105 68 19
a 105 14 19
a 105 158 10
a 105 195 18
a 105 22 2
a 105 2 2
a 106 107 1
a 106 54 8
a 106 186 1
a 106 178 5
a 106 18 1
a 106 14 16
a 106 124 6
a 106 122 17
a 106 149 6
a 106 94 4
a 106 175 14
a 106 86 6
a 106 83 4
a 106 133 7
a 106 147 13
a 106 174 19
a 106 42 19
a 106 79 9
a 107 108 2
a 107 194 9
a 107 17 1
a 107 174 14
a 107 55 17
a 107 57 1
a 107 98 5
a 107 92 5
a 107 43 13
a 107 134 5
a 107 132 1
a 107 75 13
a 107 165 8
a 107 80 14
a 107 61 13
a 107 20 18
a 107 60 12
a 107 153 12
a 107 40 3
a 107 39 16
a 107 199 4
a 107 87 19
a 107 146 3
a 107 38 18
a 108 109 17
a 108 42 17
a 108 83 19
a 108 47 10
a 108 155 15
a 108 162 15
a 108 6 2
a 108 137 11
a 108 190 18
a 108 157 9
a 108 92 6
a 108 122 10
a 108 198 1
a 108 169 9
a 108 22 1
a 108 151 4
a 108 64 18
a 108 140 11
a 108 181 18
a 108 130 13
a 108 51 11
a 108 150 12
a 108 167 8
a 108 106 2
a 108 54 15
a 108 27 16
a 108 24 6
a 108 194 1
a 108 96 14
a 108 60 10
a 108 100 18
a 109 110 10
a 109 122 3
a 109 20 12
a 109 11 11
a 109 136 12
a 109 195 10
a 109 61 10
a 109 14 14
a 109 152 10
a 109 180 5
a 109 103 12
a 109 31 4
a 109 142 15
a 110 111 8
a 110 124 10
a 110 3 11
a 110 130 16
a 110 66 2
a 110 23 5
a 110 76 10
a 110 125 13
a 110 21 9
a 110 176 1
a 110 33 7
a 110 95 6
a 110 151 16
a 110 199 3
a 110 54 2
a 110 41 13
a 110 40 6
a 110 53 2
a 110 150 6
a 110 51 10
a 110 37 3
a 110 92 8
a 110 160 10
a 111 112 11
a 111 191 3
a 111 88 19
a 111 95 2
a 111 73 3
a 111 158 8
a 111 47 4
a 111 83 1
a 111 17 3
a 111 118 1
a 111 12 4
a 111 3 10
a 111 36 9
a 111 187 8
a 111 72 13
a 111 131 5
a 111 32 10
a 111 26 9
a 111 1 5
a 111 65 2
a 111 130 13
a 111 183 2
a 111 8 17
a 111 186 2
a 111 164 19
a 112 113 9
a 112 196 1
a 112 38 2
a 112 134 9
a 112 180 4
a 112 140 11
a 112 62 2
a 112 83 15
a 112 1 15
a 112 88 18
a 112 190 11
a 112 71 15
a 112 93 5
a 112 91 4
a 112 25 16
a 112 116 8
a 112 111 4
a 112 109 11
a 112 104 19
a 112 49 9
a 113 114 6
a 113 115 10
a 113 49 16
a 113 73 2
a 113 189 6
a 113 13 19
a 113 39 10
a 113 125 8
a 113 194 19
a 113 136 19
a 113 54 2
a 113 71 15
a 113 56 8
a 113 106 7
a 113 65 4
a 113 87 13
a 113 102 5
a 113 92 6
a 113 127 18
a 113 59 1
a 113 20 11
a 114 115 19
a 114 2 6
a 114 84 16
a 114 39 13
a 114 24 5
a 114 198 14
a 114 144 1
a 114 130 8
a 114 163 19
a 114 158 14
a 114 121 5
a 114 14 17
a 114 99 5
a 114 174 4
a 114 168 4
a 114 162 12
a 114 179 5
a 114 49 1
a 114 134 2
a 114 175 6
a 114 82 16
a 115 116 4
a 115 6 1
a 115 99 7
a 115 18 18
a 115 165 14
a 115 103 1
a 115 181 13
a 115 58 13
a 115 21 15
a 115 139 17
a 115 90 11
a 115 89 9
a 115 137 13
a 115 107 12
a 115 144 16
a 116 117 18
a 116 191 10
a 116 171 16
a 116 45 14
a 116 9 13
a 116 189 18
a 116 50 9
a 116 93 4
a 116 7 16
a 116 113 2
a 116 72 12
a 116 188 14
a 116 88 17
a 116 166 2
a 116 49 19
a 116 138 16
a 116 48 2
a 117 118 5
a 117 25 13
a 117 56 10
a 117 129 6
a 117 22 1
a 117 184 7
a 117 49 8
a 117 145 17
a 117 174 4
a 117 126 18
a 117 5 4
a 117 188 8
a 117 176 7
a 117 134 13
a 117 37 6
a 118 119 16
a 118 91 3
a 118 166 5
a 118 90 12
a 118 39 1
a 118 43 10
a 118 60 16
a 118 109 12
a 118 101 14
a 118 102 16
a 118 86 18
a 118 186 10
a 118 185 19
a 118 24 3
a 118 68 7
a 118 105 9
a 118 159 12
a 119 120 4
a 119 109 5
a 119 53 2
a 119 177 15
a 119 194 8
a 119 4 6
a 119 134 13
a 119 106 2
a 119 68 12
a 119 178 7
a 119 101 18
a 119 162 14
a 119 80 15
a 119 129 19
a 119 17 8
a 119 72 11
a 119 42 5
a 119 38 13
a 119 124 11
a 119 183 5
a 119 2 12
a 119 191 17
a 119 157 4
a 119 48 4
a 119 50 15
a 119 78 19
a 119 122 16
a 119 152 18
a 119 186 18
a 119 168 13
a 120 121 6
a 120 24 1
a 120 35 15
a 120 12 13
a 120 122 8
a 120 112 18
a 120 86 3
a 120 163 15
a 120 147 7
a 120 96 1
a 120 84 3
a 120 107 2
a 120 129 10
a 120 108 18
a 120 165 1
a 120 62 9
a 120 143 18
a 120 46 12
a 120 70 2
a 121 122 19
a 121 137 18
a 121 45 5
a 121 46 18
a 121 150 7
a 121 129 15
a 121 37 2
a 121 154 3
a 121 22 12
a 121 142 17
a 121 126 17
a 121 148 19
a 121 155 4
a 121 49 18
a 121 177 17
a 121 184 5
a 121 8 5
a 121 67 18
a 121 127 1
a 121 135 15
a 121 20 19
a 121 185 10
a 121 13 12
a 121 106 6
a 121 36 11
a 121 153 12
a 121 28 8
a 121 183 9
a 121 171 3
a 121 38 10
a 121 116 10
a 121 125 10
a 121 71 14
a 122 123 4
a 122 96 7
a 122 146 5
a 122 124 5
a 122 120 7
a 122 45 12
a 122 140 11
a 122 64 14
a 122 164 7
a 122 26 12
a 122 10 14
a 122 101 10
a 122 145 13
a 122 21 9
a 123 124 6
a 123 33 19
a 123 131 15
a 123 117 15
a 123 168 19
a 123 73 16
a 123 39 19
a 123 67 14
a 123 71 2
a 123 113 9
a 123 18 14
a 123 51 3
a 123 46 18
a 123 57 19
a 123 179 2
a 123 139 5
a 123 26 8
a 123 160 12
a 123 194 16
a 123 89 9
a 123 61 10
a 123 170 13
a 123 148 5
a 124 125 8
a 124 87 19
a 124 55 17
a 124 14 13
a 124 197 17
a 124 144 7
a 124 169 8
a 124 66 4
a 124 77 11
a 124 96 10
a 124 34 18
a 124 155 17
a 124 26 17
a 124 58 2
a 124 161 1
a 124 147 7
a 124 67 16
a 125 126 2
a 125 186 1
a 125 40 12
a 125 114 1
a 125 161 7
a 125 90 16
a 125 99 11
a 125 83 13
a 125 21 8
a 125 17 4
a 125 143 2
a 125 129 16
a 125 167 1
a 125 130 10
a 125 132 4
a 125 87 18
a 125 97 18
a 125 76 4
a 125 137 16
a 125 171 9
a 125 35 13
a 125 48 2
a 125 28 19
a 125 106 12
a 125 113 6
a 126 127 9
a 126 65 15
a 126 118 2
a 126 18 3
a 126 35 18
a 126 68 11
a 126 168 3
a 126 24 10
a 126 110 13
a 126 23 10
a 126 26 19
a 126 116 3
a 126 142 8
a 126 91 7
a 126 157 18
a 126 27 7
a 126 187 1
a 126 34 18
a 126 153 10
a 126 121 1
a 126 78 14
a 126 15 10
a 126 55 5
a 126 172 1
a 126 61 3
a 126 115 9
a 126 161 11
a 127 128 14
a 127 101 6
a 127 186 3
a 127 192 13
a 127 150 12
a 127 35 7
a 127 198 18
a 127 22 17
a 127 139 16
a 127 99 17
a 127 97 6
a 127 158 14
a 127 137 4
a 127 48 18
a 127 174 4
a 127 159 15
a 127 109 6
a 127 163 16
a 127 1 1
a 127 179 4
a 127 8 8
a 127 155 3
a 127 195 13
a 128 129 1
a 128 174 1
a 128 138 1
a 128 165 13
a 128 103 15
a 128 154 19
a 128 123 10
a 128 93 12
a 128 61 5
a 128 28 11
a 128 72 8
a 128 88 19
a 128 130 4
a 128 135 5
a 128 94 4
a 128 185 2
a 128 27 11
a 128 109 8
a 128 69 4
a 128 34 3
a 128 121 12
a 128 62 10
a 128 14 3
a 128 31 9
a 128 52 9
a 128 161 17
a 128 131 8
a 128 184 12
a 128 32 2
a 128 6 7
a 129 130 5
a 129 57 4
a 129 81 18
a 129 1 15
a 129 194 18
a 129 175 5
a 129 115 5
a 129 160 11
a 129 4 17
a 129 5 2
a 129 44 14
a 129 128 17
a 129 45 13
a 129 95 10
a 129 21 15
a 129 19 18
a 129 170 18
a 129 136 18
a 129 148 7
a 129 77 17
a 130 131 1
a 130 113 11
a 130 74 8
a 130 181 10
a 130 170 4
a 130 26 9
a 130 114 17
a 130 155 8
a 130 104 3
a 130 52 6
a 130 17 4
a 130 110 11
a 130 65 17
a 130 167 9
a 130 97 7
a 130 158 10
a 130 30 4
a 130 178 11
a 130 117 10
a 130 1 16
a 130 23 13
a 130 191 19
a 130 115 14
a 130 152 5
a 131 132 18
a 131 34 11
a 131 70 7
a 131 59 3
a 131 115 10
a 131 189 19
a 131 41 2
a 131 75 6
a 131 12 18
a 131 90 11
a 131 80 9
a 131 151 11
a 131 190 13
a 131 141 4
a 131 150 11
a 131 62 3
a 131 50 7
a 131 106 4
a 131 74 16
a 131 116 8
a 131 163 12
a 132 133 13
a 132 47 17
a 132 31 8
a 132 176 14
a 132 97 16
a 132 119 14
a 132 52 6
a 132 149 4
a 132 129 6
a 132 194 11
a 132 10 15
a 132 140 11
a 132 65 19
a 132 6 5
a 132 96 18
a 132 117 10
a 132 14 18
a 132 137 9
a 132 78 6
a 132 101 2
a 132 33 6
a 132 44 18
a 132 3 14
a 132 92 5
a 132 187 16
a 132 110 13
a 132 54 4
a 133 134 9
a 133 108 19
a 133 86 14
a 133 111 8
a 133 145 9
a 133 30 12
a 133 153 4
a 133 196 18
a 133 48 3
a 133 40 19
a 133 160 15
a 133 157 4
a 133 49 4
a 133 198 1
a 133 192 8
a 133 31 15
a 133 195 16
a 133 72 3
a 134 135 11
a 134 2 3
a 134 129 10
a 134 172 18
a 134 170 17
a 134 182 6
a 134 29 2
a 134 193 13
a 134 152 10
a 134 159 13
a 134 25 8
a 134 136 3
a 134 114 17
a 135 136 6
a 135 141 17
a 135 184 17
a 135 165 6
a 135 114 12
a 135 194 5
a 135 35 6
a 135 178 5
a 135 24 5
a 135 29 15
a 135 176 18
a 135 47 10
a 135 81 15
a 135 134 17
a 135 104 11
a 135 67 5
a 135 180 3
a 135 8 7
a 135 99 5
a 135 31 12
a 135 187 17
a 135 7 18
a 135 76 2
a 135 109 16
a 136 137 16
a 136 121 15
a 136 4 2
a 136 5 14
a 136 7 12
a 136 108 10
a 136 197 17
a 136 91 18
a 136 78 6
a 136 164 8
a 136 27 18
a 136 100 2
a 136 59 12
a 136 41 18
a 136 115 12
a 136 52 10
a 136 53 7
a 136 31 17
a 136 194 6
a 136 152 2
a 136 38 10
a 136 63 13
a 137 138 10
a 137 58 12
a 137 165 15
a 137 188 5
a 137 72 3
a 137 81 4
a 137 114 2
a 137 69 11
a 137 21 19
a 137 23 18
a 137 60 16
a 137 163 3
a 137 13 4
a 137 199 16
a 137 129 16
a 137 173 3
a 137 70 9
a 137 76 3
a 137 119 13
a 138 139 7
a 138 84 12
a 138 48 15
a 138 120 2
a 138 136 9
a 138 5 6
a 138 150 5
a 138 50 9
a 138 147 9
a 138 185 13
a 138 162 16
a 138 117 2
a 138 137 1
a 138 188 4
a 138 106 12
a 138 161 6
a 138 52 12
a 138 163 18
a 138 20 17
a 138 26 14
a 138 187 12
a 138 176 14
a 138 160 5
a 139 140 15
a 139 148 4
a 139 100 7
a 139 121 11
a 139 136 5
a 139 109 10
a 139 190 8
a 139 141 16
a 139 95 6
a 139 123 15
a 139 107 17
a 139 52 10
a 139 68 3
a 139 149 10
a 139 133 9
a 139 119 16
a 139 174 5
a 140 141 4
a 140 119 6
a 140 121 13
a 140 66 13
a 140 183 5
a 140 62 10
a 140 138 1
a 140 176 7
a 140 55 5
a 140 8 12
a 140 118 11
a 140 146 4
a 140 20 18
a 140 189 10
a 140 85 17
a 140 156 5
a 140 142 9
a 140 135 7
a 140 131 7
a 141 142 11
a 141 143 18
a 141 127 5
a 141 68 6
a 141 74 4
a 141 13 19
a 141 146 10
a 141 10 17
a 141 52 5
a 141 187 9
a 141 155 11
a 141 20 19
a 141 58 7
a 141 94 15
a 141 136 1
a 141 100 12
a 141 88 15
a 141 75 9
a 141 43 17
a 141 128 18
a 141 28 5
a 141 182 4
a 141 139 18
a 141 46 4
a 141 112 19
a 142 143 14
a 142 27 13
a 142 52 14
a 142 76 9
a 142 40 18
a 142 42 9
a 142 24 8
a 142 136 11
a 142 132 10
a 142 5 12
a 142 185 12
a 142 172 2
a 142 21 13
a 142 9 15
a 142 57 15
a 142 189 19
a 142 110 2
a 142 17 14
a 143 144 4
a 143 157 7
a 143 129 17
a 143 151 5
a 143 5 9
a 143 142 1
a 143 139 4
a 143 120 19
a 143 91 9
a 143 174 9
a 143 153 5
a 143 32 18
a 143 10 9
a 143 14 2
a 143 196 2
a 144 145 19
a 144 65 15
a 144 125 15
a 144 142 14
a 144 112 17
a 144 5 18
a 144 139 6
a 144 143 9
a 144 148 11
a 144 140 3
a 144 83 18
a 144 172 14
a 144 124 13
a 144 15 10
a 144 82 10
a 144 77 3
a 144 60 15
a 144 136 7
a 145 146 14
a 145 17 16
a 145 100 8
a 145 91 1
a 145 8 12
a 145 110 2
a 145 156 14
a 145 10 19
a 145 134 19
a 145 120 12
a 145 176 2
a 145 181 17
a 145 191 9
a 145 95 18
a 145 64 9
a 145 58 16
a 145 106 14
a 145 46 18
a 145 11 4
a 145 197 14
a 145 130 8
a 146 147 17
a 146 86 3
a 146 101 16
a 146 109 15
a 146 91 10
a 146 42 3
a 146 154 19
a 146 129 13
a 146 145 5
a 146 128 4
a 146 135 2
a 146 48 17
a 146 24 15
a 146 34 9
a 146 189 15
a 146 41 3
a 146 151 2
a 146 10 5
a 146 171 9
a 146 29 5
a 146 87 15
a 146 164 18
a 146 57 3
a 146 30 8
a 146 51 9
a 146 28 6
a 147 148 3
a 147 90 12
a 147 193 10
a 147 188 2
a 147 14 3
a 147 12 1
a 147 40 7
a 147 197 5
a 147 87 1
a 147 119 10
a 148 149 11
a 148 81 14
a 148 138 13
a 148 71 9
a 148 17 4
a 148 48 16
a 148 174 5
a 148 152 6
a 148 42 17
a 148 91 13
a 148 105 7
a 148 110 2
a 148 67 16
a 148 171 3
a 148 59 13
a 148 195 8
a 148 162 13
a 148 28 2
a 148 104 14
a 148 13 9
a 148 129 4
a 149 150 10
a 149 59 7
a 149 108 17
a 149 42 1
a 149 85 15
a 149 176 17
a 149 38 7
a 149 57 19
a 149 182 17
a 149 140 6
a 149 30 5
a 149 28 11
a 149 175 19
a 149 36 18
a 149 88 3
a 149 91 5
a 149 117 4
a 149 177 13
a 149 37 6
a 149 41 9
a 149 58 5
a 149 143 6
a 149 136 8
a 149 46 14
a 149 6 12
a 149 187 13
a 150 151 13
a 150 127 9
a 150 93 2
a 150 2 10
a 150 181 15
a 150 9 1
a 150 141 5
a 150 138 6
a 150 178 9
a 150 198 3
a 150 58 8
a 150 170 19
a 150 164 18
a 150 6 1
a 150 44 19
a 150 47 4
a 150 118 16
a 150 116 12
a 150 43 6
a 151 152 4
a 151 132 2
a 151 188 14
a 151 180 11
a 151 79 2
a 151 3 16
a 151 91 15
a 151 140 19
a 151 4 1
a 151 95 11
a 151 31 5
a 151 82 12
a 151 113 16
a 151 47 3
a 151 85 6
a 151 197 4
a 151 155 3
a 151 30 14
a 152 153 4
a 152 10 11
a 152 132 8
a 152 37 19
a 152 118 5
a 152 110 6
a 152 49 10
a 152 196 6
a 152 190 3
a 152 160 4
a 152 192 16
a 152 115 5
a 152 174 19
a 152 25 7
a 152 90 7
a 153 154 13
a 153 168 10
a 153 174 16
a 153 70 8
a 153 181 6
a 153 38 18
a 153 195 17
a 153 164 5
a 153 141 9
a 153 2 16
a 153 192 16
a 153 20 1
a 153 45 8
a 153 66 14
a 153 137 10
a 153 27 19
a 153 151 13
a 153 129 4
a 154 155 16
a 154 17 14
a 154 75 1
a 154 189 2
a 154 119 17
a 154 27 17
a 154 29 15
a 154 82 15
a 154 63 16
a 154 98 3
a 154 10 11
a 154 147 14
a 154 2 2
a 154 61 17
a 154 38 15
a 154 81 3
a 154 174 4
a 154 73 16
a 154 70 17
a 154 77 2
a 154 28 4
a 154 117 3
a 154 48 6
a 154 32 1
a 154 156 17
a 154 26 9
a 154 116 4
a 154 134 14
a 155 156 9
a 155 44 4
a 155 16 18
a 155 142 8
a 155 46 14
a 155 8 12
a 155 195 14
a 155 163 6
a 155 85 14
a 155 57 12
a 155 39 13
a 155 185 15
a 155 193 13
a 155 122 11
a 155 120 2
a 155 60 1
a 155 198 17
a 155 151 13
a 156 157 7
a 156 74 9
a 156 4 4
a 156 47 16
a 156 61 17
a 156 179 13
a 156 56 16
a 156 98 4
a 156 33 5
a 156 142 17
a 156 49 8
a 156 62 15
a 156 198 7
a 156 58 9
a 156 6 6
a 156 194 15
a 156 189 4
a 156 125 6
a 156 89 18
a 156 34 15
a 156 199 9
a 156 168 3
a 156 18 14
a 157 158 9
a 157 1 7
a 157 9 2
a 157 175 1
a 157 197 15
a 157 188 7
a 157 75 15
a 157 33 5
a 157 196 12
a 157 66 6
a 157 109 15
a 157 98 16
a 157 89 5
a 157 114 11
a 157 143 4
a 157 126 5
a 157 166 16
a 157 118 17
a 157 147 16
a 157 43 1
a 157 58 18
a 157 65 16
a 157 115 1
a 157 151 16
a 157 184 12
a 157 6 17
a 157 121 8
a 158 159 5
a 158 115 13
a 158 37 11
a 158 47 17
a 158 26 7
a 158 39 9
a 158 10 1
a 158 1 3
a 158 169 7
a 158 128 8
a 158 63 15
a 158 162 4
a 158 66 4
a 158 35 5
a 158 137 1
a 158 181 4
a 158 41 6
a 158 76 13
a 158 48 11
a 158 145 15
a 158 166 11
a 158 188 2
a 158 3 3
a 158 43 1
a 158 75 3
a 159 160 13
a 159 177 7
a 159 34 1
a 159 166 1
a 159 179 1
a 159 163 1
a 159 100 7
a 159 25 19
a 159 22 9
a 159 84 5
a 159 111 1
a 159 40 9
a 159 199 10
a 159 2 16
a 159 96 4
a 159 68 13
a 159 87 17
a 159 56 16
a 159 129 14
a 159 149 6
a 159 144 11
a 159 80 11
a 159 61 5
a 160 161 9
a 160 46 4
a 160 63 4
a 160 75 13
a 160 102 17
a 160 157 6
a 160 173 11
a 160 74 18
a 160 113 12
a 160 12 13
a 160 132 3
a 160 180 13
a 160 142 15
a 160 134 9
a 160 64 14
a 160 56 14
a 160 41 15
a 160 17 15
a 160 42 19
a 160 107 8
a 160 147 3
a 160 150 8
a 160 189 8
a 161 162 14
a 161 184 4
a 161 107 18
a 161 84 1
a 161 166 10
a 161 188 3
a 161 186 17
a 161 42 4
a 161 5 17
a 161 46 4
a 161 31 19
a 161 73 3
a 161 88 10
a 161 47 11
a 161 63 2
a 161 98 1
a 161 150 14
a 161 182 4
a 161 91 1
a 161 12 2
a 161 58 15
a 162 163 17
a 162 61 19
a 162 68 19
a 162 9 7
a 162 194 19
a 162 142 1
a 162 93 15
a 162 189 1
a 162 178 6
a 162 114 18
a 162 52 2
a 162 138 19
a 162 75 6
a 162 24 3
a 162 137 4
a 162 121 15
a 162 31 15
a 162 81 13
a 162 110 17
a 162 58 17
a 162 182 8
a 162 149 13
a 162 45 17
a 162 96 14
a 162 153 13
a 162 42 18
a 163 164 9
a 163 165 17
a 163 63 5
a 163 154 5
a 163 24 18
a 163 73 19
a 163 139 6
a 163 72 14
a 163 175 4
a 163 161 18
a 163 2 7
a 163 116 12
a 163 49 3
a 163 119 16
a 163 112 5
a 163 122 9
a 163 166 8
a 163 108 4
a 163 105 1
a 163 78 17
a 163 193 18
a 163 157 16
a 163 110 1
a 164 165 7
a 164 87 17
a 164 100 2
a 164 132 17
a 164 177 9
a 164 124 14
a 164 97 11
a 164 76 16
a 164 22 19
a 164 68 6
a 164 39 8
a 164 106 13
a 164 131 4
a 164 121 8
a 164 125 12
a 164 80 8
a 164 66 6
a 165 166 18
a 165 11 12
a 165 27 17
a 165 50 3
a 165 20 1
a 165 22 11
a 165 57 2
a 165 18 19
a 165 115 17
a 165 63 10
a 165 41 2
a 165 58 5
a 165 111 3
a 165 168 19
a 165 150 19
a 165 3 5
a 165 66 4
a 165 140 18
a 165 79 12
a 165 46 10
a 165 153 11
a 165 187 14
a 165 172 6
a 166 167 5
a 166 45 10
a 166 97 1
a 166 51 17
a 166 128 14
a 166 158 2
a 166 119 17
a 166 161 3
a 166 98 2
a 166 40 7
a 166 155 16
a 166 3 19
a 166 188 17
a 166 191 4
a 166 70 9
a 166 92 7
a 166 105 13
a 166 25 17
a 166 180 15
a 166 141 4
a 166 147 4
a 167 168 17
a 167 148 3
a 167 44 5
a 167 193 12
a 167 55 16
a 167 50 11
a 167 1 12
a 167 171 11
a 167 153 10
a 167 158 4
a 167 143 3
a 167 6 2
a 167 186 12
a 167 10 16
a 167 196 5
a 167 128 5
a 167 53 7
a 168 169 6
a 168 146 11
a 168 39 12
a 168 183 14
a 168 29 3
a 168 163 17
a 168 162 13
a 168 148 12
a 168 116 12
a 168 42 2
a 168 160 19
a 168 22 19
a 168 189 6
a 168 85 10
a 168 27 1
a 168 109 19
a 168 90 1
a 168 4 13
a 168 67 17
a 169 170 15
a 169 144 17
a 169 118 16
a 169 113 13
a 169 73 1
a 169 116 18
a 169 155 8
a 169 131 15
a 169 59 6
a 169 12 9
a 169 109 18
a 169 127 4
a 169 182 19
a 169 79 11
a 169 104 10
a 169 149 10
a 170 171 17
a 170 17 19
a 170 109 11
a 170 15 10
a 170 52 8
a 170 34 19
a 170 7 7
a 170 101 14
a 170 154 12
a 170 127 18
a 170 181 9
a 170 58 19
a 170 142 14
a 170 196 10
a 170 30 3
a 170 125 12
a 170 120 9
a 170 57 4
a 170 158 3
a 170 20 16
a 171 172 10
a 171 43 15
a 171 116 5
a 171 109 14
a 171 66 11
a 171 128 5
a 171 28 9
a 171 149 6
a 171 151 15
a 171 194 3
a 171 187 9
a 171 41 15
a 171 71 11
a 172 173 11
a 172 42 10
a 172 18 18
a 172 59 16
a 172 76 1
a 172 150 11
a 172 129 5
a 172 108 13
a 172 191 19
a 172 160 1
a 172 34 10
a 172 159 19
a 172 96 13
a 172 73 18
a 172 88 11
a 173 174 10
a 173 114 18
a 173 129 9
a 173 169 15
a 173 178 7
a 173 191 9
a 173 153 13
a 173 21 19
a 173 150 8
a 173 89 16
a 173 156 12
a 173 176 1
a 173 86 12
a 173 117 11
a 174 175 14
a 174 78 13
a 174 193 18
a 174 30 11
a 174 83 1
a 174 179 16
a 174 11 2
a 174 6 16
a 174 70 8
a 174 127 10
a 174 107 13
a 174 154 9
a 174 24 7
a 174 161 2
a 174 90 10
a 174 84 2
a 174 96 2
a 174 110 8
a 175 176 5
a 175 171 11
a 175 63 16
a 175 143 6
a 175 161 1
a 175 46 13
a 175 35 15
a 175 68 11
a 175 174 9
a 175 86 16
a 175 81 12
a 175 65 5
a 175 159 10
a 175 105 16
a 175 21 19
a 175 189 2
a 175 167 9
a 175 103 9
a 175 17 16
a 175 195 3
a 175 7 2
a 176 177 3
a 176 138 18
a 176 12 18
a 176 23 16
a 176 129 4
a 176 69 5
a 176 111 19
a 176 103 19
a 176 55 8
a 176 120 15
a 176 136 18
a 176 90 17
a 176 185 2
a 177 178 9
a 177 72 3
a 177 37 3
a 177 188 6
a 177 12 7
a 177 80 2
a 177 2 4
a 177 89 8
a 177 55 18
a 177 70 18
a 177 88 13
a 177 56 16
a 177 68 17
a 177 87 1
a 177 141 12
a 177 193 3
a 177 8 4
a 178 179 4
a 178 70 10
a 178 167 4
a 178 91 12
a 178 57 2
a 178 7 4
a 178 20 14
a 178 182 9
a 178 73 15
a 178 5 17
a 178 14 10
a 178 11 19
a 178 78 16
a 178 50 12
a 178 137 15
a 178 104 11
a 178 134 13
a 178 188 5
a 178 108 6
a 178 63 10
a 178 18 15
a 179 180 17
a 179 98 17
a 179 199 4
a 179 148 17
a 179 63 11
a 179 122 3
a 179 42 14
a 179 173 11
a 179 188 18
a 179 60 4
a 179 55 7
a 180 181 5
a 180 23 16
a 180 4 13
a 180 29 3
a 180 47 3
a 180 86 10
a 180 109 19
a 180 94 16
a 180 145 7
a 180 21 6
a 180 100 4
a 180 125 12
a 180 186 5
a 180 22 7
a 180 174 7
a 180 155 9
a 180 144 5
a 180 158 19
a 181 182 3
a 181 25 17
a 181 169 10
a 181 196 9
a 181 1 17
a 181 67 17
a 181 52 9
a 181 103 9
a 181 127 10
a 181 198 5
a 181 173 1
a 181 77 3
a 181 159 12
a 181 190 4
a 181 7 2
a 181 107 2
a 181 43 12
a 181 65 12
a 181 118 9
a 181 69 6
a 181 186 15
a 182 183 15
a 182 77 14
a 182 158 13
a 182 39 6
a 182 84 3
a 182 192 18
a 182 86 10
a 182 199 18
a 182 160 14
a 182 191 4
a 182 51 13
a 182 115 1
a 182 179 16
a 182 31 16
a 182 85 4
a 182 122 9
a 182 17 13
a 182 135 14
a 182 3 6
a 182 174 13
a 182 54 1
a 182 90 17
a 183 184 15
a 183 116 4
a 183 57 19
a 183 173 14
a 183 72 13
a 183 150 17
a 183 86 8
a 183 110 6
a 183 36 17
a 183 11 9
a 183 162 3
a 183 24 4
a 183 39 11
a 183 65 7
a 183 199 15
a 183 13 18
a 183 70 9
a 183 7 10
a 183 8 13
a 184 185 19
a 184 63 8
a 184 199 7
a 184 14 2
a 184 48 9
a 184 62 14
a 184 59 3
a 184 155 15
a 184 188 10
a 184 198 19
a 184 67 15
a 184 101 10
a 184 19 15
a 184 148 2
a 184 170 6
a 184 194 8
a 184 115 18
a 184 102 7
a 184 70 10
a 184 160 9
a 184 152 19
a 185 186 4
a 185 84 13
a 185 165 17
a 185 131 3
a 185 137 13
a 185 71 6
a 185 192 1
a 185 157 18
a 185 152 15
a 185 17 3
a 185 1 9
a 185 7 5
a 185 78 11
a 185 20 2
a 185 26 9
a 185 175 11
a 185 155 2
a 185 10 12
a 186 187 5
a 186 139 1
a 186 148 15
a 186 13 17
a 186 43 4
a 186 189 19
a 186 60 7
a 186 53 6
a 186 7 3
a 186 191 16
a 186 150 6
a 186 62 16
a 186 84 10
a 186 33 11
a 186 132 3
a 186 118 4
a 186 88 15
a 186 87 6
a 186 194 15
a 186 50 11
a 186 152 7
a 187 188 16
a 187 156 6
a 187 106 9
a 187 44 17
a 187 160 16
a 187 48 16
a 187 1 1
a 187 171 12
a 187 53 5
a 187 110 14
a 187 13 7
a 187 151 7
a 187 189 12
a 187 154 7
a 187 147 14
a 187 185 8
a 187 186 1
a 187 161 17
a 187 83 9
a 188 189 19
a 188 159 16
a 188 187 6
a 188 25 11
a 188 182 17
a 188 3 11
a 188 41 2
a 188 164 4
a 188 1 6
a 188 37 11
a 188 84 4
a 188 150 17
a 188 169 4
a 188 88 1
a 188 86 19
a 188 172 5
a 188 154 2
a 188 12 13
a 188 142 12
a 188 26 19
a 189 190 17
a 189 175 14
a 189 40 2
a 189 197 15
a 189 178 7
a 189 144 1
a 189 85 7
a 189 22 2
a 189 164 9
a 189 126 3
a 189 160 19
a 189 54 6
a 189 123 6
a 189 37 15
a 189 31 5
a 189 140 17
a 189 74 14
a 190 191 13
a 190 102 18
a 190 41 15
a 190 14 7
a 190 47 18
a 190 65 5
a 190 74 8
a 190 155 6
a 190 108 12
a 190 135 1
a 190 119 5
a 190 187 17
a 190 189 4
a 190 58 6
a 190 25 16
a 190 132 3
a 190 53 11
a 190 151 18
a 191 192 13
a 191 41 3
a 191 188 16
a 191 134 11
a 191 61 12
a 191 12 9
a 191 10 9
a 191 66 19
a 191 38 19
a 191 190 18
a 191 42 2
a 191 178 2
a 191 81 13
a 191 109 16
a 191 25 13
a 191 129 3
a 191 5 12
a 191 102 12
a 191 193 9
a 192 193 6
a 192 126 11
a 192 34 16
a 192 76 7
a 192 172 16
a 192 57 5
a 192 64 12
a 192 3 14
a 192 78 8
a 192 181 2
a 192 84 5
a 192 177 12
a 192 163 17
a 192 164 19
a 192 11 8
a 192 155 19
a 193 194 13
a 193 62 2
a 193 79 7
a 193 7 16
a 193 169 8
a 193 75 1
a 193 20 4
a 193 161 1
a 193 31 7
a 193 51 13
a 193 156 12
a 193 198 4
a 193 140 15
a 193 160 7
a 193 10 10
a 193 113 3
a 193 188 18
a 193 82 14
a 193 166 16
a 193 98 11
a 193 137 12
a 193 167 17
a 193 66 16
a 193 153 6
a 193 83 17
a 193 180 9
a 193 81 2
a 193 110 1
a 194 195 14
a 194 25 16
a 194 151 5
a 194 19 3
a 194 24 19
a 194 120 8
a 194 49 9
a 194 191 1
a 194 106 9
a 194 6 3
a 194 21 2
a 194 35 12
a 194 149 2
a 194 165 4
a 194 20 13
a 194 58 12
a 194 156 10
a 194 73 9
a 194 42 17
a 194 157 17
a 194 122 12
a 195 196 17
a 195 170 19
a 195 31 16
a 195 161 3
a 195 131 19
a 195 142 14
a 195 194 6
a 195 150 4
a 195 90 4
a 195 199 18
a 195 172 14
a 195 32 2
a 195 147 12
a 195 73 1
a 195 98 18
a 195 173 3
a 195 50 10
a 195 192 14
a 195 55 15
a 196 197 19
a 196 158 5
a 196 136 4
a 196 26 19
a 196 186 5
a 196 179 9
a 196 38 8
a 196 164 15
a 196 78 3
a 196 142 13
a 196 50 2
a 196 114 1
a 196 22 2
a 196 91 3
a 196 191 19
a 196 140 19
a 196 125 4
a 196 94 6
a 196 172 14
a 196 148 10
a 196 25 1
a 197 198 14
a 197 51 12
a 197 75 6
a 197 71 9
a 197 140 9
a 197 134 4
a 197 195 8
a 197 25 9
a 197 82 9
a 197 99 12
a 197 139 12
a 197 146 11
a 197 176 12
a 197 4 4
a 197 149 5
a 197 93 4
a 198 199 17
a 198 7 6
a 198 1 1
a 198 176 13
a 198 116 12
a 198 139 3
a 198 137 16
a 198 149 3
a 198 45 19
a 198 75 10
a 198 122 6
a 198 18 11
a 198 11 19
a 198 151 16
c 50 71 166 51 119
c 149 187 91 86 60
c 153 195 47 153 78
c 185 78 132 47 61
c 22 193 72 114 88
c 184 14 158 35 60
c 114 144 125 132 140
c 121 37 19 193 82
c 99 15 29 16 123
c 104 158 41 188 101
c 154 70 191 109 96
c 119 53 108 22 119
c 78 47 168 42 122
c 30 155 5 9 82
c 99 51 43 42 81
c 109 152 169 131 106
c 6 161 159 61 86
c 105 53 17 88 80
c 183 70 33 54 132
c 90 52 86 143 123
c 160 147 161 186 121
c 191 129 159 160 107
c 28 65 28 193 90
c 54 129 9 193 113
c 61 102 66 67 104
c 196 164 69 163 88
c 141 75 65 114 102
c 88 84 188 12 97
c 100 140 195 172 78
c 149 30 132 3 61
c 50 107 196 197 110
c 167 55 135 104 102
c 106 149 88 17 104
c 13 75 140 141 98
c 17 126 103 133 149
c 12 87 173 178 74
c 173 169 162 189 62
c 61 43 37 38 108
c 1 2 114 168 114
c 158 145 124 14 80
c 78 99 143 10 143
c 125 99 102 160 90
c 0 72 128 6 129
c 116 88 98 99 95
c 149 182 0 71 93
c 88 84 39 122 71
c 4 196 166 3 148
c 130 170 110 23 79
c 74 25 27 46 80
c 197 149 116 189 130
c 93 154 55 77 94
c 41 23 178 134 107
c 53 1 62 73 71
c 58 17 159 149 128
c 61 184 195 199 141
c 116 171 118 91 69
c 169 59 73 114 120
c 54 101 188 86 81
c 123 71 136 38 79
c 187 48 190 187 90
c 8 92 134 159 95
c 154 155 172 108 112
c 104 1 170 34 78
c 88 172 151 140 142
c 151 180 9 131 88
c 104 62 30 31 124
c 25 46 54 42 64
c 70 28 109 142 130
c 185 155 51 129 84
c 119 124 28 141 111
c 106 175 14 140 128
c 195 170 124 14 63
c 30 1 128 94 73
c 106 79 188 26 60
c 82 197 82 180 119
c 185 175 185 152 98
c 111 3 186 152 133
c 194 42 121 155 63
c 93 27 143 153 84
c 158 181 145 197 139
c 184 62 165 79 50
c 155 46 153 137 62
c 137 163 106 133 134
c 7 77 82 32 71
c 160 150 60 12 130
c 189 22 4 76 105
c 15 13 104 198 139
c 191 12 155 39 142
c 174 193 167 128 97
c 180 158 158 75 71
c 108 151 77 146 72
c 145 146 15 67 126
c 86 81 181 186 107
c 171 128 112 190 89
c 8 179 70 131 134
c 62 142 181 196 71
c 104 58 101 71 136
c 167 1 138 163 143
c 28 159 108 106 59
c 82 46 75 196 104
c 49 167 83 72 93
c 124 66 191 25 124
c 128 88 140 146 112
c 143 10 96 130 85
c 64 145 31 69 50
c 126 157 155 16 77
c 74 3 153 70 110
c 192 34 108 51 55
c 51 124 151 113 124
c 143 153 158 166 80
c 10 5 4 136 78
c 104 181 73 100 65
c 31 30 92 132 84
c 127 99 150 198 122
c 44 168 129 175 132
c 185 165 103 181 94
c 73 49 58 194 145
c 30 31 182 90 97
c 150 93 42 192 59
c 41 9 123 67 69
c 24 190 159 61 59
c 41 5 131 75 127
c 193 153 64 101 116
c 171 116 151 188 123
c 129 4 14 86 78
c 121 20 136 31 89
c 102 2 131 163 71
c 75 28 105 68 107
c 127 174 32 172 117
c 111 164 159 163 65
c 90 142 125 97 66
c 193 180 148 28 60
c 166 147 127 150 83
c 157 43 185 137 99
c 9 177 37 108 119
c 130 167 60 131 148
c 44 116 84 23 81
c 118 102 77 181 142
c 191 12 140 141 80
c 177 72 39 125 70
c 121 28 178 20 122
c 97 5 72 2 107
c 191 42 41 49 50
c 191 193 158 1 83
c 90 52 144 140 90
c 97 66 195 150 126
c 181 1 44 116 99
c 30 72 70 173 103
c 16 17 165 63 124
c 189 54 146 48 78
c 29 185 140 20 119
c 107 194 78 41 94
c 196 114 1 2 94
c 14 79 81 83 89
c 58 188 149 182 120
c 60 193 29 13 139
c 162 61 8 121 118
c 115 107 15 67 145
c 116 189 148 28 88
c 62 73 8 154 147
c 67 5 68 56 54
c 53 94 130 104 59
c 125 87 131 59 85
c 37 117 60 48 119
c 87 174 39 48 60
c 151 31 97 150 147
c 53 138 18 19 72
c 83 176 52 161 76
c 135 176 24 79 91
c 77 36 149 136 57
c 75 11 163 116 66
c 193 161 147 87 96
c 21 154 132 96 114
c 82 153 172 108 124
c 78 187 152 174 120
c 79 92 39 122 64
c 153 192 186 150 68
c 107 153 82 88 77
c 129 77 23 62 145
c 29 16 84 150 59
c 73 4 113 127 134
c 19 113 19 121 146
c 78 193 110 199 114
c 58 123 69 27 79
c 48 58 85 130 108
c 175 17 106 83 132
c 85 100 20 21 108
c 36 123 168 90 141
c 181 67 105 22 133
c 164 165 152 115 60
c 91 92 166 40 112
c 123 124 111 72 100
c 30 137 112 109 130
c 140 156 152 10 128
c 177 72 74 25 134
c 162 121 95 198 132
c 131 12 193 160 50
c 58 174 138 176 86
c 52 118 30 143 118
c 9 65 114 144 61
c 68 69 198 199 79
c 103 122 8 86 139
c 51 165 141 94 58
c 21 121 42 10 82
c 157 118 135 29 105
c 138 139 35 94 82
c 105 183 186 62 62
c 21 123 14 86 144
c 166 167 110 3 123
c 190 191 44 20 121
c 178 73 104 5 138
c 45 109 15 16 88
c 96 154 20 83 119
c 121 150 53 183 74
c 101 22 169 12 125
c 123 26 17 93 77
c 12 137 23 33 85
c 155 16 170 30 111
c 97 181 125 143 117
c 191 41 55 167 98
c 129 175 21 125 84
c 99 198 126 27 75
c 121 106 58 146 94
c 85 58 159 111 52
c 156 142 196 191 81
c 193 188 75 9 137
c 124 58 91 20 86
c 2 99 6 162 144
c 155 44 70 131 69
c 156 47 187 53 67
c 162 182 164 132 50
c 132 14 39 89 57
c 67 71 192 172 100
c 38 6 188 26 111
c 113 54 94 162 69
c 29 13 66 138 139
c 140 20 143 174 64
c 101 43 129 148 146
c 175 167 107 43 61
c 150 58 145 191 103
c 125 161 30 155 136
c 189 123 173 153 105
c 56 28 20 169 81
c 165 79 70 131 53
c 99 198 140 146 125
c 1 159 172 59 70
c 22 85 27 97 141
c 44 45 72 109 117
c 85 19 160 64 74
c 49 138 58 119 139
c 133 157 44 45 103
c 46 99 40 157 108
c 1 173 57 18 113
c 154 70 111 187 148
c 171 128 106 124 140
c 195 131 36 108 106
c 193 10 15 118 112
c 103 105 158 162 108
c 97 150 33 129 55
c 84 133 72 11 121
c 92 175 172 88 130
c 98 151 23 25 52
c 39 84 10 98 110
c 110 37 113 59 125
c 154 155 24 50 69
c 118 166 186 118 53
c 179 148 154 98 67
c 91 23 117 49 124
c 0 46 36 6 133
c 164 131 133 192 80
c 162 68 175 103 146
c 125 171 20 180 55
c 141 143 0 97 113
c 132 110 153 70 111
c 16 71 178 70 129
c 139 107 73 14 84
c 159 179 122 101 136
c 115 90 101 137 96
c 162 68 2 17 147
c 157 75 63 2 68
c 56 97 159 111 113
c 69 14 161 186 122
c 49 45 53 147 139
c 160 56 159 56 58
c 53 177 42 73 62
c 135 187 78 96 102
c 57 18 193 31 50
c 33 119 171 116 59
c 65 76 17 179 52
c 102 130 39 185 116
c 57 165 35 14 115
c 98 43 134 25 118
c 127 158 35 15 117
c 54 180 7 8 135
c 42 48 68 64 62
c 49 157 28 18 83
c 52 103 68 66 80
c 42 56 101 186 60
c 110 33 101 23 145
c 132 133 4 70 119
c 77 118 92 132 147
c 139 149 65 66 68
c 74 3 79 193 77
c 100 132 170 181 122
c 157 75 178 188 70
c 128 161 62 73 99
c 141 139 11 13 105
c 37 150 62 73 77
c 101 193 24 55 115
c 27 97 149 91 124
c 126 115 95 107 92
c 146 129 141 187 93
c 139 141 139 136 138
c 130 158 188 154 136
c 91 23 106 54 84
c 111 12 73 179 104
c 133 86 33 54 77
c 150 138 81 119 103
c 125 114 157 58 123
c 6 101 28 74 53
c 112 180 121 185 76
c 74 146 178 108 123
c 151 197 33 160 65
c 20 170 101 152 145
c 37 178 89 74 84
c 197 82 61 40 147
c 130 110 153 141 119
c 31 89 154 116 132
c 191 102 101 186 68
c 188 172 56 115 53
c 28 124 18 158 101
c 92 36 115 107 123
c 61 138 125 90 135
c 109 103 118 24 100
c 166 155 85 153 124
c 101 193 10 173 134
c 103 124 114 2 53
c 132 119 133 31 88
c 68 51 132 31 97
c 1 108 88 174 136
c 113 189 83 139 114
c 95 101 87 124 63
c 2 155 31 32 50
c 172 129 33 187 121
c 18 172 93 31 62
c 166 180 125 114 136
c 163 154 60 13 50
c 183 13 193 161 127
c 0 11 182 84 147
c 150 58 16 111 88
c 52 158 3 50 82
c 117 25 47 142 100
c 97 150 26 27 130
c 58 194 115 99 131
c 143 32 131 50 144
c 12 13 164 39 108
c 171 41 189 54 121
c 46 44 184 14 75
c 56 167 112 104 147
c 172 159 11 160 143
c 80 146 132 119 134
c 138 136 48 61 61
c 192 177 131 80 51
c 172 160 11 12 92
c 28 39 150 127 143
c 104 39 18 81 140
c 28 181 92 84 62
c 189 140 153 151 50
c 118 39 86 52 57
c 114 14 169 118 112
c 177 141 143 142 133
c 43 23 98 162 108
c 97 141 186 189 60
c 183 36 80 163 79
c 177 2 23 131 125
c 176 136 24 26 79
c 17 38 148 59 65
c 130 158 131 12 129
c 145 181 57 89 140
c 50 131 152 110 97
c 177 141 177 89 87
c 163 119 121 13 65
c 41 42 131 190 58
c 102 49 5 165 73
c 109 11 157 121 113
c 112 190 26 1 148
c 10 173 101 135 59
c 101 193 20 46 71
c 111 191 68 62 68
c 3 154 40 88 72
c 174 6 22 144 101
c 166 45 186 7 100
c 67 61 55 167 77
c 0 23 84 21 67
c 53 147 58 49 137
c 98 46 110 111 77
c 117 145 167 186 62
c 156 142 182 191 137
c 88 175 197 195 101
c 45 95 170 17 149
c 27 97 84 155 94
c 80 163 0 180 103
c 104 93 33 106 138
c 108 51 96 142 87
c 158 35 175 21 68
c 159 56 70 145 63
c 4 158 193 160 82
c 103 44 65 114 61
c 11 185 162 31 101
c 146 87 108 64 114
c 51 190 28 140 113
c 17 151 161 166 89
c 154 189 181 173 89
c 154 29 121 171 123
c 111 32 148 105 109
c 163 166 101 1 120
c 182 39 162 31 54
c 157 75 129 4 123
c 165 115 144 172 111
c 128 32 58 21 147
c 69 113 114 130 66
c 104 76 136 100 63
c 52 49 76 129 84
c 148 105 107 39 117
c 189 85 99 162 142
c 160 134 41 166 137
c 169 116 165 11 123
c 193 161 85 172 74
c 77 36 192 76 72
c 73 123 151 47 149
c 96 50 126 187 53
c 194 20 0 23 129
c 38 28 30 118 142
c 12 14 155 120 148
c 43 114 108 155 83
c 20 177 60 178 88
c 187 83 5 9 52
c 192 193 118 105 100
c 23 1 131 141 74
c 1 146 89 104 95
c 81 83 15 88 149
c 148 171 133 198 84
c 67 92 89 56 100
c 23 9 68 69 131
c 60 131 30 156 128
c 147 12 121 106 58
c 11 162 111 187 91
c 6 139 73 152 132
c 154 70 59 155 142
c 14 95 24 78 59
c 129 45 21 35 88
c 101 80 30 155 137
c 14 47 151 30 65
c 88 149 182 158 65
c 146 51 20 170 109
c 64 171 137 76 106
c 93 135 105 183 57
c 197 146 110 54 146
c 29 59 22 144 102
c 181 103 174 83 61
c 84 133 85 153 68
c 174 84 20 174 127
c 111 12 193 62 102
c 130 26 115 181 105
c 106 124 9 10 99
c 81 141 145 197 126
c 189 144 114 175 62
c 10 98 62 118 56
c 130 23 127 22 116
c 135 141 161 73 122
c 173 156 108 169 97
c 40 70 88 84 130
c 184 148 130 191 75
c 29 27 51 14 77
c 126 65 145 46 116
c 153 154 194 165 140
c 74 177 77 127 76
c 103 104 147 197 123
c 79 14 110 23 129
c 170 7 138 20 124
c 159 68 189 126 64
c 181 43 154 10 124
c 170 15 62 183 91
c 31 32 114 82 70
c 149 38 184 160 115
c 74 18 152 118 112
c 8 75 114 158 108
c 29 122 130 170 97
c 27 63 92 75 106
c 102 121 143 153 126
c 121 148 16 14 139
c 28 29 152 160 112
c 197 176 88 149 62
c 38 78 142 76 71
c 74 5 95 127 100
c 61 198 130 17 81
c 54 55 107 87 102
c 0 17 2 24 74
c 192 172 130 167 53
c 21 143 82 45 92
c 108 6 73 42 142
c 49 157 138 160 58
c 107 40 145 176 67
c 26 75 108 137 92
c 71 40 6 71 122
c 149 6 183 65 84
c 62 73 167 193 58
c 69 124 74 41 103
c 9 160 126 26 70
c 37 197 72 83 103
c 96 101 76 176 115
c 32 35 4 156 141
c 192 163 195 194 83
c 134 114 51 101 130
c 195 173 116 72 126
c 125 167 189 54 87
c 97 119 60 98 65
c 32 43 170 181 131
c 188 159 136 7 78
c 144 77 17 82 56
c 74 109 28 199 100
c 151 140 66 67 55
c 161 98 58 104 71
c 44 168 72 2 60
c 92 26 102 144 74
c 87 76 72 2 127
c 134 152 30 1 78
c 61 102 183 57 82
c 138 188 68 171 131
c 193 98 105 53 124
c 23 62 80 10 116
c 40 70 60 86 102
c 119 68 163 49 93
c 132 194 41 188 124
c 63 38 114 49 124
c 112 140 115 6 129
c 14 79 31 1 90
c 144 82 65 78 56
c 169 12 94 87 66
c 24 114 8 75 101
c 3 4 69 6 91
c 68 56 187 53 110
c 154 82 74 3 67
c 78 193 156 62 94
c 69 158 29 75 73
c 118 86 152 25 81
c 28 65 159 144 63
c 52 161 128 161 119
c 146 86 25 181 140
c 129 21 143 91 108
c 42 28 94 87 129
c 108 151 116 49 126
c 63 79 118 60 98
c 176 55 89 38 64
c 121 36 3 18 66
c 34 122 102 112 124
c 77 169 123 170 136
c 14 91 101 186 112
c 43 143 157 166 144
c 14 97 184 155 50
c 185 155 60 98 62
c 142 42 28 141 76
c 172 42 33 160 134
c 139 107 37 48 108
c 70 186 11 8 61
c 188 84 196 142 139
c 119 50 98 96 95
c 168 109 137 69 146
c 81 4 160 173 54
c 148 149 133 40 58
c 82 195 63 79 66
c 53 138 139 119 120
c 96 101 73 45 131
c 97 188 40 79 66
c 148 171 156 56 86
c 160 64 106 149 82
c 162 61 29 170 122
c 3 87 31 6 87
c 112 38 86 177 52
c 180 109 119 122 93
c 60 86 132 31 62
c 192 57 122 45 105
c 79 47 122 64 87
c 108 140 138 187 133
c 47 108 125 114 86
c 41 130 166 105 88
c 28 29 73 180 66
c 196 94 46 129 73
c 41 51 84 150 53
c 43 176 142 172 87
c 54 63 64 71 82
c 51 193 95 36 133
c 80 10 72 74 100
c 85 58 83 3 135
c 0 72 119 178 80
c 146 48 23 22 143
c 98 157 39 168 98
c 140 8 150 116 80
c 4 76 54 77 75
c 121 135 111 65 73
c 126 91 22 144 141
c 28 104 159 111 53
c 50 95 53 54 85
c 186 62 160 132 103
c 190 74 84 150 135
c 107 194 156 179 116
c 170 7 166 147 99
c 49 157 44 131 134
c 72 166 64 65 114
c 140 146 126 118 65
c 62 35 175 174 134
c 113 71 141 28 54
c 133 86 67 124 70
c 163 165 170 125 149
c 196 125 83 92 58
c 45 95 145 64 126
c 122 21 4 70 126
c 3 85 195 194 59
c 120 147 54 23 92
c 81 82 70 11 124
c 187 171 92 23 123
c 94 109 121 13 77
c 61 84 116 117 127
c 3 11 161 162 56
c 2 174 19 158 62
c 185 7 70 189 73
c 161 162 71 103 135
c 34 75 102 160 75
c 1 146 84 141 101
c 195 90 101 102 52
c 163 157 1 2 70
c 38 28 138 161 105
c 90 133 88 52 127
c 19 76 108 130 109
c 168 183 139 121 66
c 85 153 49 138 148
c 86 145 40 68 146
c 97 6 159 160 89
c 68 52 64 135 136
c 7 23 149 42 134
c 64 143 34 171 142
c 62 168 88 157 75
c 92 170 130 65 122
c 18 163 174 175 97
c 102 148 4 196 142
c 119 168 125 48 72
c 164 39 81 108 75
c 151 31 126 110 99
c 185 71 69 170 126
c 130 152 35 7 133
c 177 2 196 38 146
c 160 107 136 38 145
c 112 62 181 186 144
c 36 19 34 164 99
c 150 58 168 90 126
c 141 75 128 123 74
c 174 127 141 43 84
c 154 48 107 199 126
c 177 68 58 188 98
c 93 23 108 96 90
c 29 122 177 178 54
c 155 85 177 178 116
c 61 191 145 146 54
c 103 39 187 13 75
c 35 17 110 41 126
c 178 63 0 81 79
c 51 146 72 182 83
c 130 191 7 62 107
c 170 57 187 151 113
c 75 155 56 75 70
c 150 44 174 107 97
c 132 176 92 40 101
c 113 65 48 58 92
c 124 169 156 199 87
c 8 121 92 40 110
c 141 75 24 165 116
c 69 65 150 93 137
c 3 166 84 141 145
c 121 150 91 108 81
c 84 14 170 154 92
c 175 167 197 51 78
c 197 146 178 18 112
c 63 88 178 134 74
c 78 41 130 115 106
c 192 193 144 139 77
c 65 114 34 26 62
c 85 130 189 31 135
c 9 131 162 138 118
c 172 160 29 67 135
c 28 74 68 70 129
c 40 88 130 97 54
c 128 31 11 173 54
c 80 186 83 182 85
c 22 32 157 109 74
c 87 104 22 172 77
c 39 40 154 77 79
c 113 125 55 50 56
c 126 116 83 128 137
c 140 118 126 18 81
c 30 84 113 56 112
c 30 114 109 122 127
c 70 180 141 100 57
c 126 116 14 176 130
c 95 96 102 104 89
c 103 124 72 23 83
c 188 41 70 148 105
c 107 57 154 98 119
c 60 122 6 188 84
c 37 127 70 187 116
c 119 186 68 133 95
c 139 141 177 88 70
c 93 27 66 142 132
c 80 140 44 118 51
c 101 112 154 73 94
c 165 66 92 83 62
c 92 126 112 1 147
c 146 151 143 10 86
c 77 140 162 110 109
c 50 40 150 198 132
c 77 100 90 47 144
c 185 71 170 20 64
c 77 169 81 94 89
c 146 101 192 172 81
c 98 8 76 155 76
c 116 171 105 56 95
c 99 92 37 121 125
c 75 49 97 161 109
c 98 151 74 146 93
c 110 53 196 125 144
c 153 70 177 37 136
c 116 93 34 156 64
c 21 125 174 179 80
c 181 182 74 146 91
c 4 97 104 181 66
c 180 94 160 74 54
c 25 160 183 7 52
c 15 16 126 121 125
c 20 170 40 41 59
c 75 19 191 109 93
c 151 47 102 104 70
c 60 32 190 191 61
c 93 145 154 174 102
c 134 159 70 157 112
c 17 38 188 189 76
c 127 128 44 20 55
c 125 48 21 121 100
c 65 84 165 18 121
c 38 39 175 68 50
c 88 164 30 164 116
c 112 111 149 117 74
c 193 194 133 108 60
c 162 61 83 157 81
c 195 199 46 112 73
c 40 29 119 72 84
c 176 111 36 52 123
c 39 93 36 37 114
c 138 117 101 108 114
c 118 68 126 68 63
c 190 58 60 188 97
c 14 79 175 189 139
c 142 132 102 3 52
c 77 127 120 46 53
c 153 192 170 125 123
c 36 162 173 86 142
c 60 72 102 37 116
c 73 190 127 128 145
c 148 149 90 186 64
c 31 89 39 48 140
c 32 102 42 143 55
c 55 110 86 124 133
c 132 3 30 84 130
c 104 16 8 90 123
c 138 188 0 13 56
c 159 80 63 170 51
c 68 66 181 190 130
c 61 125 130 26 87
c 183 116 70 189 85
c 109 31 1 111 74
c 60 127 71 40 54
c 155 85 64 175 109
c 73 126 123 73 117
c 40 66 189 22 119
c 85 153 59 108 129
c 92 151 38 172 83
c 19 41 68 70 67
c 51 48 121 153 77
c 165 20 178 57 53
c 127 150 121 184 62
c 58 146 131 190 81
c 112 196 56 97 67
c 34 9 149 28 105
c 72 166 27 72 123
c 103 109 140 118 101
c 94 95 120 24 112
c 82 46 50 31 123
c 60 178 108 100 94
c 127 97 193 98 90
c 142 57 86 124 149
c 49 115 112 25 82
c 70 69 0 39 99
c 6 136 122 124 143
c 101 97 75 26 78
c 28 74 120 143 117
c 197 149 126 110 98
c 111 72 182 84 52
c 26 2 190 53 58
c 135 114 56 115 61
c 99 51 163 157 53
c 175 21 157 188 96
c 42 192 28 74 127
c 43 42 166 161 132
c 77 163 16 96 76
c 141 139 149 140 83
c 152 25 130 170 50
c 67 10 115 107 139
c 86 62 179 63 84
c 195 50 173 89 52
c 88 84 83 92 146
c 135 67 133 145 70
c 0 39 193 160 74
c 131 90 194 19 131
c 100 176 97 73 53
c 105 153 112 104 90
c 183 162 111 118 135
c 18 177 171 43 104
c 92 157 79 103 55
c 91 20 132 129 117
c 13 179 4 152 131
c 144 124 90 147 79
c 58 49 39 84 115
c 133 40 37 87 74
c 92 96 131 115 75
c 49 50 0 122 60
c 188 142 133 30 132
c 167 153 78 187 70
c 72 11 31 1 91
c 1 111 60 152 64
c 75 49 186 191 80
c 58 50 94 109 124
c 103 187 89 38 96
c 133 192 102 155 115
c 196 136 113 189 88
c 135 31 135 136 141
c 122 145 150 2 93
c 34 84 63 147 82
c 7 142 188 12 94
c 1 45 123 179 148
c 107 174 52 49 80
c 110 66 74 18 94
c 125 83 96 82 82
c 139 123 196 140 58
c 99 106 188 189 58
c 107 165 96 75 52
c 69 163 6 139 68
c 53 69 9 167 114
c 71 176 177 141 126
c 64 148 130 113 52
c 57 163 45 46 128
c 120 163 163 112 79
c 157 126 128 14 80
c 104 93 19 76 71
c 196 179 108 106 68
c 133 40 80 128 148
c 182 90 60 188 53
c 186 191 40 106 94
c 157 118 70 186 51
c 12 136 2 89 129
c 86 89 31 69 69
c 113 59 9 54 94
c 23 9 17 50 69
c 40 114 121 129 77
c 33 36 62 35 82
c 41 115 33 199 144
c 9 193 188 154 138
c 189 40 168 162 74
c 84 191 159 163 74
c 88 183 4 76 136
c 146 86 176 103 88
c 137 138 184 199 108
c 138 52 115 144 114
c 103 26 62 9 117
c 156 56 109 103 141
c 29 59 21 35 148
c 171 109 7 71 89
c 39 89 67 49 93
c 12 87 14 47 74
c 43 53 82 175 76
c 13 46 69 27 114
c 40 184 18 172 85
c 77 38 125 186 136
c 2 179 174 110 129
c 181 1 62 128 145
c 46 49 63 122 107
c 76 155 79 161 112
c 124 125 19 85 145
c 81 119 8 121 115
c 164 121 47 48 122
c 143 174 23 82 115
c 176 185 138 20 96
c 69 59 196 142 102
c 144 15 47 161 133
c 138 50 80 128 133
c 122 96 139 133 114
c 98 8 163 166 65
c 53 153 84 50 51
c 66 65 22 89 133
c 95 147 179 122 99
c 43 155 57 163 147
c 61 84 144 82 131
c 77 43 15 130 50
c 185 165 11 67 126
c 40 116 64 65 135
c 12 177 43 44 51
c 145 46 143 32 54
c 167 53 53 84 53
c 178 104 186 84 95
c 174 24 3 192 83
c 138 137 189 197 83
c 165 79 51 101 74
c 161 98 129 1 89
c 172 159 198 199 68
c 111 8 153 151 131
c 111 95 40 157 55
c 143 5 52 53 84
c 60 179 146 48 104
c 47 6 9 65 63
c 21 26 132 101 72
c 178 167 175 167 65
c 34 160 161 46 108
c 167 158 153 66 132
c 14 153 105 106 63
c 168 85 48 47 120
c 103 164 153 70 92
c 16 114 180 155 71
c 42 89 111 73 110
c 4 70 60 122 105
c 95 100 194 157 115
c 177 80 81 76 95
c 91 13 94 109 65
c 115 103 149 143 120
c 142 143 89 80 120
c 39 40 73 190 94
c 19 182 184 14 109
c 114 99 51 16 98
c 169 12 83 95 112
c 2 155 110 125 56
c 51 124 188 88 113
c 64 148 107 134 94
c 159 80 85 190 128
c 37 39 50 41 108
c 73 12 100 87 63
c 194 19 16 114 131
c 64 93 104 5 93
c 170 101 19 20 75
c 163 119 183 184 112
c 91 149 111 131 83
c 44 146 155 156 119
c 26 170 98 192 55
c 108 137 75 49 73
c 29 18 192 126 64
c 35 17 62 142 95
c 92 126 116 49 126
c 118 86 155 60 78
c 92 53 21 154 147
c 178 73 19 20 135
c 3 132 57 130 88
c 49 99 48 49 108
c 53 62 196 186 123
c 166 191 117 188 97
c 86 87 118 68 126
c 128 94 151 197 101
c 185 26 0 112 104
c 40 5 121 125 63
c 18 146 108 169 145
c 32 80 39 48 112
c 129 77 163 110 54
c 25 183 39 15 129
c 66 129 7 77 119
c 7 15 143 196 140
c 58 194 61 172 113
c 144 142 10 41 93
c 86 87 141 28 136
c 116 166 177 2 99
c 102 130 166 141 114
c 128 161 130 170 100
c 158 76 72 2 83
c 165 22 170 57 67
c 173 150 10 66 142
c 108 27 108 100 149
c 78 154 108 167 84
c 54 101 180 100 64
c 45 51 150 116 101
c 123 73 93 122 103
c 55 77 141 142 103
c 116 48 141 68 113
c 132 78 70 150 129
c 170 7 107 153 83
c 3 4 65 77 111
c 159 144 111 118 70
c 156 168 132 137 78
c 181 127 159 96 97
c 172 73 120 62 124
c 193 194 0 112 123
c 124 14 11 181 72
c 136 100 92 85 124
c 120 62 193 167 59
c 170 52 116 50 100
c 162 81 19 193 108
c 143 32 96 142 79
c 79 103 61 96 98
c 52 161 130 17 146
c 14 32 166 92 62
c 15 38 164 177 80
c 149 150 66 67 89
c 14 176 165 140 50
c 150 198 173 86 135
c 180 4 89 87 72
c 19 158 37 186 137
c 14 55 61 43 110
c 39 56 141 43 146
c 70 36 183 72 109
c 70 148 134 182 139
c 54 31 57 102 50
c 65 2 72 166 140
c 44 20 37 8 91
c 146 28 11 67 145
c 157 166 1 25 117
c 46 144 117 37 63
c 184 14 166 128 69
c 124 147 105 22 96
c 53 1 77 42 55
c 126 26 178 91 83
c 151 113 39 89 139
c 71 173 111 183 56
c 10 66 111 187 72
c 47 96 160 107 137
c 117 22 60 32 105
c 191 42 22 193 114
c 158 35 3 50 58
c 115 6 165 166 148
c 110 125 120 24 144
c 92 195 102 2 78
c 9 10 19 180 135
c 187 171 126 161 142
c 169 113 60 87 74
c 36 171 38 10 137
c 97 30 58 188 84
c 196 38 159 80 61
c 106 174 149 177 96
c 17 103 160 42 98
c 191 25 79 161 139
c 84 21 157 121 142
c 126 55 125 17 110
c 62 142 44 130 130
c 105 99 114 174 140
c 39 165 112 196 64
c 41 108 11 160 88
c 175 21 83 176 80
c 112 113 2 46 131
c 196 164 191 102 90
c 128 174 32 54 83
c 53 92 23 1 55
c 59 32 114 168 140
c 19 128 114 144 106
c 48 18 170 154 79
c 63 88 186 187 109
c 30 86 73 14 122
c 170 57 6 54 133
c 187 106 87 156 118
c 140 176 0 76 142
c 69 165 49 25 149
c 162 194 6 179 132
c 143 196 98 96 147
c 13 8 113 127 148
c 74 177 103 42 85
c 149 117 91 13 127
c 182 183 5 114 149
c 86 145 187 44 59
c 197 82 43 36 124
c 133 49 131 151 106
c 124 58 141 182 135
c 155 60 17 121 77
c 112 109 84 181 126
c 5 6 145 100 85
c 162 75 65 114 145
c 195 142 104 24 68
c 39 12 37 108 57
c 21 107 15 50 104
c 127 195 43 143 127
c 74 80 42 28 98
c 164 100 98 46 112
c 154 2 77 43 113
c 26 75 103 166 128
c 88 17 30 31 133
c 168 22 4 156 138
c 105 63 21 174 106
c 123 73 93 92 137
c 93 154 119 2 118
c 33 36 73 99 93
c 103 93 21 134 141
c 165 150 106 186 67
c 158 162 89 80 63
c 10 7 195 142 112
c 132 140 29 97 145
c 174 107 175 174 72
c 104 1 86 35 131
c 186 50 32 54 136
c 4 118 92 151 51
c 137 58 16 130 116
c 141 13 191 193 91
c 9 39 1 20 60
c 97 4 19 193 137
c 76 153 195 147 142
c 67 23 110 53 58
c 142 27 30 118 130
c 62 65 170 142 138
c 162 31 88 84 134
c 111 186 61 172 76
c 59 123 141 46 55
c 91 167 175 167 129
c 144 139 71 72 91
c 122 145 17 4 120
c 133 49 59 32 58
c 116 49 55 110 52
c 160 189 198 11 116
c 169 59 113 39 140
c 156 47 88 164 93
c 65 133 27 172 113
c 128 28 180 158 98
c 132 92 95 96 121
c 174 154 94 46 144
c 144 60 148 104 100
c 148 67 1 117 130
c 72 83 160 173 105
c 98 39 4 196 129
c 147 148 69 27 72
c 69 138 185 26 90
c 158 35 189 190 147
c 183 39 182 135 130
c 21 187 100 175 86
c 182 31 127 150 95
c 195 161 140 118 106
c 197 198 84 155 129
c 197 146 80 186 64
c 101 71 106 133 94
c 68 171 55 189 129
c 140 118 188 182 135
c 104 143 10 188 77
c 53 138 0 103 56
c 193 167 164 177 65
c 120 46 138 137 119
c 157 197 196 191 93
c 154 116 194 165 84
c 190 58 82 79 135
c 135 187 181 25 81
c 157 121 40 116 95
c 39 125 24 78 142
c 33 154 104 2 83
c 9 12 53 147 94
c 94 25 133 72 60
c 130 152 134 129 112
c 72 109 61 62 92
c 169 155 188 187 53
c 186 194 133 196 147
c 120 62 116 9 138
c 46 48 177 80 101
c 104 196 8 59 132
c 36 6 47 43 149
c 110 53 105 56 83
c 33 66 37 106 136
c 162 142 185 157 110
c 186 33 170 125 104
c 118 91 6 5 54
c 169 12 128 130 147
c 130 97 142 52 117
c 188 12 194 157 81
c 17 129 80 166 145
c 150 93 119 2 71
c 64 93 49 138 121
c 104 16 118 185 125
c 186 118 148 104 82
c 10 41 182 183 104
c 1 146 148 105 51
c 82 153 187 151 101
c 150 93 75 177 137
c 145 146 81 54 117
c 63 144 126 23 115
c 14 132 64 71 98
c 107 194 29 196 128
c 198 116 45 51 130
c 24 103 76 66 57
c 126 110 51 184 138
c 137 81 93 169 114
c 107 43 81 76 142
c 72 198 50 119 96
c 78 70 55 56 149
c 175 174 124 55 103
c 4 162 87 133 83
c 193 194 100 1 65
c 159 96 187 171 71
c 108 198 71 176 59
c 94 172 83 109 95
c 144 142 103 79 123
c 124 125 149 175 126
c 166 25 174 154 51
c 61 96 20 180 97
c 95 147 108 162 109
c 157 114 72 87 51
c 111 12 60 179 115
c 170 181 144 145 96
c 71 144 145 100 109
c 82 180 126 116 74
c 110 23 145 197 52
c 167 55 130 113 103
c 132 97 64 171 147
c 173 176 161 31 82
c 32 80 80 97 75
c 186 189 88 116 118
c 58 188 136 63 119
c 75 77 172 108 80
c 161 188 126 78 101
c 135 35 168 146 61
c 84 58 191 81 140
c 135 47 140 66 111
c 110 95 126 157 128
c 175 176 13 113 59
c 149 91 110 151 67
c 171 66 33 63 97
c 61 167 159 61 65
c 4 97 60 43 53
c 28 124 23 14 93
c 142 40 47 108 131
c 181 182 3 21 91
c 152 192 83 142 127
c 89 65 60 148 120
c 37 186 108 150 149
c 141 88 193 169 126
c 21 187 119 53 125
c 66 67 163 122 77
c 19 41 55 50 69
c 0 71 108 27 90
c 75 127 170 7 141
c 19 121 78 116 72
c 26 53 194 49 78
c 182 84 85 87 120
c 158 41 64 109 102
c 34 60 20 41 98
c 170 101 77 43 146
c 77 174 85 99 66
c 16 185 42 83 92
c 84 46 21 143 112
c 78 79 23 171 64
c 60 127 100 140 130
c 2 99 153 164 122
c 73 137 158 145 56
c 174 11 191 38 130
c 122 10 102 155 55
c 132 133 117 176 137
c 157 9 111 17 131
c 68 22 148 110 107
c 40 70 40 29 145
c 30 118 11 13 146
c 65 163 172 42 118
c 14 47 65 182 148
c 4 156 164 106 101
c 162 163 62 128 130
c 85 130 186 7 142
c 88 84 104 62 70
c 194 25 27 139 148
c 148 195 6 71 71
c 171 172 110 92 65
c 137 188 154 82 100
c 59 76 17 52 120
c 11 60 107 134 51
c 61 138 7 31 145
c 55 110 41 9 110
c 147 87 111 47 130
c 177 8 69 133 61
c 91 65 148 42 69
c 165 140 125 28 140
c 159 22 46 112 98
c 117 188 98 60 94
c 178 167 195 194 126
c 106 54 41 108 84
c 74 75 101 43 118
c 70 148 3 147 58
c 1 117 60 12 135
c 186 150 171 172 123
c 96 142 77 100 134
c 55 50 178 7 122
c 121 153 0 62 52
c 60 100 193 194 70
c 116 166 47 9 55
c 158 66 190 53 111
c 121 122 119 122 86
c 42 159 18 135 145
c 99 162 187 13 129
c 9 160 33 36 149
c 151 132 9 76 74
c 28 11 154 77 70
c 119 78 193 169 60
c 64 175 142 189 90
c 120 122 179 98 130
c 96 24 34 84 122
c 121 126 67 92 76
c 86 96 187 151 125
c 160 189 145 134 129
c 33 199 184 63 102
c 77 127 135 81 63
c 92 142 170 57 124
c 16 186 194 24 143
c 153 151 161 88 73
c 124 125 111 36 102
c 37 39 73 39 119
c 53 199 184 199 135
c 14 128 85 86 53
c 111 95 76 94 119
c 189 164 195 98 131
c 96 97 195 98 55
c 0 116 157 1 104
c 147 188 121 142 58
c 4 196 138 117 141
c 130 191 151 30 108
c 155 198 154 61 141
c 86 87 12 137 135
c 6 53 133 31 70
c 13 125 20 45 142
c 69 5 60 42 130
c 136 100 24 50 91
c 150 151 89 65 145
c 72 198 135 134 78
c 22 85 106 14 94
c 2 3 4 156 56
c 26 27 28 149 99
c 82 105 158 137 81
c 69 17 193 198 147
c 130 114 68 62 116
c 189 160 97 27 108
c 19 23 84 197 67
c 162 81 2 198 129
c 65 133 130 117 147
c 131 75 1 2 149
c 131 34 128 109 69
c 176 185 24 121 106
c 148 17 70 30 64
c 103 44 193 66 106
c 66 67 6 188 66
c 183 184 36 108 51
c 149 37 79 90 146
c 81 54 68 100 65
c 58 21 161 184 91
c 146 109 177 55 105
c 38 111 197 198 141
c 34 165 30 143 102
c 68 100 134 129 107
c 63 2 67 10 54
c 128 154 151 197 70
c 56 167 111 3 106
c 53 175 36 123 64
c 168 42 100 115 107
c 6 39 29 13 65
c 121 28 96 50 140
c 111 26 192 64 68
c 55 110 38 169 134
c 4 139 19 113 74
c 52 164 121 71 58
c 41 173 121 71 149
c 126 26 142 110 82
c 10 11 113 106 84
c 108 24 63 79 77
c 65 77 12 62 112
c 158 3 86 81 106
c 64 101 144 5 50
c 36 123 37 178 122
c 141 43 113 127 137
c 126 153 57 159 90
c 71 77 194 6 107
c 53 177 121 116 140
c 193 167 95 101 123
c 63 11 143 10 104
c 157 158 194 24 116
c 75 134 69 17 114
c 77 128 43 74 95
c 197 176 136 59 65
c 194 73 7 143 132
c 152 10 132 149 67
c 156 56 130 131 60
c 93 169 170 127 50
c 104 58 75 76 112
c 135 194 118 39 92
c 186 194 53 8 148
c 151 132 77 93 59
c 96 50 139 109 69
c 79 182 186 53 111
c 72 11 13 14 69
c 72 184 75 163 57
c 42 48 60 131 65
c 118 119 168 42 84
c 81 138 100 132 59
c 38 70 141 139 131
c 44 168 36 39 91
c 112 71 25 156 61
c 8 154 196 172 124
c 180 23 56 97 132
c 101 43 198 1 85
c 78 154 194 156 144
c 34 121 133 72 68
c 47 161 114 2 86
c 87 173 40 29 126
c 186 132 158 26 74
c 62 41 80 53 95
c 61 77 196 148 68
c 80 180 151 82 94
c 113 49 26 107 51
c 74 44 193 153 63
c 126 18 89 196 70
c 145 181 88 191 113
c 75 151 41 189 96
c 95 22 136 197 73
c 64 109 19 158 74
c 125 186 121 177 112
c 112 180 146 10 125
c 123 131 14 132 56
c 119 168 84 191 111
c 175 65 105 128 59
c 162 58 100 115 142
c 196 114 2 3 101
c 27 57 20 82 54
c 149 85 59 41 144
c 192 57 101 43 53
c 194 120 83 139 71
c 156 47 26 1 111
c 99 132 132 54 144
c 40 29 50 102 76
c 188 37 60 164 57
c 43 36 57 123 51
c 24 190 62 174 81
c 75 19 111 191 106
c 20 169 168 22 87
c 170 154 83 176 90
c 192 181 60 23 62
c 193 167 182 122 109
c 95 149 130 110 115
c 11 199 169 118 56
c 109 110 133 30 63
c 57 134 2 179 86
c 59 144 107 165 116
c 190 151 109 20 103
c 55 131 152 192 130
c 151 188 23 24 126
c 39 133 148 17 84
c 35 164 140 8 92
c 130 131 114 14 112
c 102 74 60 127 140
c 119 38 139 107 119
c 68 22 69 19 148
c 96 155 70 102 97
c 157 188 99 2 89
c 120 143 59 72 84
c 35 163 95 164 136
c 64 109 188 182 92
c 69 173 119 48 67
c 88 84 110 23 91
c 103 104 51 190 113
c 75 129 60 113 74
c 179 188 69 138 86
c 11 111 118 60 112
c 13 39 136 115 132
c 184 14 149 140 129
c 27 34 48 161 52
c 141 74 79 92 118
c 90 140 18 19 79
c 159 80 173 114 52
c 164 165 49 50 87
c 68 69 181 169 66
c 49 47 84 58 124
c 196 94 153 70 108
c 173 129 107 153 94
c 117 25 169 104 51
c 121 185 103 26 62
c 88 89 142 24 142
c 104 89 82 80 103
c 192 177 119 162 52
c 116 72 3 106 64
c 44 197 19 41 114
c 28 65 42 162 67
c 8 92 107 92 85
c 91 81 46 192 75
c 101 80 35 7 70
c 82 105 84 155 116
c 6 123 131 59 108
c 104 198 136 194 69
c 152 190 0 198 134
c 85 169 154 61 94
c 85 87 64 170 108
c 178 167 113 102 102
c 157 147 94 46 119
c 90 91 190 25 113
c 77 38 164 68 135
c 154 75 122 123 130
c 147 14 71 118 126
c 133 72 73 190 70
c 135 29 55 154 55
c 33 54 15 13 89
c 91 155 53 175 95
c 27 68 157 114 52
c 172 88 176 185 88
c 100 72 62 183 108
c 184 67 81 122 73
c 12 177 41 138 121
c 125 137 20 170 74
c 45 181 132 140 98
c 88 183 57 89 135
c 182 174 80 157 78
c 139 190 118 90 148
c 178 14 83 75 69
c 53 147 132 101 55
c 160 64 131 50 56
c 192 76 12 81 69
c 21 113 86 125 136
c 183 70 117 25 114
c 103 124 88 135 103
c 196 25 52 164 142
c 149 88 86 125 100
c 168 183 112 91 87
c 92 23 73 152 116
c 111 1 151 113 111
c 141 127 1 108 56
c 158 162 65 66 67
c 34 19 117 49 73
c 36 67 121 171 146
c 108 60 43 42 131
c 31 30 62 128 94
c 14 140 144 5 125
c 131 190 70 148 106
c 131 75 79 136 80
c 193 81 23 33 81
c 130 65 27 152 127
c 103 166 77 43 83
c 10 158 176 12 118
c 159 68 93 169 85
c 88 76 102 103 119
c 122 101 41 108 68
c 111 95 41 115 141
c 33 161 110 95 99
c 172 108 191 109 51
c 111 130 106 94 118
c 128 72 64 135 121
c 110 40 115 181 52
c 26 36 141 75 124
c 81 97 190 41 78
c 148 17 187 44 82
c 141 127 71 121 68
c 113 115 74 75 104
c 37 113 104 93 86
c 149 57 106 122 103
c 52 161 71 77 116
c 75 26 107 108 129
c 119 80 101 22 120
c 121 177 104 196 81
c 122 164 128 154 143
c 99 122 166 3 119
c 126 142 105 53 102
c 96 155 8 149 85
c 47 183 173 117 129
c 190 132 160 150 118
c 156 168 98 33 141
c 193 75 52 46 74
c 113 114 23 24 97
c 124 26 97 5 86
c 173 117 124 155 55
c 78 192 100 154 140
c 53 187 114 24 142
c 193 188 57 165 124
c 33 35 16 114 132
c 168 85 37 8 133
c 179 42 146 28 113
c 33 119 23 14 92
c 148 42 163 49 141
c 126 26 194 120 89
c 83 128 197 139 91
c 68 56 90 52 130
c 20 21 132 137 61
