notes: n=100, m=990, elb=1, eub=20, density=0.1, conf_density=0.001, clb=100, cub= 200, seed= 9591
p spec 100 990 489
s 0
t 99
a 0 1 3
a 0 62 6
a 0 66 2
a 0 12 8
a 0 67 11
a 0 13 12
a 0 91 9
a 0 89 7
a 0 30 14
a 0 94 19
a 0 64 5
a 1 2 12
a 1 87 16
a 1 96 18
a 1 10 14
a 1 40 19
a 1 9 19
a 1 79 17
a 1 47 3
a 2 3 1
a 2 5 19
a 2 37 2
a 2 17 14
a 2 79 13
a 2 96 14
a 2 34 8
a 2 51 6
a 2 94 14
a 2 40 18
a 2 88 9
a 2 8 18
a 3 4 11
a 3 41 14
a 3 83 10
a 3 85 3
a 3 84 18
a 3 92 17
a 4 5 16
a 4 21 3
a 4 79 16
a 4 41 11
a 4 13 14
a 4 2 8
a 4 98 14
a 4 77 12
a 4 95 11
a 4 28 1
a 4 52 10
a 4 63 15
a 4 90 5
a 4 70 12
a 4 99 9
a 5 6 15
a 5 57 12
a 5 44 16
a 5 59 19
a 5 2 13
a 5 46 18
a 5 31 7
a 5 97 17
a 5 69 1
a 5 70 15
a 5 21 4
a 5 54 13
a 5 9 17
a 5 74 8
a 5 12 9
a 5 61 12
a 5 76 14
a 5 63 15
a 6 7 11
a 6 35 6
a 6 33 1
a 6 62 1
a 6 74 2
a 6 88 15
a 6 66 4
a 6 31 14
a 6 48 9
a 6 51 8
a 6 55 11
a 6 1 18
a 6 81 16
a 6 19 7
a 7 8 4
a 7 79 13
a 7 87 4
a 7 1 3
a 7 54 13
a 7 48 13
a 7 18 4
a 7 28 14
a 7 38 12
a 8 9 18
a 8 85 16
a 8 16 14
a 8 37 16
a 8 84 12
a 8 63 15
a 8 70 15
a 8 44 5
a 8 5 17
a 8 4 13
a 8 77 2
a 8 45 9
a 9 10 7
a 9 92 18
a 9 55 7
a 9 79 2
a 9 7 15
a 9 24 16
a 9 51 16
a 9 1 10
a 9 96 4
a 10 11 16
a 10 86 16
a 10 70 11
a 10 94 17
a 10 25 10
a 10 1 14
a 10 51 11
a 10 85 8
a 10 45 19
a 10 30 5
a 10 65 7
a 10 72 3
a 10 36 16
a 10 78 19
a 10 90 11
a 10 96 16
a 11 12 5
a 11 77 10
a 11 83 12
a 11 10 19
a 11 29 5
a 11 62 9
a 11 24 8
a 11 50 8
a 11 39 4
a 12 13 2
a 12 83 13
a 12 99 4
a 12 67 10
a 12 90 4
a 12 59 9
a 12 57 16
a 13 14 3
a 13 67 1
a 13 28 17
a 13 95 8
a 13 1 2
a 13 12 11
a 13 88 1
a 13 26 6
a 13 98 7
a 13 49 14
a 13 31 14
a 14 15 13
a 14 93 12
a 14 57 19
a 14 50 2
a 14 81 4
a 14 72 9
a 14 52 4
a 15 16 10
a 15 99 12
a 15 40 11
a 15 30 13
a 15 85 14
a 15 68 2
a 15 34 12
a 16 17 1
a 16 22 5
a 16 39 12
a 16 91 1
a 16 23 14
a 16 24 1
a 16 80 3
a 16 12 4
a 16 57 11
a 16 56 6
a 16 54 8
a 16 49 1
a 16 70 17
a 17 18 8
a 17 79 7
a 17 78 6
a 17 81 17
a 17 24 13
a 17 10 2
a 17 75 1
a 17 33 5
a 17 53 15
a 17 52 12
a 17 41 5
a 17 80 19
a 17 8 16
a 17 55 14
a 18 19 17
a 18 8 15
a 18 4 2
a 18 65 7
a 18 80 6
a 18 66 17
a 18 55 5
a 18 68 7
a 19 20 18
a 19 39 16
a 19 9 11
a 19 2 19
a 19 69 11
a 19 91 8
a 19 25 10
a 19 34 15
a 19 32 17
a 19 67 2
a 19 46 14
a 19 44 1
a 19 64 7
a 20 21 19
a 20 43 6
a 20 94 13
a 20 68 19
a 20 16 13
a 20 90 19
a 20 41 16
a 21 22 17
a 21 99 11
a 21 12 18
a 21 82 14
a 21 70 16
a 21 60 3
a 21 66 15
a 21 55 13
a 21 83 19
a 21 94 16
a 21 73 16
a 22 23 19
a 22 18 8
a 22 24 2
a 22 97 10
a 22 64 11
a 22 55 19
a 22 50 1
a 23 24 11
a 23 46 12
a 23 67 6
a 23 85 5
a 23 71 5
a 23 88 19
a 23 21 19
a 23 87 1
a 24 25 8
a 24 82 8
a 24 85 16
a 24 15 11
a 24 52 10
a 24 64 7
a 24 87 16
a 24 17 7
a 24 30 10
a 25 26 16
a 25 82 4
a 25 52 9
a 25 8 3
a 25 17 5
a 25 71 13
a 25 70 5
a 25 41 3
a 25 99 17
a 26 27 7
a 26 54 18
a 26 93 13
a 26 45 16
a 26 59 4
a 26 86 15
a 26 99 3
a 26 72 11
a 26 17 3
a 27 28 12
a 27 82 11
a 27 95 14
a 27 24 3
a 27 43 5
a 27 80 18
a 27 48 11
a 27 11 10
a 27 55 6
a 27 19 12
a 27 31 6
a 27 58 8
a 27 79 11
a 27 14 19
a 27 47 13
a 28 29 17
a 28 12 10
a 28 85 9
a 28 37 11
a 28 93 11
a 28 5 4
a 29 30 11
a 29 93 19
a 29 72 7
a 29 43 15
a 29 76 9
a 29 17 3
a 29 23 8
a 29 49 3
a 29 95 1
a 30 31 9
a 30 21 11
a 30 72 4
a 30 34 12
a 30 49 19
a 31 32 14
a 31 57 1
a 31 24 19
a 31 34 19
a 31 97 16
a 31 19 18
a 31 40 12
a 31 79 16
a 31 64 9
a 31 55 18
a 32 33 18
a 32 38 19
a 32 70 6
a 32 87 15
a 32 90 10
a 32 89 1
a 32 20 2
a 32 14 6
a 32 37 15
a 32 6 3
a 33 34 19
a 33 23 9
a 33 6 7
a 33 47 2
a 33 87 8
a 33 73 13
a 34 35 6
a 34 94 9
a 34 26 6
a 34 16 19
a 34 83 12
a 34 20 13
a 34 67 8
a 34 21 15
a 34 45 17
a 34 33 18
a 34 37 5
a 35 36 17
a 35 45 17
a 35 96 5
a 35 42 9
a 35 82 15
a 35 29 7
a 35 52 16
a 35 14 14
a 35 86 10
a 36 37 1
a 36 59 16
a 36 88 3
a 36 28 10
a 36 5 12
a 36 13 11
a 36 78 16
a 36 27 16
a 36 9 15
a 36 61 5
a 36 10 18
a 36 60 2
a 36 86 1
a 36 35 15
a 36 40 8
a 37 38 8
a 37 26 15
a 37 72 16
a 37 21 11
a 37 44 6
a 37 74 8
a 37 36 15
a 38 39 13
a 38 68 12
a 38 64 13
a 38 16 2
a 38 50 15
a 38 53 7
a 38 87 5
a 38 33 7
a 38 4 10
a 39 40 3
a 39 4 15
a 39 32 17
a 39 25 2
a 39 99 9
a 39 5 4
a 39 9 12
a 40 41 4
a 40 10 6
a 40 72 8
a 40 61 19
a 40 16 8
a 40 81 3
a 40 77 5
a 40 37 15
a 40 36 1
a 40 85 1
a 41 42 8
a 41 11 13
a 41 30 12
a 41 31 10
a 41 81 12
a 41 19 7
a 41 8 16
a 41 16 16
a 41 66 12
a 41 73 12
a 42 43 1
a 42 39 9
a 42 5 18
a 42 29 4
a 42 66 6
a 42 64 4
a 42 83 3
a 42 82 8
a 42 25 15
a 42 45 18
a 42 47 19
a 42 44 1
a 43 44 6
a 43 33 15
a 43 34 3
a 43 13 2
a 43 17 2
a 43 8 18
a 43 80 18
a 44 45 11
a 44 88 9
a 44 26 16
a 44 27 15
a 44 32 15
a 44 1 19
a 44 85 17
a 44 43 18
a 44 18 9
a 44 39 1
a 44 51 2
a 44 99 2
a 44 56 19
a 45 46 15
a 45 51 19
a 45 99 2
a 45 7 3
a 45 33 12
a 45 96 17
a 46 47 13
a 46 13 9
a 46 99 6
a 46 90 9
a 46 61 13
a 46 83 16
a 46 44 6
a 46 63 4
a 46 21 17
a 46 4 9
a 46 3 11
a 46 9 8
a 47 48 3
a 47 87 8
a 47 74 7
a 47 54 3
a 47 72 16
a 47 56 4
a 47 5 18
a 47 40 8
a 47 68 15
a 48 49 7
a 48 36 10
a 48 71 6
a 48 34 13
a 48 89 9
a 48 10 13
a 48 79 7
a 48 7 5
a 48 9 14
a 48 25 17
a 48 15 16
a 49 50 10
a 49 53 3
a 49 63 5
a 49 84 15
a 49 90 18
a 49 99 8
a 49 73 7
a 49 79 8
a 49 40 12
a 50 51 5
a 50 48 13
a 50 99 13
a 50 15 19
a 50 71 16
a 50 96 4
a 50 80 2
a 50 23 18
a 50 25 11
a 50 17 10
a 50 19 16
a 51 52 8
a 51 15 14
a 51 70 8
a 51 42 17
a 51 83 12
a 51 26 18
a 51 43 13
a 51 49 2
a 51 7 10
a 51 39 3
a 51 61 4
a 51 90 3
a 52 53 5
a 52 17 9
a 52 11 6
a 52 19 2
a 52 87 12
a 52 45 2
a 52 37 3
a 52 21 18
a 52 44 5
a 52 65 10
a 52 86 3
a 53 54 7
a 53 96 17
a 53 38 17
a 53 84 11
a 53 87 17
a 53 80 5
a 53 81 10
a 54 55 4
a 54 56 4
a 54 1 8
a 54 72 4
a 54 13 13
a 54 53 10
a 55 56 10
a 55 59 12
a 55 97 2
a 55 61 17
a 55 43 7
a 55 94 7
a 55 3 14
a 55 32 2
a 55 95 4
a 55 4 5
a 55 48 9
a 55 31 6
a 55 38 12
a 55 73 10
a 56 57 7
a 56 16 4
a 56 73 1
a 56 9 17
a 56 60 4
a 56 84 18
a 56 74 12
a 57 58 18
a 57 51 13
a 57 79 7
a 57 86 4
a 57 41 8
a 57 99 3
a 57 71 8
a 57 85 5
a 57 55 16
a 58 59 1
a 58 37 2
a 58 23 14
a 58 69 19
a 58 96 15
a 58 25 10
a 58 87 7
a 58 20 10
a 58 71 4
a 58 73 19
a 58 1 2
a 58 39 16
a 59 60 10
a 59 31 17
a 59 84 16
a 59 95 10
a 59 11 10
a 59 40 11
a 59 56 1
a 59 36 2
a 59 14 19
a 59 78 7
a 59 41 19
a 59 26 16
a 60 61 16
a 60 71 8
a 60 12 13
a 60 37 3
a 60 1 11
a 60 31 8
a 60 53 17
a 60 11 14
a 60 50 2
a 60 68 17
a 60 22 14
a 60 17 3
a 61 62 12
a 61 69 4
a 61 22 6
a 61 97 13
a 61 19 13
a 61 65 9
a 61 29 17
a 61 11 16
a 61 36 3
a 61 20 1
a 61 6 18
a 61 25 3
a 61 2 2
a 62 63 2
a 62 53 13
a 62 5 13
a 62 15 14
a 62 85 8
a 62 80 1
a 62 29 18
a 62 30 17
a 62 4 13
a 62 28 7
a 62 56 14
a 63 64 5
a 63 70 14
a 63 81 3
a 63 17 5
a 63 23 13
a 63 16 17
a 64 65 6
a 64 68 12
a 64 58 19
a 64 87 12
a 64 84 19
a 64 66 3
a 64 5 7
a 64 6 3
a 64 4 7
a 64 93 16
a 64 71 6
a 64 63 4
a 64 33 12
a 65 66 2
a 65 25 6
a 65 35 16
a 65 42 15
a 65 71 17
a 65 41 8
a 65 6 14
a 65 37 5
a 65 69 1
a 65 92 16
a 66 67 3
a 66 14 14
a 66 53 13
a 66 90 14
a 66 17 14
a 66 97 18
a 66 20 13
a 66 84 16
a 66 30 14
a 66 76 1
a 66 28 5
a 66 36 12
a 66 29 2
a 67 68 16
a 67 39 8
a 67 11 1
a 67 1 16
a 67 54 8
a 67 8 17
a 67 33 15
a 67 98 3
a 67 82 15
a 68 69 12
a 68 76 6
a 68 66 9
a 68 70 6
a 68 35 10
a 68 33 7
a 68 74 4
a 68 39 18
a 68 31 18
a 68 7 17
a 68 37 7
a 68 23 7
a 69 70 1
a 69 63 4
a 69 66 12
a 69 65 8
a 69 5 11
a 69 90 14
a 69 4 6
a 70 71 7
a 70 63 6
a 70 34 9
a 70 64 13
a 70 12 13
a 70 78 7
a 70 65 3
a 70 37 14
a 70 53 16
a 71 72 14
a 71 56 16
a 71 29 19
a 71 85 15
a 71 13 19
a 71 66 9
a 72 73 11
a 72 18 2
a 72 97 3
a 72 41 11
a 72 7 1
a 72 3 17
a 72 27 16
a 73 74 18
a 73 68 19
a 73 72 17
a 73 83 19
a 73 46 17
a 73 43 10
a 73 5 19
a 73 97 17
a 73 27 9
a 73 38 2
a 73 62 9
a 73 40 14
a 74 75 1
a 74 24 16
a 74 60 10
a 74 45 7
a 74 98 5
a 74 22 6
a 74 32 12
a 74 65 16
a 74 79 15
a 74 42 6
a 74 92 11
a 74 44 12
a 74 91 8
a 74 23 11
a 74 58 4
a 75 76 15
a 75 85 2
a 75 90 13
a 75 33 1
a 75 71 12
a 75 30 17
a 75 4 8
a 75 52 19
a 75 73 15
a 76 77 3
a 76 31 10
a 76 26 16
a 76 62 12
a 76 45 3
a 76 18 7
a 76 94 17
a 76 11 1
a 76 84 7
a 76 8 15
a 77 78 11
a 77 28 7
a 77 42 13
a 77 98 4
a 77 80 19
a 77 89 1
a 77 15 5
a 77 54 15
a 77 85 9
a 78 79 14
a 78 19 9
a 78 54 5
a 78 97 1
a 78 23 10
a 78 32 15
a 78 4 8
a 78 91 1
a 78 5 7
a 79 80 18
a 79 77 9
a 79 4 6
a 79 55 18
a 79 90 8
a 79 7 4
a 79 13 5
a 79 40 1
a 80 81 4
a 80 64 4
a 80 98 5
a 80 44 13
a 80 52 13
a 80 54 7
a 80 35 4
a 80 46 17
a 81 82 18
a 81 18 19
a 81 41 5
a 81 16 10
a 81 51 9
a 81 63 18
a 81 31 18
a 81 61 2
a 81 2 16
a 82 83 4
a 82 31 7
a 82 29 13
a 82 67 9
a 82 2 11
a 82 51 1
a 82 86 13
a 82 64 19
a 82 38 5
a 82 46 5
a 82 14 6
a 83 84 10
a 83 98 11
a 83 49 11
a 83 69 6
a 83 19 5
a 83 88 9
a 83 14 12
a 83 22 14
a 83 5 9
a 83 81 9
a 83 57 16
a 83 8 2
a 83 66 18
a 84 85 6
a 84 51 13
a 84 26 1
a 84 15 9
a 84 2 5
a 84 19 13
a 84 58 4
a 84 7 19
a 84 20 13
a 85 86 13
a 85 32 16
a 85 28 16
a 85 39 17
a 85 67 19
a 85 36 9
a 85 4 16
a 85 49 18
a 86 87 12
a 86 19 3
a 86 98 9
a 86 32 2
a 86 85 13
a 86 84 11
a 86 17 19
a 87 88 14
a 87 10 12
a 87 67 9
a 87 90 12
a 87 93 18
a 87 16 18
a 87 19 16
a 87 56 6
a 87 3 5
a 87 70 17
a 87 92 17
a 87 15 8
a 87 41 9
a 87 86 19
a 88 89 14
a 88 31 18
a 88 39 16
a 88 62 12
a 88 17 8
a 88 6 19
a 89 90 17
a 89 55 6
a 89 5 9
a 89 24 11
a 89 76 2
a 89 53 15
a 89 14 13
a 89 16 18
a 89 26 1
a 89 39 9
a 90 91 7
a 90 12 5
a 90 73 11
a 90 32 16
a 90 22 5
a 90 26 15
a 90 56 2
a 90 75 11
a 90 54 15
a 91 92 16
a 91 95 1
a 91 14 11
a 91 48 3
a 91 12 16
a 91 75 13
a 91 30 2
a 91 80 10
a 91 61 5
a 92 93 10
a 92 91 7
a 92 84 19
a 92 88 17
a 92 52 3
a 92 29 1
a 92 43 9
a 92 53 16
a 92 50 10
a 92 2 15
a 93 94 11
a 93 30 16
a 93 75 7
a 93 18 19
a 93 17 7
a 93 62 5
a 93 25 2
a 93 88 6
a 93 12 17
a 93 45 10
a 93 31 9
a 93 58 11
a 93 10 3
a 93 82 15
a 93 96 12
a 93 55 3
a 93 22 15
a 94 95 11
a 94 49 4
a 94 36 14
a 94 79 19
a 94 75 19
a 94 59 6
a 94 7 5
a 94 24 13
a 94 31 15
a 94 4 6
a 95 96 7
a 95 24 11
a 95 43 10
a 95 58 7
a 95 84 11
a 95 34 10
a 95 97 7
a 95 9 13
a 95 4 3
a 95 62 1
a 95 12 9
a 95 57 6
a 95 15 3
a 95 20 1
a 95 90 14
a 96 97 13
a 96 90 15
a 96 55 5
a 96 50 3
a 96 38 16
a 96 48 16
a 96 61 3
a 96 84 6
a 96 29 6
a 97 98 16
a 97 87 4
a 97 90 9
a 97 14 13
a 97 10 17
a 97 70 4
a 97 72 14
a 97 52 14
a 97 9 4
a 98 99 2
a 98 33 6
a 98 1 1
a 98 92 5
a 98 89 7
a 98 77 2
a 98 36 5
a 98 49 13
a 98 37 8
c 1 87 47 74 136
c 67 8 90 91 128
c 13 95 22 18 186
c 83 81 30 31 159
c 43 80 98 92 179
c 59 84 16 91 129
c 5 31 68 66 105
c 46 4 16 39 152
c 84 7 98 33 127
c 74 65 64 63 150
c 84 2 80 81 116
c 18 80 64 5 181
c 46 63 41 81 169
c 29 23 19 20 118
c 0 1 36 86 170
c 49 79 64 84 107
c 42 45 84 15 167
c 92 53 89 26 153
c 73 46 91 61 111
c 38 4 30 34 136
c 62 4 42 5 123
c 31 40 75 85 188
c 93 96 69 70 116
c 44 85 29 93 182
c 81 18 50 96 176
c 80 64 50 80 190
c 57 55 51 83 145
c 69 65 12 83 188
c 42 44 93 88 118
c 36 40 86 87 103
c 64 68 92 91 137
c 29 93 83 69 105
c 84 85 65 71 111
c 55 32 68 39 181
c 93 12 68 66 100
c 46 99 81 61 192
c 56 57 35 82 128
c 87 10 96 61 110
c 98 33 20 94 179
c 90 75 47 87 190
c 58 69 73 38 155
c 43 8 4 5 170
c 64 33 83 22 115
c 19 32 52 45 155
c 45 96 89 76 115
c 24 82 57 71 176
c 51 83 53 38 187
c 94 31 64 65 127
c 97 52 95 90 145
c 85 86 10 45 120
c 39 40 76 18 119
c 95 20 47 74 162
c 36 61 44 39 129
c 11 39 6 55 137
c 25 82 29 43 170
c 8 44 87 19 176
c 63 23 31 64 135
c 21 82 37 26 162
c 6 88 21 70 157
c 44 88 6 19 109
c 68 69 82 67 178
c 60 37 12 90 158
c 23 85 25 8 125
c 30 49 8 70 194
c 67 98 94 31 172
c 28 37 94 59 125
c 11 12 26 45 169
c 82 14 64 66 120
c 89 53 75 85 144
c 11 10 11 29 155
c 87 56 87 93 173
c 28 93 79 7 156
c 60 22 41 42 196
c 75 73 56 73 119
c 46 44 44 26 163
c 82 67 39 40 101
c 61 11 31 57 179
c 23 88 48 89 103
c 49 99 87 3 198
c 46 61 73 68 151
c 10 51 98 99 129
c 60 22 71 13 125
c 18 66 3 85 189
c 82 31 52 86 180
c 39 5 78 54 141
c 0 89 81 2 173
c 31 34 74 58 196
c 87 88 95 57 116
c 3 92 94 7 181
c 54 1 94 59 161
c 20 21 78 97 108
c 40 61 54 55 189
c 59 14 6 66 131
c 5 74 2 17 123
c 7 1 44 51 196
c 58 59 94 24 159
c 35 36 87 88 135
c 18 68 24 15 103
c 89 90 1 87 169
c 9 7 58 73 177
c 61 36 78 23 116
c 16 70 41 8 171
c 93 58 21 70 101
c 30 31 61 11 164
c 82 51 78 19 111
c 17 75 13 28 194
c 23 46 86 85 168
c 16 24 43 17 171
c 36 59 76 77 176
c 27 48 10 72 158
c 59 60 78 19 144
c 89 90 34 16 174
c 49 84 19 2 186
c 57 51 86 17 109
c 89 14 47 87 185
c 40 81 47 56 113
c 92 91 62 4 103
c 41 11 61 25 113
c 84 26 96 90 145
c 38 87 29 49 195
c 67 82 43 80 144
c 61 25 73 97 188
c 22 18 89 14 173
c 22 97 10 36 172
c 31 79 86 85 168
c 11 12 6 66 139
c 8 84 6 66 123
c 65 42 48 10 162
c 21 83 17 81 130
c 69 65 65 69 168
c 91 92 63 81 184
c 89 90 32 70 116
c 98 1 68 70 126
c 15 16 66 76 103
c 43 34 24 82 188
c 64 65 85 28 107
c 6 19 40 16 170
c 4 13 46 13 184
c 67 11 46 44 140
c 21 82 33 47 103
c 80 44 72 3 169
c 82 14 10 1 103
c 64 66 63 23 151
c 9 92 60 12 149
c 68 69 51 15 112
c 82 31 17 81 182
c 60 68 44 39 191
c 48 10 54 53 198
c 86 87 43 33 120
c 70 64 0 62 164
c 46 47 76 26 122
c 7 1 77 28 103
c 40 41 92 93 121
c 17 18 21 66 172
c 28 37 24 87 185
c 47 68 61 65 174
c 71 29 10 70 124
c 21 83 0 1 153
c 60 1 38 64 120
c 52 87 18 66 137
c 17 53 47 40 165
c 90 56 93 96 197
c 6 35 1 96 177
c 24 30 51 70 104
c 40 61 31 64 132
c 36 78 71 56 198
c 19 9 42 83 157
c 51 83 35 96 175
c 73 40 84 7 198
c 34 16 74 22 110
c 72 7 95 90 143
c 23 46 74 92 187
c 8 45 51 39 167
c 95 15 88 62 163
c 29 30 52 65 158
c 77 80 3 85 197
c 4 5 8 84 180
c 50 17 22 97 118
c 84 15 9 55 117
c 4 95 70 12 136
c 39 99 98 77 148
c 6 1 66 29 131
c 56 16 76 94 180
c 96 55 2 40 145
c 73 27 57 41 178
c 53 96 70 71 136
c 56 84 91 80 110
c 64 87 79 77 188
c 74 42 10 51 139
c 87 56 63 64 103
c 64 66 1 96 176
c 35 86 97 90 129
c 2 79 52 44 191
c 68 74 66 67 151
c 65 69 11 50 141
c 19 9 91 75 148
c 70 71 87 15 134
c 29 49 68 37 142
c 50 15 29 17 180
c 0 12 81 16 104
c 0 89 61 29 105
c 48 10 95 58 122
c 5 74 27 19 117
c 52 21 97 52 187
c 81 16 44 56 178
c 5 46 80 44 146
c 86 17 64 66 186
c 2 8 61 11 134
c 51 70 21 83 181
c 95 12 29 93 126
c 11 29 17 41 157
c 81 82 9 92 128
c 19 2 62 5 123
c 95 12 36 5 195
c 96 38 94 75 166
c 35 42 75 33 107
c 79 4 4 2 145
c 24 85 25 82 154
c 7 87 93 94 139
c 46 90 64 6 195
c 39 9 55 48 100
c 7 8 64 65 156
c 67 39 87 41 131
c 60 22 40 72 177
c 65 35 32 87 187
c 23 46 90 91 115
c 20 43 27 43 149
c 95 4 5 31 170
c 59 60 25 41 184
c 7 48 35 29 183
c 47 74 0 64 104
c 55 38 90 91 181
c 0 94 48 89 118
c 85 32 95 90 186
c 49 50 71 72 122
c 46 83 61 97 172
c 49 73 19 34 177
c 37 74 50 15 194
c 10 86 96 55 144
c 87 19 38 4 158
c 73 68 61 11 166
c 42 66 24 64 138
c 37 38 61 19 182
c 28 85 36 13 154
c 74 79 0 67 144
c 97 72 47 74 194
c 74 22 69 63 173
c 46 63 6 33 127
c 95 96 68 33 168
c 96 61 61 97 166
c 28 85 94 4 197
c 40 36 5 97 188
c 73 83 65 6 142
c 36 35 59 78 179
c 16 39 6 55 147
c 92 53 61 20 185
c 51 83 48 9 190
c 93 58 96 38 173
c 26 99 6 1 141
c 4 21 42 45 154
c 70 12 45 99 108
c 51 83 16 22 128
c 57 55 53 81 107
c 88 31 75 85 166
c 33 87 49 40 161
c 2 79 46 4 125
c 76 77 42 5 176
c 2 34 27 19 128
c 7 54 14 81 102
c 31 79 56 73 141
c 0 13 58 39 147
c 19 34 37 36 193
c 58 71 36 13 106
c 10 94 64 68 191
c 13 88 74 44 103
c 56 57 44 32 106
c 31 32 22 24 134
c 59 84 32 6 135
c 20 41 65 92 191
c 74 58 16 12 125
c 67 39 52 11 119
c 7 28 14 57 147
c 46 61 77 54 126
c 34 67 47 87 174
c 14 15 62 5 191
c 16 49 85 28 106
c 47 5 73 74 178
c 71 85 76 45 183
c 7 54 42 44 101
c 18 8 16 49 138
c 84 2 20 94 177
c 16 49 66 30 186
c 5 61 27 80 152
c 37 38 67 11 112
c 9 24 32 87 105
c 30 21 54 56 116
c 59 41 51 39 115
c 92 53 5 2 158
c 9 24 12 90 174
c 61 2 74 44 190
c 67 33 43 33 122
c 75 76 32 70 136
c 10 1 68 23 153
c 13 95 27 43 170
c 40 77 34 94 134
c 70 53 6 55 168
c 28 5 89 14 184
c 58 37 13 95 144
c 81 18 23 88 128
c 55 94 96 55 117
c 82 51 41 73 148
c 60 17 42 5 134
c 13 28 66 97 114
c 27 28 97 98 126
c 47 56 88 6 123
c 27 43 14 81 194
c 61 6 54 72 131
c 93 30 40 16 118
c 77 98 4 52 122
c 55 94 9 96 159
c 58 71 4 99 148
c 68 69 46 90 194
c 0 91 13 98 169
c 21 66 81 2 152
c 46 83 47 5 194
c 98 92 71 66 170
c 24 87 15 16 182
c 67 39 60 11 189
c 77 15 63 64 131
c 51 61 96 90 195
c 14 57 57 99 103
c 45 99 38 39 134
c 36 9 35 52 117
c 16 80 10 86 129
c 77 89 21 22 138
c 33 73 37 21 115
c 44 1 63 23 116
c 15 40 21 73 122
c 88 17 70 37 139
c 22 64 70 78 138
c 32 89 75 4 103
c 57 85 50 17 174
c 46 47 26 93 181
c 40 72 83 66 158
c 4 77 64 66 129
c 52 17 46 13 177
c 43 80 94 7 130
c 30 49 31 55 116
c 13 14 55 48 148
c 52 37 95 62 122
c 8 44 41 11 152
c 32 6 45 96 121
c 23 21 94 31 163
c 18 4 83 8 198
c 93 22 48 25 152
c 37 72 40 72 121
c 55 31 66 30 105
c 63 64 88 89 173
c 80 64 4 13 151
c 51 61 81 2 197
c 38 53 5 21 171
c 49 63 39 5 177
c 88 17 47 56 115
c 62 30 86 19 138
c 33 87 58 71 108
c 52 44 30 31 148
c 27 19 25 41 113
c 60 22 49 99 185
c 98 92 9 96 197
c 71 29 61 20 124
c 58 1 44 26 188
c 34 67 70 37 164
c 66 20 43 33 160
c 4 95 12 13 171
c 42 47 16 49 146
c 4 95 67 82 189
c 86 19 94 95 147
c 78 4 27 14 116
c 95 12 29 17 168
c 74 58 4 77 167
c 73 38 55 32 133
c 70 12 68 7 150
c 52 53 95 24 191
c 46 3 65 25 146
c 32 70 68 74 176
c 32 70 51 15 113
c 34 45 56 16 143
c 20 68 6 33 161
c 95 84 53 87 151
c 88 31 66 84 160
c 98 77 27 95 154
c 47 40 78 4 113
c 93 45 93 62 115
c 91 80 74 92 109
c 1 10 81 2 142
c 59 40 56 84 164
c 15 85 50 48 107
c 29 43 38 16 191
c 97 70 26 45 114
c 46 90 46 3 188
c 74 22 55 97 117
c 6 88 73 27 191
c 31 79 55 43 109
c 47 5 97 10 122
c 77 98 0 89 156
c 75 71 76 26 155
c 35 45 0 13 180
c 69 4 10 85 170
c 42 5 38 39 122
c 2 34 53 54 147
c 82 2 46 44 148
c 68 39 46 4 173
c 39 32 27 14 149
c 66 36 24 17 170
c 64 84 66 67 160
c 49 90 70 37 148
c 74 98 74 22 186
c 13 98 40 85 124
c 73 83 64 71 197
c 94 31 13 26 199
c 36 37 42 47 192
c 37 72 95 9 163
c 37 74 22 24 114
c 41 66 31 97 179
c 34 37 11 77 169
c 47 74 18 4 157
c 68 76 14 15 131
c 14 52 10 36 155
c 98 33 82 51 173
c 15 34 83 14 197
c 73 27 29 95 189
c 32 89 36 9 197
c 21 83 70 64 130
c 35 14 3 83 139
c 17 80 68 7 163
c 37 72 73 40 147
c 5 44 50 96 182
c 93 96 14 50 189
c 97 52 55 61 126
c 74 24 93 82 113
c 4 70 24 15 163
c 38 87 63 81 183
c 68 7 11 10 139
c 74 42 68 70 197
c 70 53 13 88 138
c 11 50 51 26 103
c 64 58 76 45 145
c 96 90 93 62 137
c 78 79 20 43 154
c 59 11 15 34 193
c 61 65 69 63 177
c 7 38 26 86 110
c 94 49 86 19 113
c 42 66 69 65 157
c 25 8 55 4 141
c 48 9 96 55 167
c 16 80 91 95 135
c 49 84 50 80 135
c 74 65 71 29 196
c 94 31 67 82 134
c 17 80 0 67 101
c 15 85 83 19 109
c 93 30 10 96 152
c 31 24 76 62 197
c 2 17 5 61 196
c 98 77 49 40 172
c 74 65 17 10 115
c 14 93 34 21 188
c 18 8 97 70 149
c 85 4 28 29 166
c 30 72 81 82 139
c 0 62 35 42 192
c 81 41 38 53 180
c 44 45 27 28 131
c 0 67 81 51 175
c 94 36 37 74 173
c 93 12 5 9 188
c 96 61 98 1 150
c 3 84 21 83 180
c 79 80 2 3 188
c 71 13 55 3 102
c 36 35 40 72 115
c 4 41 60 22 123
c 66 29 92 52 165
c 83 19 77 28 123
c 68 7 63 64 179
c 29 30 21 83 106
c 24 17 11 39 149
c 15 68 22 64 106
