notes: n=100, m=990, elb=1, eub=20, density=0.1, conf_density=0.003, clb=25, cub= 125, seed= 4143
p spec 100 990 1468
s 0
t 99
a 0 1 16
a 0 86 3
a 0 51 7
a 0 99 11
a 0 74 19
a 0 13 1
a 0 63 16
a 0 93 10
a 0 87 10
a 0 80 5
a 0 65 5
a 0 26 7
a 0 4 3
a 1 2 17
a 1 67 5
a 1 83 4
a 1 88 7
a 1 59 18
a 1 28 17
a 1 30 19
a 1 10 11
a 1 13 11
a 1 9 19
a 2 3 12
a 2 49 18
a 2 55 10
a 2 82 16
a 2 29 15
a 2 6 2
a 2 4 8
a 2 39 16
a 3 4 16
a 3 84 19
a 3 96 4
a 3 51 1
a 3 26 8
a 3 53 9
a 3 2 19
a 3 45 12
a 3 38 10
a 3 25 3
a 4 5 1
a 4 31 2
a 4 41 10
a 4 35 13
a 4 52 10
a 4 27 11
a 4 22 5
a 4 95 18
a 4 61 16
a 5 6 12
a 5 19 7
a 5 56 14
a 5 73 17
a 5 15 5
a 5 51 17
a 5 11 16
a 5 50 12
a 6 7 14
a 6 57 8
a 6 72 17
a 6 56 3
a 6 79 6
a 6 44 16
a 6 94 4
a 6 22 13
a 7 8 18
a 7 92 13
a 7 86 5
a 7 77 14
a 7 2 9
a 7 37 7
a 7 96 2
a 7 79 6
a 7 72 12
a 7 71 9
a 7 94 5
a 7 85 17
a 7 60 1
a 7 97 9
a 7 80 6
a 7 11 13
a 7 21 19
a 8 9 18
a 8 56 1
a 8 12 17
a 8 60 10
a 8 37 9
a 8 15 4
a 8 76 15
a 8 98 17
a 9 10 11
a 9 57 4
a 9 68 7
a 9 65 7
a 9 85 6
a 9 1 2
a 9 96 15
a 9 90 8
a 9 2 16
a 9 67 12
a 9 21 14
a 9 58 4
a 9 37 2
a 10 11 7
a 10 6 11
a 10 66 4
a 10 48 4
a 10 20 10
a 10 4 12
a 10 35 4
a 10 8 14
a 10 53 7
a 10 72 5
a 10 95 3
a 10 2 10
a 10 87 11
a 10 15 10
a 11 12 17
a 11 68 8
a 11 84 10
a 11 46 11
a 11 95 7
a 11 99 9
a 11 58 18
a 11 63 12
a 11 40 14
a 11 54 6
a 11 70 10
a 11 57 12
a 11 93 19
a 12 13 18
a 12 70 14
a 12 31 6
a 12 82 3
a 12 38 12
a 12 41 18
a 12 19 19
a 12 30 13
a 13 14 6
a 13 72 4
a 13 22 12
a 13 89 3
a 13 15 9
a 13 59 14
a 13 82 15
a 13 87 7
a 13 62 10
a 13 27 18
a 13 33 9
a 13 64 4
a 13 91 8
a 13 98 3
a 13 19 17
a 13 52 3
a 14 15 9
a 14 8 2
a 14 96 17
a 14 21 19
a 14 32 3
a 14 76 4
a 14 4 7
a 15 16 3
a 15 83 18
a 15 29 8
a 15 99 9
a 15 32 11
a 15 4 9
a 15 3 17
a 15 79 11
a 16 17 2
a 16 64 17
a 16 10 7
a 16 7 14
a 16 3 3
a 16 41 12
a 16 27 8
a 16 34 10
a 16 96 19
a 16 54 7
a 17 18 11
a 17 71 3
a 17 58 2
a 17 40 14
a 17 92 13
a 17 51 2
a 17 46 17
a 17 86 9
a 17 27 11
a 17 1 8
a 17 48 5
a 18 19 15
a 18 63 2
a 18 43 18
a 18 42 7
a 18 53 14
a 18 20 7
a 18 26 1
a 18 6 10
a 18 39 12
a 18 55 1
a 18 91 14
a 18 80 3
a 18 81 2
a 18 17 19
a 19 20 13
a 19 36 15
a 19 73 6
a 19 84 18
a 19 1 14
a 19 99 15
a 20 21 13
a 20 45 17
a 20 89 18
a 20 4 8
a 20 58 1
a 20 29 11
a 20 39 16
a 20 33 19
a 20 95 9
a 21 22 3
a 21 29 2
a 21 64 2
a 21 69 7
a 22 23 4
a 22 12 3
a 22 48 16
a 22 20 4
a 22 55 5
a 23 24 1
a 23 1 4
a 23 16 10
a 23 12 4
a 23 58 14
a 23 95 12
a 23 75 5
a 23 30 1
a 23 73 14
a 23 52 9
a 24 25 7
a 24 8 6
a 24 56 9
a 24 38 17
a 24 59 4
a 24 52 6
a 24 18 13
a 24 20 12
a 24 54 12
a 24 42 2
a 24 29 8
a 25 26 16
a 25 14 17
a 25 76 14
a 25 20 18
a 25 96 15
a 25 52 10
a 25 66 4
a 25 84 12
a 26 27 8
a 26 39 19
a 26 37 14
a 26 6 14
a 26 46 17
a 26 54 11
a 26 84 2
a 26 16 6
a 26 28 18
a 27 28 15
a 27 70 11
a 27 91 1
a 27 69 17
a 27 31 15
a 27 22 10
a 27 84 18
a 27 16 1
a 27 81 12
a 27 89 14
a 28 29 8
a 28 12 16
a 28 1 11
a 28 78 17
a 28 23 8
a 28 20 14
a 28 17 4
a 28 88 6
a 28 26 6
a 28 51 6
a 29 30 11
a 29 92 16
a 29 24 13
a 29 39 16
a 29 27 11
a 29 50 19
a 29 46 1
a 30 31 19
a 30 28 9
a 30 69 16
a 30 16 19
a 30 36 7
a 30 92 14
a 30 22 1
a 30 66 12
a 30 73 1
a 30 90 14
a 31 32 12
a 31 94 18
a 31 25 17
a 31 11 1
a 31 55 15
a 31 44 4
a 31 9 11
a 31 63 1
a 31 26 10
a 31 70 10
a 31 16 7
a 31 79 18
a 32 33 14
a 32 62 2
a 32 45 19
a 32 37 7
a 32 72 14
a 32 41 9
a 32 95 16
a 32 67 3
a 33 34 12
a 33 42 1
a 33 90 10
a 33 19 17
a 33 6 19
a 33 10 4
a 33 81 16
a 33 22 15
a 33 82 1
a 33 78 11
a 33 12 7
a 34 35 11
a 34 50 1
a 34 76 7
a 34 29 4
a 34 47 2
a 34 67 6
a 34 23 1
a 34 37 17
a 34 5 5
a 34 61 16
a 34 3 4
a 34 68 1
a 34 98 15
a 34 79 13
a 35 36 11
a 35 41 2
a 35 10 2
a 35 60 19
a 35 77 14
a 35 19 5
a 35 17 10
a 35 8 19
a 35 68 1
a 35 7 11
a 35 84 3
a 35 48 4
a 35 2 6
a 35 83 15
a 36 37 6
a 36 23 17
a 36 55 15
a 36 8 16
a 36 46 12
a 36 38 19
a 36 4 8
a 36 41 15
a 36 48 6
a 36 43 19
a 36 44 4
a 36 75 17
a 36 47 14
a 36 1 15
a 36 29 19
a 36 5 14
a 36 30 16
a 37 38 19
a 37 53 18
a 37 48 7
a 37 75 17
a 37 59 4
a 37 58 19
a 37 7 18
a 37 93 16
a 37 54 1
a 37 99 11
a 38 39 10
a 38 80 1
a 38 12 12
a 38 33 8
a 38 14 14
a 38 82 5
a 38 21 17
a 38 92 11
a 38 13 6
a 38 36 13
a 38 62 13
a 38 41 2
a 39 40 17
a 39 35 8
a 39 97 3
a 39 31 7
a 39 9 1
a 39 60 16
a 39 54 16
a 39 27 5
a 39 22 16
a 39 34 10
a 39 86 18
a 39 56 17
a 39 70 1
a 39 7 5
a 39 85 12
a 39 68 3
a 40 41 15
a 40 81 8
a 40 36 2
a 40 71 5
a 40 32 14
a 40 87 13
a 40 43 10
a 40 17 13
a 40 22 17
a 40 20 7
a 40 11 14
a 40 62 10
a 40 45 11
a 41 42 6
a 41 44 3
a 41 25 1
a 41 7 18
a 41 16 14
a 41 80 7
a 41 68 17
a 41 8 11
a 41 15 12
a 41 45 14
a 41 4 18
a 42 43 12
a 42 41 18
a 42 71 4
a 42 92 6
a 42 98 18
a 42 88 12
a 42 8 12
a 42 38 12
a 43 44 9
a 43 72 5
a 43 96 8
a 43 94 13
a 43 35 10
a 43 30 9
a 43 18 15
a 43 21 1
a 43 99 6
a 44 45 3
a 44 5 14
a 44 10 15
a 44 55 15
a 44 51 5
a 45 46 16
a 45 9 6
a 45 4 17
a 45 37 18
a 45 67 18
a 45 12 7
a 45 59 8
a 45 55 16
a 45 23 12
a 46 47 8
a 46 84 9
a 46 11 7
a 46 93 8
a 46 22 13
a 46 71 10
a 46 24 9
a 46 89 17
a 46 14 5
a 46 13 14
a 46 21 18
a 46 55 3
a 46 31 14
a 47 48 6
a 47 20 17
a 47 44 6
a 47 17 5
a 47 61 6
a 47 63 15
a 47 3 11
a 47 52 4
a 47 97 2
a 47 26 14
a 47 93 13
a 47 86 5
a 47 79 9
a 48 49 1
a 48 41 1
a 48 34 16
a 48 10 11
a 48 17 12
a 48 30 1
a 48 28 16
a 48 16 4
a 48 52 19
a 48 94 11
a 48 15 4
a 48 45 18
a 48 1 19
a 49 50 11
a 49 77 11
a 49 68 13
a 49 23 11
a 49 53 4
a 49 96 3
a 50 51 8
a 50 91 8
a 50 73 16
a 50 99 8
a 50 39 11
a 50 28 2
a 50 70 5
a 51 52 10
a 51 28 13
a 51 80 15
a 51 39 16
a 51 44 15
a 51 65 18
a 51 68 12
a 51 42 4
a 52 53 19
a 52 64 10
a 52 61 14
a 52 5 6
a 52 98 9
a 52 22 1
a 52 47 9
a 52 48 5
a 52 50 13
a 53 54 7
a 53 75 11
a 53 25 16
a 53 56 14
a 53 61 15
a 53 78 12
a 53 70 15
a 53 34 12
a 54 55 15
a 54 69 8
a 54 89 7
a 54 97 10
a 54 25 9
a 54 22 15
a 54 47 2
a 54 4 10
a 54 79 8
a 54 43 2
a 54 67 16
a 55 56 3
a 55 34 14
a 55 64 2
a 55 72 8
a 55 46 3
a 56 57 19
a 56 34 11
a 56 84 2
a 56 72 14
a 56 59 3
a 56 42 16
a 56 17 10
a 56 4 6
a 57 58 13
a 57 11 12
a 57 95 2
a 57 49 7
a 58 59 3
a 58 6 2
a 58 92 13
a 58 12 1
a 58 40 10
a 58 63 8
a 58 61 1
a 58 33 11
a 58 75 13
a 58 95 17
a 59 60 18
a 59 87 14
a 59 90 17
a 59 52 12
a 59 81 15
a 59 91 17
a 59 25 10
a 60 61 6
a 60 3 5
a 60 77 16
a 60 89 10
a 60 73 6
a 60 16 7
a 60 54 3
a 60 4 12
a 60 10 8
a 60 9 18
a 60 40 6
a 61 62 16
a 61 85 4
a 61 30 10
a 61 34 5
a 61 5 13
a 61 72 8
a 61 18 2
a 61 21 10
a 61 59 6
a 61 96 4
a 61 33 16
a 62 63 9
a 62 46 18
a 62 37 2
a 62 48 10
a 62 34 11
a 62 43 8
a 62 39 8
a 62 47 15
a 63 64 2
a 63 15 4
a 63 71 15
a 63 16 3
a 63 92 5
a 63 77 17
a 63 78 1
a 63 13 19
a 63 88 19
a 63 73 12
a 63 94 3
a 63 85 19
a 63 14 12
a 64 65 5
a 64 25 10
a 64 16 1
a 64 58 7
a 64 7 11
a 64 87 12
a 64 26 7
a 64 39 1
a 64 88 15
a 64 36 16
a 64 67 3
a 64 62 8
a 64 28 11
a 64 50 15
a 64 46 15
a 64 14 18
a 64 3 13
a 64 9 17
a 64 34 9
a 64 89 10
a 65 66 9
a 65 98 16
a 65 95 18
a 65 59 9
a 65 2 16
a 65 64 14
a 65 69 2
a 65 19 3
a 66 67 17
a 66 87 8
a 66 57 12
a 66 95 9
a 66 17 17
a 66 96 17
a 66 2 11
a 67 68 8
a 67 69 4
a 67 85 11
a 67 3 12
a 67 81 6
a 67 82 2
a 67 65 9
a 68 69 6
a 68 61 8
a 68 80 8
a 68 93 14
a 68 20 17
a 68 25 5
a 68 83 1
a 68 12 11
a 68 58 7
a 68 28 6
a 68 35 8
a 68 87 1
a 68 74 13
a 68 42 7
a 68 96 17
a 69 70 5
a 69 2 19
a 69 55 14
a 69 56 8
a 69 97 12
a 69 67 10
a 69 98 17
a 69 6 13
a 69 89 7
a 69 40 12
a 69 85 14
a 69 26 6
a 69 63 19
a 70 71 16
a 70 82 19
a 70 94 11
a 70 3 17
a 70 9 16
a 70 41 9
a 70 98 1
a 70 56 19
a 70 14 13
a 70 25 15
a 70 92 1
a 70 62 13
a 71 72 11
a 71 47 6
a 71 73 11
a 71 62 2
a 71 6 14
a 71 85 17
a 71 38 19
a 71 77 15
a 71 8 17
a 72 73 11
a 72 95 16
a 72 29 17
a 72 56 11
a 72 54 6
a 72 61 6
a 72 31 6
a 72 46 14
a 72 94 19
a 72 53 11
a 72 92 17
a 72 16 19
a 72 41 14
a 73 74 19
a 73 90 9
a 73 26 4
a 73 6 15
a 73 29 19
a 73 64 10
a 73 31 1
a 73 15 17
a 73 99 6
a 74 75 13
a 74 94 18
a 74 24 8
a 74 7 1
a 74 9 13
a 74 43 6
a 74 39 2
a 74 85 18
a 74 29 18
a 74 61 3
a 74 25 18
a 74 71 1
a 75 76 4
a 75 22 5
a 75 97 5
a 75 15 14
a 75 34 7
a 75 23 17
a 75 26 16
a 75 2 15
a 75 6 10
a 75 4 3
a 75 32 16
a 75 14 11
a 76 77 5
a 76 87 14
a 76 34 3
a 76 23 3
a 76 69 5
a 76 75 6
a 76 43 8
a 77 78 14
a 77 61 3
a 77 45 4
a 77 63 1
a 77 14 2
a 77 80 6
a 78 79 11
a 78 76 6
a 78 95 15
a 78 9 7
a 78 98 14
a 78 30 11
a 78 23 12
a 78 67 14
a 78 12 15
a 78 63 11
a 79 80 8
a 79 98 4
a 79 95 13
a 79 28 15
a 79 53 13
a 79 13 17
a 79 41 16
a 79 65 10
a 79 7 5
a 79 16 9
a 79 88 16
a 80 81 11
a 80 26 9
a 80 69 14
a 80 58 8
a 80 2 16
a 80 72 15
a 80 29 16
a 81 82 18
a 81 27 1
a 81 16 15
a 81 98 17
a 81 22 1
a 81 18 15
a 81 77 9
a 82 83 10
a 82 2 15
a 82 28 16
a 82 10 9
a 82 55 8
a 82 62 10
a 82 31 17
a 82 20 11
a 82 27 6
a 82 94 4
a 83 84 11
a 83 67 17
a 83 81 4
a 83 77 3
a 83 98 11
a 83 54 16
a 84 85 11
a 84 75 3
a 84 96 17
a 84 99 15
a 84 33 14
a 84 40 13
a 84 92 13
a 84 48 6
a 84 32 13
a 84 74 9
a 84 4 8
a 84 14 5
a 84 15 9
a 85 86 4
a 85 3 18
a 85 83 11
a 85 62 6
a 85 61 11
a 85 89 10
a 85 69 9
a 85 65 17
a 85 35 2
a 85 30 7
a 85 15 7
a 86 87 16
a 86 45 10
a 86 53 19
a 86 78 1
a 86 55 18
a 86 60 1
a 86 75 10
a 86 63 2
a 86 68 1
a 86 4 12
a 86 22 6
a 86 79 16
a 87 88 18
a 87 97 16
a 87 16 17
a 87 67 3
a 87 75 5
a 87 70 13
a 87 44 3
a 87 25 18
a 87 72 6
a 88 89 1
a 88 9 8
a 88 47 13
a 88 75 5
a 88 71 14
a 88 55 7
a 88 43 11
a 88 14 8
a 88 6 6
a 88 21 5
a 88 97 6
a 89 90 12
a 89 2 10
a 89 8 8
a 89 82 3
a 89 9 8
a 89 54 12
a 89 97 19
a 89 85 2
a 89 98 16
a 89 86 9
a 90 91 1
a 90 80 1
a 90 49 11
a 90 88 3
a 90 79 14
a 90 57 15
a 90 13 3
a 90 31 19
a 90 61 19
a 90 67 6
a 91 92 3
a 91 30 13
a 91 35 14
a 91 89 15
a 91 68 6
a 91 41 17
a 91 55 10
a 91 61 19
a 91 11 19
a 91 28 6
a 91 88 5
a 91 13 15
a 91 25 4
a 92 93 1
a 92 74 10
a 92 71 19
a 92 30 19
a 92 78 14
a 93 94 4
a 93 87 11
a 93 13 8
a 93 50 9
a 93 84 18
a 93 81 8
a 93 16 18
a 93 49 9
a 93 79 5
a 93 28 10
a 93 21 4
a 94 95 14
a 94 42 12
a 94 69 9
a 94 7 18
a 94 88 8
a 94 70 2
a 94 5 19
a 94 14 12
a 95 96 8
a 95 52 15
a 95 68 11
a 95 1 8
a 95 79 12
a 95 36 10
a 96 97 15
a 96 76 9
a 96 24 4
a 96 3 17
a 96 42 9
a 96 65 7
a 96 72 8
a 96 74 3
a 96 2 5
a 96 17 12
a 97 98 12
a 97 35 19
a 97 26 14
a 97 69 10
a 97 75 2
a 97 29 13
a 97 20 2
a 97 88 15
a 97 94 1
a 97 74 8
a 97 49 3
a 98 99 7
a 98 22 14
a 98 78 4
a 98 96 16
a 98 26 13
a 98 66 2
a 98 33 6
a 98 44 17
a 98 64 14
a 98 24 6
a 98 77 6
c 53 75 36 29 83
c 81 18 47 44 118
c 70 94 92 74 47
c 52 53 84 40 95
c 78 23 10 35 37
c 17 71 73 90 60
c 58 6 56 42 74
c 10 6 9 67 81
c 51 28 5 6 78
c 7 8 94 7 76
c 14 96 53 54 115
c 13 89 32 62 60
c 69 97 33 81 119
c 24 56 24 8 36
c 13 87 94 14 113
c 72 46 74 25 45
c 11 46 4 27 117
c 61 33 57 95 55
c 67 3 81 77 30
c 82 62 85 35 83
c 13 72 1 88 71
c 51 68 24 42 96
c 69 85 87 16 105
c 12 31 93 94 107
c 0 65 41 25 87
c 5 73 30 28 74
c 14 96 38 62 46
c 51 42 2 39 121
c 0 26 51 39 48
c 60 73 44 45 25
c 88 47 97 98 95
c 5 11 0 26 92
c 3 26 21 22 38
c 35 17 64 39 62
c 71 38 82 2 26
c 80 72 16 41 28
c 25 20 28 29 56
c 47 26 79 16 64
c 59 60 13 14 75
c 82 20 71 8 49
c 47 97 11 40 73
c 6 56 84 99 97
c 83 81 18 43 116
c 31 9 52 50 91
c 51 65 68 28 82
c 62 48 27 28 71
c 22 55 47 93 100
c 33 12 76 87 103
c 24 56 65 2 96
c 12 19 30 66 27
c 33 90 46 93 92
c 57 58 53 75 37
c 7 79 40 81 92
c 57 58 63 16 87
c 32 67 98 99 37
c 40 32 17 48 76
c 77 61 2 4 77
c 7 71 18 81 30
c 3 45 38 33 32
c 69 6 75 26 39
c 89 97 33 12 80
c 75 4 0 4 49
c 98 66 28 17 41
c 79 7 7 37 64
c 36 41 46 31 114
c 98 26 67 68 26
c 56 42 48 17 92
c 79 98 42 71 111
c 66 2 48 10 37
c 68 87 68 83 107
c 19 84 63 94 66
c 81 22 85 15 121
c 16 54 79 53 86
c 37 99 0 1 37
c 24 38 80 29 77
c 47 48 42 43 28
c 12 19 9 57 120
c 69 98 48 10 118
c 38 82 97 26 42
c 46 93 61 62 94
c 38 21 5 15 77
c 74 71 63 78 45
c 60 4 96 17 57
c 53 61 3 38 53
c 72 73 31 63 65
c 46 93 28 12 85
c 7 21 7 85 33
c 20 89 68 83 46
c 75 6 96 24 100
c 55 34 36 1 66
c 24 52 35 41 63
c 0 26 84 15 78
c 85 65 27 91 123
c 43 96 93 28 40
c 3 26 68 93 102
c 0 86 64 25 56
c 8 37 82 20 116
c 58 6 48 52 56
c 22 20 46 84 53
c 53 54 78 9 38
c 27 28 1 28 29
c 48 10 7 96 57
c 68 80 38 92 45
c 88 14 75 2 92
c 68 87 84 32 39
c 29 46 67 68 92
c 7 21 20 39 93
c 86 68 70 14 42
c 66 17 64 9 62
c 64 34 10 2 110
c 31 25 89 86 92
c 96 65 30 22 100
c 73 6 13 72 83
c 54 67 49 77 91
c 27 84 33 19 37
c 93 49 17 46 96
c 23 24 36 43 66
c 64 89 55 64 105
c 36 75 86 60 47
c 77 45 15 83 25
c 71 38 69 98 101
c 13 15 68 80 26
c 34 35 98 22 60
c 67 3 71 38 28
c 64 3 30 22 74
c 41 25 7 96 33
c 84 99 76 75 119
c 63 85 19 99 40
c 13 27 71 38 119
c 13 64 82 2 117
c 26 6 71 8 123
c 0 99 51 68 64
c 64 87 93 81 32
c 61 5 54 4 98
c 54 43 94 14 120
c 59 87 64 89 66
c 93 28 31 70 86
c 32 95 51 42 121
c 69 26 3 2 86
c 5 50 12 31 90
c 87 44 17 27 49
c 64 39 76 34 82
c 84 99 33 19 43
c 50 91 61 5 111
c 37 53 88 75 27
c 35 8 39 35 71
c 9 1 39 97 113
c 1 30 51 44 67
c 19 84 61 34 89
c 81 77 19 20 57
c 37 58 19 99 27
c 2 39 46 11 86
c 41 45 25 14 72
c 60 89 27 81 73
c 60 10 68 35 82
c 7 21 58 12 110
c 64 67 25 26 61
c 7 60 6 56 107
c 63 14 4 41 35
c 66 95 52 5 69
c 28 23 79 88 44
c 54 97 82 83 105
c 19 99 53 25 118
c 93 87 80 26 91
c 89 85 53 25 106
c 2 3 48 1 103
c 0 80 15 4 42
c 90 57 84 85 49
c 6 94 8 56 35
c 49 77 68 28 33
c 59 52 68 12 57
c 26 16 69 98 25
c 8 12 32 67 107
c 91 28 63 16 52
c 41 7 33 6 99
c 35 7 17 27 50
c 74 43 18 55 67
c 10 48 39 60 105
c 85 3 73 29 95
c 14 21 74 61 115
c 40 87 84 74 73
c 42 8 51 68 89
c 95 52 90 57 106
c 20 45 63 73 71
c 87 70 83 54 76
c 39 70 36 38 75
c 19 36 86 79 36
c 50 73 70 94 58
c 2 3 96 3 124
c 74 94 44 51 123
c 91 13 87 88 97
c 62 47 68 58 25
c 12 41 53 78 41
c 38 80 54 97 57
c 2 6 39 34 53
c 3 26 5 51 44
c 75 22 85 83 95
c 38 14 24 42 44
c 72 94 66 57 100
c 75 6 91 92 37
c 30 69 98 44 107
c 41 44 49 23 119
c 75 14 46 93 78
c 47 79 68 12 58
c 40 17 11 99 56
c 1 88 6 56 67
c 74 7 17 92 50
c 32 62 10 95 48
c 29 92 91 35 95
c 40 36 34 47 56
c 51 68 45 12 31
c 68 61 78 12 64
c 16 3 42 38 77
c 63 77 51 42 82
c 88 6 51 42 64
c 31 16 63 73 32
c 68 83 66 57 45
c 10 87 45 37 101
c 46 84 45 37 100
c 40 17 71 38 50
c 70 3 31 63 38
c 61 34 91 61 92
c 40 22 93 79 59
c 1 83 42 88 27
c 76 87 84 14 90
c 74 94 7 85 75
c 98 66 36 41 67
c 83 98 24 59 35
c 31 79 35 84 71
c 68 25 85 62 118
c 22 23 30 28 75
c 88 14 34 79 94
c 97 29 45 46 31
c 97 49 84 85 55
c 52 61 32 72 70
c 63 16 73 26 60
c 81 98 86 53 122
c 0 93 11 54 42
c 86 87 68 83 109
c 54 69 46 21 64
c 52 48 21 64 39
c 74 94 78 30 97
c 46 93 12 82 30
c 28 20 86 68 87
c 26 28 69 98 53
c 97 20 36 38 86
c 46 13 11 63 25
c 58 40 16 7 47
c 90 79 17 27 96
c 67 85 92 30 50
c 24 38 98 24 35
c 41 25 72 46 44
c 47 17 73 64 28
c 75 15 62 47 51
c 90 80 39 86 87
c 86 75 4 61 106
c 53 70 74 25 32
c 12 82 95 79 54
c 73 29 9 68 71
c 64 16 7 94 30
c 7 60 90 80 26
c 13 72 68 42 100
c 86 78 23 16 99
c 71 6 28 88 115
c 64 46 48 1 44
c 87 67 63 71 113
c 53 25 16 54 100
c 93 49 41 45 38
c 91 11 40 43 81
c 38 12 11 93 28
c 64 46 46 22 103
c 24 52 14 96 72
c 82 62 3 4 116
c 69 63 70 98 33
c 64 39 0 4 101
c 66 57 31 94 121
c 11 58 15 3 120
c 63 78 18 80 44
c 11 68 33 81 47
c 17 46 31 32 77
c 97 75 75 32 95
c 34 76 51 42 74
c 34 3 81 98 106
c 78 9 82 83 103
c 47 79 85 62 111
c 4 95 68 74 58
c 13 82 18 43 72
c 62 46 19 1 46
c 9 37 0 51 25
c 35 83 34 61 113
c 31 9 20 33 95
c 63 78 69 55 99
c 45 12 48 10 41
c 85 83 37 7 84
c 80 58 24 42 106
c 12 19 59 90 40
c 32 41 20 45 119
c 61 59 30 73 95
c 55 46 48 41 100
c 24 8 91 68 77
c 41 44 1 9 85
c 54 69 82 10 68
c 63 71 93 84 80
c 10 53 26 39 94
c 39 68 64 58 120
c 45 46 11 46 76
c 7 11 32 67 53
c 4 5 60 3 116
c 79 95 73 26 103
c 24 8 37 53 101
c 16 96 74 75 52
c 40 17 7 11 101
c 93 13 60 9 60
c 58 92 7 85 106
c 3 4 64 14 66
c 10 66 49 68 113
c 34 50 11 93 114
c 63 14 28 51 71
c 64 87 62 46 55
c 79 7 89 8 111
c 58 63 38 14 121
c 5 15 82 94 73
c 37 38 10 48 68
c 52 22 87 88 64
c 18 39 87 44 116
c 25 26 83 84 31
c 13 89 91 92 38
c 41 8 81 16 58
c 91 92 58 59 50
c 27 91 52 98 103
c 33 10 47 63 97
c 16 96 91 92 71
c 8 12 17 46 65
c 43 18 25 76 43
c 68 12 46 13 93
c 40 62 40 20 26
c 71 73 83 77 67
c 38 14 31 25 69
c 1 13 62 34 86
c 81 77 86 4 73
c 41 68 86 79 57
c 45 9 28 51 74
c 69 97 95 52 32
c 56 4 90 13 92
c 88 6 46 13 103
c 8 76 11 58 102
c 93 50 17 92 26
c 27 28 77 78 62
c 83 98 46 71 118
c 89 85 82 62 41
c 39 97 74 39 102
c 87 67 61 33 109
c 46 31 36 55 98
c 33 78 62 34 88
c 32 62 70 25 46
c 60 73 54 69 28
c 13 87 34 5 56
c 61 21 68 87 60
c 68 25 3 51 38
c 69 85 6 22 40
c 39 35 20 95 108
c 80 69 5 6 73
c 77 45 67 82 34
c 80 2 18 17 95
c 2 82 61 59 95
c 69 67 30 66 81
c 77 63 71 72 51
c 72 41 69 56 81
c 30 36 37 38 95
c 69 2 68 12 80
c 24 59 37 48 63
c 90 88 74 94 48
c 58 33 11 95 82
c 3 84 74 85 106
c 9 58 19 73 25
c 44 45 53 54 34
c 42 92 58 61 100
c 68 35 50 99 73
c 51 80 33 6 66
c 51 52 82 10 109
c 26 54 90 61 111
c 35 60 61 59 124
c 82 10 93 84 87
c 33 34 34 50 27
c 78 9 69 70 64
c 86 55 45 12 100
c 43 96 33 82 62
c 85 15 61 5 47
c 8 76 33 22 93
c 64 16 65 98 101
c 59 81 78 63 45
c 84 99 7 21 121
c 33 22 9 65 91
c 73 26 87 70 74
c 15 29 31 32 98
c 64 65 90 31 57
c 72 41 95 1 93
c 23 12 68 42 102
c 41 42 58 12 111
c 90 79 56 59 80
c 80 58 11 93 118
c 31 44 32 62 30
c 81 18 13 19 57
c 64 88 16 64 43
c 91 89 61 34 72
c 64 87 16 34 100
c 86 60 70 92 46
c 53 75 71 38 91
c 49 23 91 30 124
c 14 76 69 56 29
c 10 72 31 79 63
c 31 16 30 36 84
c 96 2 28 78 96
c 58 6 7 94 68
c 35 8 54 47 116
c 45 55 72 92 71
c 51 80 91 88 101
c 84 14 33 34 72
c 63 16 2 55 74
c 33 90 7 77 61
c 63 77 33 82 41
c 68 74 34 68 51
c 38 39 28 12 42
c 42 71 0 80 107
c 36 41 18 6 102
c 95 68 97 20 49
c 33 22 36 47 121
c 23 30 82 28 101
c 29 24 91 68 100
c 28 12 58 6 55
c 34 67 38 33 116
c 40 71 60 61 66
c 76 23 18 63 47
c 64 36 56 34 79
c 86 22 83 67 57
c 22 55 68 42 44
c 79 13 39 22 107
c 65 2 51 42 102
c 17 51 53 78 122
c 48 49 31 11 59
c 78 95 85 61 102
c 9 68 43 44 93
c 69 97 37 48 90
c 36 4 67 69 69
c 97 35 30 31 93
c 23 30 17 40 58
c 81 82 93 94 100
c 15 29 18 91 77
c 28 78 36 48 27
c 45 12 34 67 76
c 36 4 31 9 53
c 46 11 31 32 35
c 23 75 86 79 36
c 37 38 27 70 107
c 9 10 1 59 89
c 55 46 6 44 75
c 40 32 63 14 68
c 25 26 34 5 65
c 77 80 75 15 82
c 52 22 96 17 75
c 65 64 10 72 123
c 64 39 91 55 39
c 34 61 90 31 97
c 39 9 86 45 108
c 76 77 90 13 50
c 24 38 82 62 96
c 86 22 65 64 68
c 79 13 48 41 112
c 38 14 73 29 77
c 40 41 58 63 36
c 28 23 70 94 32
c 17 1 33 19 39
c 68 87 8 15 94
c 75 2 64 87 110
c 72 73 20 89 120
c 46 14 35 36 92
c 75 97 63 73 114
c 71 6 71 38 96
c 27 16 65 66 25
c 8 12 30 22 25
c 64 16 38 39 28
c 34 50 24 54 69
c 42 98 34 98 89
c 69 98 72 54 28
c 29 92 92 30 38
c 39 97 60 89 87
c 26 37 58 92 111
c 46 71 70 14 66
c 92 30 80 58 98
c 31 94 80 81 86
c 78 9 62 47 99
c 76 23 40 87 38
c 70 94 1 88 74
c 79 65 72 31 38
c 64 7 17 18 47
c 83 98 48 41 96
c 33 82 96 42 107
c 18 63 71 38 102
c 90 57 46 31 53
c 87 16 62 63 89
c 50 99 39 27 99
c 97 94 18 53 73
c 30 66 7 86 83
c 31 9 47 63 105
c 18 81 18 42 119
c 20 29 64 7 60
c 60 10 60 9 70
c 13 82 40 17 29
c 86 68 87 75 120
c 33 81 77 61 25
c 88 89 1 67 88
c 74 85 84 74 59
c 59 52 45 59 79
c 37 38 89 86 121
c 38 82 37 99 94
c 31 26 68 80 79
c 36 46 83 98 47
c 60 89 74 39 60
c 54 22 5 6 82
c 50 91 9 21 60
c 77 61 58 92 61
c 64 26 84 74 121
c 80 58 16 10 104
c 48 16 0 87 64
c 36 4 60 10 61
c 35 17 92 71 121
c 64 34 69 63 123
c 64 67 33 22 53
c 8 76 83 67 28
c 35 10 75 26 115
c 93 28 25 96 60
c 72 73 16 10 106
c 85 83 11 84 94
c 41 42 42 71 122
c 33 34 19 84 57
c 57 49 82 83 76
c 51 39 93 94 39
c 46 14 4 95 90
c 57 95 60 16 102
c 97 20 84 85 95
c 10 53 12 13 111
c 41 68 76 87 98
c 83 81 66 57 38
c 61 33 21 69 101
c 23 58 15 83 82
c 63 13 78 30 101
c 72 92 34 5 34
c 91 28 63 71 89
c 29 50 79 65 78
c 45 55 70 25 33
c 87 88 23 58 104
c 34 5 0 1 49
c 66 2 82 20 74
c 54 89 3 51 65
c 85 86 65 59 83
c 2 3 18 43 56
c 97 20 89 2 120
c 31 25 0 99 30
c 91 11 1 10 89
c 78 79 41 25 30
c 0 86 27 22 112
c 56 59 11 93 66
c 36 44 69 2 39
c 48 45 72 94 46
c 89 97 7 21 73
c 93 28 27 81 82
c 75 26 34 29 114
c 7 85 21 29 26
c 6 94 57 95 35
c 62 37 74 25 90
c 73 6 86 53 99
c 81 22 81 82 122
c 10 53 32 72 106
c 37 38 85 65 86
c 19 84 93 87 86
c 18 91 24 29 105
c 21 22 68 58 106
c 90 61 10 95 94
c 16 3 57 95 95
c 96 2 5 73 105
c 74 9 24 42 94
c 49 77 41 16 32
c 4 35 67 65 104
c 20 29 95 96 49
c 53 56 4 35 73
c 97 74 30 36 94
c 37 75 17 58 29
c 0 93 29 30 101
c 76 87 41 4 69
c 52 50 29 30 78
c 36 43 46 55 74
c 69 26 96 74 32
c 2 49 96 2 51
c 1 88 12 41 84
c 87 25 16 54 120
c 50 99 88 97 85
c 90 79 39 60 115
c 68 83 48 10 84
c 52 61 14 8 35
c 39 40 60 16 95
c 65 69 64 39 71
c 46 24 2 29 66
c 0 80 71 77 37
c 44 51 27 22 114
c 72 16 69 89 47
c 12 19 31 9 35
c 3 2 32 33 102
c 66 87 61 96 93
c 54 67 85 62 78
c 43 72 91 13 54
c 23 24 43 96 94
c 39 27 7 97 86
c 81 98 84 74 39
c 70 41 85 83 107
c 78 23 45 59 55
c 23 24 64 7 104
c 18 26 24 20 54
c 89 54 3 26 79
c 8 15 98 33 37
c 48 94 35 36 51
c 74 7 48 94 115
c 10 11 38 82 42
c 86 75 38 39 25
c 27 81 56 34 93
c 24 25 4 22 40
c 82 20 57 11 97
c 14 76 91 25 29
c 87 67 90 13 73
c 87 97 62 46 63
c 86 45 93 16 81
c 84 14 20 29 40
c 10 8 30 92 114
c 10 11 48 16 93
c 52 47 41 7 70
c 72 31 64 67 67
c 84 75 91 41 39
c 40 11 96 2 120
c 60 4 11 57 111
c 24 52 67 3 61
c 81 18 73 29 64
c 63 88 27 91 104
c 68 12 47 3 118
c 67 69 31 11 80
c 25 20 68 12 37
c 25 20 45 59 85
c 8 98 70 71 86
c 1 10 1 59 31
c 77 63 52 47 34
c 17 86 27 84 66
c 6 79 74 24 57
c 60 61 35 7 97
c 98 96 73 64 84
c 34 3 88 9 89
c 51 80 4 22 36
c 54 43 64 14 37
c 12 19 50 70 50
c 60 73 72 94 76
c 24 54 86 53 57
c 50 51 82 2 80
c 11 68 90 31 79
c 7 60 64 65 80
c 98 33 83 67 32
c 93 81 71 47 47
c 12 13 14 76 67
c 6 7 60 4 79
c 85 65 82 94 88
c 66 96 86 63 121
c 69 70 86 87 55
c 94 14 61 72 79
c 7 21 13 27 55
c 33 42 12 41 89
c 62 34 44 5 89
c 72 95 85 89 64
c 75 23 28 51 106
c 86 53 7 96 57
c 66 87 29 27 53
c 60 89 40 71 107
c 4 5 10 15 116
c 52 64 51 44 115
c 23 24 72 95 43
c 0 87 9 85 48
c 75 34 64 7 92
c 72 61 96 2 36
c 69 98 63 71 110
c 98 99 63 77 71
c 90 91 7 37 69
c 8 76 96 97 35
c 48 94 39 9 90
c 32 72 16 27 26
c 0 1 98 26 91
c 10 72 75 76 124
c 71 8 43 72 33
c 59 87 43 99 43
c 8 76 96 24 85
c 37 54 20 21 29
c 66 87 26 54 36
c 83 81 37 38 48
c 32 45 1 88 69
c 97 88 42 41 114
c 55 56 23 16 52
c 56 59 67 82 106
c 52 5 56 59 117
c 52 53 38 92 102
c 45 9 72 54 100
c 84 99 8 76 55
c 7 2 7 79 56
c 88 47 63 77 43
c 11 57 7 97 51
c 67 85 2 39 101
c 75 14 29 92 43
c 85 15 88 43 109
c 92 93 6 94 84
c 9 37 50 99 109
c 47 44 39 31 90
c 36 48 24 25 70
c 31 94 93 28 120
c 58 75 93 94 108
c 37 54 55 34 104
c 64 46 35 2 104
c 72 54 91 25 101
c 88 21 92 30 50
c 9 90 3 26 48
c 75 97 34 35 78
c 10 2 64 87 68
c 26 28 25 66 44
c 13 91 0 86 60
c 67 85 26 37 92
c 11 93 48 52 27
c 52 50 48 52 77
c 29 24 40 87 101
c 85 69 39 27 35
c 53 70 27 28 78
c 33 10 86 87 39
c 93 13 36 1 68
c 34 23 31 70 75
c 69 2 4 52 30
c 40 17 49 23 58
c 3 53 68 20 105
c 93 16 26 16 111
c 25 52 10 66 97
c 65 69 31 63 26
c 54 4 40 22 67
c 97 26 1 10 103
c 74 29 7 92 42
c 42 8 20 58 61
c 15 32 52 47 26
c 56 57 64 34 54
c 6 79 13 52 73
c 14 15 53 70 46
c 36 48 11 93 77
c 79 7 38 92 72
c 46 24 91 30 54
c 12 31 48 52 33
c 57 95 97 20 59
c 62 47 63 14 99
c 43 18 9 90 74
c 47 86 5 6 94
c 31 44 64 46 42
c 47 63 41 68 101
c 48 28 88 71 88
c 49 68 35 68 83
c 88 97 80 58 76
c 82 10 40 87 112
c 96 76 35 48 67
c 88 89 62 43 44
c 38 36 7 96 37
c 28 78 77 78 88
c 67 69 33 6 41
c 7 21 64 62 99
c 85 86 0 1 79
c 52 48 4 22 114
c 16 64 45 9 26
c 49 53 42 38 91
c 39 35 46 14 42
c 9 96 41 45 110
c 69 97 64 28 27
c 93 81 60 40 99
c 56 57 55 34 71
c 66 67 2 3 119
c 67 65 18 19 65
c 43 72 63 73 31
c 64 50 88 47 33
c 75 76 55 72 48
c 96 97 8 37 89
c 64 36 9 1 108
c 59 90 37 48 31
c 28 78 23 75 81
c 68 61 79 41 81
c 9 57 84 14 96
c 51 80 94 95 119
c 68 80 8 15 44
c 88 97 51 80 34
c 1 9 64 9 50
c 97 74 43 99 98
c 6 7 29 46 81
c 62 34 64 58 101
c 23 12 51 39 53
c 45 67 10 48 106
c 16 10 72 16 105
c 13 91 93 49 85
c 65 2 93 16 48
c 7 96 39 9 31
c 77 80 82 55 71
c 56 59 90 31 102
c 87 16 36 75 51
c 68 12 64 3 52
c 64 25 56 34 62
c 32 95 84 96 48
c 74 29 30 92 69
c 6 44 36 23 100
c 31 9 15 16 41
c 26 27 79 13 33
c 91 41 0 65 41
c 40 22 47 3 106
c 6 22 59 81 86
c 97 75 23 16 57
c 56 17 27 89 33
c 74 7 42 43 69
c 68 74 28 88 53
c 64 3 16 54 86
c 91 89 93 28 57
c 64 50 13 52 85
c 3 4 41 7 102
c 47 52 90 61 104
c 66 17 79 53 99
c 32 33 89 98 58
c 70 92 35 84 100
c 9 90 74 43 76
c 40 41 68 87 41
c 36 4 58 6 35
c 78 9 19 73 79
c 69 56 16 96 103
c 16 96 45 46 98
c 84 48 81 98 94
c 70 9 9 65 25
c 8 15 28 20 74
c 89 82 67 3 59
c 38 92 42 8 66
c 11 57 37 75 69
c 64 89 82 20 72
c 84 92 24 52 110
c 94 70 6 79 62
c 7 37 96 74 57
c 93 94 38 39 106
c 39 56 93 87 87
c 45 12 60 4 59
c 53 54 50 99 46
c 18 91 22 12 90
c 87 25 40 62 76
c 45 9 12 38 40
c 90 88 7 8 113
c 62 47 89 9 64
c 68 74 17 51 40
c 16 64 40 20 93
c 32 33 3 26 116
c 65 66 80 81 35
c 10 11 84 75 38
c 20 29 74 25 69
c 24 20 54 25 27
c 8 15 29 30 45
c 96 72 6 44 71
c 93 21 33 19 41
c 2 82 17 86 78
c 52 5 82 2 80
c 61 85 73 26 78
c 48 45 38 39 65
c 13 59 33 10 56
c 65 64 34 35 56
c 69 55 32 45 39
c 64 36 68 83 33
c 11 68 39 60 98
c 5 73 96 3 35
c 41 7 35 41 98
c 69 56 74 9 104
c 8 15 68 61 124
c 93 28 41 8 51
c 13 22 89 86 59
c 74 25 43 44 119
c 78 79 27 81 65
c 60 40 70 94 113
c 60 77 39 9 72
c 84 74 31 11 123
c 98 44 78 30 86
c 98 24 27 31 59
c 36 75 89 82 89
c 8 60 64 16 25
c 12 19 9 67 49
c 64 25 47 48 65
c 9 21 21 64 94
c 97 74 58 61 59
c 72 31 21 29 116
c 46 21 74 71 42
c 47 3 36 46 55
c 93 16 59 52 109
c 50 51 75 76 35
c 85 3 0 86 38
c 96 3 7 86 41
c 46 89 11 93 63
c 36 30 21 29 75
c 6 56 75 34 49
c 48 52 49 68 97
c 23 75 28 51 45
c 47 79 49 53 106
c 37 58 3 4 27
c 64 16 26 28 102
c 9 85 6 94 122
c 23 73 78 76 104
c 31 9 61 59 100
c 73 15 79 95 112
c 25 14 8 98 67
c 54 43 9 96 107
c 18 42 11 70 48
c 11 70 41 68 56
c 29 39 75 6 111
c 50 39 86 55 55
c 85 69 0 26 70
c 11 70 82 55 98
c 34 3 36 44 115
c 10 87 93 21 81
c 41 44 68 93 66
c 90 88 27 81 56
c 91 88 96 76 76
c 3 96 39 7 57
c 86 4 26 28 28
c 87 70 97 20 103
c 74 24 47 17 58
c 78 98 3 4 97
c 0 99 10 4 96
c 89 8 69 56 74
c 58 59 60 73 43
c 38 62 36 8 46
c 93 87 94 7 35
c 76 75 27 81 91
c 10 4 96 3 43
c 94 88 40 11 34
c 61 85 26 6 29
c 92 30 61 21 89
c 1 67 83 98 101
c 5 19 11 63 40
c 70 94 71 38 29
c 11 63 84 33 46
c 58 33 70 71 91
c 97 49 35 84 28
c 91 89 63 71 70
c 79 13 33 6 32
c 14 96 79 80 41
c 96 17 7 71 115
c 66 57 61 30 32
c 58 75 58 6 89
c 18 20 31 26 63
c 63 14 91 41 95
c 7 94 13 91 94
c 72 54 64 50 121
c 58 33 54 47 115
c 82 55 17 18 62
c 60 3 16 17 101
c 16 17 64 62 122
c 64 58 84 32 85
c 74 61 84 48 112
c 27 89 51 28 82
c 26 37 27 28 33
c 31 32 48 45 62
c 81 82 68 61 68
c 14 4 74 29 30
c 46 14 9 85 54
c 73 74 64 14 94
c 14 76 33 78 94
c 15 83 63 71 106
c 17 46 65 2 109
c 40 62 48 16 66
c 38 21 39 60 89
c 1 83 65 2 72
c 2 4 15 32 109
c 6 44 75 6 57
c 15 32 10 87 109
c 86 55 70 25 105
c 76 75 40 17 120
c 68 25 89 90 38
c 56 17 36 30 114
c 3 26 79 98 50
c 64 62 62 63 65
c 88 89 23 95 40
c 34 29 45 37 36
c 35 17 47 20 38
c 46 21 44 45 32
c 74 75 72 73 124
c 1 2 0 87 96
c 24 18 89 98 97
c 76 87 40 41 113
c 22 20 0 4 53
c 40 22 43 96 62
c 45 12 17 71 25
c 35 84 36 55 25
c 68 42 18 55 68
c 34 79 68 42 40
c 69 40 84 4 67
c 67 69 69 63 123
c 24 8 31 16 39
c 45 23 43 94 84
c 83 54 83 67 31
c 0 1 72 92 123
c 45 46 70 41 83
c 12 13 31 44 101
c 39 22 4 52 77
c 7 79 37 59 70
c 64 25 48 94 89
c 29 24 0 65 103
c 68 20 87 72 107
c 27 22 69 40 55
c 85 69 71 85 109
c 69 63 84 96 100
c 84 40 75 2 114
c 71 77 15 32 43
c 93 13 46 13 41
c 62 43 68 83 28
c 13 22 2 6 42
c 70 92 86 63 69
c 91 41 50 73 42
c 69 2 64 36 89
c 46 31 64 67 123
c 3 53 51 80 88
c 86 53 38 36 99
c 72 94 17 71 69
c 46 22 82 2 102
c 33 34 8 15 31
c 48 16 57 58 95
c 43 30 56 84 74
c 69 6 31 70 57
c 26 16 23 12 112
c 33 42 11 12 69
c 25 14 55 56 73
c 84 96 20 89 68
c 35 60 71 8 32
c 46 47 89 2 33
c 43 72 47 79 43
c 89 2 16 34 27
c 56 57 5 19 48
c 66 95 70 56 123
c 41 44 80 58 30
c 22 55 67 69 97
c 89 86 61 21 120
c 73 90 43 96 97
c 87 97 85 61 74
c 15 3 82 31 52
c 81 82 44 51 46
c 37 59 60 16 65
c 47 17 10 48 108
c 10 6 95 79 109
c 58 61 14 4 87
c 63 78 50 70 118
c 66 87 76 77 27
c 39 70 68 83 28
c 77 45 40 32 28
c 78 76 23 12 110
c 22 55 82 20 84
c 84 74 85 15 31
c 24 25 26 46 88
c 60 3 25 76 83
c 74 61 98 77 50
c 32 62 8 9 64
c 64 46 4 41 110
c 1 88 83 81 121
c 58 63 72 92 114
c 74 61 84 92 37
c 17 48 45 67 49
c 50 28 37 38 25
c 0 51 68 25 37
c 68 20 24 52 73
c 62 63 75 34 83
c 29 92 36 75 117
c 55 56 68 25 117
c 85 65 94 14 78
c 2 4 89 90 71
c 53 75 37 7 87
c 56 4 34 61 43
c 68 58 20 89 111
c 5 6 18 39 39
c 9 21 33 82 90
c 37 7 84 15 97
c 93 13 1 88 89
c 34 37 84 40 72
c 62 47 80 29 53
c 81 16 36 4 65
c 10 6 75 97 108
c 62 47 36 30 119
c 55 34 13 87 96
c 61 30 5 50 48
c 16 3 79 88 81
c 84 74 45 37 93
c 6 72 93 50 88
c 86 68 16 3 54
c 36 41 36 1 55
c 7 85 86 63 68
c 28 78 17 27 115
c 36 41 48 34 76
c 20 45 46 93 106
c 67 81 33 22 53
c 72 73 79 41 118
c 68 42 40 32 28
c 89 85 26 54 75
c 72 29 47 63 86
c 72 46 34 76 39
c 47 63 81 16 31
c 80 81 30 69 70
c 84 14 28 26 122
c 8 9 93 21 96
c 76 34 18 17 123
c 44 55 41 8 82
c 38 33 8 76 37
c 68 74 96 72 119
c 81 16 68 12 122
c 63 92 71 77 56
c 85 89 23 16 35
c 9 67 87 44 112
c 94 88 86 87 54
c 25 14 57 58 30
c 96 3 11 57 119
c 13 59 58 33 78
c 7 8 50 51 36
c 65 2 69 70 62
c 4 22 24 8 44
c 35 68 93 50 113
c 70 3 84 32 113
c 35 41 76 77 38
c 9 68 36 43 84
c 74 9 20 33 36
c 83 84 54 89 49
c 71 77 86 55 96
c 87 97 49 96 71
c 30 90 78 63 25
c 45 67 64 46 100
c 56 34 27 89 115
c 8 9 37 53 103
c 61 59 89 54 89
c 71 77 10 20 41
c 54 67 10 8 44
c 84 33 90 88 68
c 74 7 9 2 81
c 97 49 60 9 114
c 42 8 8 37 53
c 25 52 50 70 112
c 15 3 84 92 114
c 8 60 5 50 57
c 37 59 97 49 73
c 73 6 54 47 28
c 96 42 41 42 84
c 32 95 87 16 89
c 58 40 54 4 107
c 39 35 1 67 44
c 89 54 42 43 68
c 98 99 18 26 56
c 53 75 83 84 78
c 63 14 54 69 34
c 68 58 70 92 69
c 77 61 22 12 70
c 61 21 74 94 115
c 31 55 88 97 83
c 7 72 3 4 32
c 67 85 77 14 69
c 26 27 1 83 94
c 54 69 51 52 100
c 16 96 95 1 84
c 18 6 64 9 93
c 93 84 65 69 63
c 54 79 62 34 107
c 70 82 14 8 28
c 96 42 61 96 48
c 95 79 84 85 108
c 84 15 47 3 110
c 0 65 38 92 92
c 81 27 58 95 95
c 45 55 39 97 39
c 97 26 69 98 114
c 62 46 38 92 56
c 52 48 36 43 76
c 45 23 40 62 48
c 46 11 97 98 43
c 67 81 10 35 39
c 91 35 4 52 50
c 64 16 62 47 122
c 90 57 13 82 76
c 86 68 0 26 83
c 5 11 39 54 31
c 21 29 68 80 36
c 28 1 79 41 87
c 86 55 7 79 105
c 81 16 6 7 34
c 37 99 0 63 100
c 9 21 85 35 83
c 51 42 39 56 26
c 56 57 58 61 119
c 88 75 72 61 90
c 47 48 3 96 42
c 4 41 95 36 54
c 91 28 40 62 82
c 36 47 84 4 111
c 35 17 6 7 97
c 91 41 85 15 56
c 32 33 23 58 106
c 63 16 8 98 53
c 26 37 17 27 79
c 16 17 89 97 104
c 79 95 91 92 63
c 66 95 7 21 97
c 72 56 75 2 32
c 3 53 45 46 101
c 10 11 44 10 106
c 91 41 25 14 50
c 18 55 87 72 36
c 59 81 72 41 48
c 93 94 84 33 42
c 84 74 87 44 71
c 92 30 87 97 78
c 46 11 30 31 34
c 87 16 48 15 39
c 12 31 94 7 66
c 9 65 4 22 81
c 78 76 51 52 79
c 73 31 68 80 104
c 90 67 66 2 90
c 78 79 71 72 111
c 82 2 38 13 117
c 90 80 40 22 34
c 91 55 5 15 25
c 8 76 71 73 78
c 9 57 73 31 32
c 84 40 81 77 71
c 93 49 30 28 58
c 66 17 50 28 121
c 72 29 82 10 91
c 51 68 71 72 28
c 89 86 69 6 73
c 90 88 91 30 117
c 91 28 78 67 94
c 24 20 42 41 77
c 34 23 80 81 111
c 69 40 0 26 112
c 47 26 36 8 73
c 6 56 51 44 118
c 35 41 28 51 42
c 63 73 12 41 68
c 71 77 64 50 37
c 63 78 1 9 40
c 83 81 2 3 33
c 60 89 25 14 36
c 51 28 81 82 29
c 22 55 36 44 103
c 61 21 61 85 91
c 35 8 53 75 100
c 24 29 41 16 72
c 71 77 58 63 107
c 98 96 51 28 46
c 15 3 96 3 48
c 76 69 43 18 51
c 77 63 62 39 92
c 36 55 74 43 40
c 0 93 2 82 110
c 88 21 19 99 37
c 25 20 10 95 111
c 10 4 91 92 59
c 37 54 72 31 67
c 56 72 12 19 102
c 36 38 75 76 31
c 83 98 45 9 47
c 25 66 40 20 40
c 83 84 11 12 83
c 5 51 20 39 118
c 78 79 38 21 61
c 0 87 89 98 34
c 34 67 65 95 61
c 72 41 85 83 122
c 77 45 56 4 114
c 56 57 58 40 113
c 5 50 35 77 61
c 72 94 9 1 124
c 66 95 33 42 122
c 51 80 26 16 90
c 60 61 13 91 89
c 90 57 70 71 41
c 8 76 82 2 85
c 18 55 71 47 59
c 75 23 72 92 27
c 87 16 8 56 99
c 7 79 72 73 122
c 34 35 76 43 116
c 70 56 83 81 34
c 28 29 30 16 110
c 89 97 82 27 80
c 75 26 50 91 87
c 18 17 88 89 93
c 55 34 68 28 111
c 64 26 89 2 45
c 54 97 59 91 61
c 64 26 93 28 64
c 81 22 49 50 75
c 13 82 4 5 83
c 57 49 88 9 80
c 70 25 58 12 57
c 30 73 64 14 87
c 47 86 51 42 62
c 45 37 4 52 91
c 23 24 60 61 101
c 1 88 74 24 63
c 18 43 42 92 119
c 65 19 37 7 68
c 21 64 40 62 35
c 11 63 4 95 85
c 50 28 4 41 107
c 11 68 26 54 121
c 41 80 33 22 37
c 98 44 98 26 58
c 28 1 53 78 34
c 24 56 85 61 74
c 48 1 18 55 76
c 12 82 69 89 102
c 63 88 54 69 52
c 88 97 40 43 87
c 84 85 61 85 41
c 98 78 78 9 104
c 95 96 97 20 78
c 30 73 11 95 113
c 7 77 47 48 61
c 94 88 7 37 51
c 34 76 60 4 56
c 9 37 12 13 59
c 37 93 79 53 96
c 11 58 54 89 41
c 61 21 13 15 38
c 20 95 70 71 62
c 13 19 67 81 58
c 67 3 12 41 108
c 60 40 64 65 91
c 17 1 74 7 45
c 64 3 77 61 74
c 86 75 24 54 76
c 24 42 78 30 36
c 16 27 93 13 115
c 12 13 13 89 53
c 54 79 38 14 76
c 25 76 90 88 123
c 70 92 13 19 102
c 15 83 95 79 113
c 90 61 34 29 49
c 49 23 52 53 122
c 1 83 46 55 77
c 24 8 5 15 91
c 87 25 96 65 25
c 43 30 96 65 50
c 63 78 50 51 96
c 54 47 30 28 123
c 29 50 34 61 71
c 4 5 6 7 85
c 74 85 83 98 105
c 63 94 23 58 118
c 9 68 10 35 95
c 75 6 88 6 83
c 51 68 43 21 50
c 54 69 92 71 43
c 12 82 48 28 47
c 4 95 96 42 111
c 36 4 28 12 47
c 11 68 80 2 38
c 32 95 77 78 29
c 24 52 70 98 112
c 25 26 91 61 31
c 97 69 10 87 34
c 52 47 30 36 53
c 74 71 34 37 41
c 65 59 31 26 48
c 93 79 7 80 70
c 72 95 79 13 82
c 96 76 46 22 26
c 54 25 14 21 46
c 18 6 20 33 79
c 45 55 88 6 94
c 93 21 67 82 91
c 51 80 27 70 74
c 7 11 57 11 111
c 13 98 0 63 57
c 75 22 98 33 34
c 19 36 4 41 30
c 72 41 66 2 117
c 51 42 21 64 94
c 91 68 76 23 83
c 26 16 34 47 120
c 96 72 73 6 33
c 19 36 38 33 90
c 87 16 9 96 37
c 3 84 68 20 43
c 72 56 35 2 71
c 2 39 22 23 76
c 81 18 6 79 94
c 37 38 65 66 120
c 79 65 2 6 44
c 87 44 62 34 51
c 31 25 93 87 52
c 61 72 48 10 62
c 20 29 21 69 46
c 32 37 34 3 106
c 92 71 31 44 89
c 28 17 60 3 53
c 26 28 43 99 53
c 41 45 35 77 36
c 54 25 5 6 64
c 6 57 85 69 98
c 68 74 2 29 31
c 56 59 44 55 112
c 67 81 87 70 105
c 59 87 28 78 103
c 77 63 28 1 57
c 40 32 28 29 100
c 31 16 10 15 102
c 94 14 42 71 46
c 63 88 34 3 117
c 82 20 32 67 119
c 18 19 79 65 34
c 47 48 75 32 84
c 76 75 64 62 37
c 5 50 86 78 61
c 91 35 39 56 70
c 63 64 38 36 51
c 36 23 28 88 82
c 71 72 96 42 39
c 69 2 84 14 87
c 33 34 78 76 73
c 83 77 47 48 40
c 74 61 64 46 113
c 85 65 35 19 64
c 46 47 96 74 63
c 31 11 60 16 121
c 6 22 67 69 107
c 89 8 33 34 101
c 76 75 69 89 68
c 83 67 49 50 41
c 16 10 32 37 90
c 84 15 96 74 27
c 39 85 36 38 28
c 78 12 85 65 101
c 98 77 11 95 118
c 65 66 39 40 86
c 52 98 98 44 42
c 64 39 91 92 33
c 62 37 41 68 48
c 84 99 39 56 32
c 15 29 86 4 82
c 64 34 60 89 26
c 64 25 35 77 89
c 30 66 89 97 91
c 45 4 34 50 62
c 98 64 68 69 54
c 46 21 1 13 38
c 86 78 35 7 42
c 17 86 35 77 96
c 52 53 74 94 50
c 86 87 62 48 90
c 32 33 65 19 65
c 14 4 11 46 36
c 58 12 52 53 90
c 16 10 68 20 116
c 69 97 37 93 98
c 0 86 35 48 99
c 84 14 55 72 34
c 9 57 91 61 83
c 68 58 65 64 60
c 31 9 35 17 42
c 46 24 73 31 75
c 69 89 38 62 55
c 24 25 54 4 123
