notes: n=200, m=3980, elb=1, eub=20, density=0.1, conf_density=0.0002, clb=50, cub= 150, seed= 1656
p spec 200 3980 1583
s 0
t 199
a 0 1 10
a 0 27 2
a 0 79 14
a 0 78 14
a 0 145 17
a 0 5 4
a 0 137 13
a 0 52 1
a 0 83 8
a 0 39 12
a 0 146 13
a 0 186 7
a 0 135 14
a 0 12 12
a 0 9 7
a 1 2 1
a 1 32 10
a 1 49 1
a 1 3 12
a 1 4 1
a 1 181 13
a 1 111 11
a 1 134 18
a 1 127 19
a 1 25 5
a 1 166 4
a 1 19 6
a 1 187 19
a 1 173 10
a 1 158 12
a 1 106 15
a 1 167 3
a 1 22 7
a 1 31 5
a 1 87 11
a 1 154 16
a 1 97 7
a 1 30 3
a 2 3 7
a 2 11 9
a 2 79 13
a 2 24 16
a 2 187 11
a 2 115 13
a 2 76 5
a 2 43 6
a 2 101 19
a 2 119 15
a 2 104 19
a 2 129 17
a 2 95 12
a 2 145 19
a 2 192 15
a 2 199 17
a 2 160 17
a 2 40 15
a 2 177 11
a 2 190 14
a 2 164 16
a 2 118 18
a 3 4 10
a 3 64 18
a 3 60 17
a 3 54 1
a 3 162 16
a 3 161 13
a 3 62 13
a 3 165 3
a 3 190 17
a 3 83 5
a 3 130 16
a 3 135 15
a 3 144 5
a 3 7 18
a 3 140 19
a 3 151 2
a 3 122 17
a 3 104 3
a 3 9 7
a 3 128 13
a 4 5 5
a 4 8 11
a 4 86 9
a 4 130 5
a 4 159 15
a 4 161 15
a 4 90 16
a 4 64 5
a 4 121 11
a 4 181 18
a 4 56 8
a 4 145 14
a 4 16 16
a 4 71 6
a 4 187 13
a 4 28 7
a 4 34 18
a 4 65 17
a 4 25 9
a 4 195 11
a 4 171 14
a 4 155 3
a 4 179 15
a 4 148 11
a 5 6 2
a 5 44 14
a 5 176 1
a 5 41 14
a 5 54 15
a 5 168 17
a 5 109 6
a 5 87 12
a 5 126 16
a 5 140 1
a 5 112 9
a 5 57 5
a 5 51 7
a 5 190 10
a 5 63 11
a 5 119 5
a 5 160 18
a 5 163 13
a 6 7 12
a 6 183 12
a 6 12 5
a 6 44 13
a 6 197 5
a 6 78 3
a 6 74 13
a 6 181 6
a 6 157 14
a 6 24 19
a 6 92 3
a 6 132 15
a 6 77 17
a 6 10 17
a 6 99 19
a 6 89 13
a 6 18 2
a 6 105 16
a 6 162 18
a 6 125 6
a 6 116 15
a 6 90 14
a 7 8 17
a 7 92 16
a 7 42 7
a 7 26 8
a 7 24 18
a 7 64 16
a 7 182 10
a 7 31 16
a 7 120 16
a 7 124 13
a 7 36 4
a 7 136 12
a 7 76 8
a 7 167 11
a 7 137 14
a 7 52 18
a 7 62 11
a 7 103 11
a 7 90 19
a 8 9 16
a 8 121 15
a 8 11 14
a 8 44 2
a 8 164 10
a 8 138 12
a 8 75 13
a 8 104 16
a 8 23 16
a 8 145 12
a 8 13 12
a 8 144 10
a 8 109 12
a 8 17 9
a 8 179 16
a 8 128 19
a 8 5 19
a 8 53 2
a 8 31 16
a 8 117 1
a 8 172 19
a 8 176 6
a 8 154 15
a 8 6 15
a 9 10 14
a 9 152 11
a 9 175 13
a 9 139 2
a 9 33 3
a 9 164 5
a 9 168 11
a 9 186 8
a 9 97 11
a 9 101 13
a 9 106 8
a 9 47 13
a 9 8 11
a 10 11 19
a 10 28 11
a 10 165 1
a 10 192 19
a 10 194 15
a 10 127 15
a 10 34 12
a 10 109 10
a 10 96 19
a 10 156 17
a 10 129 3
a 10 14 4
a 10 5 4
a 10 56 19
a 10 142 3
a 10 154 9
a 10 39 18
a 10 130 13
a 10 99 5
a 10 21 3
a 10 92 18
a 10 33 18
a 10 53 13
a 10 180 17
a 10 51 11
a 10 85 8
a 10 132 11
a 10 76 7
a 11 12 2
a 11 65 11
a 11 137 10
a 11 114 16
a 11 105 3
a 11 17 12
a 11 148 1
a 11 180 7
a 11 143 3
a 11 172 2
a 11 174 2
a 11 3 3
a 11 69 15
a 11 147 9
a 11 49 9
a 11 166 15
a 11 39 5
a 11 63 7
a 11 138 7
a 11 198 2
a 11 51 3
a 11 31 8
a 12 13 3
a 12 114 8
a 12 17 12
a 12 6 2
a 12 167 6
a 12 145 15
a 12 23 13
a 12 59 3
a 12 123 8
a 12 32 16
a 12 94 6
a 12 137 18
a 12 20 19
a 12 117 4
a 12 139 13
a 12 138 1
a 12 15 15
a 12 60 18
a 12 178 9
a 12 102 17
a 12 162 8
a 12 160 6
a 13 14 12
a 13 146 1
a 13 25 9
a 13 130 15
a 13 69 13
a 13 50 11
a 13 35 17
a 13 86 16
a 13 29 19
a 13 195 5
a 13 113 7
a 13 135 4
a 13 168 12
a 14 15 7
a 14 38 12
a 14 24 5
a 14 40 11
a 14 113 11
a 14 39 9
a 14 152 11
a 14 86 14
a 14 73 6
a 14 92 12
a 14 187 2
a 14 3 10
a 14 75 13
a 14 6 5
a 14 4 17
a 14 91 15
a 15 16 15
a 15 50 11
a 15 187 3
a 15 79 18
a 15 152 7
a 15 109 14
a 15 67 14
a 15 182 4
a 15 176 11
a 15 26 4
a 15 111 12
a 15 193 5
a 15 105 3
a 15 19 3
a 15 119 17
a 15 110 7
a 15 89 6
a 15 84 6
a 15 29 16
a 15 30 13
a 15 184 13
a 15 73 14
a 15 88 12
a 15 198 8
a 15 156 10
a 16 17 10
a 16 184 13
a 16 196 18
a 16 158 3
a 16 8 7
a 16 105 13
a 16 124 15
a 16 193 9
a 16 191 15
a 16 129 6
a 16 25 10
a 16 113 18
a 16 71 14
a 16 190 1
a 16 34 12
a 16 26 6
a 16 100 17
a 16 119 8
a 16 36 10
a 16 55 14
a 16 167 17
a 16 146 7
a 17 18 1
a 17 9 13
a 17 149 15
a 17 183 15
a 17 105 19
a 17 198 12
a 17 42 5
a 17 140 12
a 17 39 4
a 17 47 13
a 17 29 16
a 17 92 12
a 17 89 8
a 17 48 13
a 17 156 17
a 17 158 2
a 17 167 1
a 17 124 3
a 17 90 17
a 17 178 2
a 17 1 11
a 17 81 19
a 17 175 16
a 17 83 18
a 17 154 12
a 17 19 17
a 17 25 3
a 17 28 16
a 18 19 9
a 18 16 14
a 18 86 17
a 18 103 8
a 18 198 14
a 18 120 10
a 18 54 4
a 18 133 4
a 18 155 9
a 18 11 2
a 18 21 17
a 18 141 7
a 18 139 12
a 18 34 17
a 18 3 4
a 18 87 11
a 18 119 19
a 18 114 2
a 18 74 2
a 19 20 5
a 19 15 12
a 19 145 4
a 19 10 10
a 19 191 11
a 19 73 13
a 19 164 2
a 19 71 7
a 19 126 6
a 19 174 19
a 19 159 15
a 19 163 5
a 19 78 19
a 19 172 6
a 19 108 17
a 19 134 8
a 19 181 2
a 19 136 4
a 19 186 8
a 20 21 1
a 20 32 3
a 20 68 2
a 20 110 5
a 20 193 16
a 20 171 1
a 20 28 17
a 20 75 14
a 20 154 11
a 20 74 7
a 20 196 18
a 20 3 9
a 20 163 10
a 20 54 9
a 20 18 5
a 20 57 15
a 20 27 3
a 20 76 2
a 20 168 14
a 21 22 16
a 21 50 19
a 21 145 2
a 21 33 4
a 21 181 12
a 21 198 1
a 21 82 5
a 21 149 11
a 21 168 10
a 21 199 10
a 21 83 7
a 21 160 4
a 21 59 4
a 21 155 11
a 21 39 4
a 21 63 19
a 22 23 8
a 22 143 8
a 22 128 17
a 22 115 11
a 22 31 3
a 22 190 11
a 22 153 12
a 22 43 18
a 22 63 13
a 22 18 7
a 22 83 11
a 22 151 12
a 22 135 17
a 22 28 18
a 22 77 13
a 22 111 2
a 22 55 10
a 22 154 7
a 22 85 9
a 22 129 12
a 22 160 11
a 22 198 10
a 22 182 13
a 22 7 3
a 23 24 15
a 23 199 19
a 23 6 19
a 23 41 6
a 23 15 18
a 23 123 8
a 23 154 14
a 23 96 4
a 23 44 8
a 23 45 13
a 23 28 7
a 23 129 4
a 23 2 17
a 23 36 11
a 23 178 15
a 23 187 17
a 23 184 3
a 23 138 6
a 23 48 11
a 23 35 13
a 23 175 3
a 23 74 14
a 23 25 17
a 23 57 13
a 23 68 6
a 23 182 14
a 24 25 3
a 24 197 18
a 24 105 7
a 24 39 16
a 24 138 10
a 24 137 5
a 24 89 6
a 24 13 17
a 24 186 8
a 24 147 19
a 24 55 15
a 24 173 17
a 24 140 10
a 24 21 12
a 24 53 11
a 24 81 18
a 24 32 2
a 24 196 14
a 24 76 13
a 24 72 14
a 24 95 6
a 24 104 16
a 24 4 19
a 24 132 7
a 24 11 10
a 24 62 5
a 24 57 8
a 25 26 3
a 25 48 11
a 25 154 5
a 25 98 15
a 25 27 7
a 25 174 11
a 25 5 13
a 25 120 8
a 25 35 12
a 25 28 7
a 25 79 13
a 25 56 16
a 25 8 9
a 25 6 14
a 25 151 11
a 25 173 19
a 25 155 19
a 25 123 11
a 25 19 14
a 25 67 13
a 25 42 5
a 25 22 11
a 25 166 2
a 25 43 13
a 25 84 4
a 25 101 16
a 26 27 1
a 26 110 14
a 26 10 17
a 26 25 17
a 26 177 2
a 26 128 4
a 26 156 18
a 26 171 17
a 26 151 12
a 26 6 13
a 26 144 3
a 26 122 2
a 26 174 6
a 26 126 9
a 27 28 3
a 27 185 12
a 27 199 1
a 27 20 14
a 27 93 15
a 27 141 8
a 27 80 19
a 27 167 5
a 27 42 15
a 27 58 2
a 27 46 15
a 27 55 2
a 27 134 17
a 27 103 15
a 27 95 5
a 27 52 12
a 27 175 3
a 27 45 6
a 27 112 18
a 27 187 4
a 28 29 13
a 28 86 1
a 28 60 6
a 28 39 12
a 28 150 12
a 28 113 7
a 28 77 4
a 28 80 11
a 28 195 5
a 28 177 6
a 28 12 17
a 28 193 16
a 28 169 17
a 28 107 9
a 28 96 12
a 28 160 10
a 28 180 5
a 28 138 18
a 29 30 14
a 29 42 2
a 29 195 8
a 29 112 19
a 29 61 11
a 29 31 13
a 29 14 3
a 29 72 7
a 29 55 9
a 29 93 9
a 29 197 15
a 29 41 4
a 29 70 17
a 29 157 9
a 29 92 19
a 29 132 13
a 29 28 16
a 29 43 15
a 30 31 15
a 30 53 12
a 30 123 4
a 30 143 19
a 30 139 10
a 30 125 15
a 30 22 7
a 30 8 8
a 30 21 17
a 30 138 7
a 30 51 13
a 30 192 14
a 30 113 17
a 30 26 18
a 30 196 19
a 30 83 2
a 30 162 12
a 30 142 2
a 30 147 18
a 31 32 19
a 31 144 17
a 31 79 16
a 31 138 12
a 31 96 8
a 31 24 6
a 31 12 9
a 31 80 16
a 31 67 7
a 31 17 11
a 31 185 2
a 31 84 2
a 31 114 9
a 31 172 8
a 31 132 13
a 31 26 5
a 31 56 1
a 31 126 8
a 31 177 2
a 31 45 6
a 32 33 10
a 32 112 17
a 32 76 5
a 32 61 2
a 32 51 8
a 32 187 10
a 32 75 16
a 32 99 3
a 32 50 1
a 32 155 16
a 32 102 10
a 32 134 2
a 32 10 14
a 32 84 3
a 32 49 14
a 32 19 6
a 32 106 2
a 32 44 12
a 32 64 4
a 32 164 19
a 32 175 15
a 32 74 16
a 32 189 11
a 32 196 11
a 32 136 14
a 32 101 9
a 33 34 16
a 33 118 6
a 33 176 8
a 33 164 12
a 33 5 11
a 33 194 15
a 33 145 8
a 33 178 1
a 33 197 3
a 33 38 16
a 33 157 3
a 33 39 11
a 33 45 18
a 33 23 1
a 33 144 2
a 33 40 11
a 33 130 17
a 33 7 10
a 33 41 6
a 33 173 13
a 33 148 14
a 34 35 10
a 34 106 7
a 34 54 14
a 34 188 4
a 34 147 12
a 34 39 3
a 34 74 15
a 34 73 19
a 34 191 2
a 34 111 6
a 34 175 14
a 34 181 2
a 34 3 11
a 34 196 15
a 34 89 14
a 34 87 10
a 34 97 4
a 34 197 16
a 34 138 3
a 34 125 13
a 35 36 12
a 35 188 2
a 35 113 16
a 35 165 8
a 35 85 1
a 35 64 19
a 35 43 8
a 35 6 18
a 35 93 1
a 35 96 6
a 35 173 7
a 35 184 13
a 35 23 13
a 35 183 19
a 35 40 12
a 35 111 19
a 35 102 15
a 35 7 7
a 35 168 8
a 35 92 6
a 35 17 10
a 35 199 19
a 35 33 1
a 35 3 4
a 35 119 3
a 35 191 9
a 36 37 18
a 36 156 4
a 36 160 3
a 36 26 4
a 36 137 14
a 36 41 8
a 36 180 11
a 36 152 3
a 36 1 7
a 36 179 2
a 36 198 18
a 36 164 7
a 36 189 18
a 36 128 9
a 36 113 5
a 36 3 7
a 36 191 15
a 36 43 6
a 36 109 7
a 36 193 10
a 36 114 15
a 36 47 17
a 36 100 7
a 36 27 12
a 37 38 5
a 37 102 15
a 37 36 17
a 37 140 14
a 37 23 17
a 37 91 11
a 37 32 6
a 37 66 7
a 37 127 8
a 37 15 13
a 37 106 9
a 37 163 12
a 37 33 4
a 37 152 6
a 37 73 5
a 37 22 10
a 37 154 5
a 37 180 19
a 37 182 4
a 38 39 7
a 38 36 7
a 38 14 6
a 38 116 2
a 38 185 4
a 38 194 17
a 38 49 19
a 38 27 16
a 38 3 7
a 38 84 12
a 38 123 3
a 38 190 9
a 38 56 16
a 38 175 13
a 38 115 5
a 38 11 3
a 38 149 1
a 38 133 14
a 38 193 1
a 38 13 4
a 39 40 7
a 39 142 14
a 39 22 1
a 39 97 6
a 39 169 9
a 39 152 17
a 39 54 16
a 39 94 2
a 39 96 1
a 39 24 3
a 39 149 9
a 39 12 9
a 39 59 18
a 39 177 17
a 39 151 13
a 39 143 14
a 39 140 18
a 39 129 16
a 39 116 1
a 39 121 3
a 40 41 10
a 40 46 4
a 40 36 2
a 40 20 16
a 40 197 1
a 40 188 1
a 40 90 10
a 40 127 11
a 40 147 1
a 40 104 8
a 40 27 5
a 40 131 12
a 40 25 14
a 40 61 14
a 40 62 11
a 41 42 3
a 41 160 18
a 41 195 11
a 41 120 19
a 41 9 15
a 41 32 8
a 41 29 13
a 41 78 19
a 41 6 4
a 41 60 5
a 41 87 18
a 41 51 18
a 41 112 15
a 41 146 3
a 41 147 3
a 41 16 7
a 41 46 11
a 41 75 11
a 41 20 12
a 42 43 15
a 42 90 1
a 42 98 17
a 42 127 11
a 42 134 5
a 42 189 8
a 42 1 11
a 42 169 13
a 42 165 2
a 42 45 19
a 42 83 11
a 42 52 11
a 42 44 13
a 42 122 5
a 42 24 10
a 42 2 9
a 42 111 14
a 42 104 15
a 42 7 14
a 43 44 1
a 43 161 18
a 43 67 13
a 43 42 17
a 43 77 8
a 43 107 5
a 43 35 10
a 43 45 18
a 43 116 17
a 43 97 14
a 43 79 15
a 43 179 4
a 43 196 19
a 43 166 19
a 43 183 11
a 43 73 14
a 43 114 14
a 43 49 6
a 43 11 12
a 44 45 17
a 44 162 15
a 44 29 10
a 44 115 3
a 44 66 4
a 44 173 13
a 44 19 1
a 44 2 10
a 44 6 2
a 44 134 16
a 44 48 2
a 44 138 3
a 44 170 6
a 45 46 2
a 45 94 6
a 45 12 2
a 45 10 18
a 45 22 17
a 45 149 12
a 45 38 17
a 45 143 7
a 45 195 4
a 45 35 7
a 45 102 12
a 45 68 2
a 45 145 16
a 45 151 12
a 45 73 5
a 45 179 3
a 45 112 10
a 45 159 5
a 46 47 5
a 46 180 10
a 46 197 10
a 46 76 3
a 46 146 17
a 46 2 3
a 46 41 19
a 46 70 19
a 46 156 4
a 46 63 6
a 46 173 13
a 46 4 1
a 46 75 17
a 46 67 8
a 47 48 6
a 47 8 17
a 47 160 3
a 47 144 16
a 47 63 2
a 47 113 18
a 47 66 2
a 47 13 5
a 47 28 1
a 47 161 17
a 47 178 11
a 47 19 17
a 47 195 7
a 47 145 13
a 47 126 18
a 47 168 9
a 47 60 13
a 47 73 15
a 48 49 7
a 48 44 4
a 48 91 11
a 48 194 16
a 48 29 17
a 48 63 7
a 48 60 4
a 48 106 12
a 48 122 8
a 48 196 16
a 48 137 4
a 48 129 17
a 48 33 14
a 48 92 3
a 48 84 12
a 48 24 19
a 48 186 13
a 48 169 16
a 49 50 8
a 49 152 13
a 49 66 10
a 49 139 1
a 49 128 14
a 49 36 7
a 49 160 16
a 49 138 17
a 49 21 13
a 49 5 16
a 49 113 2
a 49 34 18
a 49 156 6
a 49 54 7
a 49 178 13
a 50 51 3
a 50 96 15
a 50 37 6
a 50 187 17
a 50 116 12
a 50 130 3
a 50 23 11
a 50 73 17
a 50 115 5
a 50 31 16
a 50 119 3
a 50 83 13
a 50 48 8
a 50 101 4
a 50 108 19
a 50 29 2
a 50 59 1
a 50 164 4
a 50 57 8
a 50 68 18
a 50 181 17
a 50 7 10
a 50 58 1
a 50 69 14
a 50 14 15
a 50 103 3
a 50 123 6
a 51 52 10
a 51 132 11
a 51 98 11
a 51 61 14
a 51 93 5
a 51 111 10
a 51 32 13
a 51 155 15
a 51 101 18
a 51 191 17
a 51 157 11
a 51 129 17
a 51 14 14
a 52 53 5
a 52 92 10
a 52 75 3
a 52 35 9
a 52 128 8
a 52 3 14
a 52 85 11
a 52 100 9
a 52 133 16
a 52 19 4
a 52 24 15
a 52 170 9
a 52 183 17
a 52 88 6
a 52 69 15
a 52 64 8
a 52 192 13
a 52 194 5
a 52 198 3
a 52 43 17
a 52 27 3
a 52 73 15
a 52 8 3
a 52 28 7
a 52 1 8
a 52 90 5
a 52 22 11
a 52 70 19
a 52 149 7
a 52 188 3
a 52 157 6
a 52 61 4
a 52 115 1
a 52 151 10
a 53 54 4
a 53 182 1
a 53 173 12
a 53 50 1
a 53 118 3
a 53 21 3
a 53 172 7
a 53 46 13
a 53 34 8
a 53 113 19
a 53 185 14
a 53 134 3
a 53 75 13
a 53 1 5
a 53 103 17
a 53 16 3
a 53 68 17
a 53 150 5
a 53 184 18
a 53 56 12
a 54 55 19
a 54 117 14
a 54 27 7
a 54 62 15
a 54 87 15
a 54 65 14
a 54 122 6
a 54 181 18
a 54 12 15
a 54 141 11
a 54 16 18
a 54 33 6
a 54 71 13
a 54 3 14
a 55 56 8
a 55 84 9
a 55 163 10
a 55 27 1
a 55 143 10
a 55 87 19
a 55 10 18
a 55 17 15
a 55 159 1
a 55 11 2
a 55 14 15
a 55 179 12
a 55 1 1
a 55 23 5
a 55 22 12
a 55 152 17
a 55 89 6
a 55 100 10
a 55 40 9
a 55 26 12
a 55 90 18
a 55 122 17
a 55 108 5
a 55 170 12
a 55 48 13
a 56 57 3
a 56 151 5
a 56 75 18
a 56 179 3
a 56 164 3
a 56 47 15
a 56 6 1
a 56 37 5
a 56 147 14
a 56 155 12
a 56 13 5
a 56 153 15
a 56 27 8
a 57 58 1
a 57 93 18
a 57 106 5
a 57 168 3
a 57 129 5
a 57 184 17
a 57 85 2
a 57 10 13
a 57 90 8
a 57 121 9
a 57 109 14
a 57 150 18
a 57 191 18
a 57 149 10
a 57 2 18
a 57 14 3
a 57 132 16
a 57 16 17
a 57 144 13
a 57 7 13
a 58 59 18
a 58 147 11
a 58 19 7
a 58 113 3
a 58 199 7
a 58 63 19
a 58 146 17
a 58 156 13
a 58 124 19
a 58 107 15
a 58 80 15
a 58 33 9
a 58 110 19
a 58 175 12
a 58 139 6
a 58 3 16
a 58 167 16
a 58 130 1
a 58 190 16
a 58 7 11
a 58 37 10
a 58 125 1
a 58 35 6
a 58 100 7
a 58 39 17
a 59 60 2
a 59 167 8
a 59 158 15
a 59 95 3
a 59 142 8
a 59 99 18
a 59 140 4
a 59 10 7
a 59 119 4
a 59 28 1
a 59 55 9
a 59 195 12
a 59 113 18
a 59 187 2
a 59 45 8
a 59 68 5
a 59 191 16
a 59 38 9
a 60 61 17
a 60 92 4
a 60 29 8
a 60 138 8
a 60 4 4
a 60 101 9
a 60 174 8
a 60 23 4
a 60 16 6
a 60 41 1
a 60 145 14
a 60 63 7
a 60 3 17
a 60 73 3
a 60 192 15
a 60 39 6
a 60 125 16
a 60 31 9
a 61 62 2
a 61 118 16
a 61 124 10
a 61 161 2
a 61 13 16
a 61 47 6
a 61 140 4
a 61 29 14
a 61 116 14
a 61 79 18
a 61 35 8
a 61 27 18
a 61 104 13
a 61 168 14
a 61 187 8
a 61 196 19
a 61 64 5
a 61 122 19
a 62 63 18
a 62 69 19
a 62 78 18
a 62 174 3
a 62 44 9
a 62 176 7
a 62 190 11
a 62 126 16
a 62 7 1
a 62 153 19
a 62 194 3
a 62 52 12
a 62 77 19
a 62 165 14
a 62 10 1
a 62 187 12
a 62 125 1
a 62 185 3
a 62 39 8
a 62 121 8
a 62 30 11
a 63 64 8
a 63 26 9
a 63 153 18
a 63 145 4
a 63 134 16
a 63 91 4
a 63 4 9
a 63 14 11
a 63 66 7
a 63 96 8
a 63 104 7
a 63 78 9
a 63 21 15
a 63 107 6
a 63 99 13
a 63 37 11
a 63 179 6
a 63 35 16
a 63 74 5
a 63 42 6
a 63 114 8
a 63 94 16
a 63 6 9
a 63 11 16
a 64 65 19
a 64 140 5
a 64 197 10
a 64 59 14
a 64 130 1
a 64 167 19
a 64 58 18
a 64 18 17
a 64 129 12
a 64 102 18
a 64 142 12
a 64 20 4
a 64 104 16
a 64 16 8
a 64 79 16
a 64 179 10
a 64 162 4
a 64 51 9
a 64 137 9
a 64 35 7
a 64 55 8
a 64 112 3
a 64 29 12
a 65 66 1
a 65 148 12
a 65 5 15
a 65 13 15
a 65 11 6
a 65 171 9
a 65 16 10
a 65 124 16
a 65 64 1
a 65 129 14
a 65 54 13
a 65 102 5
a 65 46 12
a 65 52 2
a 65 97 3
a 65 130 9
a 65 185 19
a 65 94 3
a 65 79 1
a 65 88 5
a 65 113 5
a 65 10 16
a 65 114 16
a 65 183 6
a 65 191 10
a 66 67 7
a 66 30 14
a 66 29 2
a 66 64 8
a 66 83 12
a 66 132 16
a 66 93 1
a 66 4 18
a 66 95 4
a 66 91 13
a 66 190 12
a 66 195 4
a 66 28 1
a 66 45 8
a 66 75 14
a 66 109 13
a 66 74 10
a 66 114 17
a 66 16 6
a 66 77 5
a 66 32 3
a 66 88 7
a 66 51 16
a 66 112 19
a 67 68 17
a 67 148 8
a 67 160 11
a 67 199 3
a 67 53 4
a 67 106 2
a 67 122 1
a 67 11 12
a 67 137 2
a 67 110 16
a 67 75 2
a 67 43 1
a 67 37 17
a 67 139 12
a 67 96 16
a 67 158 4
a 67 152 4
a 67 162 9
a 67 82 13
a 67 73 16
a 67 145 9
a 67 52 7
a 68 69 15
a 68 8 8
a 68 191 11
a 68 5 12
a 68 182 9
a 68 83 6
a 68 155 1
a 68 120 4
a 68 9 8
a 68 128 9
a 68 57 11
a 68 13 11
a 68 96 10
a 68 78 11
a 68 142 7
a 68 160 18
a 68 111 9
a 68 32 9
a 68 64 17
a 68 163 17
a 68 89 16
a 68 49 15
a 69 70 15
a 69 40 19
a 69 140 2
a 69 38 3
a 69 75 1
a 69 8 3
a 69 22 15
a 69 178 3
a 69 15 16
a 69 135 6
a 69 76 1
a 69 47 16
a 70 71 10
a 70 184 13
a 70 40 2
a 70 156 18
a 70 5 16
a 70 155 15
a 70 106 11
a 70 19 17
a 70 74 1
a 70 93 12
a 70 149 3
a 70 101 15
a 70 44 19
a 70 43 4
a 70 138 4
a 70 144 15
a 70 195 1
a 70 16 12
a 70 10 1
a 70 82 3
a 70 62 1
a 70 57 18
a 70 194 12
a 70 53 11
a 70 85 6
a 70 150 13
a 71 72 12
a 71 166 14
a 71 44 12
a 71 174 12
a 71 187 5
a 71 91 19
a 71 12 13
a 71 145 1
a 71 105 10
a 71 49 3
a 71 189 2
a 71 96 2
a 71 100 1
a 71 181 7
a 71 46 17
a 71 128 17
a 71 29 6
a 71 120 11
a 71 179 19
a 71 33 1
a 71 114 3
a 72 73 16
a 72 26 14
a 72 136 13
a 72 160 13
a 72 122 11
a 72 95 8
a 72 88 9
a 72 32 18
a 72 181 2
a 72 120 8
a 72 60 18
a 72 44 19
a 72 161 15
a 72 13 14
a 72 144 18
a 72 172 17
a 72 7 6
a 72 187 6
a 72 123 3
a 72 190 14
a 72 188 2
a 73 74 17
a 73 101 17
a 73 46 8
a 73 113 2
a 73 122 7
a 73 55 13
a 73 171 15
a 73 115 10
a 73 48 1
a 73 184 1
a 73 9 7
a 73 26 19
a 73 92 6
a 73 36 15
a 73 159 13
a 73 58 1
a 73 12 6
a 73 19 4
a 73 106 13
a 73 182 8
a 73 66 7
a 73 109 9
a 73 165 2
a 73 195 15
a 73 131 9
a 73 94 10
a 74 75 13
a 74 174 7
a 74 196 6
a 74 15 17
a 74 110 4
a 74 119 2
a 74 102 10
a 74 26 7
a 74 14 6
a 74 10 1
a 74 169 14
a 74 42 1
a 74 95 6
a 74 124 10
a 74 177 17
a 74 47 7
a 74 93 10
a 74 166 16
a 74 131 18
a 74 99 19
a 74 12 3
a 74 185 9
a 74 35 18
a 74 62 14
a 74 77 18
a 74 190 4
a 74 143 18
a 74 127 3
a 75 76 2
a 75 27 13
a 75 165 17
a 75 86 2
a 75 80 9
a 75 106 19
a 75 150 12
a 75 194 4
a 75 154 6
a 75 7 16
a 75 99 9
a 75 50 16
a 75 141 9
a 75 189 9
a 75 66 1
a 75 57 18
a 75 163 12
a 75 170 7
a 75 73 7
a 75 14 3
a 75 124 10
a 75 130 11
a 76 77 9
a 76 131 6
a 76 9 3
a 76 169 19
a 76 98 14
a 76 57 11
a 76 49 1
a 76 12 3
a 76 11 9
a 76 114 9
a 76 96 8
a 76 159 2
a 76 31 6
a 76 137 10
a 76 118 15
a 76 33 15
a 76 54 4
a 76 111 4
a 76 165 15
a 76 125 13
a 76 117 1
a 76 51 18
a 76 136 2
a 76 53 10
a 77 78 6
a 77 24 4
a 77 114 10
a 77 90 12
a 77 137 11
a 77 66 1
a 77 35 14
a 77 117 14
a 77 198 17
a 77 17 9
a 77 54 17
a 77 192 18
a 77 25 16
a 77 16 8
a 77 115 11
a 77 108 2
a 77 37 2
a 77 11 10
a 77 132 12
a 77 166 14
a 77 100 3
a 77 84 2
a 78 79 2
a 78 129 17
a 78 56 6
a 78 174 15
a 78 68 7
a 78 192 7
a 78 141 12
a 78 37 1
a 78 88 8
a 78 140 13
a 78 163 4
a 78 191 18
a 78 124 8
a 78 13 11
a 78 167 13
a 78 17 17
a 78 8 17
a 78 33 16
a 78 38 15
a 78 61 15
a 78 66 3
a 78 72 8
a 78 130 12
a 78 177 8
a 79 80 12
a 79 29 3
a 79 149 6
a 79 3 19
a 79 154 18
a 79 145 17
a 79 76 7
a 79 57 18
a 79 108 3
a 79 33 12
a 79 164 18
a 79 20 5
a 79 24 2
a 79 59 8
a 79 187 15
a 79 153 15
a 79 11 14
a 79 88 3
a 79 55 19
a 80 81 9
a 80 46 14
a 80 111 1
a 80 142 4
a 80 45 12
a 80 23 13
a 80 173 4
a 80 29 12
a 80 164 8
a 80 95 10
a 80 123 6
a 80 155 17
a 80 108 1
a 80 21 1
a 80 133 6
a 81 82 8
a 81 17 16
a 81 173 4
a 81 171 16
a 81 131 2
a 81 42 10
a 81 99 5
a 81 107 18
a 81 187 15
a 81 27 19
a 81 156 11
a 81 141 13
a 81 19 8
a 81 108 14
a 81 84 4
a 81 43 8
a 81 130 11
a 81 48 2
a 81 71 10
a 81 85 19
a 81 92 19
a 81 10 18
a 81 167 13
a 82 83 14
a 82 75 9
a 82 45 16
a 82 31 12
a 82 5 3
a 82 191 11
a 82 164 5
a 82 170 10
a 82 70 15
a 82 109 1
a 82 104 5
a 82 158 3
a 82 118 12
a 82 21 16
a 82 140 17
a 82 35 19
a 82 147 13
a 82 33 13
a 82 57 16
a 82 73 1
a 82 72 15
a 82 160 19
a 82 68 10
a 82 18 12
a 82 48 5
a 83 84 8
a 83 128 4
a 83 66 9
a 83 168 4
a 83 144 2
a 83 15 5
a 83 134 8
a 83 153 11
a 83 79 17
a 83 120 12
a 83 127 12
a 83 110 18
a 83 199 17
a 83 172 15
a 83 109 6
a 83 34 13
a 83 25 2
a 84 85 5
a 84 11 10
a 84 189 12
a 84 18 1
a 84 160 10
a 84 192 6
a 84 171 16
a 84 41 17
a 84 10 1
a 84 17 13
a 84 75 3
a 84 130 6
a 84 102 2
a 84 185 16
a 84 141 19
a 84 147 6
a 84 52 17
a 84 68 8
a 84 33 19
a 84 76 12
a 84 89 2
a 84 64 17
a 85 86 9
a 85 59 3
a 85 81 18
a 85 152 6
a 85 89 3
a 85 137 6
a 85 57 16
a 85 5 11
a 85 43 17
a 85 135 5
a 85 58 17
a 85 153 11
a 85 193 18
a 86 87 9
a 86 101 15
a 86 71 8
a 86 44 2
a 86 107 10
a 86 18 12
a 86 34 11
a 86 199 17
a 86 89 18
a 86 80 8
a 86 148 13
a 86 31 14
a 86 77 10
a 86 122 1
a 86 15 12
a 86 115 9
a 86 178 18
a 87 88 3
a 87 114 11
a 87 127 14
a 87 35 13
a 87 14 19
a 87 116 11
a 87 77 5
a 87 51 7
a 87 78 17
a 87 136 7
a 87 125 15
a 87 66 16
a 87 173 10
a 87 138 4
a 87 166 14
a 87 146 18
a 87 55 10
a 87 134 10
a 87 105 6
a 87 95 5
a 87 44 3
a 87 183 13
a 87 170 5
a 87 109 10
a 87 197 12
a 88 89 9
a 88 148 10
a 88 34 3
a 88 136 18
a 88 112 2
a 88 167 19
a 88 155 18
a 88 85 1
a 88 37 6
a 88 146 17
a 88 149 17
a 88 107 7
a 88 178 10
a 88 122 15
a 88 170 5
a 88 199 10
a 89 90 4
a 89 157 14
a 89 133 12
a 89 111 16
a 89 196 19
a 89 137 3
a 89 40 10
a 89 25 4
a 89 188 11
a 89 163 10
a 89 4 4
a 89 69 15
a 89 169 19
a 89 97 3
a 89 148 3
a 89 106 4
a 89 96 15
a 89 189 16
a 89 13 14
a 89 170 19
a 89 16 17
a 90 91 2
a 90 92 11
a 90 40 4
a 90 56 12
a 90 66 17
a 90 47 19
a 90 35 7
a 90 187 15
a 90 78 14
a 90 26 1
a 90 30 2
a 90 71 9
a 90 41 8
a 90 126 5
a 90 166 14
a 90 23 11
a 90 149 2
a 90 133 12
a 90 36 18
a 90 184 7
a 90 177 15
a 90 194 16
a 90 51 5
a 91 92 13
a 91 1 18
a 91 89 16
a 91 33 16
a 91 187 16
a 91 144 1
a 91 4 9
a 91 24 10
a 91 29 10
a 91 6 13
a 91 118 2
a 91 12 18
a 91 109 12
a 91 167 2
a 91 130 11
a 91 198 10
a 92 93 9
a 92 9 8
a 92 149 12
a 92 143 3
a 92 10 16
a 92 81 5
a 92 6 15
a 92 186 14
a 92 104 2
a 92 147 5
a 92 131 10
a 92 72 16
a 92 172 14
a 92 50 19
a 92 48 7
a 92 25 19
a 92 187 5
a 92 59 9
a 92 106 7
a 93 94 1
a 93 16 8
a 93 26 10
a 93 192 8
a 93 28 3
a 93 126 7
a 93 152 13
a 93 185 14
a 93 17 11
a 93 178 2
a 93 43 14
a 93 92 13
a 93 105 7
a 93 84 18
a 93 164 11
a 93 187 16
a 93 195 15
a 93 66 2
a 93 118 10
a 94 95 17
a 94 133 12
a 94 65 15
a 94 38 19
a 94 69 3
a 94 167 9
a 94 88 7
a 94 11 16
a 94 190 14
a 94 54 2
a 94 149 17
a 94 101 8
a 94 78 18
a 94 159 5
a 94 70 7
a 94 134 15
a 94 140 6
a 94 169 4
a 95 96 18
a 95 104 11
a 95 1 13
a 95 22 9
a 95 183 17
a 95 87 8
a 95 157 18
a 95 106 11
a 95 169 9
a 95 111 4
a 95 103 15
a 95 79 19
a 95 158 10
a 95 56 14
a 95 162 14
a 95 176 11
a 95 39 17
a 95 110 12
a 95 165 17
a 95 116 2
a 96 97 5
a 96 185 12
a 96 198 15
a 96 182 4
a 96 45 17
a 96 195 8
a 96 20 9
a 96 86 13
a 96 160 10
a 96 52 9
a 96 101 13
a 96 32 12
a 96 93 9
a 96 170 1
a 96 55 1
a 96 83 15
a 96 115 5
a 96 49 17
a 96 109 15
a 96 34 8
a 96 54 19
a 96 91 4
a 96 105 10
a 96 77 3
a 96 176 16
a 96 107 5
a 96 140 4
a 97 98 1
a 97 67 4
a 97 117 3
a 97 148 1
a 97 40 13
a 97 18 1
a 97 69 10
a 97 24 12
a 97 184 17
a 97 71 18
a 97 167 12
a 97 20 15
a 97 3 11
a 97 61 2
a 97 160 8
a 97 46 16
a 97 7 14
a 97 156 2
a 97 151 16
a 97 102 1
a 97 177 14
a 97 121 5
a 97 185 7
a 98 99 12
a 98 185 3
a 98 94 8
a 98 67 1
a 98 96 18
a 98 64 5
a 98 109 11
a 98 78 16
a 98 63 11
a 98 110 14
a 98 132 1
a 98 77 17
a 98 82 6
a 98 186 6
a 98 196 18
a 98 114 19
a 98 32 14
a 99 100 13
a 99 170 10
a 99 180 1
a 99 188 1
a 99 159 10
a 99 6 10
a 99 76 4
a 99 111 11
a 99 103 3
a 99 153 14
a 99 124 3
a 99 30 13
a 99 20 13
a 99 83 10
a 100 101 1
a 100 88 2
a 100 37 6
a 100 48 3
a 100 140 17
a 100 198 7
a 100 33 3
a 100 68 5
a 100 53 2
a 100 116 13
a 100 156 6
a 100 160 5
a 100 103 11
a 100 81 11
a 100 70 11
a 100 21 12
a 100 67 14
a 100 52 12
a 100 85 15
a 100 130 11
a 101 102 7
a 101 191 12
a 101 120 11
a 101 122 4
a 101 1 9
a 101 197 12
a 101 169 6
a 101 188 12
a 101 21 16
a 101 161 14
a 101 192 13
a 101 112 4
a 101 156 6
a 101 146 10
a 101 143 13
a 101 48 1
a 101 3 14
a 101 94 8
a 101 155 11
a 102 103 14
a 102 93 10
a 102 85 9
a 102 25 19
a 102 169 19
a 102 172 2
a 102 149 14
a 102 126 8
a 102 30 3
a 102 2 10
a 102 98 14
a 102 130 9
a 102 96 3
a 102 141 17
a 102 186 18
a 102 64 17
a 102 147 12
a 102 97 8
a 102 77 14
a 102 22 18
a 103 104 3
a 103 76 5
a 103 85 8
a 103 157 16
a 103 148 7
a 103 193 14
a 103 129 8
a 103 107 12
a 103 1 2
a 103 98 15
a 103 72 5
a 103 189 14
a 103 20 3
a 103 78 8
a 103 89 16
a 103 100 5
a 103 119 2
a 103 161 14
a 103 139 12
a 103 36 6
a 103 166 9
a 103 186 12
a 104 105 5
a 104 152 17
a 104 186 3
a 104 1 7
a 104 65 18
a 104 109 5
a 104 94 5
a 104 25 16
a 104 21 11
a 104 108 1
a 104 50 19
a 104 175 14
a 104 173 16
a 104 155 16
a 104 192 17
a 104 160 8
a 104 145 5
a 104 123 12
a 104 141 2
a 104 29 1
a 104 86 9
a 105 106 11
a 105 78 11
a 105 34 1
a 105 37 8
a 105 152 5
a 105 89 10
a 105 35 3
a 105 79 12
a 105 48 5
a 105 77 10
a 105 157 12
a 105 119 13
a 105 196 1
a 105 60 17
a 105 64 7
a 105 40 7
a 106 107 2
a 106 158 19
a 106 192 15
a 106 40 19
a 106 96 5
a 106 180 17
a 106 52 10
a 106 13 12
a 106 125 3
a 106 81 7
a 106 50 11
a 106 67 8
a 106 27 9
a 106 85 14
a 106 190 11
a 106 41 7
a 106 95 11
a 106 43 3
a 106 30 16
a 106 65 8
a 107 108 10
a 107 46 10
a 107 16 5
a 107 87 12
a 107 189 11
a 107 163 7
a 107 134 16
a 107 182 16
a 107 33 19
a 107 193 12
a 107 74 16
a 107 110 13
a 107 177 16
a 107 2 6
a 107 20 12
a 107 37 2
a 107 44 6
a 107 131 13
a 107 81 18
a 108 109 10
a 108 166 7
a 108 85 2
a 108 27 14
a 108 30 4
a 108 31 4
a 108 73 6
a 108 78 19
a 108 179 16
a 108 136 6
a 108 93 4
a 108 71 9
a 108 173 5
a 108 138 1
a 108 61 13
a 108 165 16
a 108 157 2
a 109 110 11
a 109 52 2
a 109 193 2
a 109 153 17
a 109 97 16
a 109 123 19
a 109 156 15
a 109 199 7
a 109 183 17
a 109 130 19
a 109 105 11
a 109 37 10
a 109 40 11
a 109 167 2
a 109 69 10
a 110 111 18
a 110 125 9
a 110 107 3
a 110 32 2
a 110 30 11
a 110 22 11
a 110 25 7
a 110 76 3
a 110 92 18
a 110 75 17
a 110 137 9
a 110 27 1
a 110 62 13
a 110 45 1
a 110 29 12
a 111 112 15
a 111 105 2
a 111 129 9
a 111 40 8
a 111 56 9
a 111 96 15
a 111 72 1
a 111 70 7
a 111 21 8
a 111 58 17
a 111 178 6
a 111 140 2
a 111 93 7
a 111 17 11
a 111 184 16
a 111 20 13
a 111 61 3
a 111 163 10
a 111 179 16
a 111 126 6
a 111 43 15
a 111 186 4
a 111 149 15
a 112 113 14
a 112 133 7
a 112 80 16
a 112 35 1
a 112 14 2
a 112 10 15
a 112 45 15
a 112 103 3
a 112 124 14
a 112 184 11
a 112 40 10
a 112 83 6
a 112 171 12
a 112 189 6
a 112 115 9
a 112 132 4
a 112 186 16
a 112 94 15
a 112 172 6
a 112 54 18
a 112 48 3
a 112 177 18
a 112 101 15
a 113 114 18
a 113 59 19
a 113 95 15
a 113 138 19
a 113 128 9
a 113 79 2
a 113 137 15
a 113 18 12
a 113 190 2
a 113 74 3
a 113 70 16
a 113 136 12
a 113 150 7
a 113 186 15
a 113 182 16
a 113 179 14
a 113 88 16
a 113 125 17
a 113 188 9
a 113 49 8
a 113 181 1
a 113 198 18
a 113 146 8
a 114 115 10
a 114 10 15
a 114 63 6
a 114 134 18
a 114 162 5
a 114 113 2
a 114 192 3
a 114 198 5
a 114 129 4
a 114 60 11
a 114 92 7
a 114 195 2
a 114 42 6
a 114 166 16
a 114 40 8
a 114 150 16
a 114 168 3
a 114 157 5
a 114 96 9
a 114 80 1
a 115 116 9
a 115 187 10
a 115 141 2
a 115 122 15
a 115 190 16
a 115 100 17
a 115 126 14
a 115 168 9
a 115 57 13
a 115 199 2
a 115 1 7
a 115 92 15
a 115 96 10
a 115 52 2
a 115 86 6
a 115 163 2
a 115 49 11
a 115 69 3
a 115 112 7
a 115 148 15
a 115 37 10
a 115 21 9
a 115 158 3
a 115 130 18
a 116 117 14
a 116 100 16
a 116 19 15
a 116 165 5
a 116 153 3
a 116 89 15
a 116 110 12
a 116 162 4
a 116 1 8
a 116 79 5
a 116 195 4
a 116 23 3
a 116 148 19
a 116 30 9
a 116 28 17
a 116 136 4
a 116 186 13
a 116 120 3
a 116 108 3
a 116 139 12
a 116 193 15
a 116 112 3
a 116 52 19
a 116 177 11
a 116 68 7
a 116 147 1
a 117 118 12
a 117 33 5
a 117 102 12
a 117 52 8
a 117 86 1
a 117 174 12
a 117 60 3
a 117 150 8
a 117 83 8
a 117 183 13
a 117 108 10
a 117 192 18
a 117 189 10
a 117 139 6
a 117 87 19
a 118 119 12
a 118 71 3
a 118 84 18
a 118 61 9
a 118 42 2
a 118 9 1
a 118 135 1
a 118 104 9
a 118 26 15
a 118 159 19
a 118 76 3
a 118 183 1
a 118 5 6
a 118 27 13
a 118 134 1
a 118 92 18
a 118 175 18
a 118 146 19
a 118 23 18
a 118 182 13
a 118 143 11
a 118 97 5
a 118 105 14
a 119 120 7
a 119 105 6
a 119 135 9
a 119 52 12
a 119 28 1
a 119 94 6
a 119 43 4
a 119 23 14
a 119 141 18
a 119 14 12
a 119 27 11
a 119 96 3
a 119 84 8
a 119 170 13
a 119 104 19
a 119 30 13
a 119 81 15
a 119 42 15
a 119 159 4
a 119 175 4
a 119 101 10
a 120 121 15
a 120 110 17
a 120 11 13
a 120 28 15
a 120 99 10
a 120 190 11
a 120 178 13
a 120 145 14
a 120 166 8
a 120 137 5
a 120 64 6
a 120 5 7
a 120 148 18
a 120 55 3
a 120 45 4
a 120 136 3
a 120 25 6
a 120 42 6
a 120 88 6
a 120 40 15
a 120 118 5
a 120 182 18
a 121 122 19
a 121 89 1
a 121 148 9
a 121 176 14
a 121 43 2
a 121 145 6
a 121 123 19
a 121 127 18
a 121 129 15
a 121 178 17
a 121 73 7
a 121 40 4
a 121 23 18
a 121 198 4
a 121 80 18
a 122 123 14
a 122 194 5
a 122 146 16
a 122 70 5
a 122 31 6
a 122 171 9
a 122 32 10
a 122 2 19
a 122 120 5
a 122 18 14
a 122 98 9
a 122 28 4
a 122 90 12
a 122 183 9
a 122 111 2
a 123 124 1
a 123 15 11
a 123 186 18
a 123 101 12
a 123 162 16
a 123 6 11
a 123 168 6
a 123 98 5
a 123 55 5
a 123 95 6
a 123 122 9
a 123 103 19
a 123 62 11
a 123 148 6
a 123 38 19
a 123 66 9
a 123 30 11
a 123 190 6
a 123 125 5
a 123 19 7
a 124 125 4
a 124 8 1
a 124 192 19
a 124 89 9
a 124 35 5
a 124 46 19
a 124 28 14
a 124 24 11
a 124 176 11
a 124 139 3
a 124 29 14
a 124 86 1
a 124 138 14
a 124 152 16
a 124 158 9
a 125 126 10
a 125 90 5
a 125 138 10
a 125 100 12
a 125 49 15
a 125 47 8
a 125 6 13
a 125 165 6
a 125 122 11
a 125 140 18
a 125 101 6
a 125 153 17
a 125 70 6
a 125 14 11
a 125 176 14
a 125 18 6
a 125 44 1
a 125 134 2
a 125 81 2
a 125 20 17
a 125 31 12
a 125 88 12
a 125 69 11
a 125 113 10
a 125 114 15
a 125 23 19
a 125 86 7
a 125 84 4
a 126 127 10
a 126 122 1
a 126 177 1
a 126 26 4
a 126 39 14
a 126 17 4
a 126 47 5
a 126 43 19
a 126 194 14
a 126 10 11
a 126 7 1
a 126 198 10
a 126 150 9
a 126 4 4
a 126 152 13
a 126 153 4
a 127 128 12
a 127 68 18
a 127 166 18
a 127 1 15
a 127 137 17
a 127 32 6
a 127 161 10
a 127 176 8
a 127 179 14
a 127 94 5
a 127 60 6
a 127 100 3
a 127 157 2
a 127 37 6
a 127 97 8
a 127 82 7
a 127 170 9
a 128 129 7
a 128 12 16
a 128 69 16
a 128 192 3
a 128 150 10
a 128 157 19
a 128 172 2
a 128 32 4
a 128 42 2
a 128 187 12
a 128 127 2
a 128 102 17
a 128 8 19
a 128 79 15
a 128 60 14
a 128 103 3
a 128 180 17
a 128 126 14
a 128 87 4
a 128 173 6
a 128 125 12
a 128 36 3
a 128 123 19
a 128 153 15
a 128 26 11
a 128 168 9
a 128 72 7
a 128 198 2
a 128 167 9
a 129 130 1
a 129 150 9
a 129 80 7
a 129 13 10
a 129 144 9
a 129 176 1
a 129 186 2
a 129 190 8
a 129 43 10
a 129 77 2
a 129 187 9
a 129 27 13
a 129 127 10
a 130 131 1
a 130 122 8
a 130 155 5
a 130 173 11
a 130 112 5
a 130 75 7
a 130 137 17
a 130 109 7
a 130 15 6
a 130 149 14
a 130 13 11
a 130 83 4
a 130 126 4
a 130 103 16
a 130 181 10
a 130 48 14
a 130 140 17
a 130 88 16
a 130 39 19
a 130 47 6
a 130 71 4
a 131 132 16
a 131 54 18
a 131 48 19
a 131 100 2
a 131 1 10
a 131 179 1
a 131 71 12
a 131 140 2
a 131 69 12
a 131 72 10
a 131 137 15
a 131 90 13
a 131 3 4
a 131 133 15
a 131 22 3
a 131 145 14
a 131 143 14
a 132 133 3
a 132 20 8
a 132 143 14
a 132 176 7
a 132 154 3
a 132 116 18
a 132 19 4
a 132 181 19
a 132 38 16
a 132 29 7
a 132 83 2
a 132 61 4
a 132 193 8
a 132 135 19
a 132 155 12
a 133 134 17
a 133 184 8
a 133 27 7
a 133 194 8
a 133 183 10
a 133 182 11
a 133 30 15
a 133 112 1
a 133 75 5
a 133 74 1
a 133 163 13
a 133 158 4
a 133 168 6
a 133 60 4
a 133 137 6
a 133 83 4
a 133 192 4
a 133 56 15
a 133 99 14
a 133 138 16
a 134 135 16
a 134 196 7
a 134 44 11
a 134 85 11
a 134 11 5
a 134 186 12
a 134 132 12
a 134 120 3
a 134 125 6
a 134 197 14
a 134 127 12
a 134 182 17
a 134 188 18
a 134 162 7
a 134 66 8
a 134 17 8
a 134 43 10
a 135 136 15
a 135 98 1
a 135 103 3
a 135 39 6
a 135 194 17
a 135 20 9
a 135 141 1
a 135 17 17
a 135 84 10
a 135 109 4
a 135 173 5
a 135 113 12
a 135 127 6
a 135 184 12
a 135 191 17
a 135 80 5
a 135 145 7
a 135 75 19
a 136 137 15
a 136 29 7
a 136 2 4
a 136 49 17
a 136 150 15
a 136 43 1
a 136 181 12
a 136 16 8
a 136 92 13
a 136 91 12
a 136 197 9
a 136 26 4
a 136 154 2
a 136 134 11
a 136 74 5
a 136 129 14
a 136 55 13
a 136 153 7
a 136 57 6
a 136 64 1
a 136 70 12
a 136 127 7
a 137 138 14
a 137 113 11
a 137 98 10
a 137 193 11
a 137 187 7
a 137 32 16
a 137 48 4
a 137 133 7
a 137 18 3
a 137 112 19
a 137 117 14
a 137 2 12
a 137 63 1
a 137 108 14
a 137 78 15
a 137 85 13
a 137 107 2
a 137 119 16
a 137 91 17
a 138 139 6
a 138 194 8
a 138 188 19
a 138 50 9
a 138 117 7
a 138 72 2
a 138 58 13
a 138 105 11
a 138 10 3
a 138 196 3
a 138 30 10
a 138 156 2
a 138 174 4
a 138 83 11
a 138 96 18
a 138 104 2
a 138 149 19
a 138 172 8
a 138 97 6
a 138 38 17
a 138 5 8
a 138 16 17
a 138 70 16
a 138 133 18
a 138 40 9
a 138 187 11
a 138 141 14
a 138 57 9
a 139 140 2
a 139 44 10
a 139 76 19
a 139 163 11
a 139 68 9
a 139 145 3
a 139 80 5
a 139 36 17
a 139 71 17
a 139 150 13
a 139 16 15
a 139 32 14
a 139 14 4
a 139 31 16
a 139 91 2
a 139 175 3
a 139 160 6
a 140 141 10
a 140 196 1
a 140 144 19
a 140 9 12
a 140 45 11
a 140 125 3
a 140 6 14
a 140 162 10
a 140 65 9
a 140 97 3
a 140 136 18
a 140 171 8
a 140 118 2
a 140 50 16
a 140 39 2
a 140 187 19
a 140 126 7
a 140 2 1
a 140 160 17
a 140 170 5
a 141 142 11
a 141 159 2
a 141 147 9
a 141 97 17
a 141 138 17
a 141 191 12
a 141 25 18
a 141 72 9
a 141 125 17
a 141 133 17
a 141 11 11
a 141 79 9
a 141 170 17
a 141 49 5
a 141 150 10
a 141 184 4
a 141 57 8
a 141 30 5
a 141 88 12
a 142 143 2
a 142 107 1
a 142 181 15
a 142 150 16
a 142 168 1
a 142 11 9
a 142 4 5
a 142 165 14
a 142 115 12
a 142 137 16
a 142 92 7
a 142 96 5
a 142 193 6
a 142 195 17
a 142 3 1
a 142 184 1
a 142 118 15
a 142 199 2
a 142 127 6
a 142 47 18
a 143 144 7
a 143 172 11
a 143 155 9
a 143 56 11
a 143 115 1
a 143 117 6
a 143 89 16
a 143 183 12
a 143 29 1
a 143 25 15
a 143 169 11
a 143 41 16
a 143 121 4
a 143 48 9
a 143 98 18
a 143 81 17
a 143 13 9
a 143 27 8
a 143 187 2
a 143 116 9
a 143 197 18
a 143 175 7
a 143 104 1
a 144 145 13
a 144 90 10
a 144 198 18
a 144 178 6
a 144 182 4
a 144 197 11
a 144 141 13
a 144 134 8
a 144 170 15
a 144 24 8
a 144 49 14
a 144 132 6
a 144 191 18
a 144 102 19
a 144 88 15
a 144 171 8
a 144 14 7
a 144 48 19
a 144 55 6
a 144 129 19
a 144 27 1
a 144 70 7
a 144 112 7
a 144 40 13
a 144 68 8
a 144 20 11
a 144 128 4
a 144 149 6
a 145 146 7
a 145 176 9
a 145 132 18
a 145 170 13
a 145 17 2
a 145 95 15
a 145 103 3
a 145 27 9
a 145 139 3
a 145 32 11
a 145 2 2
a 145 193 3
a 145 99 11
a 145 80 1
a 145 64 15
a 145 36 19
a 145 24 8
a 145 189 6
a 145 166 17
a 145 164 9
a 145 150 6
a 146 147 9
a 146 12 11
a 146 74 16
a 146 92 10
a 146 20 19
a 146 117 3
a 146 71 13
a 146 185 16
a 146 1 5
a 146 78 10
a 146 168 11
a 146 197 7
a 146 8 4
a 146 52 18
a 146 75 3
a 146 188 17
a 146 183 1
a 146 23 19
a 146 141 10
a 146 56 17
a 146 16 9
a 146 50 16
a 146 95 10
a 146 99 10
a 146 80 15
a 146 57 8
a 146 21 8
a 146 94 1
a 147 148 17
a 147 130 1
a 147 89 17
a 147 135 3
a 147 22 19
a 147 123 4
a 147 26 12
a 147 131 3
a 147 129 6
a 147 102 10
a 147 132 3
a 147 105 19
a 147 186 2
a 147 95 14
a 147 16 8
a 147 70 17
a 147 5 15
a 147 171 3
a 147 199 17
a 148 149 12
a 148 117 12
a 148 156 8
a 148 60 14
a 148 54 5
a 148 103 17
a 148 86 10
a 148 37 5
a 148 62 9
a 148 45 19
a 148 93 14
a 148 110 2
a 148 5 1
a 148 29 9
a 148 65 3
a 148 67 19
a 148 21 8
a 148 28 7
a 148 44 18
a 148 191 11
a 148 123 14
a 148 88 3
a 149 150 17
a 149 11 8
a 149 66 14
a 149 48 5
a 149 25 2
a 149 98 18
a 149 130 8
a 149 60 13
a 149 88 10
a 149 148 2
a 149 165 18
a 149 14 15
a 149 172 3
a 149 64 11
a 149 19 3
a 149 55 16
a 149 2 11
a 150 151 11
a 150 6 13
a 150 144 16
a 150 100 15
a 150 162 16
a 150 25 15
a 150 103 16
a 150 94 7
a 150 137 6
a 150 89 10
a 150 147 13
a 150 149 5
a 150 63 17
a 150 76 19
a 150 109 16
a 150 106 7
a 150 81 11
a 150 182 7
a 150 112 5
a 150 124 16
a 150 132 16
a 150 88 17
a 151 152 3
a 151 54 9
a 151 124 13
a 151 8 14
a 151 13 6
a 151 187 9
a 151 1 8
a 151 92 12
a 151 90 15
a 151 170 15
a 151 184 3
a 151 95 6
a 152 153 15
a 152 98 6
a 152 26 18
a 152 82 11
a 152 85 5
a 152 185 3
a 152 190 4
a 152 174 10
a 152 15 10
a 152 39 5
a 152 31 18
a 152 156 15
a 152 29 8
a 152 155 9
a 152 165 5
a 152 28 15
a 152 164 15
a 152 38 11
a 152 7 7
a 152 94 13
a 152 65 1
a 153 154 5
a 153 187 4
a 153 18 3
a 153 22 7
a 153 176 11
a 153 190 9
a 153 93 11
a 153 127 4
a 153 124 6
a 153 146 15
a 153 184 19
a 153 45 5
a 153 39 3
a 153 95 3
a 153 21 13
a 153 169 19
a 153 33 2
a 153 54 2
a 154 155 19
a 154 195 3
a 154 12 12
a 154 84 11
a 154 72 6
a 154 93 1
a 154 132 17
a 154 2 19
a 154 125 6
a 154 190 3
a 154 135 6
a 154 175 10
a 154 39 7
a 154 44 16
a 154 123 17
a 154 25 13
a 154 42 13
a 154 121 6
a 154 41 11
a 154 198 9
a 154 138 13
a 154 16 2
a 155 156 14
a 155 131 12
a 155 95 12
a 155 117 17
a 155 189 10
a 155 89 10
a 155 26 16
a 155 27 1
a 155 21 1
a 155 125 13
a 155 97 18
a 155 152 14
a 155 54 19
a 156 157 4
a 156 189 15
a 156 45 18
a 156 8 5
a 156 159 14
a 156 49 13
a 156 75 11
a 156 87 1
a 156 70 17
a 156 167 17
a 156 37 13
a 156 11 15
a 156 126 14
a 156 174 15
a 156 7 15
a 156 131 10
a 156 36 19
a 156 130 12
a 157 158 12
a 157 91 3
a 157 124 11
a 157 199 4
a 157 47 17
a 157 8 8
a 157 37 7
a 157 63 9
a 157 2 10
a 157 12 11
a 157 150 15
a 157 85 1
a 157 195 18
a 157 107 12
a 157 105 10
a 157 151 5
a 157 44 3
a 157 137 8
a 157 130 7
a 157 197 19
a 157 42 19
a 157 40 16
a 157 176 7
a 158 159 17
a 158 83 15
a 158 63 13
a 158 190 6
a 158 92 8
a 158 26 16
a 158 188 2
a 158 192 19
a 158 8 13
a 158 125 17
a 158 69 1
a 158 116 3
a 158 166 10
a 158 24 7
a 158 184 2
a 158 52 16
a 158 156 14
a 158 165 10
a 158 142 11
a 158 111 11
a 158 16 3
a 158 7 2
a 158 135 18
a 158 88 13
a 158 43 2
a 158 61 11
a 158 172 19
a 158 51 14
a 159 160 4
a 159 181 17
a 159 65 9
a 159 103 17
a 159 36 13
a 159 199 14
a 159 102 8
a 159 104 12
a 159 111 11
a 159 187 17
a 159 90 15
a 159 89 13
a 159 132 12
a 159 18 1
a 160 161 5
a 160 153 17
a 160 81 18
a 160 89 8
a 160 8 19
a 160 29 7
a 160 182 8
a 160 75 9
a 160 72 7
a 160 118 1
a 160 105 6
a 160 116 8
a 160 167 7
a 160 73 1
a 160 88 4
a 160 150 1
a 161 162 15
a 161 79 3
a 161 89 18
a 161 19 16
a 161 36 15
a 161 168 11
a 161 64 10
a 161 41 5
a 161 23 12
a 161 32 14
a 161 159 18
a 161 143 1
a 161 10 9
a 161 173 17
a 161 88 1
a 161 42 6
a 161 34 14
a 161 130 7
a 161 117 17
a 161 155 9
a 161 49 15
a 161 157 10
a 162 163 10
a 162 115 16
a 162 74 10
a 162 144 3
a 162 38 15
a 162 153 2
a 162 25 16
a 162 114 19
a 162 52 13
a 162 195 2
a 162 35 6
a 162 3 7
a 162 40 19
a 162 196 13
a 162 154 4
a 162 170 19
a 162 10 18
a 162 165 3
a 162 103 18
a 162 22 16
a 162 31 7
a 162 164 8
a 163 164 14
a 163 32 16
a 163 146 11
a 163 28 19
a 163 51 9
a 163 103 17
a 163 12 19
a 163 186 18
a 163 79 5
a 163 147 18
a 163 90 14
a 163 20 18
a 163 126 4
a 163 80 11
a 163 15 7
a 163 120 8
a 163 77 3
a 163 181 15
a 163 100 15
a 163 176 8
a 163 128 8
a 163 160 8
a 163 45 1
a 163 43 7
a 164 165 9
a 164 61 16
a 164 159 9
a 164 52 18
a 164 90 4
a 164 1 9
a 164 46 8
a 164 85 19
a 164 180 15
a 164 29 12
a 164 62 3
a 164 144 6
a 164 69 14
a 164 106 8
a 164 179 1
a 164 187 14
a 164 171 3
a 164 31 17
a 164 87 19
a 164 176 9
a 164 158 15
a 164 166 8
a 165 166 3
a 165 154 3
a 165 48 2
a 165 188 19
a 165 88 19
a 165 170 7
a 165 59 3
a 165 22 9
a 165 60 3
a 165 161 10
a 165 130 19
a 165 113 8
a 165 106 7
a 165 167 4
a 165 53 9
a 165 151 8
a 165 195 15
a 165 141 12
a 165 55 15
a 165 43 8
a 165 104 5
a 165 52 13
a 166 167 5
a 166 163 9
a 166 50 12
a 166 65 8
a 166 72 2
a 166 102 16
a 166 2 2
a 166 118 19
a 166 178 13
a 166 130 16
a 166 137 13
a 166 3 14
a 166 11 11
a 166 69 12
a 166 60 18
a 166 70 16
a 166 162 15
a 166 91 17
a 166 139 13
a 166 58 19
a 166 82 12
a 167 168 7
a 167 87 5
a 167 132 2
a 167 51 6
a 167 37 16
a 167 193 4
a 167 89 10
a 167 4 9
a 167 90 5
a 167 34 3
a 167 91 8
a 168 169 10
a 168 3 10
a 168 190 13
a 168 113 15
a 168 15 17
a 168 14 14
a 168 161 7
a 168 108 15
a 168 180 9
a 168 98 19
a 168 178 1
a 168 28 5
a 168 60 4
a 168 99 9
a 168 118 19
a 168 30 3
a 168 112 7
a 168 187 11
a 168 197 11
a 168 153 12
a 168 115 11
a 168 181 16
a 168 145 14
a 168 73 13
a 169 170 3
a 169 1 8
a 169 10 1
a 169 96 1
a 169 5 15
a 169 113 3
a 169 57 2
a 169 78 16
a 169 152 8
a 169 190 1
a 169 165 15
a 169 177 17
a 169 163 2
a 170 171 1
a 170 88 9
a 170 105 7
a 170 24 10
a 170 198 1
a 170 147 6
a 170 102 7
a 170 8 18
a 170 22 13
a 170 2 10
a 170 114 5
a 170 193 8
a 170 109 3
a 170 76 15
a 170 126 12
a 170 28 18
a 170 69 12
a 170 149 19
a 170 45 12
a 170 115 14
a 170 75 10
a 170 55 13
a 170 58 8
a 171 172 2
a 171 5 16
a 171 158 13
a 171 103 1
a 171 113 13
a 171 94 4
a 171 168 13
a 171 184 3
a 171 173 17
a 171 93 18
a 171 42 15
a 171 194 9
a 171 170 6
a 171 198 9
a 171 8 10
a 171 128 16
a 171 65 4
a 171 81 10
a 171 166 6
a 171 125 3
a 171 156 2
a 172 173 7
a 172 44 9
a 172 190 12
a 172 53 19
a 172 181 2
a 172 113 1
a 172 196 8
a 172 104 19
a 172 17 16
a 172 94 9
a 172 23 1
a 172 78 1
a 172 52 10
a 172 195 2
a 172 27 16
a 172 21 11
a 172 92 10
a 172 165 7
a 172 154 19
a 172 108 12
a 172 71 17
a 173 174 2
a 173 35 15
a 173 176 2
a 173 92 6
a 173 4 18
a 173 54 12
a 173 16 8
a 173 162 15
a 173 27 17
a 173 5 10
a 173 84 9
a 173 149 10
a 173 100 15
a 173 139 10
a 173 31 7
a 173 197 6
a 173 111 1
a 173 179 7
a 173 42 19
a 173 134 17
a 174 175 4
a 174 82 14
a 174 112 19
a 174 33 2
a 174 184 12
a 174 22 16
a 174 182 4
a 174 166 2
a 174 179 18
a 174 178 12
a 174 65 3
a 174 171 4
a 174 126 8
a 174 194 15
a 174 107 18
a 174 104 17
a 174 181 9
a 175 176 19
a 175 75 17
a 175 14 10
a 175 8 17
a 175 52 2
a 175 170 4
a 175 113 13
a 175 44 15
a 175 132 11
a 175 156 5
a 175 57 2
a 175 106 19
a 175 34 2
a 175 198 2
a 176 177 7
a 176 63 8
a 176 124 13
a 176 183 13
a 176 94 16
a 176 119 18
a 176 31 5
a 176 123 12
a 176 184 10
a 176 86 10
a 176 22 10
a 176 85 8
a 176 81 6
a 176 79 16
a 176 141 1
a 176 60 12
a 176 160 9
a 176 90 5
a 176 142 7
a 176 77 11
a 177 178 8
a 177 83 17
a 177 133 16
a 177 38 19
a 177 34 6
a 177 147 9
a 177 143 16
a 177 42 5
a 177 173 19
a 177 131 16
a 177 33 2
a 177 107 6
a 177 16 13
a 177 77 15
a 177 185 12
a 177 79 13
a 177 98 9
a 177 166 1
a 177 19 10
a 177 50 8
a 177 183 17
a 177 106 11
a 178 179 17
a 178 113 5
a 178 91 11
a 178 96 8
a 178 85 3
a 178 153 2
a 178 2 9
a 178 73 2
a 178 137 14
a 178 31 11
a 178 34 15
a 178 18 7
a 178 80 8
a 178 196 11
a 178 111 2
a 178 84 5
a 178 114 15
a 178 181 7
a 178 168 11
a 178 6 7
a 178 61 2
a 179 180 7
a 179 22 6
a 179 151 9
a 179 196 2
a 179 197 1
a 179 192 8
a 179 156 13
a 179 85 14
a 179 84 15
a 179 183 19
a 179 99 18
a 179 122 1
a 179 167 2
a 179 18 4
a 179 128 8
a 179 191 12
a 179 92 14
a 179 152 15
a 180 181 9
a 180 189 1
a 180 127 2
a 180 199 3
a 180 62 5
a 180 2 4
a 180 30 3
a 180 104 6
a 180 61 10
a 180 80 11
a 180 166 1
a 180 74 15
a 180 36 13
a 181 182 17
a 181 64 16
a 181 29 7
a 181 85 1
a 181 74 6
a 181 23 15
a 181 2 11
a 181 102 6
a 181 34 15
a 181 24 3
a 181 50 7
a 181 63 5
a 181 81 5
a 181 147 10
a 182 183 13
a 182 150 15
a 182 80 10
a 182 40 6
a 182 168 15
a 182 18 13
a 182 37 14
a 182 198 3
a 182 87 7
a 182 36 10
a 182 88 11
a 182 153 5
a 182 169 16
a 182 130 17
a 182 89 17
a 182 158 6
a 182 14 19
a 182 55 9
a 182 125 10
a 182 17 15
a 182 164 19
a 182 78 17
a 182 72 7
a 182 42 6
a 182 82 6
a 183 184 6
a 183 18 4
a 183 177 14
a 183 110 1
a 183 143 2
a 183 109 14
a 183 199 2
a 183 23 17
a 183 165 11
a 183 105 6
a 183 176 6
a 183 40 12
a 183 127 14
a 183 16 5
a 183 186 3
a 183 51 2
a 183 172 16
a 183 104 3
a 183 77 8
a 183 121 12
a 184 185 5
a 184 12 17
a 184 82 18
a 184 123 5
a 184 67 7
a 184 94 14
a 184 106 10
a 184 55 4
a 184 177 13
a 184 199 5
a 184 61 11
a 184 136 13
a 184 148 6
a 184 27 14
a 184 56 12
a 184 24 7
a 184 196 4
a 184 41 4
a 185 186 17
a 185 105 16
a 185 139 10
a 185 182 2
a 185 45 6
a 185 62 15
a 185 61 5
a 185 183 15
a 185 197 10
a 185 126 13
a 185 32 11
a 185 23 2
a 185 41 4
a 185 196 10
a 185 57 7
a 185 161 7
a 185 40 8
a 186 187 7
a 186 25 11
a 186 61 18
a 186 20 10
a 186 36 5
a 186 183 7
a 186 2 8
a 186 140 2
a 186 23 15
a 186 80 6
a 186 39 15
a 186 136 5
a 186 129 10
a 187 188 13
a 187 47 8
a 187 143 17
a 187 174 7
a 187 149 4
a 187 107 6
a 187 128 17
a 187 87 5
a 187 130 4
a 187 151 3
a 187 105 19
a 187 26 8
a 187 77 7
a 187 184 1
a 187 103 5
a 187 24 1
a 187 166 14
a 187 69 4
a 187 41 17
a 188 189 10
a 188 134 2
a 188 67 15
a 188 117 19
a 188 35 18
a 188 89 8
a 188 116 17
a 188 98 7
a 188 75 1
a 188 56 6
a 188 174 19
a 188 152 5
a 188 29 7
a 188 10 14
a 188 195 18
a 188 132 1
a 188 62 6
a 189 190 9
a 189 108 15
a 189 1 15
a 189 152 17
a 189 157 17
a 189 41 19
a 189 171 13
a 189 96 4
a 189 107 10
a 189 64 12
a 189 98 14
a 189 112 13
a 189 78 1
a 189 21 13
a 189 103 8
a 189 35 10
a 189 188 8
a 189 33 8
a 189 147 12
a 189 164 8
a 189 26 7
a 189 36 19
a 190 191 18
a 190 24 13
a 190 147 5
a 190 3 6
a 190 14 2
a 190 38 18
a 190 140 12
a 190 162 11
a 190 196 16
a 190 15 15
a 190 125 8
a 190 185 14
a 190 164 16
a 190 186 19
a 190 1 10
a 190 76 19
a 190 173 1
a 190 28 3
a 190 98 16
a 190 49 18
a 191 192 18
a 191 171 10
a 191 125 19
a 191 138 2
a 191 143 11
a 191 37 12
a 191 62 11
a 191 173 7
a 191 4 9
a 191 155 6
a 191 75 16
a 191 183 19
a 191 72 17
a 191 47 3
a 191 79 2
a 191 71 11
a 191 105 12
a 192 193 15
a 192 155 16
a 192 77 15
a 192 63 11
a 192 143 15
a 192 71 7
a 192 148 11
a 192 159 3
a 192 40 19
a 192 197 3
a 192 128 13
a 192 62 6
a 192 43 13
a 192 2 18
a 192 106 17
a 192 114 2
a 192 76 8
a 193 194 19
a 193 142 4
a 193 146 4
a 193 112 12
a 193 137 3
a 193 54 4
a 193 23 11
a 193 155 11
a 193 73 2
a 193 74 10
a 193 34 1
a 193 172 18
a 193 28 7
a 193 10 13
a 193 1 12
a 194 195 11
a 194 150 14
a 194 42 5
a 194 51 19
a 194 29 17
a 194 34 1
a 194 9 12
a 194 196 17
a 194 169 4
a 194 49 5
a 194 151 19
a 194 74 13
a 194 17 4
a 194 137 16
a 194 56 7
a 194 69 7
a 194 92 12
a 195 196 12
a 195 19 18
a 195 42 9
a 195 150 12
a 195 87 18
a 195 126 1
a 195 83 7
a 195 171 15
a 195 183 19
a 195 134 3
a 195 34 5
a 195 62 11
a 195 99 6
a 195 76 2
a 195 158 13
a 195 192 19
a 195 142 1
a 195 188 9
a 195 28 15
a 195 33 1
a 195 68 16
a 195 84 15
a 195 172 1
a 195 135 16
a 195 127 19
a 195 58 19
a 195 154 3
a 195 60 12
a 196 197 10
a 196 31 9
a 196 55 10
a 196 153 4
a 196 79 14
a 196 43 4
a 196 149 6
a 196 30 7
a 196 154 14
a 196 65 2
a 196 179 18
a 196 19 7
a 196 155 8
a 196 116 13
a 196 144 2
a 196 45 15
a 196 168 12
a 196 177 3
a 196 98 13
a 197 198 18
a 197 157 1
a 197 76 9
a 197 47 15
a 197 84 11
a 197 62 19
a 197 183 16
a 197 161 14
a 197 123 13
a 197 144 7
a 197 23 12
a 198 199 11
a 198 49 3
a 198 189 19
a 198 90 14
a 198 25 17
a 198 149 7
a 198 36 10
a 198 70 19
a 198 136 16
a 198 78 7
a 198 93 15
a 198 106 19
a 198 128 7
a 198 81 8
a 198 21 13
a 198 75 14
a 198 193 12
a 198 187 3
a 198 156 10
a 198 16 7
a 198 130 1
a 198 87 14
a 198 45 7
a 198 64 10
c 198 106 146 95 87
c 161 42 180 2 131
c 97 98 101 143 53
c 120 182 104 145 144
c 168 118 48 91 95
c 179 167 128 79 72
c 49 34 155 21 127
c 79 3 155 95 121
c 8 164 141 170 105
c 121 123 94 70 125
c 131 143 196 45 139
c 119 175 167 91 62
c 106 85 95 1 105
c 31 32 93 28 120
c 111 93 170 114 142
c 166 69 22 83 85
c 55 48 75 50 142
c 90 78 172 108 120
c 118 84 194 51 91
c 23 74 48 63 62
c 142 165 118 97 98
c 55 84 146 12 79
c 161 159 128 102 84
c 89 97 174 112 103
c 84 76 39 151 97
c 182 42 15 109 141
c 59 99 187 166 135
c 58 146 165 151 125
c 184 61 107 16 87
c 39 121 154 125 123
c 170 58 41 160 121
c 60 125 44 66 98
c 153 39 30 147 117
c 118 76 163 146 56
c 166 178 134 125 70
c 121 145 97 148 82
c 8 145 52 75 61
c 155 21 135 113 137
c 38 56 130 131 90
c 74 143 85 152 107
c 98 82 11 105 71
c 175 52 2 24 97
c 78 72 68 128 67
c 12 162 110 75 119
c 36 198 158 52 84
c 142 127 170 171 121
c 155 131 55 152 127
c 58 37 111 96 81
c 61 196 194 51 67
c 174 104 97 177 126
c 114 63 167 168 59
c 131 133 154 175 74
c 121 122 125 126 89
c 67 68 93 118 95
c 68 32 56 179 124
c 101 146 39 116 149
c 189 164 1 127 119
c 179 152 145 146 57
c 86 178 17 124 90
c 86 71 77 108 76
c 53 16 166 118 123
c 195 83 39 40 51
c 8 53 77 108 95
c 27 20 11 69 129
c 135 80 50 58 131
c 37 163 160 88 75
c 83 25 4 8 110
c 30 143 96 195 120
c 18 133 87 173 56
c 152 165 191 4 103
c 172 190 141 170 54
c 64 137 90 40 127
c 91 198 96 77 136
c 116 195 2 160 140
c 42 90 51 157 62
c 98 77 140 50 101
c 89 133 73 94 142
c 105 48 34 3 118
c 69 178 47 126 60
c 6 105 3 83 114
c 136 134 52 90 119
c 127 166 56 27 127
c 156 159 188 117 102
c 130 137 41 32 129
c 108 71 144 145 137
c 178 31 56 27 149
c 87 14 144 178 74
c 130 15 108 166 75
c 17 81 147 22 125
c 79 24 129 127 135
c 68 160 63 26 56
c 153 190 49 138 125
c 43 35 176 22 122
c 10 192 136 137 94
c 153 154 47 195 89
c 47 113 77 16 88
c 114 166 12 59 114
c 2 11 106 65 148
c 138 38 22 31 117
c 136 74 115 69 99
c 180 189 181 23 74
c 193 54 20 76 95
c 69 76 111 96 91
c 125 90 28 195 117
c 23 57 93 28 128
c 57 150 162 196 142
c 170 2 169 5 122
c 71 174 142 143 52
c 130 71 135 184 141
c 17 89 24 4 143
c 56 179 148 191 95
c 193 142 4 187 129
c 164 179 170 69 53
c 76 98 168 115 60
c 189 1 103 1 97
c 135 136 94 140 139
c 106 190 45 149 83
c 81 92 18 16 111
c 198 199 6 89 145
c 133 158 147 123 52
c 113 182 129 43 142
c 138 50 114 96 99
c 61 118 19 159 94
c 44 48 77 16 124
c 159 18 25 174 111
c 71 100 149 48 82
c 49 139 147 105 52
c 4 90 81 17 68
c 80 142 77 37 134
c 127 82 49 21 56
c 178 84 198 199 83
c 86 44 81 107 85
c 142 96 126 17 125
c 170 115 78 167 127
c 93 28 175 34 118
c 147 26 136 92 118
c 65 5 105 35 54
c 70 106 130 88 132
c 172 108 101 143 126
c 124 29 118 134 58
c 103 119 186 25 149
c 66 32 119 170 51
c 198 128 164 106 90
c 45 73 62 194 131
c 116 147 102 25 116
c 188 75 135 20 110
c 17 48 86 18 148
c 74 119 74 15 138
c 90 40 99 6 91
c 47 28 73 66 75
c 87 183 19 136 146
c 57 184 149 25 56
c 3 151 100 116 128
c 113 74 173 111 149
c 178 80 26 25 127
c 154 42 99 100 126
c 119 94 198 128 146
c 105 106 30 22 149
c 33 176 115 1 134
c 88 149 24 62 57
c 124 138 41 195 104
c 165 52 35 85 86
c 15 187 172 94 142
c 105 77 24 197 97
c 78 167 66 77 105
c 53 1 110 76 81
c 34 191 123 19 70
c 161 49 138 97 53
c 77 24 192 2 116
c 106 158 130 47 97
c 158 156 57 93 107
c 150 103 126 10 87
c 57 109 27 95 127
c 75 163 32 155 64
c 103 100 65 10 108
c 154 12 150 94 83
c 100 53 145 2 108
c 137 91 156 126 94
c 166 82 87 44 87
c 192 128 81 141 132
c 104 155 116 100 80
c 123 124 70 150 129
c 145 139 162 195 76
c 70 71 52 22 52
c 175 198 163 51 142
c 96 93 96 198 90
c 126 198 117 174 146
c 7 167 165 167 148
c 52 28 161 162 120
c 154 41 61 140 133
c 36 47 154 44 82
c 39 142 178 73 130
c 22 31 30 51 76
c 137 113 133 30 71
c 62 125 20 28 140
c 4 34 68 49 143
c 4 148 32 51 96
c 80 46 122 194 113
c 115 37 69 47 85
c 126 39 102 98 126
c 27 199 104 186 102
c 121 89 58 199 51
c 160 81 96 52 75
c 66 91 135 17 83
c 152 164 65 185 87
c 40 27 20 193 144
c 128 12 32 10 103
c 183 199 39 152 81
c 47 73 0 145 80
c 21 50 139 80 133
c 130 71 26 110 89
c 23 15 63 104 71
c 148 149 134 197 67
c 2 3 124 138 101
c 64 197 161 32 110
c 23 182 64 16 131
c 42 189 95 106 100
c 51 61 91 29 105
c 196 30 58 124 96
c 177 34 16 113 98
c 15 16 150 147 106
c 63 64 115 163 131
c 17 105 131 3 141
c 176 94 72 160 91
c 44 29 79 59 86
c 98 64 87 55 121
c 66 29 53 184 95
c 50 31 144 112 117
c 113 182 75 50 67
c 50 31 14 91 60
c 131 69 159 90 76
c 70 194 163 43 146
c 169 10 148 44 71
c 51 129 16 17 112
c 51 132 2 160 67
c 74 10 102 25 102
c 56 155 6 10 113
c 49 138 172 52 66
c 195 76 53 1 145
c 110 111 156 131 129
c 18 54 30 142 126
c 83 144 92 6 137
c 50 96 24 55 70
c 95 158 25 42 102
c 36 198 71 174 123
c 189 152 171 94 54
c 148 103 84 85 135
c 91 118 22 151 115
c 22 55 52 61 94
c 76 125 159 89 61
c 57 150 58 146 88
c 42 98 166 69 123
c 50 69 130 140 98
c 124 152 0 27 109
c 82 70 97 71 97
c 134 132 73 74 104
c 70 57 24 57 89
c 76 114 77 35 135
c 140 144 35 93 86
c 153 146 97 117 136
c 193 137 28 96 58
c 70 5 1 4 131
c 101 188 65 54 61
c 51 111 198 70 77
c 62 185 161 143 57
c 50 73 82 191 119
c 25 67 142 4 86
c 146 75 195 158 83
c 66 93 113 190 60
c 3 122 164 159 72
c 77 115 146 74 96
c 105 152 84 185 133
c 63 114 73 12 90
c 60 4 136 2 85
c 114 113 52 157 116
c 103 129 36 113 116
c 116 100 7 137 83
c 125 86 94 54 111
c 18 16 167 89 146
c 104 50 123 66 104
c 52 69 160 153 50
c 176 79 49 5 143
c 161 79 2 187 122
c 150 89 17 90 100
c 130 13 158 142 73
c 29 31 28 138 70
c 77 78 189 171 94
c 35 191 12 117 110
c 52 92 79 164 142
c 32 44 193 142 99
c 85 86 88 146 83
c 66 190 95 106 99
c 192 155 161 10 119
c 142 181 100 67 73
c 143 115 183 177 64
c 148 54 111 40 68
c 144 112 166 72 66
c 194 74 147 132 109
c 4 130 102 85 63
c 62 194 14 6 113
c 74 42 50 101 143
c 153 169 36 156 134
c 3 4 36 193 54
c 145 193 54 141 92
c 22 115 155 95 89
c 16 158 106 65 70
c 192 159 193 142 65
c 106 96 78 141 104
c 50 51 97 185 119
c 96 20 32 74 62
c 123 148 105 64 131
c 145 164 15 110 103
c 82 158 163 164 118
c 164 85 187 184 141
c 13 35 144 70 108
c 123 168 25 35 126
c 83 172 81 48 95
c 68 64 192 197 79
c 39 143 23 182 51
c 144 198 48 106 137
c 50 51 114 198 120
c 163 77 37 102 66
c 165 55 77 37 129
c 90 133 107 16 123
c 62 63 40 131 133
c 43 67 13 135 73
c 190 196 144 88 113
c 21 50 20 75 139
c 159 18 151 54 74
c 9 152 113 88 78
c 183 23 14 38 57
c 79 20 68 57 68
c 58 147 24 81 148
c 127 68 107 74 126
c 165 151 29 30 120
c 84 192 91 89 144
c 25 98 145 27 97
c 76 169 92 104 73
c 120 64 0 137 149
c 48 92 149 88 125
c 79 3 79 59 65
c 91 24 147 22 112
c 117 60 169 78 144
c 149 172 8 145 148
c 23 138 48 63 117
c 97 151 196 155 122
c 50 115 150 25 107
c 32 51 110 107 146
c 158 24 37 22 94
c 61 47 12 102 65
c 44 19 0 12 111
c 8 179 36 3 63
c 41 32 24 105 79
c 90 47 55 108 110
c 42 122 144 141 139
c 179 180 73 55 115
c 51 157 61 27 79
c 43 196 92 172 86
c 118 26 134 17 136
c 53 113 33 164 65
c 59 55 190 15 98
c 73 115 66 29 126
c 23 45 32 49 109
c 175 113 114 42 59
c 72 32 113 79 71
c 96 176 59 119 127
c 190 147 25 43 66
c 80 155 110 107 74
c 19 136 39 140 147
c 68 13 142 199 121
c 82 158 131 72 77
c 76 131 75 170 104
c 184 82 116 195 126
c 172 44 139 91 128
c 128 167 25 6 94
c 96 182 116 110 70
c 23 68 34 197 75
c 58 147 151 92 66
c 168 15 123 98 74
c 8 75 112 35 139
c 150 6 128 127 134
c 35 111 115 190 68
c 17 19 3 144 58
c 74 177 58 139 149
c 143 98 191 171 77
c 83 109 85 43 99
c 25 174 82 68 149
c 90 26 90 78 77
c 166 162 172 94 103
c 109 156 163 147 54
c 93 185 34 97 69
c 175 156 155 26 86
c 10 154 162 25 142
c 24 173 115 190 134
c 167 89 10 53 65
c 104 105 189 188 60
c 153 21 72 7 114
c 58 130 15 111 64
c 1 4 70 138 128
c 118 76 115 163 78
c 14 187 123 66 102
c 146 95 47 126 112
c 73 55 102 25 117
c 31 79 26 122 137
c 16 146 31 26 56
c 182 150 25 98 149
c 143 98 140 125 143
c 130 47 13 135 59
c 52 92 137 18 56
c 29 30 10 33 74
c 177 83 91 33 77
c 66 83 198 199 134
c 93 28 56 179 61
c 192 114 101 197 124
c 126 47 173 179 113
c 163 164 116 68 73
c 173 100 143 27 53
c 97 71 33 176 133
c 62 78 113 190 91
c 150 89 42 104 115
c 140 6 132 176 110
c 160 150 75 165 68
c 146 71 52 3 133
c 72 88 152 29 124
c 148 28 62 44 73
c 18 141 179 128 124
c 125 84 71 91 148
c 1 97 5 109 103
c 57 109 84 10 83
c 106 43 139 36 93
c 190 1 45 35 70
c 37 152 146 56 63
c 158 83 43 49 121
c 147 130 155 95 112
c 39 151 74 35 114
c 172 23 183 109 100
c 95 79 40 41 81
c 85 193 162 163 100
c 107 193 160 161 132
c 74 75 90 71 74
c 35 199 33 7 65
c 178 61 30 142 127
c 118 92 146 94 117
c 97 3 156 36 65
c 24 173 155 54 102
c 59 195 21 145 94
c 167 132 145 99 141
c 172 154 21 155 124
c 79 24 109 123 91
c 81 156 171 8 127
c 39 59 114 129 74
c 9 186 192 40 134
c 152 85 16 193 129
c 169 1 65 64 127
c 31 177 103 193 70
c 107 131 132 155 115
c 90 187 9 168 135
c 93 187 191 62 133
c 94 101 94 190 122
c 31 12 173 139 78
c 115 126 133 134 127
c 5 54 120 25 130
c 47 145 183 143 50
c 85 43 189 98 103
c 142 118 22 18 131
c 97 177 125 100 79
c 28 177 181 102 92
c 93 185 190 173 138
c 106 192 198 136 61
c 76 53 77 100 72
c 189 78 92 48 141
c 131 140 92 9 71
c 109 123 106 192 96
c 71 181 15 84 70
c 49 36 30 139 69
c 10 127 76 118 51
c 96 105 33 197 68
c 190 191 52 24 61
c 68 8 29 195 122
c 191 79 157 12 55
c 67 106 70 10 121
c 12 138 152 31 145
c 23 35 70 149 75
c 78 174 46 2 83
c 29 61 42 7 82
c 131 140 17 28 112
c 193 146 194 74 95
c 128 36 12 178 128
c 92 81 63 64 86
c 163 100 84 18 140
c 134 196 135 136 69
c 74 93 43 97 90
c 110 32 4 159 105
c 154 195 167 87 101
c 121 198 95 96 93
c 160 75 81 84 78
c 42 189 176 22 139
c 62 63 25 173 127
c 18 119 63 11 144
c 7 64 136 74 83
c 28 12 88 199 147
c 125 165 111 163 147
c 94 190 85 59 106
c 2 192 23 44 107
c 50 73 110 107 56
c 158 135 105 64 109
c 160 72 77 166 119
c 128 126 73 55 106
c 85 193 148 28 135
c 188 132 148 149 117
c 55 17 65 113 132
c 144 90 17 140 68
c 89 69 116 100 72
c 60 23 77 100 53
c 41 32 22 135 116
c 16 105 25 67 117
c 74 47 84 147 88
c 78 124 164 159 123
c 65 64 105 34 94
c 54 12 154 123 133
c 44 134 25 8 77
c 94 190 48 122 101
c 110 111 31 114 142
c 174 166 59 99 114
c 33 41 160 182 134
c 178 137 135 184 137
c 111 58 8 31 125
c 125 138 125 47 143
c 45 149 121 148 147
c 56 155 35 184 52
c 121 123 168 115 118
c 169 152 112 115 53
c 92 72 148 191 79
c 59 10 125 114 136
c 56 13 51 98 102
c 37 22 155 131 65
c 134 132 128 157 140
c 122 120 17 105 84
c 101 48 123 101 66
c 59 10 166 178 98
c 20 28 71 91 136
c 34 35 139 36 96
c 114 195 81 99 145
c 49 138 80 46 77
c 13 35 91 12 92
c 87 35 148 62 80
c 138 139 36 164 88
c 103 189 152 31 50
c 37 180 98 78 106
c 38 27 182 158 95
c 75 163 99 100 70
c 141 159 16 193 146
c 179 156 160 73 95
c 36 193 195 127 105
c 27 185 62 44 104
c 61 168 177 173 53
c 24 62 27 95 141
c 140 170 121 127 133
c 174 171 165 88 115
c 24 104 19 186 92
c 189 188 176 86 50
c 95 1 106 50 109
c 21 145 182 87 62
c 122 70 66 30 120
c 137 78 153 127 97
c 152 7 133 183 121
c 163 43 140 144 137
c 150 63 141 30 118
c 68 89 126 17 113
c 27 20 83 110 80
c 50 116 74 131 98
c 185 105 61 64 135
c 128 32 46 146 136
c 89 157 178 2 120
c 188 89 71 44 115
c 81 108 118 182 53
c 34 188 68 13 91
c 4 187 160 161 92
c 163 128 198 193 81
c 82 21 177 79 113
c 14 3 32 175 141
c 160 73 85 86 146
c 122 2 172 173 50
c 1 87 94 134 78
c 28 138 21 50 142
c 195 196 78 38 125
c 106 65 187 24 133
c 100 101 158 24 139
c 0 146 146 21 119
c 36 27 187 103 101
c 47 8 164 46 105
c 65 46 32 84 130
c 90 41 135 141 84
c 1 25 41 42 107
c 142 115 123 190 135
c 99 103 75 106 69
c 22 160 113 95 125
c 158 192 131 3 52
c 60 192 84 189 113
c 165 167 65 54 133
c 115 92 62 69 104
c 98 114 82 18 108
c 138 40 138 187 137
c 13 130 191 192 105
c 68 163 30 22 134
c 121 198 197 183 119
c 41 9 18 119 84
c 70 150 192 128 84
c 153 21 107 33 66
c 51 157 87 55 51
c 74 10 167 91 129
c 40 46 185 45 56
c 84 17 137 18 51
c 78 79 16 36 83
c 114 198 121 176 86
c 10 92 184 106 108
c 44 134 183 121 131
c 157 12 188 189 144
c 83 15 170 45 75
c 61 27 32 175 112
c 40 46 69 22 130
c 2 190 195 134 149
c 133 30 184 24 123
c 57 7 164 62 72
c 118 27 133 60 136
c 48 91 128 12 105
c 143 172 154 135 100
c 117 189 88 167 96
c 162 154 195 68 64
c 97 156 12 20 114
c 48 169 67 73 121
c 64 65 148 123 95
c 173 149 22 85 113
c 141 88 81 171 80
c 76 114 6 89 82
c 177 173 149 165 131
c 32 76 146 1 106
c 34 106 96 97 50
c 55 179 99 83 120
c 87 170 8 31 117
c 137 108 100 21 77
c 172 165 101 3 103
c 72 123 99 20 129
c 156 87 145 189 91
c 101 161 189 188 77
c 173 149 36 114 55
c 54 87 165 154 147
c 163 28 91 33 125
c 49 160 188 98 58
c 100 21 36 164 110
c 106 40 68 5 134
c 1 154 54 27 118
c 71 174 145 146 68
c 51 101 118 26 143
c 187 107 185 57 69
c 198 81 158 135 131
c 178 84 138 72 122
c 110 45 152 185 123
c 195 60 20 27 82
c 51 32 165 48 88
c 180 74 164 166 100
c 47 160 155 156 100
c 8 109 119 14 79
c 63 74 73 26 146
c 20 154 144 68 134
c 186 61 17 29 63
c 158 69 72 144 145
c 58 130 163 181 113
c 18 198 103 98 148
c 162 103 21 149 116
c 116 100 183 177 81
c 85 137 20 193 67
c 158 7 103 129 67
c 41 87 192 148 130
c 78 72 187 174 87
c 163 12 8 6 73
c 67 122 35 93 87
c 91 92 72 73 64
c 189 41 157 8 149
c 148 29 42 165 51
c 130 140 9 8 122
c 50 37 91 4 127
c 144 197 81 173 86
c 76 11 43 97 110
c 29 70 10 165 111
c 95 39 166 60 76
c 4 121 68 191 89
c 155 152 36 26 113
c 54 122 39 116 141
c 156 157 31 138 127
c 68 64 188 132 99
c 58 35 34 191 103
c 186 80 187 166 96
c 82 31 108 78 78
c 55 84 41 160 138
c 40 41 154 155 134
c 171 158 46 75 64
c 143 117 103 161 72
c 151 92 147 102 149
c 137 187 119 101 83
c 45 10 106 125 68
c 51 101 140 65 67
c 182 88 171 103 117
c 143 25 191 62 119
c 16 190 118 71 110
c 8 75 102 147 91
c 65 185 59 55 59
c 100 68 130 71 111
c 93 66 102 22 103
c 178 73 3 190 68
c 156 45 76 125 108
c 172 27 195 33 105
c 87 78 110 30 85
c 165 188 156 37 96
c 118 104 64 65 138
c 107 87 163 181 136
c 65 97 87 95 132
c 88 136 34 111 51
c 84 171 11 166 119
c 149 172 179 180 56
c 62 174 56 153 59
c 188 195 14 6 54
c 157 176 175 156 83
c 144 48 156 130 68
c 122 98 97 160 111
c 5 41 72 44 98
c 50 130 31 172 79
c 165 130 95 176 81
c 51 157 1 173 61
c 71 100 137 2 93
c 81 167 177 143 52
c 60 145 125 14 65
c 148 191 83 134 57
c 171 166 93 16 137
c 27 103 84 130 145
c 27 134 51 132 132
c 182 130 39 94 125
c 165 141 38 193 120
c 181 23 181 2 73
c 11 148 119 23 143
c 29 43 14 92 128
c 45 102 129 187 60
c 71 12 4 130 88
c 180 181 128 8 94
c 96 198 132 176 71
c 113 150 90 47 51
c 140 160 112 45 76
c 129 186 145 139 143
c 169 152 185 61 114
c 197 157 172 173 120
c 149 11 188 98 77
c 105 152 157 151 63
c 17 124 11 198 57
c 1 87 113 49 70
c 83 128 0 5 81
c 178 113 78 167 59
c 142 3 98 114 103
c 172 94 79 11 65
c 142 150 61 104 125
c 36 47 40 36 73
c 93 92 198 49 62
c 105 152 68 9 135
c 124 125 172 23 99
c 54 55 84 17 143
c 9 97 23 28 70
c 120 178 40 104 83
c 116 108 145 24 50
c 112 10 179 156 107
c 104 108 11 39 100
c 97 185 195 154 54
c 75 50 38 133 87
c 50 130 145 193 127
c 82 45 16 26 52
c 96 185 39 129 57
c 2 11 143 172 77
c 120 182 167 193 125
c 117 60 122 31 108
c 145 139 29 30 52
c 134 162 116 110 82
c 66 112 105 64 102
c 132 133 118 146 95
c 99 188 117 139 53
c 135 75 85 135 113
c 115 130 181 50 138
c 22 129 36 191 126
c 42 98 20 75 128
c 64 16 152 164 136
c 133 192 116 117 131
c 135 194 143 117 122
c 179 128 104 175 128
c 19 15 42 44 73
c 110 125 71 114 133
c 70 43 61 47 92
c 131 100 196 179 123
c 31 126 10 194 143
c 63 145 68 191 134
c 23 187 94 95 138
c 136 150 184 123 77
c 128 167 58 175 120
c 86 31 173 162 137
c 140 50 46 41 55
c 98 186 51 98 136
c 137 18 126 39 78
c 36 26 30 139 82
c 34 89 149 60 133
c 113 18 70 144 93
c 111 163 184 82 112
c 112 54 133 99 80
c 57 168 144 134 98
c 178 6 12 162 101
c 154 25 143 183 139
c 123 38 103 161 127
c 16 196 72 136 52
c 178 85 87 173 145
c 31 144 81 71 134
c 120 182 63 107 145
c 113 18 44 170 134
c 170 149 163 20 121
c 104 86 179 167 145
c 23 123 125 90 122
c 99 159 178 137 116
c 65 79 111 129 88
c 158 142 152 190 95
c 143 13 132 61 99
c 143 197 21 149 141
c 28 86 138 133 124
c 21 198 90 177 68
c 47 126 198 64 119
c 79 145 132 61 109
c 174 179 136 55 128
c 184 55 77 114 54
c 39 151 110 22 82
c 87 134 191 62 126
c 1 32 80 81 86
c 18 141 70 138 138
c 139 76 119 52 50
c 154 44 118 27 144
c 182 14 13 25 96
c 123 66 32 33 141
c 67 152 123 122 74
c 162 195 163 160 78
c 144 27 93 152 133
c 187 174 195 68 51
c 155 95 128 150 50
c 85 59 26 126 93
c 82 33 1 25 76
c 126 122 141 150 118
c 147 22 190 28 133
c 190 125 177 79 63
c 78 56 154 190 105
c 35 119 55 159 119
c 38 39 161 64 56
c 90 194 183 16 73
c 81 92 19 134 144
c 13 29 136 70 60
c 123 103 185 45 71
c 188 56 12 59 108
c 125 44 31 126 123
c 97 71 39 129 126
c 172 53 188 29 54
c 107 2 113 138 117
c 70 195 161 89 63
c 63 66 62 165 82
c 24 105 152 153 143
c 39 152 108 157 139
c 44 173 22 154 110
c 132 29 10 76 91
c 106 95 67 199 104
c 119 42 173 92 106
c 93 152 69 38 61
c 60 101 122 32 53
c 119 27 142 118 60
c 50 23 82 73 146
c 64 35 56 47 82
c 43 42 25 151 144
c 194 137 160 150 132
c 166 118 23 15 73
c 95 110 33 176 65
c 15 110 187 87 54
c 36 1 37 182 75
c 39 151 148 54 63
c 13 113 112 132 91
c 119 84 174 184 77
c 62 39 32 76 52
c 78 17 55 56 86
c 78 79 136 153 129
c 119 23 91 1 50
c 115 96 179 180 112
c 146 1 94 101 100
c 195 171 194 169 105
c 155 131 43 97 107
c 25 6 140 97 107
c 132 193 138 194 115
c 95 110 4 65 133
c 13 14 177 178 106
c 28 12 52 69 145
c 39 97 26 10 54
c 96 198 87 116 104
c 158 7 24 81 124
c 36 160 116 186 90
c 12 162 111 129 57
c 1 187 35 3 134
c 85 86 173 176 142
c 77 11 100 70 60
c 76 11 157 158 121
c 142 92 127 37 146
c 155 152 12 117 97
c 37 154 41 75 127
c 135 194 98 186 75
c 76 49 16 158 141
c 139 80 66 64 142
c 6 183 35 43 89
c 41 46 169 5 125
c 46 156 65 97 144
c 15 184 54 27 137
c 59 140 81 171 107
c 109 52 179 156 104
c 137 193 68 191 145
c 6 92 45 151 86
c 186 36 118 146 101
c 11 137 62 63 81
c 53 46 163 103 92
c 98 67 126 4 76
c 127 1 106 41 75
c 10 192 162 144 132
c 70 16 144 40 123
c 132 61 64 16 109
c 90 187 121 198 95
c 120 110 5 190 104
c 167 90 52 198 147
c 79 149 54 27 71
c 92 143 102 147 100
c 143 116 36 156 117
c 79 11 111 149 74
c 172 52 65 183 56
c 55 108 137 113 93
c 139 163 127 166 99
c 15 73 189 157 68
c 83 153 156 8 69
c 88 34 141 30 147
c 11 147 12 137 101
c 4 130 39 143 66
c 65 13 151 8 147
c 54 62 22 154 56
c 196 153 82 21 113
c 10 180 15 110 61
c 22 198 10 127 112
c 153 93 84 141 123
c 156 7 52 69 80
c 11 148 55 14 83
c 64 65 115 96 106
c 4 71 121 148 100
c 84 75 197 157 74
c 25 26 122 70 78
c 57 90 174 65 114
c 164 158 12 123 90
c 111 178 49 21 119
c 135 75 164 1 120
c 8 75 37 180 121
c 125 176 144 149 132
c 149 60 101 155 135
c 157 40 119 105 131
c 117 192 97 148 56
c 192 128 154 123 96
c 116 30 24 57 127
c 179 22 147 22 132
c 20 110 150 162 68
c 81 48 4 121 67
c 1 111 131 100 83
c 51 61 48 24 63
c 178 18 67 145 52
c 119 170 181 34 122
c 155 97 158 142 61
c 104 186 56 147 100
c 154 41 62 77 68
c 44 66 161 155 110
c 84 130 192 159 122
c 145 95 82 160 77
c 72 136 161 34 149
c 35 191 179 99 106
c 2 79 53 68 110
c 185 40 65 13 81
c 13 195 144 24 112
c 194 51 145 95 84
c 127 166 101 120 122
c 96 101 151 152 54
c 30 22 168 197 144
c 79 57 51 129 83
c 84 85 62 121 90
c 197 198 20 21 102
c 129 176 116 148 121
c 178 6 94 95 129
c 64 55 40 25 65
c 35 199 34 196 72
c 39 152 40 46 97
c 195 84 58 107 141
c 68 120 49 178 99
c 96 32 106 65 72
c 165 53 8 9 148
c 17 156 111 129 103
c 68 96 13 25 146
c 155 95 23 24 71
c 78 68 141 30 149
c 70 71 130 47 135
c 195 83 58 124 116
c 51 101 138 187 136
c 151 90 68 155 92
c 146 197 42 7 148
c 23 154 176 22 117
c 17 18 113 182 72
c 143 169 172 190 131
c 198 149 153 18 131
c 68 128 117 174 130
c 118 26 174 181 149
c 92 131 39 177 108
c 46 4 142 165 65
c 184 24 0 145 103
c 149 25 152 31 141
c 100 198 34 74 137
c 166 118 172 92 128
c 184 41 12 145 127
c 168 30 193 146 81
c 183 16 5 57 146
c 109 110 29 55 99
c 189 103 195 196 125
c 188 195 56 155 122
c 65 13 104 160 79
c 26 171 40 25 112
c 149 148 95 106 80
c 195 171 192 63 77
c 96 101 158 142 120
c 168 113 3 104 52
c 141 184 63 114 72
c 198 49 186 20 101
c 23 138 126 122 54
c 52 1 175 113 141
c 57 150 104 105 126
c 17 19 98 64 138
c 125 176 10 28 95
c 16 113 58 110 97
c 167 37 136 129 147
c 11 65 159 111 116
c 118 104 29 132 68
c 142 181 11 114 107
c 35 7 194 74 139
c 105 89 185 182 89
c 130 137 78 167 81
c 73 113 188 132 74
c 153 21 120 25 109
c 55 89 152 165 106
c 65 5 86 18 75
c 1 32 104 65 50
c 113 146 43 183 136
c 142 107 31 12 135
c 58 130 106 50 133
c 1 127 65 54 71
c 152 185 112 40 117
c 117 139 49 66 91
c 59 195 77 35 70
c 64 162 113 70 72
c 101 197 188 117 116
c 87 116 179 18 75
c 158 172 36 198 131
c 154 39 179 191 66
c 120 55 168 145 74
c 82 164 69 40 109
c 84 64 197 183 109
c 55 87 152 28 131
c 103 104 68 69 68
c 157 158 55 84 114
c 133 99 11 198 136
c 19 191 90 40 111
c 55 26 80 108 137
c 148 28 111 72 123
c 24 72 158 26 74
c 53 16 162 115 120
c 173 31 91 1 56
c 114 198 135 98 87
c 158 192 168 73 137
c 84 141 49 160 112
c 102 98 120 118 131
c 158 156 93 28 121
c 25 101 16 113 121
c 177 19 192 63 93
c 72 44 145 36 87
c 32 19 111 112 118
c 57 121 189 96 107
c 76 165 99 170 94
c 106 67 128 123 130
c 51 111 173 5 144
c 192 71 68 142 138
c 123 62 89 25 139
c 171 194 93 66 72
c 62 69 125 47 98
c 128 72 105 152 128
c 136 26 86 80 141
c 172 17 42 111 106
c 22 128 98 185 83
c 4 179 127 60 140
c 76 51 17 89 136
c 68 191 113 49 107
c 76 137 2 95 66
c 51 101 11 49 104
c 102 141 198 93 139
c 156 130 74 174 64
c 112 124 152 153 75
c 162 196 24 39 81
c 38 123 1 32 125
c 1 25 27 175 117
c 103 76 140 50 116
c 2 40 47 144 83
c 144 198 24 196 53
c 9 8 66 45 74
c 108 157 183 199 96
c 16 100 41 120 105
c 195 34 195 76 149
c 24 95 52 22 93
c 123 62 77 90 133
c 68 32 121 198 138
c 59 45 88 136 134
c 170 126 28 96 98
c 128 72 115 100 78
c 85 5 6 90 140
c 177 42 148 149 119
c 6 181 23 184 57
c 124 152 19 164 73
c 128 26 32 164 79
c 93 178 146 21 101
c 159 187 129 186 142
c 124 86 155 152 124
c 26 144 93 26 131
c 15 152 188 174 92
c 152 85 161 23 86
c 149 130 51 101 56
c 36 137 171 168 110
c 76 9 63 21 119
c 36 1 139 76 102
c 45 179 23 123 77
c 173 134 165 59 52
c 124 138 52 192 53
c 18 139 140 65 116
c 196 197 102 130 67
c 1 31 31 32 137
c 183 172 23 74 136
c 191 72 174 178 73
c 196 197 73 159 78
c 63 145 30 51 72
c 37 66 116 162 75
c 24 173 178 196 97
c 126 194 154 135 94
c 55 87 103 186 78
c 133 168 83 25 142
c 173 139 48 44 96
c 32 155 6 92 100
c 185 45 166 178 69
c 20 110 26 122 63
c 147 16 155 21 136
c 57 150 106 180 74
c 174 166 97 61 102
c 164 158 92 147 129
c 77 24 27 58 66
c 94 134 82 68 93
c 5 160 33 197 92
c 153 154 137 63 117
c 142 118 170 24 57
c 0 9 5 126 72
c 91 187 66 28 105
c 177 166 24 173 93
c 33 173 179 192 104
c 126 10 178 31 55
c 33 40 8 13 96
c 156 126 99 170 108
c 152 29 70 101 88
c 116 177 56 37 83
c 123 103 24 197 148
c 16 100 106 50 95
c 33 197 72 7 109
c 121 145 21 155 87
c 6 10 102 93 142
c 73 113 178 2 141
c 198 93 0 27 82
c 77 90 186 25 58
c 47 160 111 93 62
c 44 6 197 76 84
c 44 6 149 11 113
c 25 26 168 113 147
c 35 113 98 110 74
c 176 31 193 142 103
c 158 63 188 29 108
c 17 158 24 76 77
c 20 171 85 193 121
c 43 42 78 61 143
c 170 24 123 168 54
c 73 122 158 172 97
c 194 137 70 156 58
c 24 147 25 67 125
c 11 138 91 92 65
c 125 6 43 107 96
c 145 146 164 69 140
c 46 146 17 28 119
c 162 103 162 164 142
c 84 52 115 168 139
c 125 153 80 142 129
c 116 186 57 168 142
c 177 178 90 30 138
c 191 105 106 27 80
c 173 139 133 184 136
c 90 66 177 50 141
c 97 40 74 15 97
c 32 196 77 114 137
c 18 119 11 63 104
c 188 75 177 106 60
c 57 14 52 183 102
c 58 37 164 179 146
c 11 180 174 179 95
c 197 183 164 159 61
c 58 110 138 16 62
c 90 78 149 48 135
c 157 197 87 14 112
c 100 81 101 120 103
c 73 48 111 20 52
c 109 167 68 13 114
c 13 29 178 31 87
c 83 79 53 173 136
c 31 12 87 88 118
c 189 147 177 98 103
c 1 127 31 138 92
c 131 54 14 91 90
c 183 16 3 190 105
c 63 107 169 5 97
c 90 47 11 65 103
c 123 168 77 100 70
c 97 98 4 121 61
c 102 2 52 53 78
c 124 138 5 160 141
c 148 65 46 75 72
c 15 89 118 23 136
c 121 89 162 3 70
c 197 84 154 135 78
c 117 52 54 122 134
c 103 78 157 8 64
c 177 185 24 137 65
c 52 194 105 79 109
c 117 86 132 29 147
c 148 88 127 68 84
c 194 49 62 77 65
c 171 42 14 113 108
c 119 141 72 190 102
c 48 186 154 42 122
c 72 187 195 172 107
c 59 113 81 85 118
c 147 130 150 109 50
c 125 81 185 183 110
c 10 180 35 7 93
c 104 29 7 31 68
c 117 102 6 125 108
c 188 98 27 52 72
c 97 3 78 192 81
c 130 48 174 65 143
c 145 99 3 162 139
c 8 23 166 69 141
c 84 17 166 139 63
c 113 74 58 33 105
c 133 168 89 188 116
c 21 149 68 111 103
c 78 8 144 49 100
c 196 144 125 20 131
c 177 166 187 166 95
c 5 63 9 139 114
c 178 80 12 15 147
c 70 106 84 130 118
c 64 18 152 26 88
c 191 47 191 183 83
c 70 85 43 107 142
c 190 38 146 52 83
c 106 41 170 114 106
c 12 13 125 134 59
c 85 153 88 155 96
c 183 199 145 170 143
c 168 73 161 64 90
c 146 50 154 42 77
c 59 158 78 140 103
c 85 135 164 87 94
c 190 3 108 85 110
c 148 123 147 132 95
c 143 172 179 156 106
c 24 173 83 34 141
c 95 162 19 134 93
c 144 149 130 137 127
c 22 128 8 53 71
c 196 79 151 90 95
c 126 43 40 61 146
c 93 126 19 10 146
c 17 1 197 161 55
c 43 183 94 190 117
c 124 24 5 112 133
c 24 25 19 159 140
c 173 16 162 25 99
c 146 78 14 92 93
c 25 35 24 196 75
c 154 195 95 56 135
c 60 4 10 129 118
c 47 168 60 31 83
c 11 51 159 90 87
c 173 174 160 118 121
c 137 48 185 183 84
c 7 26 5 160 143
c 69 135 193 137 112
c 11 39 0 145 135
c 147 135 196 116 129
c 100 33 60 125 63
c 64 20 61 116 105
c 44 19 150 112 109
c 179 156 21 83 50
c 145 170 80 23 60
c 66 91 141 57 64
c 175 113 157 176 110
c 43 166 52 22 90
c 62 165 172 27 71
c 36 193 189 112 123
c 113 137 55 170 147
c 20 21 90 166 89
c 83 127 107 193 119
c 33 197 157 105 136
c 15 105 124 8 147
c 173 162 113 137 138
c 98 109 46 67 129
c 9 175 58 147 82
c 183 18 182 168 93
c 15 30 130 155 72
c 18 19 62 125 97
c 144 198 66 51 127
c 29 70 10 11 99
c 62 52 182 72 58
c 61 196 146 8 134
c 42 122 83 153 90
c 168 3 83 109 139
c 72 88 78 33 114
c 154 12 129 187 67
c 11 69 78 68 128
c 190 173 103 193 99
c 63 78 8 31 87
c 57 10 100 67 122
c 30 8 170 126 141
c 120 11 34 191 133
c 106 95 21 63 54
c 155 26 58 113 85
c 151 1 145 36 120
c 120 25 179 84 83
c 191 47 80 133 113
c 65 185 141 11 51
c 107 46 61 104 54
c 25 166 27 112 125
c 52 157 122 171 122
c 2 95 164 87 62
c 70 194 49 138 95
c 182 169 156 75 135
c 0 5 87 146 113
c 14 38 91 118 93
c 182 14 156 131 94
c 91 6 175 14 106
c 6 125 63 179 80
c 108 157 162 40 104
c 110 92 136 154 65
c 137 85 100 33 144
c 162 25 106 95 107
c 120 118 15 79 106
c 66 16 71 72 93
c 70 184 103 76 87
c 35 64 150 81 111
c 122 18 119 101 63
c 95 116 8 172 117
c 1 187 168 118 52
c 5 44 67 106 100
c 101 146 41 195 148
c 96 105 33 7 73
c 36 47 133 168 79
c 144 171 167 90 135
c 77 24 17 198 77
c 6 89 88 155 82
c 10 109 81 173 136
c 181 29 79 149 103
c 152 174 63 104 148
c 133 184 135 39 112
c 44 48 30 125 87
c 170 193 7 76 72
c 5 126 73 171 80
c 164 31 170 171 62
c 95 165 65 10 140
c 30 123 3 140 112
c 77 115 12 20 50
c 3 4 181 34 138
c 164 62 196 155 70
c 34 3 101 94 89
c 150 103 149 19 107
c 138 194 72 160 132
c 15 16 158 88 66
c 21 199 185 62 77
c 20 196 121 23 68
c 4 8 128 69 107
c 164 61 15 152 63
c 88 146 12 114 116
c 10 109 73 12 112
c 134 17 11 143 108
c 7 137 73 46 140
c 90 66 154 42 90
c 177 42 176 86 134
c 45 68 23 6 142
c 144 20 41 29 112
c 119 52 144 68 112
c 99 20 125 18 62
c 124 138 118 42 101
c 1 32 126 26 118
c 2 192 26 122 102
c 76 51 119 42 109
c 162 10 141 88 147
c 120 11 132 135 122
c 119 14 123 103 61
c 133 138 107 87 64
c 71 44 193 1 110
c 198 21 126 47 118
c 15 88 47 178 69
c 170 198 53 182 103
c 24 137 165 154 138
c 119 120 115 141 74
c 173 35 27 175 110
c 101 143 145 176 90
c 96 107 136 127 103
c 92 143 132 19 55
c 12 123 186 61 76
c 20 18 164 159 96
c 164 106 63 42 118
c 193 73 126 4 84
c 35 33 89 90 69
c 137 187 10 194 104
c 25 79 39 97 70
c 12 117 128 87 125
c 181 102 97 40 124
c 135 103 128 42 98
c 101 169 104 109 55
c 172 104 127 176 65
c 26 128 41 46 56
c 66 45 100 33 85
c 62 190 91 109 50
c 8 11 90 91 147
c 137 18 172 104 51
c 32 112 60 192 130
c 140 187 59 191 118
c 142 4 110 30 126
c 74 185 77 137 106
c 45 22 145 189 65
c 138 139 116 177 113
c 5 126 101 143 88
c 10 127 32 44 141
c 172 165 7 64 56
c 133 183 39 24 121
c 16 191 95 39 121
c 151 90 77 17 77
c 78 167 4 159 122
c 150 89 15 50 82
c 195 19 1 49 121
c 191 105 28 169 114
c 150 147 87 114 55
c 81 107 44 48 148
c 15 73 137 18 85
c 73 184 64 20 107
c 96 32 115 187 65
c 182 169 185 186 143
c 164 90 10 109 58
c 52 22 150 63 117
c 125 69 128 127 134
c 78 17 119 27 100
c 174 179 162 163 125
c 175 57 34 89 91
c 179 18 129 27 117
c 31 132 158 111 140
c 19 163 56 57 91
c 127 82 77 198 148
c 194 17 146 95 72
c 114 129 119 84 65
c 98 63 42 45 82
c 157 63 39 24 76
c 3 190 39 169 73
c 41 60 154 190 82
c 158 63 2 76 139
c 27 46 114 195 68
c 64 162 181 147 95
c 71 120 91 89 94
c 28 12 90 47 99
c 167 91 52 157 65
c 161 168 70 82 139
c 65 171 7 92 138
c 161 34 66 74 115
c 85 135 135 39 119
c 69 75 51 132 89
c 72 7 182 169 138
c 164 166 178 73 50
c 81 27 195 183 135
c 42 122 86 122 58
c 14 24 52 194 119
c 159 160 115 86 126
c 178 153 45 35 120
c 90 92 31 177 68
c 52 24 64 18 149
c 155 131 160 182 114
c 106 158 86 89 52
c 99 111 114 168 116
c 58 147 198 70 137
c 54 55 36 113 146
c 52 24 132 83 63
c 137 48 71 189 104
c 26 177 76 169 77
c 51 98 64 51 111
c 52 128 163 43 70
c 25 123 150 151 89
c 92 10 11 31 75
c 83 172 140 144 130
c 177 38 79 29 99
c 104 192 116 139 57
c 62 176 169 163 70
c 20 76 136 137 108
c 25 98 74 190 91
c 132 38 17 158 116
c 115 126 42 104 100
c 63 153 165 88 66
c 77 114 25 5 76
c 132 116 172 94 57
c 173 111 80 111 141
c 73 131 8 31 91
c 32 49 118 183 107
c 3 62 41 6 136
c 87 134 146 71 108
c 84 10 10 109 130
c 177 38 188 35 73
c 73 106 14 187 113
c 41 20 102 149 87
c 141 25 52 28 143
c 116 195 69 15 91
c 1 173 182 87 94
c 13 130 73 94 101
c 148 5 133 56 132
c 171 65 86 107 129
c 25 79 178 91 103
c 31 114 56 153 53
c 135 173 64 129 139
c 165 170 108 136 79
c 65 94 67 11 100
c 17 124 154 132 99
c 185 161 74 143 124
c 116 120 40 104 116
c 151 13 36 26 56
c 189 112 117 118 146
c 168 161 76 111 80
c 39 59 0 1 91
c 90 177 62 78 142
c 109 123 87 127 72
c 176 177 162 22 144
c 49 138 2 95 111
c 111 96 195 60 65
c 86 44 0 39 116
c 176 142 96 185 72
c 78 38 122 171 125
c 162 115 18 141 129
c 38 39 84 189 82
c 143 117 141 88 73
c 32 33 146 117 77
c 142 115 52 73 81
c 63 104 51 191 81
c 139 32 174 184 94
c 42 189 189 78 81
c 66 67 145 150 77
c 61 168 20 27 113
c 193 142 158 188 95
c 93 152 183 40 64
c 172 78 123 15 114
c 99 188 174 182 101
c 158 116 23 41 61
c 172 190 94 133 116
c 156 131 101 188 102
c 187 103 179 192 120
c 5 54 0 5 136
c 74 14 75 124 68
c 103 20 185 183 114
