notes: n=100, m=990, elb=1, eub=20, density=0.1, conf_density=0.002, clb=50, cub= 150, seed= 1631
p spec 100 990 979
s 0
t 99
a 0 1 8
a 0 71 17
a 0 57 13
a 0 49 4
a 0 22 15
a 0 43 11
a 0 3 13
a 0 17 5
a 0 10 10
a 0 41 18
a 1 2 7
a 1 77 12
a 1 23 16
a 1 15 19
a 1 41 17
a 1 39 4
a 1 82 12
a 1 34 8
a 2 3 15
a 2 87 9
a 2 76 19
a 2 32 17
a 2 10 16
a 2 84 5
a 2 77 6
a 2 73 17
a 3 4 12
a 3 50 4
a 3 1 8
a 3 28 9
a 3 6 6
a 3 40 10
a 3 60 9
a 3 85 14
a 3 48 1
a 3 36 4
a 3 46 18
a 3 45 19
a 3 32 11
a 3 47 19
a 4 5 8
a 4 24 4
a 4 12 17
a 4 87 14
a 4 75 5
a 4 51 8
a 4 22 4
a 4 52 9
a 4 8 7
a 4 2 7
a 5 6 7
a 5 82 12
a 5 41 4
a 5 67 17
a 5 69 14
a 5 2 15
a 5 37 12
a 6 7 7
a 6 37 18
a 6 62 1
a 6 51 16
a 6 64 6
a 6 48 8
a 6 63 9
a 6 52 1
a 7 8 15
a 7 24 18
a 7 99 1
a 7 42 2
a 7 94 7
a 7 81 7
a 7 80 3
a 7 74 17
a 7 43 9
a 7 11 4
a 7 46 1
a 7 25 1
a 8 9 1
a 8 20 6
a 8 32 3
a 8 21 6
a 8 37 14
a 8 49 15
a 8 17 17
a 8 28 5
a 8 53 17
a 8 40 4
a 8 78 10
a 8 99 9
a 8 14 8
a 8 19 5
a 8 94 2
a 8 43 14
a 8 51 7
a 8 47 12
a 8 16 11
a 8 84 9
a 8 62 2
a 9 10 2
a 9 43 15
a 9 40 4
a 9 84 8
a 9 72 14
a 9 90 4
a 9 82 2
a 9 44 17
a 10 11 2
a 10 22 5
a 10 6 12
a 10 35 17
a 10 83 2
a 10 97 10
a 10 50 9
a 11 12 8
a 11 17 8
a 11 68 4
a 11 62 4
a 11 28 10
a 11 69 2
a 11 24 8
a 11 81 19
a 11 23 13
a 11 84 13
a 11 2 1
a 11 49 9
a 11 72 3
a 11 13 5
a 11 77 6
a 11 89 18
a 12 13 10
a 12 26 12
a 12 23 12
a 12 4 6
a 12 38 4
a 12 11 2
a 12 33 11
a 12 9 18
a 12 25 10
a 12 84 16
a 12 46 10
a 12 63 11
a 13 14 11
a 13 71 9
a 13 48 3
a 13 23 14
a 13 64 9
a 13 18 17
a 13 37 13
a 13 73 15
a 13 2 17
a 14 15 3
a 14 19 9
a 14 9 17
a 14 31 10
a 14 97 1
a 14 42 18
a 14 25 1
a 14 24 4
a 14 63 17
a 14 57 5
a 14 28 4
a 14 62 1
a 15 16 5
a 15 6 18
a 15 74 7
a 15 8 5
a 15 53 17
a 15 60 11
a 15 35 10
a 15 65 13
a 16 17 16
a 16 36 13
a 16 2 19
a 16 31 13
a 16 46 17
a 16 89 5
a 16 97 17
a 16 5 12
a 16 19 15
a 17 18 15
a 17 76 14
a 17 54 5
a 17 4 16
a 17 75 2
a 17 86 18
a 17 7 3
a 17 14 17
a 17 84 8
a 17 67 19
a 17 23 11
a 17 3 8
a 18 19 1
a 18 25 13
a 18 50 19
a 18 35 17
a 18 74 17
a 18 52 19
a 18 79 11
a 18 89 5
a 19 20 4
a 19 6 1
a 19 81 9
a 19 4 6
a 19 61 1
a 19 91 11
a 19 22 5
a 19 62 19
a 19 43 10
a 20 21 14
a 20 88 13
a 20 38 13
a 20 79 8
a 20 29 5
a 20 78 3
a 20 83 12
a 20 9 10
a 20 53 6
a 21 22 2
a 21 12 9
a 21 89 18
a 21 15 19
a 21 62 14
a 21 58 16
a 21 28 7
a 21 40 4
a 21 80 1
a 21 85 11
a 21 45 12
a 22 23 11
a 22 94 5
a 22 58 15
a 22 81 1
a 22 6 2
a 22 79 1
a 22 45 16
a 22 42 7
a 22 88 5
a 22 13 19
a 22 66 16
a 22 97 13
a 23 24 19
a 23 2 4
a 23 27 13
a 23 39 19
a 23 53 11
a 23 94 16
a 23 49 10
a 24 25 10
a 24 43 2
a 24 36 8
a 24 15 5
a 25 26 2
a 25 34 16
a 25 68 15
a 25 84 18
a 25 56 13
a 25 6 11
a 25 76 8
a 25 71 3
a 25 8 9
a 25 43 7
a 25 69 10
a 25 15 16
a 25 16 18
a 25 99 13
a 26 27 2
a 26 79 13
a 26 96 12
a 26 94 3
a 26 74 11
a 26 45 1
a 26 7 2
a 26 89 3
a 26 39 1
a 26 62 14
a 26 59 19
a 26 10 15
a 26 48 8
a 26 29 3
a 27 28 9
a 27 60 5
a 27 19 12
a 27 74 11
a 27 40 17
a 27 46 15
a 27 32 16
a 27 73 16
a 27 2 9
a 27 30 16
a 27 88 11
a 28 29 8
a 28 64 9
a 28 88 16
a 28 81 2
a 28 82 11
a 28 90 4
a 28 63 2
a 28 31 4
a 28 71 12
a 28 22 18
a 28 41 8
a 28 94 13
a 29 30 17
a 29 9 5
a 29 36 5
a 29 64 1
a 29 90 9
a 29 82 5
a 29 65 3
a 29 11 1
a 29 3 18
a 29 1 4
a 30 31 3
a 30 62 17
a 30 46 18
a 30 95 16
a 30 88 7
a 30 9 5
a 30 2 11
a 30 16 16
a 31 32 19
a 31 73 7
a 31 61 5
a 31 57 8
a 31 56 9
a 31 86 10
a 31 90 18
a 32 33 10
a 32 75 10
a 32 55 6
a 32 17 10
a 32 35 1
a 32 83 17
a 32 76 6
a 32 15 2
a 32 69 6
a 32 6 15
a 32 94 2
a 32 24 17
a 33 34 8
a 33 19 2
a 33 48 17
a 33 14 6
a 33 96 11
a 33 24 17
a 33 18 2
a 33 30 1
a 34 35 9
a 34 75 4
a 34 9 7
a 34 46 1
a 34 47 16
a 34 72 6
a 34 97 13
a 34 84 8
a 34 45 7
a 34 2 19
a 34 94 3
a 35 36 16
a 35 63 8
a 35 57 11
a 35 23 6
a 35 49 2
a 35 68 6
a 35 51 8
a 35 45 13
a 36 37 1
a 36 52 1
a 36 20 19
a 36 80 10
a 36 79 18
a 36 81 17
a 36 70 12
a 36 22 12
a 36 3 7
a 37 38 10
a 37 28 9
a 37 27 12
a 37 73 2
a 37 14 4
a 37 57 8
a 37 44 15
a 37 74 7
a 37 9 15
a 38 39 6
a 38 76 14
a 38 97 6
a 38 31 14
a 38 1 9
a 38 57 10
a 38 93 6
a 38 13 12
a 38 74 8
a 38 25 3
a 38 58 10
a 38 60 1
a 39 40 19
a 39 69 2
a 39 33 12
a 39 83 3
a 39 14 4
a 39 11 10
a 39 47 1
a 40 41 19
a 40 90 3
a 40 34 3
a 40 85 13
a 40 49 12
a 40 83 3
a 40 62 4
a 40 79 13
a 40 63 17
a 40 81 14
a 40 92 9
a 40 74 10
a 40 23 8
a 40 84 12
a 40 20 9
a 40 78 16
a 40 51 12
a 41 42 17
a 41 72 12
a 41 35 11
a 41 30 15
a 41 33 3
a 41 20 13
a 41 15 17
a 42 43 12
a 42 65 5
a 42 47 16
a 42 40 13
a 42 50 5
a 42 1 10
a 42 34 7
a 42 84 13
a 42 15 19
a 43 44 7
a 43 73 6
a 43 49 10
a 43 98 10
a 43 89 4
a 43 27 2
a 43 78 10
a 43 80 1
a 43 91 2
a 43 90 9
a 43 33 2
a 43 92 4
a 43 22 12
a 43 1 17
a 43 55 2
a 43 31 4
a 44 45 14
a 44 79 1
a 44 1 9
a 44 87 15
a 44 18 3
a 44 11 14
a 44 26 3
a 44 31 8
a 44 81 14
a 44 65 3
a 44 80 3
a 44 7 15
a 44 15 2
a 44 4 4
a 45 46 2
a 45 59 9
a 45 94 15
a 45 12 5
a 45 10 3
a 45 44 11
a 45 66 6
a 45 91 4
a 45 74 1
a 45 13 9
a 46 47 12
a 46 83 16
a 46 2 15
a 46 45 13
a 46 33 4
a 46 28 15
a 46 60 7
a 46 17 3
a 46 97 17
a 46 58 17
a 46 52 12
a 47 48 19
a 47 7 15
a 47 59 4
a 47 53 2
a 47 54 13
a 47 39 12
a 47 42 18
a 47 2 4
a 47 63 6
a 47 95 17
a 47 51 15
a 47 9 14
a 48 49 5
a 48 66 12
a 48 40 19
a 48 13 5
a 48 37 8
a 48 64 15
a 48 94 4
a 48 3 18
a 48 14 2
a 48 26 7
a 48 28 8
a 48 27 15
a 48 43 7
a 48 86 1
a 49 50 12
a 49 59 5
a 49 2 3
a 49 25 13
a 49 22 13
a 49 93 4
a 49 36 2
a 49 71 7
a 49 48 13
a 49 18 17
a 49 72 8
a 50 51 17
a 50 62 17
a 50 79 18
a 50 1 8
a 50 34 10
a 50 94 18
a 50 10 11
a 50 30 11
a 51 52 17
a 51 22 5
a 51 92 1
a 51 21 14
a 51 86 1
a 51 39 16
a 51 50 13
a 51 98 7
a 51 19 5
a 51 54 16
a 51 59 2
a 52 53 5
a 52 73 14
a 52 49 13
a 52 92 10
a 52 13 19
a 52 41 5
a 52 28 8
a 52 55 18
a 53 54 15
a 53 64 17
a 53 24 18
a 53 38 2
a 53 44 14
a 53 30 11
a 53 28 4
a 53 2 1
a 53 8 16
a 54 55 3
a 54 13 19
a 54 91 12
a 54 3 10
a 54 34 16
a 54 97 13
a 55 56 8
a 55 44 8
a 55 71 5
a 55 13 12
a 55 22 9
a 55 20 6
a 55 11 7
a 56 57 12
a 56 91 18
a 56 97 9
a 56 78 5
a 56 75 19
a 56 82 7
a 56 46 17
a 56 79 11
a 56 37 19
a 56 34 13
a 56 41 14
a 57 58 10
a 57 7 19
a 57 68 11
a 57 85 5
a 57 36 9
a 57 32 1
a 57 51 17
a 57 46 7
a 57 96 1
a 57 94 5
a 58 59 10
a 58 15 10
a 58 60 7
a 58 26 12
a 58 69 1
a 58 1 16
a 58 92 10
a 58 35 3
a 58 7 17
a 58 97 11
a 58 46 8
a 58 23 3
a 58 63 9
a 58 13 11
a 59 60 13
a 59 57 9
a 59 50 1
a 59 29 2
a 59 83 5
a 59 61 13
a 59 21 13
a 59 93 7
a 59 10 9
a 59 34 12
a 60 61 14
a 60 22 6
a 60 85 10
a 60 21 6
a 60 40 5
a 60 18 6
a 60 23 7
a 60 83 3
a 60 88 13
a 61 62 11
a 61 16 9
a 61 28 13
a 61 5 2
a 61 73 2
a 61 82 8
a 62 63 8
a 62 13 17
a 62 10 11
a 62 30 1
a 62 98 17
a 62 34 14
a 62 80 1
a 62 96 1
a 62 11 3
a 62 3 15
a 62 36 14
a 62 64 18
a 62 93 2
a 63 64 1
a 63 2 10
a 63 24 19
a 63 55 14
a 63 32 18
a 63 77 6
a 63 31 3
a 63 38 3
a 63 80 18
a 63 97 3
a 64 65 5
a 64 5 16
a 64 61 5
a 64 93 16
a 64 15 17
a 64 59 2
a 64 67 11
a 64 38 10
a 64 26 15
a 64 3 1
a 64 30 4
a 64 89 18
a 65 66 17
a 65 78 11
a 65 33 15
a 65 38 9
a 65 28 1
a 65 42 4
a 65 40 13
a 65 34 13
a 65 84 2
a 65 93 16
a 65 98 1
a 66 67 6
a 66 49 4
a 66 28 11
a 66 25 19
a 66 65 15
a 66 57 19
a 66 78 19
a 66 1 17
a 66 41 2
a 66 85 19
a 66 7 15
a 67 68 9
a 67 15 17
a 67 12 2
a 67 25 5
a 67 13 11
a 67 8 8
a 67 93 16
a 67 2 13
a 67 35 13
a 68 69 15
a 68 38 3
a 68 96 9
a 68 72 5
a 68 48 6
a 68 53 2
a 68 18 16
a 68 33 2
a 68 23 10
a 69 70 11
a 69 64 17
a 69 48 7
a 69 27 18
a 69 5 2
a 69 16 4
a 69 40 5
a 69 42 18
a 69 15 8
a 70 71 17
a 70 95 1
a 70 24 14
a 70 49 15
a 70 15 3
a 70 40 10
a 70 52 15
a 70 62 8
a 70 27 11
a 70 75 15
a 70 46 4
a 70 59 13
a 70 91 13
a 71 72 11
a 71 78 4
a 71 28 6
a 71 32 12
a 71 51 9
a 71 31 17
a 71 76 8
a 71 29 12
a 71 39 1
a 71 52 6
a 71 46 3
a 71 87 18
a 71 25 4
a 71 40 13
a 72 73 9
a 72 90 10
a 72 68 10
a 72 54 12
a 72 47 7
a 72 43 19
a 72 20 17
a 72 74 4
a 72 53 4
a 72 32 7
a 72 52 13
a 72 2 5
a 73 74 3
a 73 9 13
a 73 54 5
a 73 52 5
a 73 63 4
a 73 90 13
a 73 57 14
a 73 35 5
a 73 55 4
a 73 82 13
a 73 44 15
a 73 92 3
a 73 39 10
a 74 75 9
a 74 63 6
a 74 39 11
a 74 66 7
a 74 34 4
a 74 95 17
a 74 58 14
a 75 76 15
a 75 98 1
a 75 35 6
a 75 45 3
a 76 77 12
a 76 12 3
a 76 47 15
a 76 80 4
a 76 69 14
a 76 67 12
a 76 45 1
a 76 39 7
a 76 24 6
a 76 57 13
a 76 93 8
a 77 78 15
a 77 23 2
a 77 71 18
a 77 82 14
a 77 32 16
a 77 98 19
a 77 89 5
a 78 79 16
a 78 66 5
a 78 88 1
a 78 19 8
a 78 37 12
a 78 72 10
a 78 68 11
a 78 1 14
a 78 84 9
a 78 98 3
a 78 41 3
a 78 2 18
a 78 60 19
a 78 77 2
a 78 27 6
a 78 81 15
a 79 80 14
a 79 75 6
a 79 1 4
a 79 13 10
a 79 65 2
a 79 60 14
a 79 45 6
a 79 84 3
a 79 64 13
a 79 90 1
a 79 70 5
a 79 58 14
a 79 95 3
a 80 81 18
a 80 95 3
a 80 94 15
a 80 88 12
a 80 78 11
a 80 8 5
a 80 30 18
a 80 97 13
a 80 90 18
a 80 71 17
a 80 66 10
a 80 86 15
a 80 57 18
a 80 14 4
a 80 29 7
a 80 67 16
a 80 5 2
a 81 82 14
a 81 17 19
a 81 59 16
a 81 67 2
a 81 63 10
a 81 80 7
a 82 83 7
a 82 91 17
a 82 90 1
a 82 98 19
a 82 7 12
a 83 84 15
a 83 71 17
a 83 11 18
a 83 17 13
a 84 85 17
a 84 20 14
a 84 10 13
a 84 4 17
a 84 51 18
a 84 56 14
a 84 79 11
a 84 80 1
a 84 50 15
a 84 77 3
a 84 7 6
a 85 86 3
a 85 47 8
a 85 17 15
a 85 65 4
a 85 98 12
a 85 83 7
a 85 10 14
a 85 16 16
a 85 30 9
a 86 87 6
a 86 5 11
a 86 82 15
a 86 91 3
a 86 33 9
a 86 24 1
a 86 85 6
a 86 48 5
a 87 88 14
a 87 84 8
a 87 13 19
a 87 44 13
a 87 54 3
a 87 30 14
a 87 90 12
a 87 38 18
a 88 89 18
a 88 7 14
a 88 61 4
a 88 41 3
a 88 87 5
a 88 29 5
a 88 92 15
a 88 17 13
a 89 90 11
a 89 35 9
a 89 9 19
a 89 12 8
a 90 91 15
a 90 12 12
a 90 93 2
a 90 72 3
a 90 51 4
a 91 92 11
a 91 1 18
a 91 39 5
a 91 36 5
a 91 14 12
a 91 48 4
a 91 30 11
a 91 87 14
a 91 54 10
a 91 29 10
a 91 81 3
a 92 93 9
a 92 81 4
a 92 49 6
a 92 62 2
a 92 3 7
a 92 13 6
a 92 94 17
a 92 96 1
a 92 34 4
a 92 80 19
a 92 10 9
a 92 24 10
a 92 15 1
a 92 52 8
a 93 94 12
a 93 39 5
a 93 31 4
a 93 81 14
a 93 46 5
a 94 95 1
a 94 9 3
a 94 96 18
a 94 17 3
a 94 37 12
a 94 59 13
a 94 61 2
a 94 92 16
a 94 30 15
a 94 38 15
a 95 96 19
a 95 81 6
a 95 72 16
a 95 69 19
a 95 80 13
a 95 22 19
a 95 88 14
a 95 42 18
a 95 85 6
a 95 14 16
a 95 90 3
a 96 97 14
a 96 14 4
a 96 57 12
a 96 98 10
a 96 27 12
a 96 79 14
a 96 12 16
a 97 98 11
a 97 40 6
a 97 42 15
a 97 53 15
a 97 61 5
a 97 4 2
a 97 32 10
a 97 81 4
a 97 94 6
a 97 89 17
a 97 73 14
a 98 99 10
a 98 29 9
a 98 40 3
a 98 1 8
a 98 90 19
a 98 96 4
a 98 51 15
a 98 72 9
a 98 70 12
c 93 31 5 37 145
c 36 37 15 60 74
c 79 64 37 14 70
c 40 51 32 24 51
c 40 41 3 40 140
c 80 67 55 20 137
c 8 94 65 84 131
c 2 73 4 5 95
c 66 7 28 88 124
c 76 93 66 1 107
c 53 38 6 64 51
c 66 41 65 40 132
c 76 47 73 9 102
c 22 88 60 22 104
c 93 94 88 17 81
c 34 35 71 40 66
c 73 9 46 33 144
c 67 15 27 60 56
c 94 95 30 9 110
c 41 42 62 64 138
c 3 6 65 84 64
c 66 85 19 61 145
c 11 62 80 88 130
c 12 23 45 59 101
c 97 42 48 94 67
c 98 1 36 20 118
c 85 17 19 81 54
c 39 83 74 34 53
c 63 31 92 13 107
c 15 6 6 37 65
c 48 28 11 12 123
c 59 61 93 31 109
c 44 81 5 2 85
c 5 67 8 51 145
c 78 37 48 64 78
c 78 68 22 88 54
c 51 59 28 90 84
c 66 7 26 10 122
c 81 59 59 93 50
c 59 93 84 56 128
c 92 49 29 3 134
c 2 32 77 82 50
c 9 40 78 37 69
c 49 48 55 71 130
c 15 8 11 72 80
c 62 13 76 69 116
c 72 68 78 98 134
c 32 55 84 4 61
c 57 96 6 7 81
c 33 19 46 45 141
c 32 35 77 71 138
c 38 25 48 37 114
c 66 25 16 89 58
c 65 78 20 38 85
c 76 69 16 31 67
c 37 38 21 12 95
c 36 70 21 22 55
c 56 46 56 41 100
c 18 50 34 2 126
c 45 59 32 17 127
c 2 84 9 43 121
c 98 70 32 69 129
c 18 89 46 45 111
c 37 74 66 28 118
c 52 49 22 6 102
c 60 40 21 89 92
c 15 53 87 88 57
c 68 18 1 77 123
c 17 18 43 1 59
c 41 15 49 72 120
c 63 24 48 14 109
c 86 82 32 94 145
c 51 21 45 91 92
c 37 74 40 41 147
c 14 31 25 16 127
c 30 62 32 94 149
c 66 85 92 81 89
c 70 15 63 55 114
c 0 17 23 49 144
c 40 83 34 45 121
c 19 81 26 45 132
c 1 23 81 59 146
c 37 57 74 63 140
c 74 34 71 76 75
c 55 44 13 71 129
c 70 71 10 6 94
c 28 31 81 80 133
c 96 98 62 80 78
c 11 17 56 97 62
c 96 97 53 54 55
c 76 45 43 91 118
c 78 27 70 15 92
c 63 77 32 17 60
c 25 68 33 48 63
c 88 17 25 68 88
c 92 81 32 17 83
c 3 1 91 54 113
c 7 8 60 83 146
c 64 5 66 41 75
c 64 59 40 63 123
c 70 59 91 48 50
c 4 12 17 54 130
c 56 57 70 49 65
c 66 85 71 39 97
c 98 29 51 39 69
c 35 36 46 45 94
c 22 66 13 71 54
c 51 86 48 94 112
c 9 82 30 62 74
c 25 34 92 80 51
c 29 82 79 60 134
c 23 2 63 64 68
c 85 65 21 12 101
c 57 36 25 76 65
c 17 4 87 84 79
c 9 40 94 30 109
c 14 19 39 40 77
c 27 73 96 98 134
c 39 14 80 78 71
c 20 83 11 62 110
c 76 47 35 45 118
c 84 80 17 54 106
c 0 10 21 89 149
c 26 29 74 58 73
c 95 81 82 90 64
c 65 98 18 50 147
c 33 18 68 72 112
c 66 67 46 2 52
c 93 46 54 91 83
c 70 62 8 40 135
c 25 16 27 60 96
c 15 74 23 27 115
c 16 31 48 26 95
c 62 64 84 7 115
c 46 97 67 93 91
c 20 29 88 29 71
c 88 89 79 45 55
c 35 51 78 66 110
c 11 13 90 72 75
c 64 93 94 96 138
c 77 89 97 32 105
c 58 35 59 34 99
c 91 36 82 98 115
c 14 97 19 20 59
c 9 82 9 72 101
c 8 32 31 32 95
c 78 84 7 81 127
c 68 72 10 50 90
c 42 84 70 15 66
c 5 37 40 84 69
c 60 83 95 80 86
c 11 17 2 3 98
c 47 63 51 39 65
c 60 88 90 51 61
c 29 36 67 12 134
c 39 33 97 53 135
c 77 78 75 45 71
c 58 15 39 33 144
c 80 94 26 27 133
c 1 82 56 78 148
c 46 28 3 47 93
c 62 36 38 58 123
c 64 67 91 92 120
c 60 85 52 41 139
c 74 34 45 12 80
c 42 40 55 13 91
c 78 77 28 88 95
c 61 73 37 28 105
c 41 72 92 15 51
c 10 6 17 4 54
c 10 11 22 13 113
c 60 23 25 26 79
c 41 42 25 34 81
c 45 10 53 54 143
c 93 31 44 1 123
c 6 51 0 71 141
c 37 73 92 13 89
c 80 95 54 34 66
c 58 46 67 12 113
c 72 43 90 12 51
c 77 32 63 2 117
c 72 52 57 94 100
c 7 42 92 3 136
c 9 40 91 48 119
c 77 89 38 76 137
c 94 96 44 1 81
c 82 90 73 90 71
c 20 29 10 22 72
c 50 94 31 61 136
c 47 7 22 79 125
c 70 91 29 30 89
c 64 5 11 23 119
c 40 81 47 53 92
c 60 23 97 73 82
c 62 80 7 81 81
c 62 80 14 31 114
c 9 44 88 41 94
c 97 4 84 10 146
c 8 47 79 13 131
c 70 52 11 24 66
c 61 28 46 2 142
c 88 29 67 2 56
c 46 58 59 29 80
c 25 16 49 72 93
c 76 12 65 34 72
c 52 73 31 90 132
c 97 32 42 15 70
c 41 72 36 22 142
c 81 17 52 49 81
c 59 61 79 45 82
c 43 44 25 26 75
c 46 45 85 16 126
c 14 63 53 24 65
c 29 82 65 33 78
c 79 80 15 6 119
c 7 25 14 31 120
c 73 63 21 12 92
c 88 17 41 33 127
c 26 39 90 51 112
c 68 38 10 50 144
c 80 71 30 31 108
c 7 25 79 58 88
c 63 77 80 8 86
c 2 84 79 60 115
c 47 42 27 73 71
c 80 5 25 56 122
c 78 98 6 62 78
c 94 30 46 33 60
c 96 57 45 12 97
c 4 24 95 22 55
c 32 76 57 51 118
c 6 64 25 16 110
c 13 64 78 1 140
c 4 22 25 15 62
c 85 47 13 73 79
c 65 38 3 36 121
c 71 87 92 49 58
c 21 12 42 65 106
c 51 21 67 15 111
c 59 60 53 54 94
c 37 27 96 12 122
c 17 3 48 64 125
c 47 7 11 89 109
c 50 79 49 50 127
c 12 4 51 92 52
c 56 78 49 72 110
c 94 30 0 49 102
c 2 77 97 32 110
c 54 13 58 26 112
c 94 59 3 36 66
c 76 77 7 25 73
c 43 44 68 33 67
c 18 74 88 92 55
c 14 9 7 46 130
c 58 13 6 48 124
c 51 92 94 30 57
c 12 25 80 8 53
c 73 39 16 36 96
c 73 82 25 16 95
c 40 74 32 35 78
c 11 49 57 32 115
c 32 55 3 50 96
c 54 55 25 56 132
c 94 37 96 14 148
c 97 42 70 59 58
c 45 94 10 22 97
c 84 85 66 65 94
c 58 97 47 51 108
c 85 83 36 70 76
c 79 64 25 43 77
c 76 47 4 24 51
c 38 74 84 20 77
c 11 13 17 67 129
c 40 63 94 17 144
c 51 52 85 10 111
c 71 72 83 17 75
c 49 48 85 47 59
c 71 28 26 29 90
c 40 23 14 62 58
c 77 89 48 26 143
c 32 69 18 52 141
c 23 53 51 50 135
c 47 63 78 41 101
c 87 84 11 12 76
c 94 30 49 50 118
c 7 80 49 22 60
c 11 81 76 39 62
c 38 74 94 92 111
c 46 58 43 22 111
c 91 14 78 66 146
c 63 64 89 35 92
c 19 6 16 5 145
c 39 40 48 37 133
c 62 64 71 39 147
c 95 81 61 16 58
c 33 30 7 11 95
c 46 58 32 17 147
c 14 19 65 34 98
c 52 53 14 25 138
c 32 24 9 44 142
c 48 14 70 52 123
c 32 76 52 41 99
c 55 11 4 22 61
c 25 76 73 9 60
c 65 34 97 32 132
c 88 17 40 84 103
c 83 84 60 23 61
c 98 99 30 62 109
c 2 84 84 7 134
c 0 17 42 40 98
c 59 93 40 41 121
c 37 73 54 91 56
c 63 2 28 63 119
c 53 28 22 97 119
c 26 45 28 82 52
c 8 40 43 98 88
c 34 2 66 78 143
c 58 63 56 97 105
c 85 10 60 21 129
c 59 83 56 46 145
c 15 65 3 85 129
c 71 46 71 25 77
c 48 26 39 33 51
c 14 57 32 6 127
c 92 81 51 50 69
c 37 9 26 79 107
c 61 73 87 13 52
c 2 76 24 25 95
c 66 7 74 66 124
c 8 9 63 38 54
c 80 78 76 12 53
c 73 74 34 94 57
c 64 30 37 38 130
c 63 31 98 29 65
c 15 74 37 73 73
c 3 60 15 65 65
c 93 31 58 13 88
c 96 12 56 75 129
c 16 5 52 92 125
c 39 14 8 78 69
c 83 84 3 6 107
c 80 94 64 15 95
c 97 73 57 85 129
c 70 75 95 90 110
c 0 22 71 78 88
c 8 84 8 40 115
c 64 30 14 62 91
c 34 47 59 10 125
c 80 97 51 98 57
c 40 92 63 97 118
c 64 93 57 96 131
c 91 54 60 18 104
c 84 4 72 32 118
c 8 47 84 20 50
c 40 78 5 82 91
c 72 32 65 84 61
c 96 27 94 9 131
c 56 82 46 97 84
c 69 48 8 84 91
c 21 85 62 63 138
c 81 63 72 74 145
c 75 45 0 1 112
c 63 55 63 24 61
c 20 88 38 1 143
c 0 10 11 77 57
c 97 98 97 40 82
c 26 79 14 19 94
c 20 83 46 2 71
c 30 16 12 11 138
c 41 20 57 51 110
c 70 75 37 27 53
c 54 91 62 63 70
c 15 6 17 18 79
c 71 29 78 77 130
c 26 27 65 93 68
c 42 40 68 23 129
c 14 24 62 64 111
c 70 71 46 83 112
c 16 19 53 64 118
c 62 36 12 63 93
c 8 19 76 24 68
c 80 57 96 57 114
c 55 11 64 38 77
c 28 81 95 80 67
c 70 24 16 97 149
c 43 90 8 62 83
c 68 18 70 24 120
c 79 70 43 92 58
c 98 70 57 68 53
c 50 62 95 88 76
c 25 76 79 58 137
c 54 91 76 67 99
c 28 64 25 34 69
c 45 12 94 9 123
c 21 40 10 35 102
c 66 1 66 7 69
c 62 36 45 66 128
c 34 2 41 35 64
c 79 70 66 41 79
c 66 85 20 78 60
c 15 6 18 89 90
c 34 84 50 1 67
c 16 19 14 24 142
c 30 95 62 63 104
c 7 8 34 75 87
c 13 71 51 92 108
c 67 15 69 16 129
c 81 17 36 37 97
c 81 63 40 78 92
c 3 48 98 96 81
c 46 28 35 63 54
c 22 42 65 93 56
c 17 4 62 93 134
c 33 24 13 18 148
c 14 15 52 28 102
c 26 29 64 93 82
c 57 58 15 60 92
c 32 55 10 22 129
c 22 58 23 24 108
c 27 2 40 81 120
c 21 28 26 10 130
c 95 85 26 39 127
c 65 42 52 53 120
c 26 59 70 46 100
c 56 75 66 28 78
c 8 43 35 51 109
c 42 84 63 97 99
c 79 84 27 88 87
c 8 28 62 3 89
c 26 94 78 2 123
c 30 16 76 39 107
c 57 58 91 92 66
c 58 1 11 28 129
c 34 72 19 62 139
c 40 34 43 1 114
c 23 53 92 94 106
c 56 82 21 85 69
c 44 26 65 33 116
c 11 24 32 15 85
c 54 3 30 88 106
c 47 95 16 46 61
c 85 65 75 45 91
c 94 9 80 97 92
c 34 47 7 8 146
c 95 90 34 75 138
c 36 52 70 59 58
c 6 52 22 66 75
c 31 61 85 65 56
c 53 44 34 45 124
c 44 31 18 25 136
c 11 13 84 10 135
c 79 58 79 60 59
c 56 91 88 41 122
c 28 88 69 40 140
c 68 96 7 81 98
c 40 84 69 48 84
c 72 90 40 78 129
c 56 78 66 28 98
c 98 1 64 3 120
c 60 61 32 75 71
c 43 55 64 5 104
c 21 12 63 31 80
c 36 81 91 81 89
c 55 56 78 27 62
c 66 7 36 22 83
c 76 80 29 65 70
c 4 24 94 59 64
c 22 13 47 39 107
c 68 48 68 53 87
c 70 95 53 64 105
c 47 42 73 54 133
c 51 54 44 31 103
c 70 46 29 64 83
c 7 74 69 27 61
c 86 87 40 20 93
c 27 40 73 39 97
c 7 94 51 19 119
c 41 30 48 40 115
c 63 31 47 54 89
c 91 30 22 88 130
c 55 13 55 20 67
c 7 81 70 15 142
c 93 39 36 22 97
c 65 40 47 54 108
c 66 25 12 9 125
c 25 43 80 90 59
c 63 2 84 56 86
c 33 24 21 40 78
c 11 49 26 48 129
c 83 71 24 43 62
c 67 8 14 24 89
c 37 44 58 60 94
c 18 74 98 29 96
c 25 68 98 90 62
c 49 59 23 53 110
c 37 27 41 20 137
c 57 58 49 36 65
c 95 80 63 32 78
c 40 90 26 62 103
c 78 68 73 57 98
c 49 48 59 93 146
c 81 63 44 15 149
c 42 84 66 67 71
c 7 94 29 65 104
c 67 68 95 81 107
c 30 16 56 34 127
c 74 39 57 68 58
c 2 87 58 26 52
c 63 38 98 29 71
c 34 45 78 88 148
c 73 54 12 25 102
c 77 89 28 82 132
c 69 64 56 34 58
c 64 30 50 10 80
c 63 24 46 58 138
c 60 85 8 17 136
c 25 76 20 9 77
c 92 34 86 5 127
c 28 82 52 73 90
c 7 25 16 97 56
c 85 16 16 17 130
c 79 60 59 29 97
c 11 23 32 83 94
c 43 27 15 74 77
c 74 34 63 32 132
c 8 84 95 88 58
c 67 25 62 93 78
c 56 46 45 66 135
c 32 17 42 15 56
c 13 2 69 15 89
c 77 78 62 98 54
c 28 88 27 74 69
c 77 23 39 69 93
c 42 84 2 76 120
c 11 68 27 30 119
c 34 94 78 79 129
c 44 81 63 24 64
c 14 62 12 4 100
c 45 91 82 90 79
c 10 83 39 11 88
c 94 17 91 29 120
c 3 40 40 79 114
c 59 57 3 50 83
c 81 82 95 80 71
c 33 34 80 57 74
c 32 55 25 56 66
c 68 33 26 74 121
c 63 80 88 17 95
c 68 69 9 40 66
c 64 15 27 88 133
c 27 40 53 30 56
c 35 36 71 40 127
c 5 2 80 57 92
c 92 94 57 46 61
c 80 95 14 15 115
c 30 16 60 18 61
c 20 53 3 4 145
c 48 37 47 7 79
c 97 61 14 31 135
c 94 96 80 97 128
c 73 57 4 87 50
c 92 96 69 48 121
c 6 7 28 71 121
c 36 37 27 74 137
c 14 97 17 3 135
c 97 53 84 7 82
c 13 71 45 94 139
c 26 94 29 3 137
c 91 48 69 5 146
c 18 35 44 79 103
c 69 5 98 29 111
c 48 66 25 26 54
c 45 91 7 24 95
c 68 69 7 8 118
c 80 88 26 94 60
c 25 56 26 29 129
c 18 74 2 32 50
c 23 53 73 52 113
c 91 87 48 14 88
c 95 90 51 52 75
c 59 29 73 82 67
c 44 31 55 11 147
c 14 15 58 59 51
c 4 51 26 96 95
c 76 93 2 73 55
c 80 88 69 40 77
c 85 83 66 67 139
c 73 39 18 79 147
c 9 72 62 30 66
c 29 65 35 68 85
c 15 6 78 2 87
c 97 81 62 11 60
c 3 47 6 48 57
c 17 18 65 42 74
c 27 74 2 73 68
c 43 44 7 43 149
c 94 9 78 2 146
c 45 46 13 73 70
c 46 45 19 81 95
c 81 59 60 61 60
c 11 81 33 18 53
c 28 31 83 71 103
c 78 68 26 96 83
c 80 95 60 83 62
c 22 13 34 45 123
c 79 84 34 2 72
c 29 82 29 9 121
c 92 13 44 26 80
c 13 14 52 55 75
c 7 99 56 34 79
c 13 23 77 82 86
c 29 36 83 11 57
c 55 20 19 81 145
c 87 44 41 33 111
c 35 51 66 65 129
c 40 84 51 19 67
c 23 49 60 88 132
c 25 43 75 45 123
c 11 69 83 17 114
c 76 45 21 58 77
c 74 66 62 34 118
c 0 41 65 78 50
c 35 63 87 90 95
c 51 92 9 10 79
c 42 34 44 79 56
c 41 20 44 80 81
c 41 72 3 60 106
c 27 28 38 58 104
c 30 62 71 52 127
c 40 81 40 90 124
c 12 38 28 64 122
c 76 47 53 64 80
c 60 83 61 73 141
c 14 19 97 89 99
c 11 68 10 35 61
c 92 62 40 78 119
c 98 1 8 43 89
c 24 36 71 52 124
c 58 26 78 68 104
c 64 59 46 45 103
c 29 3 29 65 119
c 16 17 19 81 131
c 5 82 28 41 60
c 31 57 28 81 52
c 97 61 92 13 59
c 76 77 5 67 51
c 9 40 12 25 118
c 70 71 47 53 75
c 37 14 33 14 107
c 89 35 34 45 119
c 0 49 45 59 91
c 84 79 7 43 135
c 59 60 19 6 78
c 50 94 30 88 115
c 54 13 87 88 88
c 60 83 57 32 148
c 4 87 34 72 123
c 81 67 65 93 81
c 68 23 7 46 103
c 27 28 38 31 76
c 4 52 44 1 124
c 52 53 78 27 79
c 86 33 16 19 139
c 60 23 40 84 79
c 46 45 13 37 123
c 26 74 97 81 109
c 60 88 59 61 148
c 46 97 15 6 70
c 0 1 44 7 129
c 30 9 36 3 146
c 44 79 71 31 52
c 86 87 95 42 67
c 31 61 80 94 132
c 9 84 16 2 81
c 14 24 74 58 116
c 10 35 92 15 89
c 84 56 80 8 143
c 30 31 8 94 139
c 46 33 33 96 92
c 81 17 25 84 145
c 51 19 82 98 57
c 94 92 41 30 70
c 84 10 14 25 91
c 93 31 40 20 125
c 39 83 29 36 119
c 55 22 86 85 105
c 45 46 43 78 95
c 0 22 80 57 59
c 43 92 96 12 139
c 70 62 59 57 69
c 60 85 28 82 56
c 20 29 14 25 70
c 3 46 55 13 70
c 3 60 98 51 91
c 61 82 38 60 91
c 83 84 62 13 91
c 87 30 46 45 139
c 44 45 3 85 72
c 46 33 5 41 145
c 2 32 65 78 86
c 92 15 35 49 56
c 77 71 14 63 107
c 61 62 80 78 110
c 90 12 48 64 58
c 48 40 6 37 79
c 42 50 90 12 137
c 68 53 59 29 73
c 58 15 46 58 97
c 76 39 96 98 144
c 6 48 51 54 82
c 38 93 57 85 109
c 81 63 43 92 68
c 10 83 4 51 134
c 58 69 76 93 84
c 70 75 12 84 125
c 64 30 54 91 82
c 43 80 21 15 96
c 68 33 41 72 113
c 29 64 14 62 77
c 68 23 66 1 97
c 10 11 66 49 75
c 43 89 22 97 147
c 40 51 97 81 55
c 11 69 9 90 142
c 58 92 78 84 118
c 9 43 8 99 145
c 56 91 13 18 135
c 0 22 8 51 139
c 28 31 17 67 80
c 67 35 14 63 70
c 88 92 10 83 56
c 69 64 92 80 100
c 50 79 66 57 102
c 11 49 14 63 149
c 93 94 79 75 119
c 58 69 13 14 69
c 29 82 92 24 116
c 85 83 64 59 134
c 31 86 67 2 107
c 77 98 43 91 86
c 49 50 25 34 57
c 34 45 52 53 147
c 12 46 97 81 147
c 8 78 11 28 134
c 45 66 52 55 137
c 56 57 11 17 74
c 12 38 64 65 135
c 48 37 66 49 59
c 46 97 27 60 97
c 57 96 67 93 90
c 11 28 85 98 100
c 78 41 11 62 73
c 75 45 87 54 67
c 5 67 80 88 91
c 22 45 55 22 145
c 40 92 51 19 89
c 5 41 25 15 94
c 62 64 1 41 143
c 11 77 78 81 105
c 10 83 38 25 129
c 11 2 64 89 123
c 52 49 78 88 68
c 80 57 37 57 118
c 12 23 20 53 60
c 97 98 43 33 107
c 86 33 88 61 143
c 40 20 66 41 67
c 17 4 11 72 147
c 42 84 83 11 70
c 58 92 44 65 61
c 67 93 19 91 96
c 50 1 87 90 132
c 77 23 7 46 57
c 25 26 32 69 92
c 10 35 11 69 129
c 34 72 6 7 71
c 64 65 17 54 69
c 98 90 80 94 136
c 21 58 1 77 97
c 13 23 65 93 53
c 79 90 70 95 110
c 4 2 65 34 133
c 92 80 94 59 60
c 43 91 79 1 122
c 96 14 14 24 74
c 20 9 32 75 102
c 58 97 41 20 61
c 0 49 70 75 147
c 87 90 61 62 113
c 27 19 79 13 82
c 26 29 18 74 116
c 91 54 73 9 114
c 30 46 32 24 120
c 53 8 38 76 68
c 44 18 95 96 126
c 90 51 97 61 74
c 71 52 92 96 115
c 21 45 48 26 61
c 7 11 72 53 74
c 79 60 43 49 122
c 84 80 94 96 77
c 78 60 93 81 64
c 2 76 95 85 102
c 8 47 34 94 127
c 88 89 22 23 94
c 43 90 0 17 56
c 97 4 86 82 107
c 97 73 33 30 120
c 58 92 56 79 89
c 34 45 29 3 59
c 80 95 91 48 121
c 26 59 92 34 79
c 33 48 56 79 145
c 30 95 2 76 120
c 77 78 6 7 128
c 34 45 88 61 126
c 65 40 76 80 139
c 95 81 21 89 138
c 15 74 25 15 95
c 95 14 67 8 51
c 91 36 46 2 63
c 29 36 98 70 116
c 58 97 79 70 137
c 34 75 22 23 115
c 43 80 45 13 123
c 21 62 26 79 95
c 3 32 91 30 136
c 84 10 8 21 53
c 91 30 22 23 92
c 64 67 8 51 101
c 30 2 69 15 84
c 59 60 18 50 133
c 64 15 11 77 121
c 59 34 90 93 109
c 53 38 72 52 114
c 22 79 68 23 115
c 57 96 45 94 73
c 13 73 76 12 83
c 8 28 31 73 90
c 4 22 93 39 130
c 16 19 78 84 132
c 8 16 2 76 104
c 37 14 65 78 103
c 72 52 38 31 123
c 16 89 86 33 93
c 7 43 51 86 110
c 7 94 19 6 111
c 94 96 8 16 101
c 29 64 34 45 95
c 73 44 17 54 127
c 22 97 57 51 121
c 87 84 96 79 84
c 11 24 81 82 52
c 58 69 91 92 120
c 3 32 91 92 142
c 23 2 45 94 117
c 56 91 70 52 85
c 81 82 48 28 61
c 97 73 97 94 60
c 21 28 21 89 105
c 20 29 65 42 74
c 4 87 19 61 98
c 51 98 9 84 96
c 33 24 15 8 98
c 25 8 15 8 148
c 63 97 45 74 102
c 22 66 37 9 103
c 92 15 98 40 68
c 31 32 85 10 118
c 54 55 27 32 147
c 95 69 96 14 107
c 62 63 13 73 64
c 71 76 87 38 124
c 40 63 45 66 115
c 76 12 44 4 124
c 92 52 10 83 107
c 88 7 90 91 131
c 7 8 14 24 96
c 12 4 86 91 106
c 15 16 71 32 95
c 36 70 38 76 106
c 63 24 8 40 60
c 62 3 48 13 131
c 29 64 91 87 76
c 91 1 11 13 58
c 67 68 68 38 132
c 74 34 0 17 64
c 48 40 78 77 62
c 17 3 9 72 68
c 45 94 27 19 81
c 77 23 51 50 113
c 51 22 80 67 68
c 38 57 69 5 118
c 36 79 91 92 121
c 66 85 37 28 124
c 66 78 64 5 110
c 19 20 88 87 68
c 67 2 28 64 86
c 58 63 59 57 55
c 54 3 60 40 54
c 76 80 23 24 92
c 93 46 84 56 112
c 63 32 55 71 54
c 31 86 80 66 117
c 95 69 44 7 69
c 27 88 32 69 92
c 33 34 62 13 72
c 55 22 25 99 61
c 16 89 49 50 96
c 53 28 2 87 51
c 13 37 91 29 109
c 6 64 26 10 107
c 5 6 92 81 82
c 79 80 75 76 60
c 79 90 38 1 124
c 27 30 3 40 96
c 86 91 26 74 61
c 78 79 6 62 92
c 56 91 52 55 138
c 47 48 49 71 110
c 80 86 11 81 136
c 63 32 34 72 94
c 65 93 96 14 129
c 38 76 78 79 73
c 26 62 15 65 65
c 94 38 76 69 80
c 9 72 71 32 121
c 22 58 7 74 69
c 31 61 79 75 148
c 65 40 83 71 54
c 69 16 47 53 83
c 12 13 66 7 120
c 12 13 9 43 97
c 43 22 18 79 107
c 70 75 71 40 61
c 56 82 11 68 109
c 58 7 63 38 141
c 37 14 16 97 50
c 56 79 18 52 120
c 45 59 46 60 106
c 17 18 51 21 64
c 7 11 8 43 119
c 59 57 71 51 123
c 25 99 67 35 114
c 39 33 49 22 71
c 26 39 12 25 65
c 27 46 27 60 116
c 43 49 92 62 135
c 9 44 12 25 125
c 74 66 53 28 111
c 39 69 60 85 73
c 10 6 62 10 59
c 13 18 78 41 69
c 69 15 20 9 143
c 50 51 75 98 65
c 49 22 35 63 144
c 76 93 23 49 111
c 35 57 44 7 81
c 7 8 96 98 92
c 46 2 50 51 84
c 32 24 27 32 58
c 66 25 72 2 104
c 58 15 97 81 86
c 14 9 39 14 94
c 81 67 63 97 144
c 5 69 45 91 147
c 92 10 43 73 84
c 84 51 97 98 83
c 80 30 59 83 140
c 43 49 23 94 136
c 31 61 55 11 142
c 8 94 97 94 107
c 12 46 62 80 89
c 39 33 57 58 144
c 41 30 70 49 119
c 76 93 59 34 110
c 28 64 63 55 82
c 76 24 21 22 67
c 53 30 84 50 112
