notes: n=100, m=990, elb=1, eub=20, density=0.1, conf_density=0.003, clb=25, cub= 125, seed= 4799
p spec 100 990 1468
s 0
t 99
a 0 1 1
a 0 89 4
a 0 70 16
a 0 30 12
a 0 8 12
a 0 96 11
a 1 2 7
a 1 58 1
a 1 5 17
a 1 12 8
a 1 64 4
a 1 10 18
a 1 72 7
a 1 97 2
a 1 82 3
a 1 43 9
a 1 31 15
a 1 9 6
a 1 39 19
a 1 35 4
a 1 80 4
a 1 87 7
a 2 3 16
a 2 20 4
a 2 31 14
a 2 12 12
a 2 26 19
a 2 16 15
a 2 99 16
a 2 57 11
a 2 80 4
a 2 71 10
a 2 51 11
a 3 4 16
a 3 88 4
a 3 34 3
a 3 80 9
a 3 9 15
a 3 6 1
a 3 1 9
a 3 37 9
a 3 71 15
a 3 10 8
a 4 5 4
a 4 49 11
a 4 66 15
a 4 73 7
a 4 6 7
a 5 6 8
a 5 96 7
a 5 27 13
a 5 9 6
a 5 59 13
a 5 24 16
a 5 21 4
a 6 7 12
a 6 17 6
a 6 52 10
a 6 71 3
a 6 1 16
a 6 61 14
a 6 11 18
a 6 3 3
a 6 28 16
a 6 51 3
a 7 8 17
a 7 98 14
a 7 81 19
a 7 94 17
a 7 32 18
a 7 35 18
a 7 61 6
a 8 9 1
a 8 76 4
a 8 17 14
a 8 80 19
a 8 57 6
a 8 86 5
a 8 42 1
a 8 18 12
a 8 97 2
a 9 10 5
a 9 6 10
a 9 12 3
a 9 56 15
a 9 29 10
a 9 42 5
a 10 11 19
a 10 9 15
a 10 29 15
a 10 98 13
a 10 30 15
a 10 46 18
a 10 54 9
a 10 88 19
a 10 93 18
a 10 87 9
a 11 12 13
a 11 26 16
a 11 91 16
a 11 88 10
a 11 13 14
a 11 45 6
a 11 14 15
a 11 35 18
a 11 79 14
a 11 67 4
a 11 76 4
a 12 13 12
a 12 46 18
a 12 48 11
a 12 55 3
a 12 33 12
a 12 27 7
a 12 39 9
a 12 22 5
a 12 19 9
a 12 74 12
a 12 36 2
a 13 14 19
a 13 50 3
a 13 34 14
a 13 8 18
a 13 1 1
a 13 36 13
a 13 31 8
a 13 53 14
a 13 26 7
a 13 93 14
a 14 15 18
a 14 44 2
a 14 96 2
a 14 98 13
a 14 20 1
a 14 88 15
a 14 34 2
a 14 70 2
a 14 7 6
a 14 39 11
a 14 74 12
a 14 58 7
a 15 16 12
a 15 13 11
a 15 27 7
a 15 60 8
a 15 92 8
a 15 77 1
a 15 29 17
a 15 6 16
a 15 76 18
a 15 25 4
a 15 2 17
a 16 17 11
a 16 85 7
a 16 88 14
a 16 63 18
a 16 83 13
a 16 35 17
a 16 13 14
a 16 73 2
a 16 33 1
a 16 87 11
a 16 25 8
a 16 49 2
a 17 18 16
a 17 65 10
a 17 51 17
a 17 86 10
a 17 53 19
a 17 38 14
a 17 72 1
a 17 62 18
a 17 45 2
a 17 90 19
a 17 43 5
a 17 54 19
a 18 19 15
a 18 8 7
a 18 89 2
a 18 2 4
a 18 76 2
a 18 27 6
a 18 35 3
a 18 54 1
a 18 84 7
a 18 12 13
a 18 83 13
a 18 3 2
a 19 20 10
a 19 38 3
a 19 71 14
a 19 27 17
a 19 34 12
a 19 42 17
a 19 40 9
a 19 10 15
a 19 30 19
a 20 21 9
a 20 64 11
a 20 31 13
a 20 99 10
a 20 1 9
a 20 68 14
a 20 75 10
a 20 16 18
a 20 40 2
a 21 22 10
a 21 98 11
a 21 32 2
a 21 92 8
a 21 87 17
a 21 64 19
a 21 73 4
a 21 50 2
a 21 18 17
a 22 23 9
a 22 44 19
a 22 20 3
a 22 37 6
a 22 78 5
a 22 68 2
a 23 24 16
a 23 57 16
a 23 78 15
a 23 63 9
a 23 62 10
a 23 73 14
a 23 58 4
a 23 18 7
a 23 33 19
a 24 25 19
a 24 60 14
a 24 67 5
a 24 89 10
a 24 4 16
a 24 34 1
a 24 48 4
a 24 79 8
a 24 23 2
a 24 94 11
a 25 26 1
a 25 32 15
a 25 1 8
a 25 52 17
a 25 53 3
a 25 59 8
a 25 33 3
a 25 95 17
a 25 24 15
a 25 55 4
a 25 19 13
a 25 58 5
a 26 27 4
a 26 59 11
a 26 6 16
a 26 78 12
a 26 40 16
a 26 55 15
a 26 68 2
a 26 30 4
a 26 29 19
a 26 38 8
a 27 28 5
a 27 23 7
a 27 64 7
a 27 76 18
a 27 26 16
a 27 79 13
a 27 35 16
a 27 55 3
a 28 29 5
a 28 96 13
a 28 53 1
a 28 99 5
a 28 91 11
a 28 21 11
a 28 27 13
a 28 36 14
a 28 39 3
a 29 30 16
a 29 3 1
a 29 41 16
a 29 58 8
a 29 84 17
a 29 49 16
a 29 87 4
a 29 13 7
a 29 26 12
a 29 65 18
a 29 82 18
a 29 46 18
a 29 21 12
a 29 1 15
a 29 68 13
a 30 31 18
a 30 79 3
a 30 95 16
a 30 32 15
a 30 48 19
a 30 26 14
a 30 8 16
a 30 54 1
a 30 67 12
a 31 32 18
a 31 93 4
a 31 2 1
a 31 99 19
a 31 84 8
a 31 15 18
a 31 96 6
a 31 38 18
a 31 29 10
a 31 41 6
a 31 6 9
a 31 47 4
a 31 57 17
a 31 14 1
a 32 33 7
a 32 52 4
a 32 39 7
a 32 65 16
a 32 73 3
a 32 47 16
a 32 85 15
a 32 94 5
a 32 96 12
a 32 13 2
a 33 34 7
a 33 98 8
a 33 92 14
a 33 58 12
a 33 19 12
a 33 99 2
a 33 1 13
a 33 89 19
a 33 66 3
a 33 18 2
a 33 69 14
a 33 20 4
a 34 35 12
a 34 73 13
a 34 39 18
a 34 86 13
a 34 5 8
a 34 8 1
a 34 45 6
a 34 20 11
a 34 6 3
a 34 53 1
a 35 36 11
a 35 95 4
a 35 29 4
a 35 30 7
a 35 25 17
a 35 45 7
a 35 56 16
a 35 12 11
a 35 46 8
a 35 24 8
a 35 42 7
a 35 15 12
a 35 67 10
a 35 81 2
a 35 91 13
a 35 38 12
a 36 37 1
a 36 44 3
a 36 86 9
a 36 46 13
a 36 70 19
a 36 58 16
a 36 78 3
a 36 3 11
a 36 65 2
a 36 9 9
a 36 34 13
a 37 38 19
a 37 26 6
a 37 1 3
a 37 22 9
a 37 99 15
a 37 2 2
a 37 15 16
a 37 7 16
a 37 73 2
a 37 43 10
a 37 3 4
a 37 82 13
a 37 63 5
a 37 39 4
a 37 54 15
a 38 39 13
a 38 88 15
a 38 94 10
a 38 22 10
a 38 6 17
a 38 23 1
a 38 55 2
a 38 84 15
a 38 19 4
a 38 83 19
a 38 21 2
a 39 40 3
a 39 80 18
a 39 81 9
a 39 83 6
a 39 92 19
a 39 79 8
a 39 69 8
a 39 45 13
a 39 71 2
a 39 35 16
a 40 41 7
a 40 86 16
a 40 21 4
a 40 59 5
a 40 75 14
a 40 42 13
a 40 30 17
a 40 12 18
a 40 38 12
a 41 42 7
a 41 79 13
a 41 65 19
a 41 77 17
a 41 62 15
a 41 57 16
a 41 84 5
a 41 29 18
a 41 64 6
a 42 43 11
a 42 10 19
a 42 40 15
a 42 2 14
a 42 39 19
a 42 98 18
a 42 51 14
a 42 84 10
a 43 44 18
a 43 81 13
a 43 12 2
a 43 5 18
a 43 46 12
a 43 11 4
a 43 25 19
a 44 45 19
a 44 23 6
a 44 55 1
a 44 25 2
a 44 57 11
a 44 69 1
a 44 73 16
a 44 83 16
a 45 46 7
a 45 63 13
a 45 1 10
a 45 81 1
a 45 66 6
a 45 12 19
a 45 84 6
a 45 54 16
a 45 83 10
a 46 47 14
a 46 29 18
a 46 79 13
a 46 12 12
a 46 27 1
a 46 1 19
a 46 61 2
a 46 53 8
a 46 20 8
a 46 14 13
a 46 71 3
a 46 78 1
a 46 63 10
a 46 77 14
a 46 81 5
a 47 48 6
a 47 54 7
a 47 20 11
a 47 66 19
a 47 60 14
a 47 14 18
a 47 37 11
a 47 79 7
a 47 68 10
a 47 94 8
a 48 49 4
a 48 37 9
a 48 24 5
a 48 1 18
a 48 84 7
a 48 80 1
a 48 4 12
a 48 41 14
a 48 76 5
a 49 50 4
a 49 63 1
a 49 57 14
a 49 68 10
a 49 10 12
a 49 98 10
a 49 16 8
a 49 14 9
a 49 69 3
a 49 72 17
a 50 51 5
a 50 93 16
a 50 49 18
a 50 96 18
a 50 55 8
a 50 10 17
a 50 24 7
a 50 98 18
a 50 79 10
a 50 73 3
a 50 3 3
a 50 67 1
a 50 83 4
a 50 56 7
a 51 52 7
a 51 88 16
a 51 11 7
a 51 21 11
a 51 61 2
a 51 32 5
a 51 60 11
a 51 44 10
a 51 74 9
a 51 26 19
a 51 97 19
a 52 53 7
a 52 50 11
a 52 81 13
a 52 98 11
a 52 75 12
a 52 83 9
a 53 54 1
a 53 75 5
a 53 33 8
a 53 68 8
a 53 5 15
a 53 2 13
a 53 12 2
a 53 80 9
a 53 72 5
a 53 3 1
a 54 55 13
a 54 22 1
a 54 48 3
a 54 45 11
a 54 84 16
a 54 77 3
a 55 56 13
a 55 31 11
a 55 46 5
a 55 18 12
a 55 32 15
a 55 60 12
a 55 72 19
a 55 30 2
a 56 57 16
a 56 51 1
a 56 83 13
a 56 1 8
a 56 42 13
a 56 41 4
a 56 25 17
a 56 18 18
a 56 46 3
a 56 38 9
a 56 39 3
a 56 27 4
a 56 32 8
a 57 58 12
a 57 86 16
a 57 97 14
a 57 36 7
a 57 60 6
a 57 55 14
a 57 76 17
a 57 69 14
a 57 75 16
a 57 35 7
a 57 61 9
a 57 47 18
a 58 59 9
a 58 26 19
a 58 22 16
a 58 28 1
a 58 73 9
a 58 95 16
a 58 48 8
a 58 84 19
a 58 4 3
a 58 43 2
a 59 60 9
a 59 75 5
a 59 84 15
a 59 43 16
a 60 61 19
a 60 92 18
a 60 52 1
a 60 20 1
a 60 76 10
a 60 96 14
a 60 80 12
a 60 14 9
a 60 36 14
a 60 44 7
a 60 40 16
a 61 62 19
a 61 84 17
a 61 19 16
a 61 7 1
a 61 70 13
a 61 49 18
a 61 26 6
a 61 5 19
a 61 27 3
a 61 68 9
a 61 93 8
a 61 25 1
a 62 63 2
a 62 57 16
a 62 15 9
a 62 77 13
a 62 72 8
a 62 82 14
a 62 16 1
a 62 5 8
a 63 64 7
a 63 76 2
a 63 83 12
a 63 82 15
a 63 42 12
a 63 94 15
a 63 4 11
a 63 80 19
a 63 95 19
a 63 81 16
a 64 65 7
a 64 22 12
a 64 58 1
a 64 77 16
a 64 84 6
a 64 81 15
a 64 5 10
a 64 36 11
a 64 43 16
a 64 42 12
a 64 49 5
a 64 6 10
a 64 14 6
a 65 66 13
a 65 27 13
a 65 87 17
a 65 62 13
a 65 76 12
a 65 81 6
a 65 75 10
a 66 67 12
a 66 53 4
a 66 77 18
a 66 74 19
a 66 33 16
a 66 45 10
a 66 39 15
a 66 25 1
a 67 68 11
a 67 14 5
a 67 50 11
a 67 89 6
a 67 25 3
a 67 45 10
a 67 96 10
a 67 23 8
a 68 69 13
a 68 36 5
a 68 90 4
a 68 74 6
a 68 77 13
a 68 7 2
a 68 86 6
a 68 33 4
a 68 49 5
a 68 99 6
a 69 70 9
a 69 62 18
a 69 16 15
a 69 93 16
a 69 6 19
a 69 23 8
a 69 15 16
a 69 77 4
a 70 71 14
a 70 1 7
a 70 44 8
a 70 88 3
a 70 20 11
a 70 19 13
a 71 72 12
a 71 3 6
a 71 26 7
a 71 87 19
a 71 88 8
a 71 77 2
a 71 25 3
a 72 73 12
a 72 5 6
a 72 52 7
a 72 48 19
a 72 30 4
a 72 47 14
a 72 99 12
a 72 84 17
a 73 74 2
a 73 54 8
a 73 2 12
a 73 82 18
a 73 32 2
a 73 18 13
a 73 46 19
a 73 96 11
a 73 40 4
a 74 75 1
a 74 98 13
a 74 31 8
a 74 73 13
a 74 86 13
a 74 29 19
a 74 85 16
a 74 53 6
a 74 58 18
a 75 76 18
a 75 96 14
a 75 41 7
a 75 91 10
a 75 14 10
a 75 97 11
a 75 18 13
a 75 5 15
a 75 40 17
a 76 77 9
a 76 8 4
a 76 33 9
a 76 55 10
a 76 46 19
a 76 16 18
a 76 66 4
a 76 57 5
a 76 12 15
a 76 40 2
a 76 22 6
a 77 78 14
a 77 52 7
a 77 68 18
a 77 49 14
a 77 47 6
a 77 9 6
a 77 45 2
a 77 36 7
a 77 93 6
a 77 14 5
a 78 79 18
a 78 76 10
a 78 7 1
a 78 50 13
a 78 29 9
a 78 72 16
a 78 48 8
a 78 13 9
a 78 39 13
a 78 57 4
a 78 56 16
a 78 6 2
a 79 80 14
a 79 23 18
a 79 28 2
a 79 96 18
a 79 78 12
a 79 85 3
a 79 58 10
a 79 13 13
a 79 16 8
a 79 90 7
a 79 7 17
a 79 39 11
a 80 81 3
a 80 92 9
a 80 31 6
a 80 42 4
a 80 40 9
a 80 23 13
a 80 90 8
a 80 94 8
a 80 34 11
a 80 10 13
a 80 71 4
a 80 85 2
a 80 78 19
a 81 82 12
a 81 76 18
a 81 85 18
a 81 61 2
a 81 83 2
a 81 70 12
a 81 64 5
a 81 3 19
a 81 37 17
a 81 41 6
a 81 24 8
a 82 83 11
a 82 94 8
a 82 87 2
a 82 81 16
a 82 91 14
a 82 55 15
a 82 6 9
a 82 7 16
a 82 99 18
a 82 11 9
a 82 21 5
a 83 84 14
a 83 89 12
a 83 2 6
a 83 46 8
a 83 72 16
a 83 29 3
a 83 39 5
a 83 86 16
a 83 97 17
a 83 82 1
a 84 85 3
a 84 68 4
a 84 37 8
a 84 24 3
a 84 36 16
a 84 14 14
a 84 75 10
a 84 26 16
a 84 67 1
a 84 33 11
a 84 74 12
a 85 86 12
a 85 31 11
a 85 40 17
a 85 49 4
a 85 61 4
a 85 32 7
a 85 54 16
a 85 34 14
a 85 42 7
a 85 24 7
a 85 88 11
a 85 47 11
a 85 58 17
a 85 97 2
a 85 16 15
a 85 62 12
a 86 87 12
a 86 37 17
a 86 65 14
a 86 7 13
a 86 56 10
a 86 12 7
a 86 99 9
a 86 85 18
a 86 9 8
a 86 51 18
a 86 6 12
a 86 22 13
a 86 26 4
a 87 88 10
a 87 46 5
a 87 15 12
a 87 68 6
a 87 13 11
a 87 49 11
a 87 94 1
a 87 99 3
a 87 33 9
a 87 20 6
a 87 67 8
a 88 89 3
a 88 45 19
a 88 77 14
a 88 8 5
a 88 95 16
a 88 41 12
a 88 18 10
a 88 27 5
a 88 99 7
a 89 90 8
a 89 74 16
a 89 92 3
a 89 76 2
a 89 63 2
a 89 70 4
a 89 91 11
a 89 86 17
a 89 32 2
a 89 99 14
a 89 34 15
a 90 91 16
a 90 60 14
a 90 24 1
a 90 29 14
a 90 4 1
a 90 56 1
a 90 52 15
a 90 62 5
a 90 77 12
a 90 27 8
a 91 92 13
a 91 33 14
a 91 21 8
a 91 50 4
a 91 84 10
a 91 18 4
a 91 67 10
a 91 23 4
a 91 39 13
a 91 75 12
a 92 93 8
a 92 67 11
a 92 22 14
a 92 31 9
a 92 45 2
a 92 72 8
a 92 1 17
a 92 6 9
a 92 62 5
a 93 94 1
a 93 85 1
a 93 96 10
a 93 8 5
a 93 25 10
a 93 38 13
a 93 31 16
a 93 75 16
a 93 81 3
a 93 87 19
a 94 95 10
a 94 30 15
a 94 64 12
a 94 23 9
a 94 77 7
a 94 37 13
a 94 28 12
a 94 7 4
a 94 99 14
a 94 80 9
a 94 68 8
a 95 96 3
a 95 75 4
a 95 47 2
a 95 43 3
a 95 7 2
a 95 38 8
a 95 26 17
a 95 72 11
a 95 59 4
a 95 5 4
a 96 97 15
a 96 95 9
a 96 46 11
a 96 5 15
a 96 37 1
a 96 35 4
a 96 79 15
a 97 98 14
a 97 79 12
a 97 4 3
a 97 7 1
a 97 22 19
a 97 51 17
a 97 18 14
a 97 25 3
a 98 99 8
a 98 34 1
a 98 63 1
a 98 36 5
a 98 43 15
a 98 12 13
a 98 45 1
a 98 28 12
a 98 82 1
a 98 65 6
a 98 33 14
c 46 79 18 89 30
c 30 31 16 85 42
c 81 41 39 83 115
c 0 96 30 48 96
c 92 31 50 83 103
c 15 25 84 74 86
c 7 98 84 68 98
c 1 2 54 84 59
c 22 23 89 76 55
c 41 65 23 57 100
c 65 66 77 9 28
c 88 8 71 72 36
c 75 91 14 74 66
c 98 43 69 23 119
c 12 74 68 90 47
c 12 46 1 80 114
c 79 28 79 58 53
c 32 96 51 11 98
c 29 46 20 1 57
c 86 51 74 98 41
c 61 49 78 79 25
c 98 43 67 25 118
c 34 73 79 90 81
c 37 26 89 34 86
c 93 96 76 22 28
c 83 46 93 81 43
c 26 40 35 36 66
c 16 83 17 18 50
c 50 49 11 45 116
c 55 60 28 36 90
c 60 20 91 18 37
c 72 30 58 28 117
c 10 46 36 65 89
c 28 96 29 46 53
c 67 89 41 84 62
c 37 15 36 86 26
c 10 98 67 68 103
c 1 87 17 45 92
c 64 22 88 18 113
c 11 76 9 42 83
c 15 6 71 25 72
c 42 84 94 77 89
c 26 30 72 30 59
c 12 39 45 83 113
c 29 13 80 71 55
c 19 27 46 1 79
c 79 23 88 8 55
c 50 10 79 23 32
c 46 71 40 86 63
c 30 31 57 35 73
c 25 95 48 80 76
c 16 88 41 84 55
c 38 94 35 56 98
c 38 94 95 38 58
c 35 42 80 92 104
c 1 43 63 95 90
c 60 20 39 80 30
c 51 11 41 29 51
c 76 46 55 46 113
c 36 34 52 50 97
c 74 73 43 12 51
c 26 40 68 49 44
c 89 76 83 72 100
c 57 60 18 76 116
c 58 84 2 99 41
c 73 32 13 26 105
c 29 58 45 1 25
c 87 68 75 14 64
c 14 7 8 76 66
c 6 52 5 24 41
c 97 4 2 20 112
c 77 93 12 22 114
c 82 91 16 63 82
c 20 99 41 79 82
c 3 80 98 63 62
c 29 87 71 87 34
c 60 92 75 5 87
c 23 73 2 71 77
c 90 27 1 12 72
c 35 91 11 91 96
c 67 25 73 32 53
c 66 33 14 74 90
c 33 20 80 34 121
c 70 1 50 96 60
c 20 68 36 46 124
c 63 94 16 13 28
c 48 49 88 41 54
c 63 64 51 61 100
c 33 92 78 7 50
c 16 88 23 78 71
c 64 84 48 80 94
c 8 9 58 48 86
c 86 7 18 12 44
c 11 13 33 92 73
c 92 67 77 52 76
c 73 2 29 84 31
c 96 95 25 24 35
c 25 26 65 62 115
c 56 25 45 66 109
c 26 38 69 62 48
c 53 3 95 59 29
c 88 95 56 41 55
c 79 90 85 31 44
c 64 14 32 39 37
c 10 30 57 86 104
c 56 39 57 60 53
c 65 87 7 35 28
c 45 1 57 75 106
c 12 27 76 12 55
c 4 73 95 26 40
c 39 69 5 21 70
c 21 32 41 62 46
c 31 6 51 97 59
c 2 12 64 14 81
c 76 55 60 44 54
c 6 7 25 55 49
c 74 86 33 1 67
c 6 7 64 81 73
c 29 13 90 77 33
c 4 49 83 86 93
c 63 81 87 15 109
c 85 86 94 68 47
c 3 10 37 54 78
c 64 65 86 26 115
c 65 62 47 60 43
c 18 12 84 68 53
c 29 1 66 53 59
c 54 55 80 23 29
c 35 24 11 45 96
c 71 3 46 77 110
c 46 61 8 9 103
c 62 16 31 84 108
c 53 75 60 36 72
c 57 55 98 34 90
c 23 57 86 56 65
c 85 47 29 13 75
c 69 70 10 88 111
c 72 5 37 82 33
c 33 98 94 64 43
c 18 84 53 2 48
c 31 41 33 92 73
c 88 95 81 82 48
c 77 78 29 87 63
c 94 23 74 58 45
c 74 73 46 61 103
c 62 5 63 83 122
c 18 54 28 99 58
c 83 29 82 91 115
c 1 10 29 49 31
c 70 1 87 88 43
c 79 13 23 78 56
c 31 99 71 88 69
c 90 27 5 9 63
c 63 80 34 6 118
c 89 92 6 17 70
c 14 44 49 68 86
c 85 47 83 72 75
c 78 79 13 26 69
c 83 46 87 67 120
c 56 57 28 99 65
c 69 16 46 79 45
c 26 68 93 85 85
c 36 9 71 25 77
c 31 47 96 79 65
c 14 96 58 4 82
c 9 6 49 63 98
c 67 96 60 76 75
c 2 16 69 70 82
c 83 97 26 27 59
c 17 65 35 38 111
c 15 76 4 6 55
c 37 15 30 67 90
c 18 76 77 52 105
c 8 97 24 25 67
c 26 40 16 33 112
c 15 92 98 45 85
c 14 7 32 73 28
c 76 66 11 91 86
c 74 58 30 54 98
c 3 88 47 14 57
c 11 12 33 98 57
c 28 36 77 93 92
c 98 63 38 94 96
c 43 46 24 79 49
c 49 72 26 68 81
c 6 28 83 72 119
c 86 99 29 82 28
c 57 47 14 15 55
c 11 13 77 14 53
c 58 95 31 57 39
c 76 12 81 37 49
c 71 26 18 12 93
c 64 84 84 33 80
c 6 3 90 62 109
c 96 46 69 6 52
c 9 42 72 47 87
c 16 73 51 21 40
c 38 19 97 98 74
c 55 60 24 25 34
c 16 87 57 97 69
c 36 65 16 88 26
c 44 23 86 65 116
c 7 8 86 51 104
c 76 66 15 77 34
c 47 14 27 23 26
c 70 71 56 57 105
c 26 6 69 70 52
c 36 86 12 36 82
c 7 94 16 49 88
c 0 8 52 50 124
c 50 24 4 49 33
c 87 46 63 64 110
c 41 64 35 36 26
c 95 5 91 21 60
c 13 14 24 67 61
c 56 27 38 94 88
c 86 37 61 19 111
c 63 82 37 26 69
c 85 42 86 37 44
c 69 23 98 63 99
c 83 84 30 31 82
c 38 22 66 53 100
c 57 47 68 69 63
c 4 5 34 53 117
c 46 61 66 33 60
c 10 46 34 86 92
c 8 9 62 77 110
c 28 21 31 47 73
c 68 33 64 36 44
c 66 77 92 67 116
c 37 39 75 97 48
c 49 98 31 93 33
c 56 51 85 54 32
c 91 39 84 33 32
c 96 95 17 62 68
c 48 24 25 26 70
c 96 46 3 1 40
c 8 57 80 94 85
c 14 44 12 13 109
c 10 11 35 29 81
c 38 94 51 74 106
c 60 44 72 30 122
c 19 20 33 99 73
c 80 31 33 1 38
c 95 26 10 87 70
c 94 99 23 62 50
c 76 16 34 20 108
c 21 98 91 92 101
c 72 52 78 72 26
c 25 26 94 30 46
c 80 10 28 27 67
c 15 16 69 93 35
c 96 95 93 81 39
c 95 75 88 89 90
c 41 29 98 65 35
c 6 11 17 72 25
c 0 96 44 83 116
c 3 1 80 31 115
c 59 60 18 35 60
c 75 91 44 45 92
c 53 33 93 85 109
c 63 4 38 22 32
c 18 3 79 58 32
c 82 94 83 39 60
c 74 98 35 81 73
c 17 18 84 14 92
c 70 1 33 1 44
c 14 44 28 96 101
c 25 53 72 73 34
c 22 20 87 88 33
c 15 2 29 68 124
c 84 68 94 77 41
c 56 27 20 75 103
c 34 5 20 40 81
c 81 3 84 68 52
c 41 77 56 18 58
c 58 26 22 68 65
c 66 77 3 34 61
c 10 93 42 43 103
c 38 83 86 99 32
c 91 50 40 86 76
c 94 77 19 40 108
c 37 39 77 47 66
c 79 16 17 65 72
c 94 80 72 47 119
c 93 81 18 19 45
c 46 63 1 80 95
c 16 17 93 8 45
c 4 73 28 96 75
c 10 54 13 14 70
c 95 96 79 90 29
c 16 13 98 34 57
c 40 38 89 86 97
c 68 7 39 81 112
c 76 46 61 27 58
c 17 62 18 35 99
c 53 80 61 19 115
c 87 94 56 27 74
c 94 64 24 79 95
c 2 51 60 96 124
c 3 6 98 43 124
c 2 51 13 53 48
c 53 33 46 20 124
c 12 36 57 47 45
c 58 4 16 49 31
c 45 63 98 43 108
c 78 79 33 69 115
c 62 5 81 85 83
c 66 67 37 1 45
c 82 91 38 19 89
c 14 88 47 60 58
c 62 15 26 30 105
c 66 74 1 31 119
c 65 87 49 98 104
c 95 59 92 31 27
c 16 49 3 34 79
c 22 20 91 21 90
c 20 68 12 22 43
c 5 21 21 50 84
c 29 87 20 99 92
c 55 56 57 97 83
c 46 71 67 68 101
c 41 42 13 34 81
c 97 79 2 71 94
c 37 15 33 69 72
c 75 91 91 75 116
c 6 28 68 49 110
c 41 84 1 9 81
c 42 51 85 88 31
c 13 8 77 14 84
c 88 45 78 29 73
c 79 16 34 45 120
c 46 61 19 27 27
c 81 70 33 34 118
c 12 13 23 33 35
c 43 5 69 23 37
c 8 9 68 74 58
c 1 97 89 91 81
c 81 24 21 22 48
c 79 23 57 69 110
c 78 13 76 16 100
c 37 99 16 63 59
c 75 97 11 76 122
c 32 65 57 35 99
c 94 95 32 65 94
c 48 4 65 27 96
c 12 22 10 88 66
c 46 47 85 34 33
c 32 96 82 6 108
c 63 4 36 86 26
c 41 79 62 5 88
c 88 18 10 46 36
c 64 6 20 99 69
c 46 12 74 85 114
c 19 30 88 95 54
c 78 48 3 88 60
c 77 14 86 12 96
c 35 81 14 88 99
c 36 70 44 55 89
c 76 22 48 80 110
c 46 81 2 71 100
c 1 5 34 5 57
c 22 78 31 41 26
c 33 92 14 98 66
c 13 36 38 39 94
c 56 46 49 68 124
c 98 99 94 99 115
c 56 42 61 70 102
c 40 38 33 20 117
c 46 71 56 1 52
c 95 96 33 34 109
c 50 73 95 47 83
c 29 3 33 69 44
c 60 76 93 25 65
c 71 88 31 32 59
c 81 37 66 77 118
c 16 63 44 69 59
c 5 24 87 67 33
c 26 78 86 6 64
c 25 52 60 40 61
c 54 48 81 3 109
c 91 21 53 33 79
c 13 34 37 39 94
c 14 70 33 98 75
c 90 91 67 96 79
c 76 22 33 99 80
c 29 41 56 57 78
c 94 37 24 4 120
c 1 58 47 60 54
c 76 66 93 96 71
c 95 5 46 14 75
c 79 58 7 98 87
c 57 97 76 66 73
c 12 48 82 11 102
c 75 18 16 13 41
c 18 76 9 10 51
c 53 12 67 89 109
c 39 79 46 81 117
c 5 24 10 9 88
c 15 2 8 97 37
c 35 29 11 12 59
c 73 18 50 24 99
c 29 41 47 60 33
c 28 99 64 22 111
c 14 44 2 26 49
c 16 17 79 13 94
c 13 31 51 26 121
c 46 27 36 70 105
c 95 47 40 75 69
c 30 48 9 56 74
c 64 36 19 20 27
c 10 46 50 73 81
c 51 32 72 84 105
c 77 36 15 25 48
c 88 45 26 27 67
c 57 75 95 7 108
c 67 23 73 32 63
c 84 67 73 96 27
c 74 31 73 82 41
c 2 71 53 54 32
c 26 78 73 18 48
c 33 98 98 12 77
c 95 75 58 95 116
c 71 72 24 89 36
c 50 79 13 31 56
c 39 40 58 43 28
c 19 30 72 84 114
c 15 6 4 6 66
c 39 92 30 54 57
c 58 48 72 5 37
c 15 6 79 13 48
c 50 67 35 42 36
c 94 28 18 89 27
c 1 43 57 97 66
c 95 59 42 2 124
c 25 26 23 58 67
c 61 5 59 43 84
c 15 29 57 60 43
c 17 54 83 2 84
c 94 99 80 42 46
c 10 93 29 84 113
c 97 4 35 91 69
c 21 64 49 14 110
c 96 5 56 32 109
c 50 96 55 30 44
c 2 80 73 40 89
c 26 29 56 1 94
c 32 96 95 59 57
c 39 92 46 79 115
c 31 6 91 50 71
c 33 69 20 31 60
c 44 69 79 23 72
c 85 42 32 96 54
c 95 47 82 55 43
c 57 86 8 18 35
c 47 60 5 21 73
c 68 7 65 87 107
c 74 58 28 96 106
c 54 55 87 33 27
c 94 30 53 33 103
c 68 69 5 21 52
c 56 32 85 61 38
c 8 18 95 26 75
c 28 53 80 92 33
c 81 41 26 55 82
c 95 43 84 67 40
c 93 31 11 35 46
c 1 9 81 64 80
c 56 18 85 54 29
c 20 64 55 31 55
c 7 81 35 36 92
c 96 35 87 94 46
c 5 59 35 24 117
c 42 98 73 46 77
c 61 25 17 72 79
c 85 32 87 13 32
c 60 40 14 58 77
c 83 2 5 9 34
c 77 93 87 99 85
c 37 26 39 83 58
c 64 22 98 33 49
c 85 49 4 66 96
c 86 65 56 25 42
c 60 96 44 25 100
c 9 42 29 82 54
c 94 99 91 67 29
c 49 98 21 18 118
c 70 44 65 76 100
c 80 92 36 44 43
c 28 29 25 33 46
c 9 12 11 76 93
c 74 29 24 94 30
c 69 15 10 9 69
c 70 71 68 99 35
c 94 68 58 4 92
c 14 7 78 29 113
c 24 48 35 24 122
c 74 85 81 61 65
c 77 47 70 88 94
c 77 49 40 59 55
c 2 16 12 46 49
c 24 89 26 30 58
c 66 77 82 21 57
c 72 30 38 23 60
c 81 24 65 87 100
c 20 16 70 71 114
c 58 26 30 31 67
c 95 72 11 26 34
c 11 26 91 21 96
c 2 20 1 72 119
c 24 23 93 25 89
c 25 53 61 27 119
c 17 90 38 23 72
c 51 32 17 62 123
c 64 58 49 57 91
c 63 95 42 51 102
c 43 81 33 98 31
c 85 61 52 81 34
c 58 22 75 18 27
c 74 75 91 50 66
c 82 83 21 18 48
c 74 98 37 7 101
c 68 7 68 36 88
c 34 45 43 5 30
c 62 16 42 39 41
c 15 29 97 4 88
c 58 22 50 24 34
c 86 9 50 79 113
c 37 54 33 66 35
c 42 39 84 26 97
c 5 24 34 53 72
c 51 32 74 73 79
c 17 65 16 33 100
c 36 44 49 50 55
c 35 38 66 67 55
c 82 83 12 22 89
c 16 85 57 61 44
c 35 30 50 98 73
c 12 48 89 99 104
c 69 62 77 49 58
c 35 81 17 54 45
c 50 98 41 62 54
c 68 33 8 86 71
c 60 52 49 69 91
c 77 78 64 43 72
c 2 80 82 21 75
c 56 38 55 72 93
c 7 98 85 58 112
c 47 37 80 71 105
c 41 29 56 39 70
c 42 2 40 75 105
c 15 77 25 19 36
c 66 33 25 1 122
c 75 18 38 88 115
c 61 93 33 19 97
c 78 39 29 68 68
c 46 63 49 57 44
c 77 45 12 46 91
c 37 15 6 1 55
c 48 49 96 46 41
c 81 61 6 28 113
c 97 4 65 87 97
c 19 30 51 11 49
c 26 38 45 1 83
c 53 72 76 77 42
c 3 10 1 72 107
c 67 14 1 82 38
c 58 84 13 93 65
c 4 49 57 58 124
c 42 98 64 43 63
c 97 51 20 31 87
c 38 84 51 11 82
c 11 88 86 6 72
c 96 97 52 50 105
c 85 86 2 26 106
c 22 20 52 98 44
c 48 24 72 5 84
c 56 18 43 44 27
c 54 55 63 95 120
c 96 37 6 51 122
c 13 34 79 39 59
c 96 5 8 42 104
c 65 62 39 79 88
c 33 20 16 17 41
c 89 91 32 73 105
c 43 5 79 16 94
c 89 86 98 12 104
c 62 5 40 38 71
c 78 48 1 43 58
c 98 99 30 54 25
c 33 1 94 28 80
c 78 13 39 80 37
c 36 65 93 87 67
c 39 79 63 83 63
c 91 75 78 72 61
c 77 52 18 8 81
c 89 86 80 90 97
c 0 96 12 46 65
c 84 24 23 18 68
c 87 49 96 37 52
c 72 5 21 73 123
c 18 3 42 43 113
c 72 99 28 39 28
c 69 77 39 80 38
c 15 6 18 19 39
c 10 54 96 5 105
c 61 7 5 24 79
c 9 6 52 75 105
c 40 41 34 6 123
c 84 36 7 8 69
c 3 10 25 55 56
c 31 47 90 60 104
c 26 40 89 92 93
c 73 54 24 23 102
c 98 28 80 90 60
c 73 82 68 90 110
c 35 95 4 5 117
c 77 36 44 25 60
c 77 47 41 64 44
c 33 66 7 81 96
c 29 1 51 97 92
c 73 82 70 1 84
c 56 38 10 98 36
c 64 42 35 95 120
c 27 55 91 23 117
c 62 5 61 7 121
c 16 13 56 46 47
c 81 82 67 25 43
c 14 88 48 49 82
c 1 64 96 5 65
c 19 34 58 73 76
c 21 32 79 28 42
c 51 88 53 68 71
c 58 95 91 75 93
c 35 67 17 38 97
c 57 36 46 20 29
c 16 25 29 49 75
c 88 77 54 77 104
c 76 22 2 57 115
c 56 41 18 19 33
c 50 55 18 89 107
c 87 94 92 22 123
c 27 26 19 34 42
c 81 70 25 33 70
c 67 23 36 44 48
c 80 85 73 46 87
c 19 20 45 12 57
c 18 27 97 25 119
c 1 82 47 60 68
c 85 62 82 83 71
c 5 96 66 39 77
c 90 29 8 42 109
c 95 38 33 89 58
c 70 19 57 76 105
c 72 48 82 91 76
c 11 35 64 65 92
c 11 79 41 57 67
c 82 83 29 68 66
c 32 33 9 29 89
c 9 10 74 86 91
c 84 68 34 35 44
c 13 50 70 1 122
c 72 48 75 41 121
c 20 68 88 95 29
c 15 27 55 31 45
c 23 57 34 35 108
c 68 36 27 28 118
c 81 41 25 95 77
c 34 45 72 48 98
c 91 67 36 9 97
c 56 51 85 58 117
c 60 61 95 72 75
c 24 4 11 12 84
c 5 21 90 60 117
c 61 49 51 52 28
c 46 29 26 27 38
c 32 96 57 76 39
c 61 49 72 5 42
c 57 55 61 68 111
c 16 87 2 71 123
c 55 31 29 46 53
c 4 6 49 68 73
c 68 33 2 80 106
c 94 77 19 30 123
c 82 21 18 2 78
c 65 87 26 40 81
c 2 71 58 22 116
c 29 84 79 16 25
c 79 16 36 9 121
c 31 93 39 45 30
c 28 96 69 70 29
c 85 16 9 12 102
c 5 27 2 26 38
c 35 24 91 50 81
c 98 43 5 27 82
c 70 20 45 54 109
c 79 7 77 93 60
c 71 87 5 21 51
c 81 83 38 55 46
c 60 61 0 89 51
c 89 76 16 73 76
c 31 96 26 40 96
c 78 79 74 73 96
c 50 49 18 84 73
c 47 60 50 83 119
c 10 46 50 96 94
c 75 76 88 89 80
c 89 70 93 85 27
c 41 79 57 75 50
c 97 22 89 63 107
c 42 2 57 55 52
c 40 30 61 5 102
c 47 14 66 25 46
c 57 97 18 3 115
c 69 6 10 87 94
c 62 15 6 61 53
c 15 25 85 42 87
c 79 85 4 66 120
c 38 94 92 72 70
c 75 76 37 7 80
c 35 38 6 71 108
c 75 5 17 86 93
c 83 46 98 34 51
c 82 6 52 83 109
c 85 32 97 4 113
c 61 49 64 81 40
c 29 3 22 68 115
c 33 19 17 90 110
c 34 86 46 71 122
c 80 40 51 11 43
c 90 62 34 39 41
c 73 32 57 35 107
c 1 58 11 14 35
c 50 73 86 26 90
c 63 94 16 83 44
c 19 30 68 49 96
c 66 33 1 58 59
c 79 78 25 26 72
c 0 70 61 25 28
c 57 60 6 11 28
c 3 88 78 6 27
c 12 33 95 75 32
c 84 74 28 36 85
c 70 1 75 91 96
c 10 93 39 80 31
c 53 12 91 33 96
c 82 87 31 38 79
c 26 6 75 40 47
c 24 34 9 12 106
c 26 40 27 23 62
c 76 22 86 37 38
c 83 39 21 87 105
c 84 33 42 98 93
c 75 5 73 82 92
c 22 23 46 29 80
c 1 72 56 57 73
c 9 6 71 77 119
c 26 29 32 13 108
c 13 14 35 42 40
c 7 81 88 95 44
c 1 10 61 19 103
c 47 14 37 7 117
c 90 29 75 91 105
c 4 49 78 76 89
c 91 50 8 42 45
c 38 94 58 73 80
c 77 78 14 74 102
c 41 65 36 58 100
c 58 28 46 79 91
c 71 26 38 23 30
c 94 37 1 87 30
c 68 99 67 50 105
c 46 61 29 46 111
c 16 49 34 5 121
c 19 38 42 84 124
c 79 28 96 5 56
c 76 57 56 41 102
c 92 67 0 8 72
c 82 87 67 14 58
c 56 51 57 86 76
c 13 93 75 14 113
c 77 93 20 64 115
c 54 45 40 30 83
c 85 32 63 64 113
c 4 49 3 88 115
c 93 8 93 94 113
c 5 24 12 74 25
c 97 98 65 62 91
c 18 2 62 72 93
c 58 59 30 54 97
c 18 76 40 86 105
c 33 19 35 30 54
c 83 72 97 98 96
c 33 99 55 30 118
c 55 60 63 76 114
c 36 78 73 18 122
c 87 67 58 73 112
c 61 93 57 35 27
c 73 74 77 14 96
c 10 93 7 8 100
c 57 86 78 29 56
c 59 60 65 66 61
c 48 4 75 41 42
c 36 44 60 52 34
c 78 13 5 27 34
c 95 47 89 32 36
c 34 8 93 85 47
c 94 7 35 36 52
c 52 98 43 25 29
c 24 4 68 36 29
c 43 25 55 60 123
c 88 89 37 2 86
c 71 77 63 83 94
c 56 32 55 18 60
c 18 3 80 42 30
c 84 74 53 75 117
c 11 76 45 83 30
c 60 20 57 69 43
c 58 95 8 76 78
c 29 82 13 26 80
c 77 68 57 60 31
c 13 14 93 38 88
c 91 21 1 2 53
c 50 56 80 42 102
c 76 57 80 81 49
c 5 59 81 76 74
c 39 79 42 40 48
c 3 6 14 58 81
c 78 57 65 81 37
c 11 14 31 47 35
c 76 40 49 68 37
c 51 97 45 63 75
c 71 72 11 45 105
c 41 77 94 30 103
c 32 96 12 27 124
c 2 99 94 64 74
c 76 55 94 28 121
c 65 87 76 46 103
c 56 83 6 11 81
c 35 81 53 54 123
c 34 45 5 24 91
c 49 16 87 46 43
c 95 43 3 1 109
c 1 43 74 85 51
c 39 45 52 83 100
c 79 16 87 99 118
c 62 72 67 25 98
c 76 40 1 12 100
c 73 74 95 47 67
c 14 7 15 6 120
c 85 31 77 93 117
c 28 99 82 21 28
c 51 97 86 6 68
c 63 83 92 62 35
c 78 6 32 85 96
c 6 11 89 32 111
c 65 76 91 75 113
c 81 61 58 84 118
c 98 33 61 49 73
c 37 26 74 98 75
c 46 71 72 47 26
c 89 32 47 79 51
c 79 16 36 78 124
c 86 56 29 13 86
c 28 27 36 37 95
c 37 2 65 81 27
c 68 99 83 29 101
c 30 67 29 58 105
c 70 20 72 73 55
c 45 81 97 51 89
c 46 79 21 22 112
c 40 75 37 38 82
c 45 46 36 86 32
c 49 50 75 76 42
c 3 9 76 57 54
c 50 24 17 54 112
c 98 12 57 55 84
c 19 27 67 68 88
c 41 77 44 25 72
c 5 27 55 32 99
c 40 41 47 14 56
c 39 92 92 22 124
c 82 83 79 96 32
c 2 3 28 27 120
c 74 73 25 33 55
c 67 68 71 88 103
c 79 80 29 46 118
c 39 79 34 86 70
c 94 30 82 83 121
c 78 13 29 3 109
c 60 92 73 2 81
c 20 64 31 93 47
c 93 96 44 55 43
c 87 20 95 47 67
c 88 77 44 25 120
c 15 25 61 70 48
c 58 43 50 55 97
c 63 76 75 76 86
c 36 37 81 70 74
c 98 33 93 85 96
c 38 84 86 65 100
c 82 91 28 29 60
c 6 61 2 51 76
c 14 70 63 76 81
c 8 17 88 27 72
c 85 16 82 6 57
c 53 3 36 46 47
c 42 98 94 64 36
c 24 25 76 16 40
c 32 96 31 57 31
c 54 48 32 96 117
c 55 72 70 1 98
c 51 21 91 84 88
c 69 93 90 60 92
c 62 77 90 56 35
c 41 29 39 40 52
c 0 30 51 52 109
c 63 82 45 81 51
c 60 96 7 81 91
c 80 94 16 13 83
c 77 14 31 41 37
c 87 67 33 34 40
c 29 87 15 13 67
c 63 64 89 86 82
c 48 41 71 87 60
c 39 35 51 74 82
c 18 3 65 27 70
c 96 5 47 66 67
c 51 21 42 2 40
c 8 86 6 1 42
c 31 47 65 87 111
c 53 68 33 89 108
c 7 61 76 55 54
c 76 57 57 86 84
c 45 81 47 68 87
c 36 34 74 31 43
c 98 45 87 13 113
c 90 60 95 75 27
c 77 47 12 74 121
c 84 26 48 37 54
c 78 72 46 71 89
c 47 37 77 49 85
c 11 88 50 3 106
c 61 93 93 85 37
c 43 12 53 68 89
c 5 21 62 16 30
c 46 81 28 99 55
c 18 12 71 3 67
c 25 33 15 25 81
c 66 53 77 36 58
c 30 79 15 25 98
c 11 91 33 92 119
c 90 4 48 80 83
c 32 33 87 33 78
c 86 65 34 39 74
c 73 82 40 41 96
c 2 99 63 82 78
c 79 16 26 59 72
c 18 76 38 88 42
c 46 78 41 57 64
c 88 99 47 54 121
c 57 35 97 25 118
c 17 51 16 88 76
c 41 65 85 24 48
c 12 55 32 73 27
c 57 61 60 20 51
c 80 81 30 48 76
c 71 88 17 62 54
c 77 9 68 74 67
c 34 35 89 86 83
c 31 14 3 4 118
c 69 77 95 7 88
c 63 64 83 97 56
c 8 18 64 42 94
c 55 32 16 17 35
c 29 41 16 13 48
c 87 20 98 65 63
c 25 26 24 23 57
c 20 75 94 37 98
c 91 50 26 27 61
c 25 95 76 77 124
c 55 30 82 94 46
c 52 50 86 6 118
c 1 12 80 90 113
c 20 1 57 61 85
c 85 42 68 7 93
c 18 76 28 91 47
c 70 71 93 38 114
c 28 53 96 35 122
c 81 61 86 99 45
c 6 17 56 57 119
c 15 25 54 55 75
c 45 54 40 41 31
c 8 42 82 94 94
c 17 45 20 16 37
c 50 55 27 79 98
c 47 48 34 5 64
c 79 58 21 73 54
c 98 45 74 31 68
c 68 7 12 36 109
c 2 57 28 27 46
c 30 67 88 27 78
c 97 98 22 37 105
c 40 42 55 60 48
c 35 24 48 49 78
c 77 52 56 57 98
c 19 27 79 7 110
c 94 28 80 10 113
c 34 8 93 25 85
c 93 87 12 74 80
c 90 60 38 22 78
c 40 30 22 44 114
c 87 46 95 75 31
c 64 58 35 38 123
c 47 66 55 32 45
c 36 37 19 71 57
c 80 23 37 73 57
c 75 97 88 99 101
c 63 4 80 23 107
c 51 21 50 98 73
c 61 93 68 69 90
c 53 5 79 13 110
c 51 61 79 7 86
c 24 79 76 16 106
c 50 3 50 67 105
c 97 79 31 57 45
c 64 49 36 3 100
c 34 35 54 77 94
c 25 59 11 26 89
c 12 39 29 21 81
c 51 74 92 31 77
c 44 83 15 13 96
c 53 72 22 44 59
c 10 93 14 15 86
c 3 1 58 4 61
c 95 47 71 25 57
c 8 9 81 85 117
c 72 73 17 43 69
c 10 46 66 33 83
c 78 76 83 82 124
c 90 27 47 54 52
c 12 36 95 59 97
c 6 11 70 71 31
c 76 46 40 30 104
c 42 2 19 10 123
c 27 76 93 87 32
c 31 99 73 40 89
c 3 6 45 12 122
c 15 6 79 7 30
c 43 11 83 72 42
c 10 46 83 82 97
c 6 61 79 90 111
c 94 99 56 42 49
c 28 39 96 5 96
c 69 16 11 76 77
c 16 49 88 8 60
c 70 1 91 75 83
c 53 33 0 1 106
c 29 65 82 99 31
c 53 68 37 2 91
c 35 36 23 58 93
c 56 41 51 52 92
c 35 15 37 54 123
c 27 26 53 12 31
c 1 87 75 76 60
c 49 68 5 21 55
c 12 19 69 15 84
c 52 50 35 30 114
c 58 95 42 10 105
c 48 76 65 81 118
c 66 45 34 39 35
c 95 43 23 62 85
c 80 81 74 85 74
c 95 7 63 64 91
c 79 78 9 6 44
c 37 82 0 70 98
c 43 11 91 39 28
c 35 45 26 38 41
c 30 79 47 68 34
c 77 49 57 55 35
c 80 34 60 61 118
c 24 89 1 80 120
c 78 72 20 16 102
c 30 31 85 88 116
c 34 45 39 83 123
c 69 15 85 88 119
c 8 76 47 20 33
c 48 1 94 95 114
c 73 46 40 41 42
c 3 9 51 11 72
c 85 34 85 49 121
c 90 4 7 98 83
c 81 37 86 87 32
c 6 7 12 22 93
c 76 8 12 46 94
c 36 86 1 43 57
c 35 15 26 68 106
c 79 90 12 13 121
c 47 48 78 7 101
c 48 84 8 57 71
c 12 13 38 19 103
c 67 25 63 4 27
c 69 62 63 83 120
c 61 5 78 57 110
c 27 64 91 21 99
c 84 68 98 28 110
c 67 45 15 76 48
c 82 99 27 55 42
c 89 74 60 20 113
c 48 41 85 40 59
c 41 29 80 90 116
c 6 1 51 61 26
c 98 43 93 38 111
c 3 4 78 7 107
c 69 23 28 29 88
c 15 27 55 72 103
c 18 35 95 96 95
c 49 69 54 45 106
c 58 28 76 40 101
c 89 91 79 96 108
c 89 34 23 62 51
c 48 24 73 46 89
c 80 85 8 57 108
c 23 63 3 9 69
c 71 72 77 14 60
c 7 81 31 99 29
c 95 26 71 88 84
c 15 60 1 72 109
c 38 22 65 87 42
c 45 63 89 92 44
c 7 35 84 26 35
c 64 42 66 33 76
c 30 31 65 66 54
c 89 32 2 26 113
c 85 97 82 91 48
c 29 13 59 60 65
c 79 13 59 75 104
c 16 33 42 98 53
c 4 49 32 13 122
c 66 77 66 45 25
c 39 92 77 36 69
c 79 13 96 97 124
c 56 83 60 20 28
c 62 77 33 98 114
c 25 55 13 34 78
c 75 97 86 7 59
c 62 57 69 93 47
c 21 73 28 21 104
c 64 65 45 84 60
c 3 9 46 79 117
c 96 79 38 88 110
c 4 6 69 77 93
c 95 38 40 42 113
c 51 97 52 50 33
c 39 80 37 38 96
c 37 54 45 63 111
c 13 26 31 93 47
c 46 14 12 36 65
c 20 40 46 79 124
c 45 12 54 55 124
c 88 89 33 19 70
c 2 57 49 10 124
c 62 16 94 23 77
c 16 25 7 35 38
c 50 98 79 23 108
c 3 34 81 24 124
c 50 3 81 70 57
c 8 80 59 75 108
c 28 91 6 52 44
c 43 11 10 87 123
c 27 79 19 10 104
c 60 80 80 90 97
c 62 72 5 21 82
c 66 74 23 78 97
c 74 85 32 73 104
c 24 79 15 29 40
c 53 80 85 40 32
c 61 26 10 87 102
c 19 10 73 54 122
c 70 19 18 76 109
c 83 46 70 20 46
c 51 61 2 71 96
c 60 80 84 37 47
c 55 30 38 94 102
c 86 9 50 10 25
c 56 1 33 18 48
c 72 99 91 84 64
c 67 89 17 38 100
c 1 87 35 38 113
c 86 56 93 75 109
c 3 80 46 81 51
c 19 30 29 65 96
c 40 21 70 71 27
c 68 33 59 75 109
c 27 64 2 26 87
c 41 84 14 7 122
c 63 95 29 49 25
c 73 74 60 76 102
c 6 17 89 74 65
c 3 80 84 24 97
c 15 27 38 84 98
c 75 76 89 99 55
c 41 84 37 26 84
c 43 44 14 39 67
c 2 57 4 49 81
c 50 55 63 83 106
c 58 48 48 1 97
c 93 81 11 26 64
c 68 7 86 99 36
c 41 64 42 10 113
c 88 27 60 80 66
c 11 12 85 34 98
c 6 52 73 96 37
c 82 7 88 77 51
c 98 99 75 14 100
c 31 57 1 31 39
c 52 98 81 3 67
c 70 88 72 99 107
c 53 3 22 23 123
c 89 86 25 26 101
c 97 22 34 35 39
c 50 83 94 64 93
c 61 19 80 34 79
c 23 78 46 81 44
c 93 75 49 98 97
c 89 74 81 85 87
c 32 85 31 15 27
c 25 95 45 83 72
c 92 93 15 13 98
c 31 38 20 21 96
c 2 51 42 84 31
c 62 5 80 71 111
c 8 42 57 58 60
c 66 77 77 68 94
c 53 54 93 38 90
c 43 5 11 45 56
c 64 22 27 23 69
c 96 37 8 97 28
c 91 23 11 76 74
c 48 37 86 51 54
c 49 57 39 92 102
c 12 27 96 35 106
c 18 54 65 81 59
c 13 26 51 88 104
c 16 73 57 58 54
c 50 10 74 31 82
c 36 70 53 75 71
c 55 31 24 79 38
c 55 56 81 70 110
c 67 23 85 34 92
c 60 14 76 40 69
c 68 99 16 25 67
c 74 98 49 63 52
c 13 14 19 30 49
c 93 85 2 31 66
c 29 68 16 73 110
c 55 18 20 21 29
c 31 29 2 71 39
c 84 37 49 50 111
c 91 75 32 47 119
c 38 94 81 64 32
c 65 66 31 84 61
c 70 71 93 96 71
c 1 9 51 26 88
c 12 55 64 42 117
c 1 10 13 8 109
c 96 5 83 89 51
c 58 59 47 79 81
c 43 46 49 50 96
c 31 93 80 94 76
c 95 47 34 35 53
c 32 65 85 54 70
c 0 89 16 85 111
c 92 67 5 59 66
c 18 35 73 54 84
c 56 42 95 43 93
c 18 35 71 77 107
c 91 33 29 82 103
c 30 95 57 36 104
c 47 14 87 99 87
c 23 18 15 76 37
c 49 98 11 45 63
c 74 29 85 49 71
c 56 32 49 68 45
c 95 7 1 12 94
c 18 2 80 10 63
c 47 94 61 19 85
c 75 40 17 54 54
c 83 39 45 12 72
c 8 57 20 40 37
c 63 81 97 25 111
c 20 21 49 16 40
c 78 39 94 37 110
c 26 78 61 84 113
c 92 22 30 31 41
c 16 88 15 16 82
c 31 2 15 77 60
c 24 79 72 99 35
c 64 36 41 79 89
c 46 12 27 23 67
c 58 4 28 27 51
c 27 28 46 14 99
c 94 23 8 57 81
c 52 75 17 72 71
c 36 34 70 71 30
c 2 26 78 48 72
c 48 76 72 52 106
c 59 60 65 81 101
c 1 2 17 90 97
c 31 2 86 65 43
c 56 38 92 6 30
c 16 73 46 27 63
c 89 99 90 27 30
c 30 26 69 15 100
c 85 24 34 45 61
c 37 22 11 14 64
c 86 51 16 17 69
c 18 2 37 1 115
c 32 65 30 48 91
c 96 35 87 49 67
c 70 19 35 67 88
c 81 24 73 32 43
c 73 40 38 83 119
c 10 29 31 57 87
c 26 27 26 30 36
c 28 36 58 43 115
c 53 75 66 25 83
c 97 18 64 42 36
c 61 7 91 75 67
c 16 85 2 80 41
c 1 39 7 32 123
c 25 24 46 61 85
c 51 61 86 37 41
c 84 74 12 22 53
c 1 9 21 98 46
c 74 53 13 53 88
c 36 9 86 12 68
c 2 57 44 23 55
c 18 19 29 3 62
c 11 88 79 58 62
c 9 56 50 93 88
c 41 57 40 38 37
c 75 40 98 82 104
c 23 63 7 94 39
c 9 56 20 75 46
c 74 53 24 23 74
c 13 26 93 75 107
c 35 42 49 98 61
c 67 96 98 99 119
c 39 35 54 45 43
c 65 62 47 94 107
c 76 57 23 24 87
c 93 81 14 39 34
c 31 2 10 88 117
c 18 3 71 72 54
c 42 39 70 19 30
c 26 27 85 24 88
c 31 32 84 26 50
c 61 26 94 7 116
c 43 11 68 36 101
c 94 68 14 15 82
c 25 52 92 93 109
c 71 77 34 86 59
c 66 67 25 55 68
c 92 22 89 92 96
c 37 38 20 99 115
c 68 86 83 84 79
c 74 75 81 37 107
c 26 29 27 79 87
c 91 50 82 94 69
c 24 23 64 42 67
c 50 3 8 80 59
c 28 53 79 28 106
c 37 2 27 26 114
c 37 1 63 64 37
c 15 16 42 10 96
c 61 7 51 11 74
c 13 93 35 38 67
c 41 79 44 25 76
c 78 39 10 29 66
c 57 36 50 49 63
c 46 47 65 62 27
c 39 83 26 78 120
c 36 37 60 20 32
c 83 97 77 52 84
c 16 88 60 92 84
c 61 49 82 11 99
c 29 13 34 20 80
c 52 53 36 9 87
c 86 7 79 13 36
c 92 22 23 78 80
c 94 99 21 73 78
c 92 6 34 39 41
c 10 87 89 74 117
c 30 79 87 13 92
c 90 29 4 5 88
c 16 83 45 83 27
c 37 15 91 92 89
c 14 15 3 37 57
c 71 25 93 25 89
c 37 7 85 54 111
c 10 11 42 40 57
c 30 32 17 65 55
c 44 55 78 72 109
c 1 80 54 77 30
c 79 23 40 41 36
c 34 8 32 33 60
c 76 66 52 50 26
c 33 1 15 76 85
c 57 35 33 18 44
c 62 63 56 18 30
c 48 84 55 46 102
c 44 23 18 27 112
c 37 15 72 52 50
c 29 30 84 36 68
c 51 32 66 33 28
c 79 7 10 11 121
c 85 47 49 63 61
c 0 8 63 94 70
c 24 25 18 2 87
c 45 46 33 98 91
c 74 86 56 41 27
c 80 42 59 75 70
c 53 80 33 92 54
c 51 60 33 99 38
c 64 65 70 20 64
c 78 57 76 16 43
c 22 44 85 62 83
c 89 70 63 94 122
c 13 1 87 88 95
c 79 80 47 48 87
c 26 6 91 39 94
c 8 76 80 10 101
c 57 76 72 30 27
c 21 73 83 2 76
c 49 68 34 20 102
c 11 67 22 37 25
c 39 80 50 55 109
c 57 75 10 29 116
c 65 27 39 71 53
c 27 64 64 14 71
c 1 97 73 96 51
c 71 25 94 28 102
c 53 72 84 26 26
c 88 8 61 49 109
c 73 18 74 98 112
c 71 26 66 39 56
c 7 32 72 73 45
c 19 38 88 77 54
c 79 28 51 60 102
c 92 6 47 37 52
c 40 30 84 33 30
c 30 32 20 1 31
c 62 15 28 36 123
c 32 33 4 5 107
c 42 2 82 99 90
c 70 19 17 43 32
c 15 77 39 92 34
c 59 75 69 6 54
c 15 6 63 42 69
c 29 13 40 75 84
c 91 23 89 90 69
c 52 98 98 65 52
c 30 32 80 34 101
c 60 20 80 34 43
c 56 83 32 85 89
c 50 73 81 37 109
c 1 39 16 87 44
