notes: n=100, m=990, elb=1, eub=20, density=0.1, conf_density=0.003, clb=100, cub= 200, seed= 4143
p spec 100 990 1468
s 0
t 99
a 0 1 16
a 0 86 3
a 0 51 7
a 0 99 11
a 0 74 19
a 0 13 1
a 0 63 16
a 0 93 10
a 0 87 10
a 0 80 5
a 0 65 5
a 0 26 7
a 0 4 3
a 1 2 17
a 1 67 5
a 1 83 4
a 1 88 7
a 1 59 18
a 1 28 17
a 1 30 19
a 1 10 11
a 1 13 11
a 1 9 19
a 2 3 12
a 2 49 18
a 2 55 10
a 2 82 16
a 2 29 15
a 2 6 2
a 2 4 8
a 2 39 16
a 3 4 16
a 3 84 19
a 3 96 4
a 3 51 1
a 3 26 8
a 3 53 9
a 3 2 19
a 3 45 12
a 3 38 10
a 3 25 3
a 4 5 1
a 4 31 2
a 4 41 10
a 4 35 13
a 4 52 10
a 4 27 11
a 4 22 5
a 4 95 18
a 4 61 16
a 5 6 12
a 5 19 7
a 5 56 14
a 5 73 17
a 5 15 5
a 5 51 17
a 5 11 16
a 5 50 12
a 6 7 14
a 6 57 8
a 6 72 17
a 6 56 3
a 6 79 6
a 6 44 16
a 6 94 4
a 6 22 13
a 7 8 18
a 7 92 13
a 7 86 5
a 7 77 14
a 7 2 9
a 7 37 7
a 7 96 2
a 7 79 6
a 7 72 12
a 7 71 9
a 7 94 5
a 7 85 17
a 7 60 1
a 7 97 9
a 7 80 6
a 7 11 13
a 7 21 19
a 8 9 18
a 8 56 1
a 8 12 17
a 8 60 10
a 8 37 9
a 8 15 4
a 8 76 15
a 8 98 17
a 9 10 11
a 9 57 4
a 9 68 7
a 9 65 7
a 9 85 6
a 9 1 2
a 9 96 15
a 9 90 8
a 9 2 16
a 9 67 12
a 9 21 14
a 9 58 4
a 9 37 2
a 10 11 7
a 10 6 11
a 10 66 4
a 10 48 4
a 10 20 10
a 10 4 12
a 10 35 4
a 10 8 14
a 10 53 7
a 10 72 5
a 10 95 3
a 10 2 10
a 10 87 11
a 10 15 10
a 11 12 17
a 11 68 8
a 11 84 10
a 11 46 11
a 11 95 7
a 11 99 9
a 11 58 18
a 11 63 12
a 11 40 14
a 11 54 6
a 11 70 10
a 11 57 12
a 11 93 19
a 12 13 18
a 12 70 14
a 12 31 6
a 12 82 3
a 12 38 12
a 12 41 18
a 12 19 19
a 12 30 13
a 13 14 6
a 13 72 4
a 13 22 12
a 13 89 3
a 13 15 9
a 13 59 14
a 13 82 15
a 13 87 7
a 13 62 10
a 13 27 18
a 13 33 9
a 13 64 4
a 13 91 8
a 13 98 3
a 13 19 17
a 13 52 3
a 14 15 9
a 14 8 2
a 14 96 17
a 14 21 19
a 14 32 3
a 14 76 4
a 14 4 7
a 15 16 3
a 15 83 18
a 15 29 8
a 15 99 9
a 15 32 11
a 15 4 9
a 15 3 17
a 15 79 11
a 16 17 2
a 16 64 17
a 16 10 7
a 16 7 14
a 16 3 3
a 16 41 12
a 16 27 8
a 16 34 10
a 16 96 19
a 16 54 7
a 17 18 11
a 17 71 3
a 17 58 2
a 17 40 14
a 17 92 13
a 17 51 2
a 17 46 17
a 17 86 9
a 17 27 11
a 17 1 8
a 17 48 5
a 18 19 15
a 18 63 2
a 18 43 18
a 18 42 7
a 18 53 14
a 18 20 7
a 18 26 1
a 18 6 10
a 18 39 12
a 18 55 1
a 18 91 14
a 18 80 3
a 18 81 2
a 18 17 19
a 19 20 13
a 19 36 15
a 19 73 6
a 19 84 18
a 19 1 14
a 19 99 15
a 20 21 13
a 20 45 17
a 20 89 18
a 20 4 8
a 20 58 1
a 20 29 11
a 20 39 16
a 20 33 19
a 20 95 9
a 21 22 3
a 21 29 2
a 21 64 2
a 21 69 7
a 22 23 4
a 22 12 3
a 22 48 16
a 22 20 4
a 22 55 5
a 23 24 1
a 23 1 4
a 23 16 10
a 23 12 4
a 23 58 14
a 23 95 12
a 23 75 5
a 23 30 1
a 23 73 14
a 23 52 9
a 24 25 7
a 24 8 6
a 24 56 9
a 24 38 17
a 24 59 4
a 24 52 6
a 24 18 13
a 24 20 12
a 24 54 12
a 24 42 2
a 24 29 8
a 25 26 16
a 25 14 17
a 25 76 14
a 25 20 18
a 25 96 15
a 25 52 10
a 25 66 4
a 25 84 12
a 26 27 8
a 26 39 19
a 26 37 14
a 26 6 14
a 26 46 17
a 26 54 11
a 26 84 2
a 26 16 6
a 26 28 18
a 27 28 15
a 27 70 11
a 27 91 1
a 27 69 17
a 27 31 15
a 27 22 10
a 27 84 18
a 27 16 1
a 27 81 12
a 27 89 14
a 28 29 8
a 28 12 16
a 28 1 11
a 28 78 17
a 28 23 8
a 28 20 14
a 28 17 4
a 28 88 6
a 28 26 6
a 28 51 6
a 29 30 11
a 29 92 16
a 29 24 13
a 29 39 16
a 29 27 11
a 29 50 19
a 29 46 1
a 30 31 19
a 30 28 9
a 30 69 16
a 30 16 19
a 30 36 7
a 30 92 14
a 30 22 1
a 30 66 12
a 30 73 1
a 30 90 14
a 31 32 12
a 31 94 18
a 31 25 17
a 31 11 1
a 31 55 15
a 31 44 4
a 31 9 11
a 31 63 1
a 31 26 10
a 31 70 10
a 31 16 7
a 31 79 18
a 32 33 14
a 32 62 2
a 32 45 19
a 32 37 7
a 32 72 14
a 32 41 9
a 32 95 16
a 32 67 3
a 33 34 12
a 33 42 1
a 33 90 10
a 33 19 17
a 33 6 19
a 33 10 4
a 33 81 16
a 33 22 15
a 33 82 1
a 33 78 11
a 33 12 7
a 34 35 11
a 34 50 1
a 34 76 7
a 34 29 4
a 34 47 2
a 34 67 6
a 34 23 1
a 34 37 17
a 34 5 5
a 34 61 16
a 34 3 4
a 34 68 1
a 34 98 15
a 34 79 13
a 35 36 11
a 35 41 2
a 35 10 2
a 35 60 19
a 35 77 14
a 35 19 5
a 35 17 10
a 35 8 19
a 35 68 1
a 35 7 11
a 35 84 3
a 35 48 4
a 35 2 6
a 35 83 15
a 36 37 6
a 36 23 17
a 36 55 15
a 36 8 16
a 36 46 12
a 36 38 19
a 36 4 8
a 36 41 15
a 36 48 6
a 36 43 19
a 36 44 4
a 36 75 17
a 36 47 14
a 36 1 15
a 36 29 19
a 36 5 14
a 36 30 16
a 37 38 19
a 37 53 18
a 37 48 7
a 37 75 17
a 37 59 4
a 37 58 19
a 37 7 18
a 37 93 16
a 37 54 1
a 37 99 11
a 38 39 10
a 38 80 1
a 38 12 12
a 38 33 8
a 38 14 14
a 38 82 5
a 38 21 17
a 38 92 11
a 38 13 6
a 38 36 13
a 38 62 13
a 38 41 2
a 39 40 17
a 39 35 8
a 39 97 3
a 39 31 7
a 39 9 1
a 39 60 16
a 39 54 16
a 39 27 5
a 39 22 16
a 39 34 10
a 39 86 18
a 39 56 17
a 39 70 1
a 39 7 5
a 39 85 12
a 39 68 3
a 40 41 15
a 40 81 8
a 40 36 2
a 40 71 5
a 40 32 14
a 40 87 13
a 40 43 10
a 40 17 13
a 40 22 17
a 40 20 7
a 40 11 14
a 40 62 10
a 40 45 11
a 41 42 6
a 41 44 3
a 41 25 1
a 41 7 18
a 41 16 14
a 41 80 7
a 41 68 17
a 41 8 11
a 41 15 12
a 41 45 14
a 41 4 18
a 42 43 12
a 42 41 18
a 42 71 4
a 42 92 6
a 42 98 18
a 42 88 12
a 42 8 12
a 42 38 12
a 43 44 9
a 43 72 5
a 43 96 8
a 43 94 13
a 43 35 10
a 43 30 9
a 43 18 15
a 43 21 1
a 43 99 6
a 44 45 3
a 44 5 14
a 44 10 15
a 44 55 15
a 44 51 5
a 45 46 16
a 45 9 6
a 45 4 17
a 45 37 18
a 45 67 18
a 45 12 7
a 45 59 8
a 45 55 16
a 45 23 12
a 46 47 8
a 46 84 9
a 46 11 7
a 46 93 8
a 46 22 13
a 46 71 10
a 46 24 9
a 46 89 17
a 46 14 5
a 46 13 14
a 46 21 18
a 46 55 3
a 46 31 14
a 47 48 6
a 47 20 17
a 47 44 6
a 47 17 5
a 47 61 6
a 47 63 15
a 47 3 11
a 47 52 4
a 47 97 2
a 47 26 14
a 47 93 13
a 47 86 5
a 47 79 9
a 48 49 1
a 48 41 1
a 48 34 16
a 48 10 11
a 48 17 12
a 48 30 1
a 48 28 16
a 48 16 4
a 48 52 19
a 48 94 11
a 48 15 4
a 48 45 18
a 48 1 19
a 49 50 11
a 49 77 11
a 49 68 13
a 49 23 11
a 49 53 4
a 49 96 3
a 50 51 8
a 50 91 8
a 50 73 16
a 50 99 8
a 50 39 11
a 50 28 2
a 50 70 5
a 51 52 10
a 51 28 13
a 51 80 15
a 51 39 16
a 51 44 15
a 51 65 18
a 51 68 12
a 51 42 4
a 52 53 19
a 52 64 10
a 52 61 14
a 52 5 6
a 52 98 9
a 52 22 1
a 52 47 9
a 52 48 5
a 52 50 13
a 53 54 7
a 53 75 11
a 53 25 16
a 53 56 14
a 53 61 15
a 53 78 12
a 53 70 15
a 53 34 12
a 54 55 15
a 54 69 8
a 54 89 7
a 54 97 10
a 54 25 9
a 54 22 15
a 54 47 2
a 54 4 10
a 54 79 8
a 54 43 2
a 54 67 16
a 55 56 3
a 55 34 14
a 55 64 2
a 55 72 8
a 55 46 3
a 56 57 19
a 56 34 11
a 56 84 2
a 56 72 14
a 56 59 3
a 56 42 16
a 56 17 10
a 56 4 6
a 57 58 13
a 57 11 12
a 57 95 2
a 57 49 7
a 58 59 3
a 58 6 2
a 58 92 13
a 58 12 1
a 58 40 10
a 58 63 8
a 58 61 1
a 58 33 11
a 58 75 13
a 58 95 17
a 59 60 18
a 59 87 14
a 59 90 17
a 59 52 12
a 59 81 15
a 59 91 17
a 59 25 10
a 60 61 6
a 60 3 5
a 60 77 16
a 60 89 10
a 60 73 6
a 60 16 7
a 60 54 3
a 60 4 12
a 60 10 8
a 60 9 18
a 60 40 6
a 61 62 16
a 61 85 4
a 61 30 10
a 61 34 5
a 61 5 13
a 61 72 8
a 61 18 2
a 61 21 10
a 61 59 6
a 61 96 4
a 61 33 16
a 62 63 9
a 62 46 18
a 62 37 2
a 62 48 10
a 62 34 11
a 62 43 8
a 62 39 8
a 62 47 15
a 63 64 2
a 63 15 4
a 63 71 15
a 63 16 3
a 63 92 5
a 63 77 17
a 63 78 1
a 63 13 19
a 63 88 19
a 63 73 12
a 63 94 3
a 63 85 19
a 63 14 12
a 64 65 5
a 64 25 10
a 64 16 1
a 64 58 7
a 64 7 11
a 64 87 12
a 64 26 7
a 64 39 1
a 64 88 15
a 64 36 16
a 64 67 3
a 64 62 8
a 64 28 11
a 64 50 15
a 64 46 15
a 64 14 18
a 64 3 13
a 64 9 17
a 64 34 9
a 64 89 10
a 65 66 9
a 65 98 16
a 65 95 18
a 65 59 9
a 65 2 16
a 65 64 14
a 65 69 2
a 65 19 3
a 66 67 17
a 66 87 8
a 66 57 12
a 66 95 9
a 66 17 17
a 66 96 17
a 66 2 11
a 67 68 8
a 67 69 4
a 67 85 11
a 67 3 12
a 67 81 6
a 67 82 2
a 67 65 9
a 68 69 6
a 68 61 8
a 68 80 8
a 68 93 14
a 68 20 17
a 68 25 5
a 68 83 1
a 68 12 11
a 68 58 7
a 68 28 6
a 68 35 8
a 68 87 1
a 68 74 13
a 68 42 7
a 68 96 17
a 69 70 5
a 69 2 19
a 69 55 14
a 69 56 8
a 69 97 12
a 69 67 10
a 69 98 17
a 69 6 13
a 69 89 7
a 69 40 12
a 69 85 14
a 69 26 6
a 69 63 19
a 70 71 16
a 70 82 19
a 70 94 11
a 70 3 17
a 70 9 16
a 70 41 9
a 70 98 1
a 70 56 19
a 70 14 13
a 70 25 15
a 70 92 1
a 70 62 13
a 71 72 11
a 71 47 6
a 71 73 11
a 71 62 2
a 71 6 14
a 71 85 17
a 71 38 19
a 71 77 15
a 71 8 17
a 72 73 11
a 72 95 16
a 72 29 17
a 72 56 11
a 72 54 6
a 72 61 6
a 72 31 6
a 72 46 14
a 72 94 19
a 72 53 11
a 72 92 17
a 72 16 19
a 72 41 14
a 73 74 19
a 73 90 9
a 73 26 4
a 73 6 15
a 73 29 19
a 73 64 10
a 73 31 1
a 73 15 17
a 73 99 6
a 74 75 13
a 74 94 18
a 74 24 8
a 74 7 1
a 74 9 13
a 74 43 6
a 74 39 2
a 74 85 18
a 74 29 18
a 74 61 3
a 74 25 18
a 74 71 1
a 75 76 4
a 75 22 5
a 75 97 5
a 75 15 14
a 75 34 7
a 75 23 17
a 75 26 16
a 75 2 15
a 75 6 10
a 75 4 3
a 75 32 16
a 75 14 11
a 76 77 5
a 76 87 14
a 76 34 3
a 76 23 3
a 76 69 5
a 76 75 6
a 76 43 8
a 77 78 14
a 77 61 3
a 77 45 4
a 77 63 1
a 77 14 2
a 77 80 6
a 78 79 11
a 78 76 6
a 78 95 15
a 78 9 7
a 78 98 14
a 78 30 11
a 78 23 12
a 78 67 14
a 78 12 15
a 78 63 11
a 79 80 8
a 79 98 4
a 79 95 13
a 79 28 15
a 79 53 13
a 79 13 17
a 79 41 16
a 79 65 10
a 79 7 5
a 79 16 9
a 79 88 16
a 80 81 11
a 80 26 9
a 80 69 14
a 80 58 8
a 80 2 16
a 80 72 15
a 80 29 16
a 81 82 18
a 81 27 1
a 81 16 15
a 81 98 17
a 81 22 1
a 81 18 15
a 81 77 9
a 82 83 10
a 82 2 15
a 82 28 16
a 82 10 9
a 82 55 8
a 82 62 10
a 82 31 17
a 82 20 11
a 82 27 6
a 82 94 4
a 83 84 11
a 83 67 17
a 83 81 4
a 83 77 3
a 83 98 11
a 83 54 16
a 84 85 11
a 84 75 3
a 84 96 17
a 84 99 15
a 84 33 14
a 84 40 13
a 84 92 13
a 84 48 6
a 84 32 13
a 84 74 9
a 84 4 8
a 84 14 5
a 84 15 9
a 85 86 4
a 85 3 18
a 85 83 11
a 85 62 6
a 85 61 11
a 85 89 10
a 85 69 9
a 85 65 17
a 85 35 2
a 85 30 7
a 85 15 7
a 86 87 16
a 86 45 10
a 86 53 19
a 86 78 1
a 86 55 18
a 86 60 1
a 86 75 10
a 86 63 2
a 86 68 1
a 86 4 12
a 86 22 6
a 86 79 16
a 87 88 18
a 87 97 16
a 87 16 17
a 87 67 3
a 87 75 5
a 87 70 13
a 87 44 3
a 87 25 18
a 87 72 6
a 88 89 1
a 88 9 8
a 88 47 13
a 88 75 5
a 88 71 14
a 88 55 7
a 88 43 11
a 88 14 8
a 88 6 6
a 88 21 5
a 88 97 6
a 89 90 12
a 89 2 10
a 89 8 8
a 89 82 3
a 89 9 8
a 89 54 12
a 89 97 19
a 89 85 2
a 89 98 16
a 89 86 9
a 90 91 1
a 90 80 1
a 90 49 11
a 90 88 3
a 90 79 14
a 90 57 15
a 90 13 3
a 90 31 19
a 90 61 19
a 90 67 6
a 91 92 3
a 91 30 13
a 91 35 14
a 91 89 15
a 91 68 6
a 91 41 17
a 91 55 10
a 91 61 19
a 91 11 19
a 91 28 6
a 91 88 5
a 91 13 15
a 91 25 4
a 92 93 1
a 92 74 10
a 92 71 19
a 92 30 19
a 92 78 14
a 93 94 4
a 93 87 11
a 93 13 8
a 93 50 9
a 93 84 18
a 93 81 8
a 93 16 18
a 93 49 9
a 93 79 5
a 93 28 10
a 93 21 4
a 94 95 14
a 94 42 12
a 94 69 9
a 94 7 18
a 94 88 8
a 94 70 2
a 94 5 19
a 94 14 12
a 95 96 8
a 95 52 15
a 95 68 11
a 95 1 8
a 95 79 12
a 95 36 10
a 96 97 15
a 96 76 9
a 96 24 4
a 96 3 17
a 96 42 9
a 96 65 7
a 96 72 8
a 96 74 3
a 96 2 5
a 96 17 12
a 97 98 12
a 97 35 19
a 97 26 14
a 97 69 10
a 97 75 2
a 97 29 13
a 97 20 2
a 97 88 15
a 97 94 1
a 97 74 8
a 97 49 3
a 98 99 7
a 98 22 14
a 98 78 4
a 98 96 16
a 98 26 13
a 98 66 2
a 98 33 6
a 98 44 17
a 98 64 14
a 98 24 6
a 98 77 6
c 53 75 36 29 158
c 81 18 47 44 193
c 70 94 92 74 122
c 52 53 84 40 170
c 78 23 10 35 112
c 17 71 73 90 135
c 58 6 56 42 149
c 10 6 9 67 156
c 51 28 5 6 153
c 7 8 94 7 151
c 14 96 53 54 190
c 13 89 32 62 135
c 69 97 33 81 194
c 24 56 24 8 111
c 13 87 94 14 188
c 72 46 74 25 120
c 11 46 4 27 192
c 61 33 57 95 130
c 67 3 81 77 105
c 82 62 85 35 158
c 13 72 1 88 146
c 51 68 24 42 171
c 69 85 87 16 180
c 12 31 93 94 182
c 0 65 41 25 162
c 5 73 30 28 149
c 14 96 38 62 121
c 51 42 2 39 196
c 0 26 51 39 123
c 60 73 44 45 100
c 88 47 97 98 170
c 5 11 0 26 167
c 3 26 21 22 113
c 35 17 64 39 137
c 71 38 82 2 101
c 80 72 16 41 103
c 25 20 28 29 131
c 47 26 79 16 139
c 59 60 13 14 150
c 82 20 71 8 124
c 47 97 11 40 148
c 6 56 84 99 172
c 83 81 18 43 191
c 31 9 52 50 166
c 51 65 68 28 157
c 62 48 27 28 146
c 22 55 47 93 175
c 33 12 76 87 178
c 24 56 65 2 171
c 12 19 30 66 102
c 33 90 46 93 167
c 57 58 53 75 112
c 7 79 40 81 167
c 57 58 63 16 162
c 32 67 98 99 112
c 40 32 17 48 151
c 77 61 2 4 152
c 7 71 18 81 105
c 3 45 38 33 107
c 69 6 75 26 114
c 89 97 33 12 155
c 75 4 0 4 124
c 98 66 28 17 116
c 79 7 7 37 139
c 36 41 46 31 189
c 98 26 67 68 101
c 56 42 48 17 167
c 79 98 42 71 186
c 66 2 48 10 112
c 68 87 68 83 182
c 19 84 63 94 141
c 81 22 85 15 196
c 16 54 79 53 161
c 37 99 0 1 112
c 24 38 80 29 152
c 47 48 42 43 103
c 12 19 9 57 195
c 69 98 48 10 193
c 38 82 97 26 117
c 46 93 61 62 169
c 38 21 5 15 152
c 74 71 63 78 120
c 60 4 96 17 132
c 53 61 3 38 128
c 72 73 31 63 140
c 46 93 28 12 160
c 7 21 7 85 108
c 20 89 68 83 121
c 75 6 96 24 175
c 55 34 36 1 141
c 24 52 35 41 138
c 0 26 84 15 153
c 85 65 27 91 198
c 43 96 93 28 115
c 3 26 68 93 177
c 0 86 64 25 131
c 8 37 82 20 191
c 58 6 48 52 131
c 22 20 46 84 128
c 53 54 78 9 113
c 27 28 1 28 104
c 48 10 7 96 132
c 68 80 38 92 120
c 88 14 75 2 167
c 68 87 84 32 114
c 29 46 67 68 167
c 7 21 20 39 168
c 86 68 70 14 117
c 66 17 64 9 137
c 64 34 10 2 185
c 31 25 89 86 167
c 96 65 30 22 175
c 73 6 13 72 158
c 54 67 49 77 166
c 27 84 33 19 112
c 93 49 17 46 171
c 23 24 36 43 141
c 64 89 55 64 180
c 36 75 86 60 122
c 77 45 15 83 100
c 71 38 69 98 176
c 13 15 68 80 101
c 34 35 98 22 135
c 67 3 71 38 103
c 64 3 30 22 149
c 41 25 7 96 108
c 84 99 76 75 194
c 63 85 19 99 115
c 13 27 71 38 194
c 13 64 82 2 192
c 26 6 71 8 198
c 0 99 51 68 139
c 64 87 93 81 107
c 61 5 54 4 173
c 54 43 94 14 195
c 59 87 64 89 141
c 93 28 31 70 161
c 32 95 51 42 196
c 69 26 3 2 161
c 5 50 12 31 165
c 87 44 17 27 124
c 64 39 76 34 157
c 84 99 33 19 118
c 50 91 61 5 186
c 37 53 88 75 102
c 35 8 39 35 146
c 9 1 39 97 188
c 1 30 51 44 142
c 19 84 61 34 164
c 81 77 19 20 132
c 37 58 19 99 102
c 2 39 46 11 161
c 41 45 25 14 147
c 60 89 27 81 148
c 60 10 68 35 157
c 7 21 58 12 185
c 64 67 25 26 136
c 7 60 6 56 182
c 63 14 4 41 110
c 66 95 52 5 144
c 28 23 79 88 119
c 54 97 82 83 180
c 19 99 53 25 193
c 93 87 80 26 166
c 89 85 53 25 181
c 2 3 48 1 178
c 0 80 15 4 117
c 90 57 84 85 124
c 6 94 8 56 110
c 49 77 68 28 108
c 59 52 68 12 132
c 26 16 69 98 100
c 8 12 32 67 182
c 91 28 63 16 127
c 41 7 33 6 174
c 35 7 17 27 125
c 74 43 18 55 142
c 10 48 39 60 180
c 85 3 73 29 170
c 14 21 74 61 190
c 40 87 84 74 148
c 42 8 51 68 164
c 95 52 90 57 181
c 20 45 63 73 146
c 87 70 83 54 151
c 39 70 36 38 150
c 19 36 86 79 111
c 50 73 70 94 133
c 2 3 96 3 199
c 74 94 44 51 198
c 91 13 87 88 172
c 62 47 68 58 100
c 12 41 53 78 116
c 38 80 54 97 132
c 2 6 39 34 128
c 3 26 5 51 119
c 75 22 85 83 170
c 38 14 24 42 119
c 72 94 66 57 175
c 75 6 91 92 112
c 30 69 98 44 182
c 41 44 49 23 194
c 75 14 46 93 153
c 47 79 68 12 133
c 40 17 11 99 131
c 1 88 6 56 142
c 74 7 17 92 125
c 32 62 10 95 123
c 29 92 91 35 170
c 40 36 34 47 131
c 51 68 45 12 106
c 68 61 78 12 139
c 16 3 42 38 152
c 63 77 51 42 157
c 88 6 51 42 139
c 31 16 63 73 107
c 68 83 66 57 120
c 10 87 45 37 176
c 46 84 45 37 175
c 40 17 71 38 125
c 70 3 31 63 113
c 61 34 91 61 167
c 40 22 93 79 134
c 1 83 42 88 102
c 76 87 84 14 165
c 74 94 7 85 150
c 98 66 36 41 142
c 83 98 24 59 110
c 31 79 35 84 146
c 68 25 85 62 193
c 22 23 30 28 150
c 88 14 34 79 169
c 97 29 45 46 106
c 97 49 84 85 130
c 52 61 32 72 145
c 63 16 73 26 135
c 81 98 86 53 197
c 0 93 11 54 117
c 86 87 68 83 184
c 54 69 46 21 139
c 52 48 21 64 114
c 74 94 78 30 172
c 46 93 12 82 105
c 28 20 86 68 162
c 26 28 69 98 128
c 97 20 36 38 161
c 46 13 11 63 100
c 58 40 16 7 122
c 90 79 17 27 171
c 67 85 92 30 125
c 24 38 98 24 110
c 41 25 72 46 119
c 47 17 73 64 103
c 75 15 62 47 126
c 90 80 39 86 162
c 86 75 4 61 181
c 53 70 74 25 107
c 12 82 95 79 129
c 73 29 9 68 146
c 64 16 7 94 105
c 7 60 90 80 101
c 13 72 68 42 175
c 86 78 23 16 174
c 71 6 28 88 190
c 64 46 48 1 119
c 87 67 63 71 188
c 53 25 16 54 175
c 93 49 41 45 113
c 91 11 40 43 156
c 38 12 11 93 103
c 64 46 46 22 178
c 24 52 14 96 147
c 82 62 3 4 191
c 69 63 70 98 108
c 64 39 0 4 176
c 66 57 31 94 196
c 11 58 15 3 195
c 63 78 18 80 119
c 11 68 33 81 122
c 17 46 31 32 152
c 97 75 75 32 170
c 34 76 51 42 149
c 34 3 81 98 181
c 78 9 82 83 178
c 47 79 85 62 186
c 4 95 68 74 133
c 13 82 18 43 147
c 62 46 19 1 121
c 9 37 0 51 100
c 35 83 34 61 188
c 31 9 20 33 170
c 63 78 69 55 174
c 45 12 48 10 116
c 85 83 37 7 159
c 80 58 24 42 181
c 12 19 59 90 115
c 32 41 20 45 194
c 61 59 30 73 170
c 55 46 48 41 175
c 24 8 91 68 152
c 41 44 1 9 160
c 54 69 82 10 143
c 63 71 93 84 155
c 10 53 26 39 169
c 39 68 64 58 195
c 45 46 11 46 151
c 7 11 32 67 128
c 4 5 60 3 191
c 79 95 73 26 178
c 24 8 37 53 176
c 16 96 74 75 127
c 40 17 7 11 176
c 93 13 60 9 135
c 58 92 7 85 181
c 3 4 64 14 141
c 10 66 49 68 188
c 34 50 11 93 189
c 63 14 28 51 146
c 64 87 62 46 130
c 79 7 89 8 186
c 58 63 38 14 196
c 5 15 82 94 148
c 37 38 10 48 143
c 52 22 87 88 139
c 18 39 87 44 191
c 25 26 83 84 106
c 13 89 91 92 113
c 41 8 81 16 133
c 91 92 58 59 125
c 27 91 52 98 178
c 33 10 47 63 172
c 16 96 91 92 146
c 8 12 17 46 140
c 43 18 25 76 118
c 68 12 46 13 168
c 40 62 40 20 101
c 71 73 83 77 142
c 38 14 31 25 144
c 1 13 62 34 161
c 81 77 86 4 148
c 41 68 86 79 132
c 45 9 28 51 149
c 69 97 95 52 107
c 56 4 90 13 167
c 88 6 46 13 178
c 8 76 11 58 177
c 93 50 17 92 101
c 27 28 77 78 137
c 83 98 46 71 193
c 89 85 82 62 116
c 39 97 74 39 177
c 87 67 61 33 184
c 46 31 36 55 173
c 33 78 62 34 163
c 32 62 70 25 121
c 60 73 54 69 103
c 13 87 34 5 131
c 61 21 68 87 135
c 68 25 3 51 113
c 69 85 6 22 115
c 39 35 20 95 183
c 80 69 5 6 148
c 77 45 67 82 109
c 80 2 18 17 170
c 2 82 61 59 170
c 69 67 30 66 156
c 77 63 71 72 126
c 72 41 69 56 156
c 30 36 37 38 170
c 69 2 68 12 155
c 24 59 37 48 138
c 90 88 74 94 123
c 58 33 11 95 157
c 3 84 74 85 181
c 9 58 19 73 100
c 44 45 53 54 109
c 42 92 58 61 175
c 68 35 50 99 148
c 51 80 33 6 141
c 51 52 82 10 184
c 26 54 90 61 186
c 35 60 61 59 199
c 82 10 93 84 162
c 33 34 34 50 102
c 78 9 69 70 139
c 86 55 45 12 175
c 43 96 33 82 137
c 85 15 61 5 122
c 8 76 33 22 168
c 64 16 65 98 176
c 59 81 78 63 120
c 84 99 7 21 196
c 33 22 9 65 166
c 73 26 87 70 149
c 15 29 31 32 173
c 64 65 90 31 132
c 72 41 95 1 168
c 23 12 68 42 177
c 41 42 58 12 186
c 90 79 56 59 155
c 80 58 11 93 193
c 31 44 32 62 105
c 81 18 13 19 132
c 64 88 16 64 118
c 91 89 61 34 147
c 64 87 16 34 175
c 86 60 70 92 121
c 53 75 71 38 166
c 49 23 91 30 199
c 14 76 69 56 104
c 10 72 31 79 138
c 31 16 30 36 159
c 96 2 28 78 171
c 58 6 7 94 143
c 35 8 54 47 191
c 45 55 72 92 146
c 51 80 91 88 176
c 84 14 33 34 147
c 63 16 2 55 149
c 33 90 7 77 136
c 63 77 33 82 116
c 68 74 34 68 126
c 38 39 28 12 117
c 42 71 0 80 182
c 36 41 18 6 177
c 95 68 97 20 124
c 33 22 36 47 196
c 23 30 82 28 176
c 29 24 91 68 175
c 28 12 58 6 130
c 34 67 38 33 191
c 40 71 60 61 141
c 76 23 18 63 122
c 64 36 56 34 154
c 86 22 83 67 132
c 22 55 68 42 119
c 79 13 39 22 182
c 65 2 51 42 177
c 17 51 53 78 197
c 48 49 31 11 134
c 78 95 85 61 177
c 9 68 43 44 168
c 69 97 37 48 165
c 36 4 67 69 144
c 97 35 30 31 168
c 23 30 17 40 133
c 81 82 93 94 175
c 15 29 18 91 152
c 28 78 36 48 102
c 45 12 34 67 151
c 36 4 31 9 128
c 46 11 31 32 110
c 23 75 86 79 111
c 37 38 27 70 182
c 9 10 1 59 164
c 55 46 6 44 150
c 40 32 63 14 143
c 25 26 34 5 140
c 77 80 75 15 157
c 52 22 96 17 150
c 65 64 10 72 198
c 64 39 91 55 114
c 34 61 90 31 172
c 39 9 86 45 183
c 76 77 90 13 125
c 24 38 82 62 171
c 86 22 65 64 143
c 79 13 48 41 187
c 38 14 73 29 152
c 40 41 58 63 111
c 28 23 70 94 107
c 17 1 33 19 114
c 68 87 8 15 169
c 75 2 64 87 185
c 72 73 20 89 195
c 46 14 35 36 167
c 75 97 63 73 189
c 71 6 71 38 171
c 27 16 65 66 100
c 8 12 30 22 100
c 64 16 38 39 103
c 34 50 24 54 144
c 42 98 34 98 164
c 69 98 72 54 103
c 29 92 92 30 113
c 39 97 60 89 162
c 26 37 58 92 186
c 46 71 70 14 141
c 92 30 80 58 173
c 31 94 80 81 161
c 78 9 62 47 174
c 76 23 40 87 113
c 70 94 1 88 149
c 79 65 72 31 113
c 64 7 17 18 122
c 83 98 48 41 171
c 33 82 96 42 182
c 18 63 71 38 177
c 90 57 46 31 128
c 87 16 62 63 164
c 50 99 39 27 174
c 97 94 18 53 148
c 30 66 7 86 158
c 31 9 47 63 180
c 18 81 18 42 194
c 20 29 64 7 135
c 60 10 60 9 145
c 13 82 40 17 104
c 86 68 87 75 195
c 33 81 77 61 100
c 88 89 1 67 163
c 74 85 84 74 134
c 59 52 45 59 154
c 37 38 89 86 196
c 38 82 37 99 169
c 31 26 68 80 154
c 36 46 83 98 122
c 60 89 74 39 135
c 54 22 5 6 157
c 50 91 9 21 135
c 77 61 58 92 136
c 64 26 84 74 196
c 80 58 16 10 179
c 48 16 0 87 139
c 36 4 60 10 136
c 35 17 92 71 196
c 64 34 69 63 198
c 64 67 33 22 128
c 8 76 83 67 103
c 35 10 75 26 190
c 93 28 25 96 135
c 72 73 16 10 181
c 85 83 11 84 169
c 41 42 42 71 197
c 33 34 19 84 132
c 57 49 82 83 151
c 51 39 93 94 114
c 46 14 4 95 165
c 57 95 60 16 177
c 97 20 84 85 170
c 10 53 12 13 186
c 41 68 76 87 173
c 83 81 66 57 113
c 61 33 21 69 176
c 23 58 15 83 157
c 63 13 78 30 176
c 72 92 34 5 109
c 91 28 63 71 164
c 29 50 79 65 153
c 45 55 70 25 108
c 87 88 23 58 179
c 34 5 0 1 124
c 66 2 82 20 149
c 54 89 3 51 140
c 85 86 65 59 158
c 2 3 18 43 131
c 97 20 89 2 195
c 31 25 0 99 105
c 91 11 1 10 164
c 78 79 41 25 105
c 0 86 27 22 187
c 56 59 11 93 141
c 36 44 69 2 114
c 48 45 72 94 121
c 89 97 7 21 148
c 93 28 27 81 157
c 75 26 34 29 189
c 7 85 21 29 101
c 6 94 57 95 110
c 62 37 74 25 165
c 73 6 86 53 174
c 81 22 81 82 197
c 10 53 32 72 181
c 37 38 85 65 161
c 19 84 93 87 161
c 18 91 24 29 180
c 21 22 68 58 181
c 90 61 10 95 169
c 16 3 57 95 170
c 96 2 5 73 180
c 74 9 24 42 169
c 49 77 41 16 107
c 4 35 67 65 179
c 20 29 95 96 124
c 53 56 4 35 148
c 97 74 30 36 169
c 37 75 17 58 104
c 0 93 29 30 176
c 76 87 41 4 144
c 52 50 29 30 153
c 36 43 46 55 149
c 69 26 96 74 107
c 2 49 96 2 126
c 1 88 12 41 159
c 87 25 16 54 195
c 50 99 88 97 160
c 90 79 39 60 190
c 68 83 48 10 159
c 52 61 14 8 110
c 39 40 60 16 170
c 65 69 64 39 146
c 46 24 2 29 141
c 0 80 71 77 112
c 44 51 27 22 189
c 72 16 69 89 122
c 12 19 31 9 110
c 3 2 32 33 177
c 66 87 61 96 168
c 54 67 85 62 153
c 43 72 91 13 129
c 23 24 43 96 169
c 39 27 7 97 161
c 81 98 84 74 114
c 70 41 85 83 182
c 78 23 45 59 130
c 23 24 64 7 179
c 18 26 24 20 129
c 89 54 3 26 154
c 8 15 98 33 112
c 48 94 35 36 126
c 74 7 48 94 190
c 10 11 38 82 117
c 86 75 38 39 100
c 27 81 56 34 168
c 24 25 4 22 115
c 82 20 57 11 172
c 14 76 91 25 104
c 87 67 90 13 148
c 87 97 62 46 138
c 86 45 93 16 156
c 84 14 20 29 115
c 10 8 30 92 189
c 10 11 48 16 168
c 52 47 41 7 145
c 72 31 64 67 142
c 84 75 91 41 114
c 40 11 96 2 195
c 60 4 11 57 186
c 24 52 67 3 136
c 81 18 73 29 139
c 63 88 27 91 179
c 68 12 47 3 193
c 67 69 31 11 155
c 25 20 68 12 112
c 25 20 45 59 160
c 8 98 70 71 161
c 1 10 1 59 106
c 77 63 52 47 109
c 17 86 27 84 141
c 6 79 74 24 132
c 60 61 35 7 172
c 98 96 73 64 159
c 34 3 88 9 164
c 51 80 4 22 111
c 54 43 64 14 112
c 12 19 50 70 125
c 60 73 72 94 151
c 24 54 86 53 132
c 50 51 82 2 155
c 11 68 90 31 154
c 7 60 64 65 155
c 98 33 83 67 107
c 93 81 71 47 122
c 12 13 14 76 142
c 6 7 60 4 154
c 85 65 82 94 163
c 66 96 86 63 196
c 69 70 86 87 130
c 94 14 61 72 154
c 7 21 13 27 130
c 33 42 12 41 164
c 62 34 44 5 164
c 72 95 85 89 139
c 75 23 28 51 181
c 86 53 7 96 132
c 66 87 29 27 128
c 60 89 40 71 182
c 4 5 10 15 191
c 52 64 51 44 190
c 23 24 72 95 118
c 0 87 9 85 123
c 75 34 64 7 167
c 72 61 96 2 111
c 69 98 63 71 185
c 98 99 63 77 146
c 90 91 7 37 144
c 8 76 96 97 110
c 48 94 39 9 165
c 32 72 16 27 101
c 0 1 98 26 166
c 10 72 75 76 199
c 71 8 43 72 108
c 59 87 43 99 118
c 8 76 96 24 160
c 37 54 20 21 104
c 66 87 26 54 111
c 83 81 37 38 123
c 32 45 1 88 144
c 97 88 42 41 189
c 55 56 23 16 127
c 56 59 67 82 181
c 52 5 56 59 192
c 52 53 38 92 177
c 45 9 72 54 175
c 84 99 8 76 130
c 7 2 7 79 131
c 88 47 63 77 118
c 11 57 7 97 126
c 67 85 2 39 176
c 75 14 29 92 118
c 85 15 88 43 184
c 92 93 6 94 159
c 9 37 50 99 184
c 47 44 39 31 165
c 36 48 24 25 145
c 31 94 93 28 195
c 58 75 93 94 183
c 37 54 55 34 179
c 64 46 35 2 179
c 72 54 91 25 176
c 88 21 92 30 125
c 9 90 3 26 123
c 75 97 34 35 153
c 10 2 64 87 143
c 26 28 25 66 119
c 13 91 0 86 135
c 67 85 26 37 167
c 11 93 48 52 102
c 52 50 48 52 152
c 29 24 40 87 176
c 85 69 39 27 110
c 53 70 27 28 153
c 33 10 86 87 114
c 93 13 36 1 143
c 34 23 31 70 150
c 69 2 4 52 105
c 40 17 49 23 133
c 3 53 68 20 180
c 93 16 26 16 186
c 25 52 10 66 172
c 65 69 31 63 101
c 54 4 40 22 142
c 97 26 1 10 178
c 74 29 7 92 117
c 42 8 20 58 136
c 15 32 52 47 101
c 56 57 64 34 129
c 6 79 13 52 148
c 14 15 53 70 121
c 36 48 11 93 152
c 79 7 38 92 147
c 46 24 91 30 129
c 12 31 48 52 108
c 57 95 97 20 134
c 62 47 63 14 174
c 43 18 9 90 149
c 47 86 5 6 169
c 31 44 64 46 117
c 47 63 41 68 176
c 48 28 88 71 163
c 49 68 35 68 158
c 88 97 80 58 151
c 82 10 40 87 187
c 96 76 35 48 142
c 88 89 62 43 119
c 38 36 7 96 112
c 28 78 77 78 163
c 67 69 33 6 116
c 7 21 64 62 174
c 85 86 0 1 154
c 52 48 4 22 189
c 16 64 45 9 101
c 49 53 42 38 166
c 39 35 46 14 117
c 9 96 41 45 185
c 69 97 64 28 102
c 93 81 60 40 174
c 56 57 55 34 146
c 66 67 2 3 194
c 67 65 18 19 140
c 43 72 63 73 106
c 64 50 88 47 108
c 75 76 55 72 123
c 96 97 8 37 164
c 64 36 9 1 183
c 59 90 37 48 106
c 28 78 23 75 156
c 68 61 79 41 156
c 9 57 84 14 171
c 51 80 94 95 194
c 68 80 8 15 119
c 88 97 51 80 109
c 1 9 64 9 125
c 97 74 43 99 173
c 6 7 29 46 156
c 62 34 64 58 176
c 23 12 51 39 128
c 45 67 10 48 181
c 16 10 72 16 180
c 13 91 93 49 160
c 65 2 93 16 123
c 7 96 39 9 106
c 77 80 82 55 146
c 56 59 90 31 177
c 87 16 36 75 126
c 68 12 64 3 127
c 64 25 56 34 137
c 32 95 84 96 123
c 74 29 30 92 144
c 6 44 36 23 175
c 31 9 15 16 116
c 26 27 79 13 108
c 91 41 0 65 116
c 40 22 47 3 181
c 6 22 59 81 161
c 97 75 23 16 132
c 56 17 27 89 108
c 74 7 42 43 144
c 68 74 28 88 128
c 64 3 16 54 161
c 91 89 93 28 132
c 64 50 13 52 160
c 3 4 41 7 177
c 47 52 90 61 179
c 66 17 79 53 174
c 32 33 89 98 133
c 70 92 35 84 175
c 9 90 74 43 151
c 40 41 68 87 116
c 36 4 58 6 110
c 78 9 19 73 154
c 69 56 16 96 178
c 16 96 45 46 173
c 84 48 81 98 169
c 70 9 9 65 100
c 8 15 28 20 149
c 89 82 67 3 134
c 38 92 42 8 141
c 11 57 37 75 144
c 64 89 82 20 147
c 84 92 24 52 185
c 94 70 6 79 137
c 7 37 96 74 132
c 93 94 38 39 181
c 39 56 93 87 162
c 45 12 60 4 134
c 53 54 50 99 121
c 18 91 22 12 165
c 87 25 40 62 151
c 45 9 12 38 115
c 90 88 7 8 188
c 62 47 89 9 139
c 68 74 17 51 115
c 16 64 40 20 168
c 32 33 3 26 191
c 65 66 80 81 110
c 10 11 84 75 113
c 20 29 74 25 144
c 24 20 54 25 102
c 8 15 29 30 120
c 96 72 6 44 146
c 93 21 33 19 116
c 2 82 17 86 153
c 52 5 82 2 155
c 61 85 73 26 153
c 48 45 38 39 140
c 13 59 33 10 131
c 65 64 34 35 131
c 69 55 32 45 114
c 64 36 68 83 108
c 11 68 39 60 173
c 5 73 96 3 110
c 41 7 35 41 173
c 69 56 74 9 179
c 8 15 68 61 199
c 93 28 41 8 126
c 13 22 89 86 134
c 74 25 43 44 194
c 78 79 27 81 140
c 60 40 70 94 188
c 60 77 39 9 147
c 84 74 31 11 198
c 98 44 78 30 161
c 98 24 27 31 134
c 36 75 89 82 164
c 8 60 64 16 100
c 12 19 9 67 124
c 64 25 47 48 140
c 9 21 21 64 169
c 97 74 58 61 134
c 72 31 21 29 191
c 46 21 74 71 117
c 47 3 36 46 130
c 93 16 59 52 184
c 50 51 75 76 110
c 85 3 0 86 113
c 96 3 7 86 116
c 46 89 11 93 138
c 36 30 21 29 150
c 6 56 75 34 124
c 48 52 49 68 172
c 23 75 28 51 120
c 47 79 49 53 181
c 37 58 3 4 102
c 64 16 26 28 177
c 9 85 6 94 197
c 23 73 78 76 179
c 31 9 61 59 175
c 73 15 79 95 187
c 25 14 8 98 142
c 54 43 9 96 182
c 18 42 11 70 123
c 11 70 41 68 131
c 29 39 75 6 186
c 50 39 86 55 130
c 85 69 0 26 145
c 11 70 82 55 173
c 34 3 36 44 190
c 10 87 93 21 156
c 41 44 68 93 141
c 90 88 27 81 131
c 91 88 96 76 151
c 3 96 39 7 132
c 86 4 26 28 103
c 87 70 97 20 178
c 74 24 47 17 133
c 78 98 3 4 172
c 0 99 10 4 171
c 89 8 69 56 149
c 58 59 60 73 118
c 38 62 36 8 121
c 93 87 94 7 110
c 76 75 27 81 166
c 10 4 96 3 118
c 94 88 40 11 109
c 61 85 26 6 104
c 92 30 61 21 164
c 1 67 83 98 176
c 5 19 11 63 115
c 70 94 71 38 104
c 11 63 84 33 121
c 58 33 70 71 166
c 97 49 35 84 103
c 91 89 63 71 145
c 79 13 33 6 107
c 14 96 79 80 116
c 96 17 7 71 190
c 66 57 61 30 107
c 58 75 58 6 164
c 18 20 31 26 138
c 63 14 91 41 170
c 7 94 13 91 169
c 72 54 64 50 196
c 58 33 54 47 190
c 82 55 17 18 137
c 60 3 16 17 176
c 16 17 64 62 197
c 64 58 84 32 160
c 74 61 84 48 187
c 27 89 51 28 157
c 26 37 27 28 108
c 31 32 48 45 137
c 81 82 68 61 143
c 14 4 74 29 105
c 46 14 9 85 129
c 73 74 64 14 169
c 14 76 33 78 169
c 15 83 63 71 181
c 17 46 65 2 184
c 40 62 48 16 141
c 38 21 39 60 164
c 1 83 65 2 147
c 2 4 15 32 184
c 6 44 75 6 132
c 15 32 10 87 184
c 86 55 70 25 180
c 76 75 40 17 195
c 68 25 89 90 113
c 56 17 36 30 189
c 3 26 79 98 125
c 64 62 62 63 140
c 88 89 23 95 115
c 34 29 45 37 111
c 35 17 47 20 113
c 46 21 44 45 107
c 74 75 72 73 199
c 1 2 0 87 171
c 24 18 89 98 172
c 76 87 40 41 188
c 22 20 0 4 128
c 40 22 43 96 137
c 45 12 17 71 100
c 35 84 36 55 100
c 68 42 18 55 143
c 34 79 68 42 115
c 69 40 84 4 142
c 67 69 69 63 198
c 24 8 31 16 114
c 45 23 43 94 159
c 83 54 83 67 106
c 0 1 72 92 198
c 45 46 70 41 158
c 12 13 31 44 176
c 39 22 4 52 152
c 7 79 37 59 145
c 64 25 48 94 164
c 29 24 0 65 178
c 68 20 87 72 182
c 27 22 69 40 130
c 85 69 71 85 184
c 69 63 84 96 175
c 84 40 75 2 189
c 71 77 15 32 118
c 93 13 46 13 116
c 62 43 68 83 103
c 13 22 2 6 117
c 70 92 86 63 144
c 91 41 50 73 117
c 69 2 64 36 164
c 46 31 64 67 198
c 3 53 51 80 163
c 86 53 38 36 174
c 72 94 17 71 144
c 46 22 82 2 177
c 33 34 8 15 106
c 48 16 57 58 170
c 43 30 56 84 149
c 69 6 31 70 132
c 26 16 23 12 187
c 33 42 11 12 144
c 25 14 55 56 148
c 84 96 20 89 143
c 35 60 71 8 107
c 46 47 89 2 108
c 43 72 47 79 118
c 89 2 16 34 102
c 56 57 5 19 123
c 66 95 70 56 198
c 41 44 80 58 105
c 22 55 67 69 172
c 89 86 61 21 195
c 73 90 43 96 172
c 87 97 85 61 149
c 15 3 82 31 127
c 81 82 44 51 121
c 37 59 60 16 140
c 47 17 10 48 183
c 10 6 95 79 184
c 58 61 14 4 162
c 63 78 50 70 193
c 66 87 76 77 102
c 39 70 68 83 103
c 77 45 40 32 103
c 78 76 23 12 185
c 22 55 82 20 159
c 84 74 85 15 106
c 24 25 26 46 163
c 60 3 25 76 158
c 74 61 98 77 125
c 32 62 8 9 139
c 64 46 4 41 185
c 1 88 83 81 196
c 58 63 72 92 189
c 74 61 84 92 112
c 17 48 45 67 124
c 50 28 37 38 100
c 0 51 68 25 112
c 68 20 24 52 148
c 62 63 75 34 158
c 29 92 36 75 192
c 55 56 68 25 192
c 85 65 94 14 153
c 2 4 89 90 146
c 53 75 37 7 162
c 56 4 34 61 118
c 68 58 20 89 186
c 5 6 18 39 114
c 9 21 33 82 165
c 37 7 84 15 172
c 93 13 1 88 164
c 34 37 84 40 147
c 62 47 80 29 128
c 81 16 36 4 140
c 10 6 75 97 183
c 62 47 36 30 194
c 55 34 13 87 171
c 61 30 5 50 123
c 16 3 79 88 156
c 84 74 45 37 168
c 6 72 93 50 163
c 86 68 16 3 129
c 36 41 36 1 130
c 7 85 86 63 143
c 28 78 17 27 190
c 36 41 48 34 151
c 20 45 46 93 181
c 67 81 33 22 128
c 72 73 79 41 193
c 68 42 40 32 103
c 89 85 26 54 150
c 72 29 47 63 161
c 72 46 34 76 114
c 47 63 81 16 106
c 80 81 30 69 145
c 84 14 28 26 197
c 8 9 93 21 171
c 76 34 18 17 198
c 44 55 41 8 157
c 38 33 8 76 112
c 68 74 96 72 194
c 81 16 68 12 197
c 63 92 71 77 131
c 85 89 23 16 110
c 9 67 87 44 187
c 94 88 86 87 129
c 25 14 57 58 105
c 96 3 11 57 194
c 13 59 58 33 153
c 7 8 50 51 111
c 65 2 69 70 137
c 4 22 24 8 119
c 35 68 93 50 188
c 70 3 84 32 188
c 35 41 76 77 113
c 9 68 36 43 159
c 74 9 20 33 111
c 83 84 54 89 124
c 71 77 86 55 171
c 87 97 49 96 146
c 30 90 78 63 100
c 45 67 64 46 175
c 56 34 27 89 190
c 8 9 37 53 178
c 61 59 89 54 164
c 71 77 10 20 116
c 54 67 10 8 119
c 84 33 90 88 143
c 74 7 9 2 156
c 97 49 60 9 189
c 42 8 8 37 128
c 25 52 50 70 187
c 15 3 84 92 189
c 8 60 5 50 132
c 37 59 97 49 148
c 73 6 54 47 103
c 96 42 41 42 159
c 32 95 87 16 164
c 58 40 54 4 182
c 39 35 1 67 119
c 89 54 42 43 143
c 98 99 18 26 131
c 53 75 83 84 153
c 63 14 54 69 109
c 68 58 70 92 144
c 77 61 22 12 145
c 61 21 74 94 190
c 31 55 88 97 158
c 7 72 3 4 107
c 67 85 77 14 144
c 26 27 1 83 169
c 54 69 51 52 175
c 16 96 95 1 159
c 18 6 64 9 168
c 93 84 65 69 138
c 54 79 62 34 182
c 70 82 14 8 103
c 96 42 61 96 123
c 95 79 84 85 183
c 84 15 47 3 185
c 0 65 38 92 167
c 81 27 58 95 170
c 45 55 39 97 114
c 97 26 69 98 189
c 62 46 38 92 131
c 52 48 36 43 151
c 45 23 40 62 123
c 46 11 97 98 118
c 67 81 10 35 114
c 91 35 4 52 125
c 64 16 62 47 197
c 90 57 13 82 151
c 86 68 0 26 158
c 5 11 39 54 106
c 21 29 68 80 111
c 28 1 79 41 162
c 86 55 7 79 180
c 81 16 6 7 109
c 37 99 0 63 175
c 9 21 85 35 158
c 51 42 39 56 101
c 56 57 58 61 194
c 88 75 72 61 165
c 47 48 3 96 117
c 4 41 95 36 129
c 91 28 40 62 157
c 36 47 84 4 186
c 35 17 6 7 172
c 91 41 85 15 131
c 32 33 23 58 181
c 63 16 8 98 128
c 26 37 17 27 154
c 16 17 89 97 179
c 79 95 91 92 138
c 66 95 7 21 172
c 72 56 75 2 107
c 3 53 45 46 176
c 10 11 44 10 181
c 91 41 25 14 125
c 18 55 87 72 111
c 59 81 72 41 123
c 93 94 84 33 117
c 84 74 87 44 146
c 92 30 87 97 153
c 46 11 30 31 109
c 87 16 48 15 114
c 12 31 94 7 141
c 9 65 4 22 156
c 78 76 51 52 154
c 73 31 68 80 179
c 90 67 66 2 165
c 78 79 71 72 186
c 82 2 38 13 192
c 90 80 40 22 109
c 91 55 5 15 100
c 8 76 71 73 153
c 9 57 73 31 107
c 84 40 81 77 146
c 93 49 30 28 133
c 66 17 50 28 196
c 72 29 82 10 166
c 51 68 71 72 103
c 89 86 69 6 148
c 90 88 91 30 192
c 91 28 78 67 169
c 24 20 42 41 152
c 34 23 80 81 186
c 69 40 0 26 187
c 47 26 36 8 148
c 6 56 51 44 193
c 35 41 28 51 117
c 63 73 12 41 143
c 71 77 64 50 112
c 63 78 1 9 115
c 83 81 2 3 108
c 60 89 25 14 111
c 51 28 81 82 104
c 22 55 36 44 178
c 61 21 61 85 166
c 35 8 53 75 175
c 24 29 41 16 147
c 71 77 58 63 182
c 98 96 51 28 121
c 15 3 96 3 123
c 76 69 43 18 126
c 77 63 62 39 167
c 36 55 74 43 115
c 0 93 2 82 185
c 88 21 19 99 112
c 25 20 10 95 186
c 10 4 91 92 134
c 37 54 72 31 142
c 56 72 12 19 177
c 36 38 75 76 106
c 83 98 45 9 122
c 25 66 40 20 115
c 83 84 11 12 158
c 5 51 20 39 193
c 78 79 38 21 136
c 0 87 89 98 109
c 34 67 65 95 136
c 72 41 85 83 197
c 77 45 56 4 189
c 56 57 58 40 188
c 5 50 35 77 136
c 72 94 9 1 199
c 66 95 33 42 197
c 51 80 26 16 165
c 60 61 13 91 164
c 90 57 70 71 116
c 8 76 82 2 160
c 18 55 71 47 134
c 75 23 72 92 102
c 87 16 8 56 174
c 7 79 72 73 197
c 34 35 76 43 191
c 70 56 83 81 109
c 28 29 30 16 185
c 89 97 82 27 155
c 75 26 50 91 162
c 18 17 88 89 168
c 55 34 68 28 186
c 64 26 89 2 120
c 54 97 59 91 136
c 64 26 93 28 139
c 81 22 49 50 150
c 13 82 4 5 158
c 57 49 88 9 155
c 70 25 58 12 132
c 30 73 64 14 162
c 47 86 51 42 137
c 45 37 4 52 166
c 23 24 60 61 176
c 1 88 74 24 138
c 18 43 42 92 194
c 65 19 37 7 143
c 21 64 40 62 110
c 11 63 4 95 160
c 50 28 4 41 182
c 11 68 26 54 196
c 41 80 33 22 112
c 98 44 98 26 133
c 28 1 53 78 109
c 24 56 85 61 149
c 48 1 18 55 151
c 12 82 69 89 177
c 63 88 54 69 127
c 88 97 40 43 162
c 84 85 61 85 116
c 98 78 78 9 179
c 95 96 97 20 153
c 30 73 11 95 188
c 7 77 47 48 136
c 94 88 7 37 126
c 34 76 60 4 131
c 9 37 12 13 134
c 37 93 79 53 171
c 11 58 54 89 116
c 61 21 13 15 113
c 20 95 70 71 137
c 13 19 67 81 133
c 67 3 12 41 183
c 60 40 64 65 166
c 17 1 74 7 120
c 64 3 77 61 149
c 86 75 24 54 151
c 24 42 78 30 111
c 16 27 93 13 190
c 12 13 13 89 128
c 54 79 38 14 151
c 25 76 90 88 198
c 70 92 13 19 177
c 15 83 95 79 188
c 90 61 34 29 124
c 49 23 52 53 197
c 1 83 46 55 152
c 24 8 5 15 166
c 87 25 96 65 100
c 43 30 96 65 125
c 63 78 50 51 171
c 54 47 30 28 198
c 29 50 34 61 146
c 4 5 6 7 160
c 74 85 83 98 180
c 63 94 23 58 193
c 9 68 10 35 170
c 75 6 88 6 158
c 51 68 43 21 125
c 54 69 92 71 118
c 12 82 48 28 122
c 4 95 96 42 186
c 36 4 28 12 122
c 11 68 80 2 113
c 32 95 77 78 104
c 24 52 70 98 187
c 25 26 91 61 106
c 97 69 10 87 109
c 52 47 30 36 128
c 74 71 34 37 116
c 65 59 31 26 123
c 93 79 7 80 145
c 72 95 79 13 157
c 96 76 46 22 101
c 54 25 14 21 121
c 18 6 20 33 154
c 45 55 88 6 169
c 93 21 67 82 166
c 51 80 27 70 149
c 7 11 57 11 186
c 13 98 0 63 132
c 75 22 98 33 109
c 19 36 4 41 105
c 72 41 66 2 192
c 51 42 21 64 169
c 91 68 76 23 158
c 26 16 34 47 195
c 96 72 73 6 108
c 19 36 38 33 165
c 87 16 9 96 112
c 3 84 68 20 118
c 72 56 35 2 146
c 2 39 22 23 151
c 81 18 6 79 169
c 37 38 65 66 195
c 79 65 2 6 119
c 87 44 62 34 126
c 31 25 93 87 127
c 61 72 48 10 137
c 20 29 21 69 121
c 32 37 34 3 181
c 92 71 31 44 164
c 28 17 60 3 128
c 26 28 43 99 128
c 41 45 35 77 111
c 54 25 5 6 139
c 6 57 85 69 173
c 68 74 2 29 106
c 56 59 44 55 187
c 67 81 87 70 180
c 59 87 28 78 178
c 77 63 28 1 132
c 40 32 28 29 175
c 31 16 10 15 177
c 94 14 42 71 121
c 63 88 34 3 192
c 82 20 32 67 194
c 18 19 79 65 109
c 47 48 75 32 159
c 76 75 64 62 112
c 5 50 86 78 136
c 91 35 39 56 145
c 63 64 38 36 126
c 36 23 28 88 157
c 71 72 96 42 114
c 69 2 84 14 162
c 33 34 78 76 148
c 83 77 47 48 115
c 74 61 64 46 188
c 85 65 35 19 139
c 46 47 96 74 138
c 31 11 60 16 196
c 6 22 67 69 182
c 89 8 33 34 176
c 76 75 69 89 143
c 83 67 49 50 116
c 16 10 32 37 165
c 84 15 96 74 102
c 39 85 36 38 103
c 78 12 85 65 176
c 98 77 11 95 193
c 65 66 39 40 161
c 52 98 98 44 117
c 64 39 91 92 108
c 62 37 41 68 123
c 84 99 39 56 107
c 15 29 86 4 157
c 64 34 60 89 101
c 64 25 35 77 164
c 30 66 89 97 166
c 45 4 34 50 137
c 98 64 68 69 129
c 46 21 1 13 113
c 86 78 35 7 117
c 17 86 35 77 171
c 52 53 74 94 125
c 86 87 62 48 165
c 32 33 65 19 140
c 14 4 11 46 111
c 58 12 52 53 165
c 16 10 68 20 191
c 69 97 37 93 173
c 0 86 35 48 174
c 84 14 55 72 109
c 9 57 91 61 158
c 68 58 65 64 135
c 31 9 35 17 117
c 46 24 73 31 150
c 69 89 38 62 130
c 24 25 54 4 198
