notes: n=200, m=3980, elb=1, eub=20, density=0.1, conf_density=0.0003, clb=75, cub= 175, seed= 5631
p spec 200 3980 2375
s 0
t 199
a 0 1 3
a 0 161 12
a 0 53 9
a 0 150 10
a 0 28 2
a 0 34 14
a 0 49 12
a 0 5 5
a 0 145 6
a 0 195 14
a 0 125 3
a 0 9 3
a 0 121 7
a 0 155 6
a 0 127 12
a 0 64 13
a 0 185 7
a 0 17 9
a 0 103 3
a 0 160 10
a 0 177 19
a 0 82 8
a 1 2 18
a 1 28 2
a 1 103 2
a 1 115 9
a 1 170 5
a 1 150 19
a 1 147 4
a 1 52 2
a 1 39 7
a 1 105 5
a 1 149 11
a 1 112 17
a 1 49 14
a 1 121 1
a 1 183 4
a 2 3 3
a 2 77 6
a 2 81 14
a 2 140 10
a 2 7 7
a 2 5 19
a 2 89 17
a 2 23 2
a 2 155 2
a 2 21 5
a 2 143 13
a 2 189 15
a 2 31 14
a 2 46 6
a 2 1 18
a 2 57 9
a 2 182 5
a 2 103 8
a 2 190 4
a 2 50 10
a 2 43 11
a 2 91 17
a 2 94 14
a 2 148 8
a 3 4 7
a 3 115 19
a 3 102 19
a 3 177 17
a 3 95 2
a 3 21 3
a 3 71 10
a 3 70 10
a 3 61 9
a 3 153 11
a 3 182 18
a 3 31 6
a 3 127 15
a 3 158 19
a 3 47 2
a 3 60 7
a 3 8 16
a 3 96 4
a 3 187 17
a 3 114 9
a 3 64 15
a 3 36 1
a 3 113 10
a 3 83 8
a 3 82 12
a 3 30 1
a 3 7 15
a 3 51 13
a 4 5 16
a 4 116 18
a 4 16 3
a 4 36 19
a 4 29 13
a 4 48 11
a 4 176 5
a 4 170 18
a 4 69 16
a 4 84 9
a 4 54 11
a 4 178 17
a 4 134 2
a 4 171 8
a 4 182 6
a 4 172 13
a 4 90 9
a 5 6 9
a 5 192 6
a 5 108 10
a 5 154 17
a 5 81 4
a 5 198 14
a 5 176 19
a 5 127 18
a 5 35 13
a 5 117 6
a 5 86 13
a 5 101 5
a 5 38 5
a 5 180 12
a 5 46 2
a 5 120 3
a 5 8 8
a 5 52 5
a 5 194 3
a 5 196 3
a 5 184 12
a 6 7 1
a 6 169 18
a 6 63 18
a 6 47 2
a 6 103 18
a 6 150 6
a 6 154 8
a 6 50 9
a 6 76 10
a 6 188 12
a 6 74 2
a 6 120 2
a 6 174 5
a 6 122 4
a 6 75 14
a 6 136 5
a 6 119 13
a 6 177 15
a 6 59 1
a 6 121 6
a 7 8 1
a 7 13 3
a 7 184 16
a 7 167 4
a 7 114 5
a 7 122 11
a 7 39 6
a 7 160 2
a 7 192 13
a 7 151 12
a 7 113 17
a 7 99 16
a 7 53 1
a 7 195 14
a 7 139 8
a 7 197 7
a 7 178 2
a 7 3 1
a 7 42 3
a 7 14 11
a 7 117 18
a 7 59 16
a 7 181 8
a 7 6 3
a 8 9 15
a 8 120 18
a 8 129 17
a 8 16 2
a 8 66 14
a 8 170 3
a 8 49 13
a 8 5 12
a 8 69 11
a 8 125 16
a 8 110 1
a 8 181 7
a 8 12 13
a 8 174 10
a 8 111 19
a 8 39 10
a 8 99 19
a 8 154 19
a 8 182 12
a 8 34 7
a 8 18 18
a 8 150 6
a 8 130 6
a 9 10 6
a 9 140 18
a 9 54 5
a 9 19 15
a 9 187 18
a 9 141 9
a 9 62 6
a 9 146 4
a 9 80 14
a 9 97 12
a 9 196 13
a 9 50 10
a 9 189 15
a 9 175 4
a 9 134 9
a 9 162 17
a 9 172 14
a 9 35 18
a 10 11 9
a 10 157 10
a 10 153 2
a 10 38 9
a 10 81 5
a 10 155 5
a 10 16 4
a 10 66 4
a 10 186 6
a 10 60 4
a 10 175 19
a 10 154 1
a 10 83 13
a 10 199 7
a 10 56 12
a 10 25 5
a 10 24 19
a 10 91 9
a 10 70 15
a 11 12 11
a 11 50 4
a 11 173 12
a 11 117 16
a 11 77 6
a 11 188 14
a 11 150 8
a 11 79 10
a 11 186 18
a 11 152 8
a 11 151 16
a 11 176 10
a 11 7 14
a 11 137 6
a 11 196 14
a 11 58 5
a 12 13 14
a 12 29 7
a 12 159 3
a 12 182 12
a 12 191 11
a 12 89 13
a 12 55 15
a 12 34 18
a 12 27 3
a 12 38 19
a 12 64 17
a 12 7 15
a 12 120 7
a 12 169 18
a 12 194 6
a 12 94 1
a 12 16 11
a 12 172 1
a 12 140 12
a 12 6 2
a 12 28 1
a 12 195 18
a 12 2 1
a 12 44 13
a 12 76 11
a 12 188 15
a 13 14 13
a 13 39 7
a 13 100 4
a 13 81 12
a 13 94 19
a 13 33 16
a 13 90 16
a 13 184 13
a 13 132 18
a 13 99 5
a 13 7 17
a 13 160 10
a 13 125 18
a 13 87 8
a 13 31 5
a 13 118 6
a 13 165 14
a 13 25 8
a 13 9 15
a 13 67 6
a 13 22 14
a 13 6 17
a 14 15 8
a 14 131 13
a 14 63 13
a 14 117 1
a 14 67 18
a 14 184 9
a 14 140 14
a 14 135 15
a 14 91 18
a 14 146 12
a 14 40 6
a 14 69 7
a 14 64 1
a 14 26 7
a 14 116 2
a 14 169 15
a 14 185 2
a 14 3 3
a 15 16 6
a 15 115 10
a 15 140 4
a 15 186 13
a 15 120 7
a 15 56 6
a 15 68 3
a 15 17 5
a 15 69 7
a 15 132 2
a 15 109 9
a 15 89 19
a 15 134 15
a 15 176 10
a 15 5 4
a 15 65 5
a 15 144 19
a 15 102 11
a 15 64 10
a 15 139 3
a 16 17 7
a 16 97 6
a 16 152 17
a 16 57 1
a 16 33 3
a 16 196 13
a 16 142 9
a 16 125 7
a 16 98 13
a 16 135 11
a 16 96 15
a 16 136 4
a 16 134 15
a 16 194 1
a 16 23 13
a 16 70 16
a 16 137 9
a 16 41 3
a 16 80 10
a 16 100 3
a 16 90 16
a 17 18 14
a 17 150 17
a 17 37 14
a 17 94 10
a 17 177 5
a 17 131 5
a 17 19 5
a 17 73 3
a 17 36 11
a 17 24 10
a 17 12 10
a 17 157 16
a 17 46 19
a 17 162 12
a 18 19 5
a 18 3 12
a 18 178 18
a 18 149 15
a 18 198 16
a 18 194 7
a 18 112 1
a 18 65 1
a 18 78 1
a 18 186 13
a 18 174 7
a 18 17 12
a 18 161 7
a 18 39 10
a 18 117 1
a 18 29 16
a 18 1 2
a 19 20 8
a 19 63 15
a 19 84 19
a 19 122 6
a 19 87 7
a 19 6 8
a 19 186 1
a 19 148 10
a 19 143 11
a 19 13 11
a 19 75 11
a 19 123 17
a 19 171 15
a 19 5 17
a 19 125 5
a 19 168 4
a 19 166 19
a 19 174 15
a 19 182 11
a 19 88 9
a 19 40 3
a 19 144 12
a 20 21 2
a 20 80 8
a 20 48 19
a 20 55 18
a 20 103 18
a 20 107 2
a 20 17 13
a 20 178 18
a 20 98 9
a 20 53 9
a 20 192 5
a 20 117 9
a 20 89 16
a 20 76 18
a 20 180 6
a 20 122 19
a 20 135 11
a 20 27 19
a 20 181 10
a 20 136 19
a 21 22 13
a 21 29 2
a 21 165 3
a 21 65 3
a 21 108 16
a 21 88 6
a 21 58 13
a 21 187 18
a 21 199 12
a 21 179 14
a 21 122 4
a 21 46 2
a 21 101 14
a 21 48 14
a 21 160 18
a 21 188 7
a 21 195 7
a 21 72 12
a 21 130 10
a 21 127 19
a 21 145 13
a 22 23 9
a 22 55 13
a 22 136 4
a 22 146 4
a 22 61 3
a 22 173 2
a 22 27 2
a 22 10 19
a 22 93 5
a 22 189 15
a 22 127 4
a 22 131 6
a 22 17 3
a 22 132 8
a 22 54 13
a 22 154 8
a 22 83 2
a 22 179 2
a 22 105 2
a 22 161 6
a 22 184 4
a 22 1 19
a 22 198 2
a 22 94 14
a 22 119 5
a 23 24 1
a 23 10 13
a 23 174 5
a 23 123 8
a 23 133 14
a 23 134 14
a 23 106 13
a 23 138 14
a 23 194 6
a 23 151 3
a 23 108 17
a 23 176 19
a 23 148 9
a 23 67 15
a 23 107 16
a 23 165 10
a 23 8 17
a 23 126 12
a 23 59 1
a 23 87 12
a 23 124 19
a 23 50 13
a 23 72 7
a 23 111 4
a 23 103 11
a 23 120 12
a 23 198 14
a 23 16 12
a 24 25 19
a 24 88 14
a 24 129 11
a 24 65 10
a 24 96 7
a 24 197 16
a 24 181 10
a 24 36 1
a 24 66 6
a 24 99 19
a 24 199 17
a 24 115 4
a 24 81 10
a 24 13 7
a 24 44 9
a 24 157 9
a 24 133 2
a 24 55 8
a 24 6 11
a 24 5 7
a 24 20 1
a 24 61 14
a 25 26 9
a 25 66 13
a 25 171 18
a 25 180 17
a 25 68 17
a 25 165 7
a 25 73 18
a 25 167 18
a 25 37 8
a 25 63 11
a 25 117 6
a 25 163 14
a 25 10 10
a 25 76 13
a 25 67 14
a 25 142 19
a 25 19 1
a 25 44 5
a 25 86 9
a 26 27 6
a 26 84 15
a 26 12 13
a 26 107 6
a 26 133 7
a 26 185 7
a 26 159 17
a 26 98 9
a 26 46 6
a 26 16 16
a 26 163 12
a 26 116 14
a 26 89 9
a 26 96 3
a 26 73 3
a 26 172 6
a 26 52 17
a 26 114 6
a 26 60 19
a 26 95 8
a 26 181 13
a 26 136 17
a 27 28 15
a 27 181 6
a 27 19 5
a 27 185 14
a 27 156 1
a 27 30 5
a 27 40 17
a 27 141 15
a 27 46 11
a 27 168 1
a 27 80 4
a 27 159 16
a 27 151 16
a 27 114 12
a 27 161 7
a 27 58 10
a 27 89 16
a 27 57 11
a 27 39 8
a 27 131 19
a 28 29 19
a 28 119 4
a 28 158 6
a 28 1 12
a 28 152 6
a 28 182 14
a 28 196 2
a 28 38 4
a 28 16 11
a 28 108 15
a 28 126 17
a 28 136 4
a 28 192 7
a 28 129 11
a 28 65 3
a 28 12 16
a 28 87 10
a 28 95 6
a 28 89 8
a 28 40 14
a 28 71 6
a 28 124 15
a 29 30 14
a 29 170 3
a 29 130 17
a 29 45 18
a 29 153 6
a 29 168 9
a 29 96 1
a 29 6 3
a 29 51 11
a 29 137 16
a 29 43 9
a 29 125 17
a 29 67 7
a 29 140 14
a 29 21 17
a 29 88 3
a 30 31 6
a 30 120 15
a 30 19 9
a 30 122 11
a 30 43 12
a 30 189 12
a 30 41 3
a 30 177 5
a 30 86 13
a 30 109 4
a 30 124 2
a 30 176 10
a 30 100 10
a 30 95 11
a 30 140 4
a 30 118 10
a 30 173 6
a 31 32 15
a 31 2 9
a 31 73 6
a 31 64 1
a 31 30 5
a 31 80 6
a 31 63 14
a 31 83 12
a 31 8 13
a 31 81 6
a 31 67 2
a 31 59 6
a 31 158 4
a 31 29 15
a 31 34 9
a 31 150 5
a 32 33 18
a 32 12 10
a 32 125 13
a 32 180 3
a 32 84 8
a 32 102 10
a 32 149 10
a 32 168 2
a 32 144 2
a 32 35 11
a 32 193 15
a 32 174 6
a 32 44 15
a 32 26 18
a 32 40 7
a 33 34 8
a 33 137 14
a 33 172 8
a 33 128 7
a 33 101 2
a 33 75 5
a 33 112 5
a 33 177 5
a 33 131 4
a 33 8 9
a 33 70 2
a 33 1 10
a 34 35 19
a 34 189 8
a 34 179 15
a 34 199 15
a 34 61 8
a 34 104 6
a 34 77 10
a 34 152 10
a 34 73 14
a 34 62 8
a 34 39 13
a 34 36 9
a 34 64 2
a 34 58 2
a 34 142 8
a 34 85 11
a 34 127 15
a 34 54 17
a 34 192 3
a 34 157 5
a 34 168 3
a 34 163 14
a 34 41 7
a 34 159 8
a 34 170 11
a 35 36 14
a 35 92 2
a 35 142 3
a 35 31 19
a 35 63 11
a 35 133 1
a 35 25 6
a 35 162 11
a 35 139 9
a 35 111 2
a 35 158 15
a 35 59 6
a 35 136 15
a 35 20 16
a 35 175 1
a 35 117 6
a 36 37 10
a 36 17 1
a 36 115 11
a 36 85 10
a 36 11 9
a 36 156 3
a 36 132 16
a 36 103 6
a 36 120 19
a 36 83 14
a 36 145 3
a 36 59 7
a 36 128 11
a 36 62 14
a 36 97 10
a 36 149 1
a 36 129 2
a 36 130 16
a 36 179 18
a 36 160 11
a 36 182 9
a 37 38 14
a 37 129 7
a 37 102 12
a 37 135 15
a 37 79 8
a 37 99 14
a 37 33 11
a 37 12 15
a 37 167 2
a 37 193 16
a 37 189 3
a 37 185 2
a 37 28 7
a 37 162 12
a 37 27 16
a 37 143 10
a 37 128 5
a 37 127 2
a 37 39 5
a 37 195 18
a 37 88 7
a 37 164 16
a 37 111 9
a 38 39 13
a 38 186 12
a 38 91 3
a 38 163 3
a 38 121 8
a 38 43 17
a 38 191 1
a 38 145 15
a 38 154 18
a 38 187 8
a 38 86 2
a 38 19 2
a 38 175 2
a 38 83 6
a 38 161 18
a 38 190 19
a 38 181 2
a 38 141 19
a 38 64 7
a 38 52 9
a 39 40 15
a 39 141 11
a 39 186 11
a 39 176 6
a 39 181 3
a 39 185 10
a 39 165 15
a 39 169 14
a 39 65 6
a 39 125 6
a 39 170 5
a 39 133 10
a 39 57 7
a 39 131 13
a 39 116 12
a 39 178 16
a 39 115 5
a 39 89 4
a 39 187 9
a 39 98 14
a 39 94 8
a 39 179 7
a 39 23 12
a 39 196 8
a 39 36 16
a 39 2 10
a 39 157 8
a 39 34 10
a 39 180 7
a 40 41 9
a 40 123 10
a 40 187 2
a 40 109 18
a 40 126 1
a 40 89 9
a 40 60 19
a 40 178 18
a 40 184 3
a 40 165 12
a 40 91 18
a 40 2 5
a 40 46 6
a 40 146 7
a 40 179 10
a 40 121 2
a 40 39 7
a 40 175 5
a 40 176 9
a 40 52 19
a 40 76 11
a 40 170 19
a 40 140 6
a 41 42 7
a 41 71 7
a 41 152 11
a 41 16 14
a 41 196 4
a 41 174 17
a 41 102 7
a 41 179 3
a 41 75 14
a 41 117 5
a 41 52 13
a 41 182 3
a 41 47 13
a 41 40 4
a 41 98 2
a 41 104 19
a 41 86 6
a 41 18 11
a 41 17 6
a 41 121 7
a 41 111 19
a 41 168 14
a 42 43 10
a 42 192 16
a 42 100 19
a 42 88 17
a 42 101 6
a 42 147 8
a 42 191 14
a 42 57 10
a 42 35 9
a 42 169 6
a 42 196 1
a 42 45 13
a 42 182 13
a 42 72 16
a 42 8 18
a 42 187 18
a 43 44 18
a 43 174 8
a 43 183 17
a 43 145 5
a 43 67 17
a 43 74 6
a 43 70 8
a 43 28 1
a 43 6 5
a 43 165 3
a 43 130 12
a 43 80 9
a 43 47 19
a 43 39 10
a 44 45 7
a 44 20 6
a 44 137 17
a 44 173 15
a 44 93 18
a 44 111 8
a 44 179 16
a 44 194 1
a 44 183 2
a 44 174 13
a 44 172 14
a 44 9 10
a 44 167 7
a 44 19 7
a 44 150 2
a 44 106 1
a 44 31 5
a 44 140 10
a 44 5 13
a 44 114 9
a 44 176 9
a 45 46 19
a 45 72 17
a 45 23 15
a 45 144 3
a 45 30 18
a 45 89 2
a 45 39 16
a 45 127 12
a 45 22 17
a 45 54 17
a 45 123 6
a 45 106 8
a 45 157 12
a 45 53 12
a 45 49 7
a 45 129 6
a 45 180 4
a 45 112 6
a 45 102 12
a 45 105 9
a 45 50 5
a 45 135 16
a 46 47 1
a 46 91 16
a 46 154 4
a 46 147 2
a 46 17 5
a 46 85 12
a 46 23 3
a 46 105 8
a 46 57 14
a 46 137 12
a 46 42 10
a 46 5 17
a 46 60 17
a 46 24 12
a 46 44 12
a 46 12 9
a 46 122 13
a 47 48 17
a 47 54 17
a 47 33 2
a 47 160 10
a 47 122 10
a 47 83 10
a 47 7 12
a 47 27 15
a 47 39 5
a 47 181 6
a 47 141 1
a 47 78 9
a 47 86 17
a 47 100 5
a 48 49 13
a 48 92 7
a 48 163 13
a 48 82 10
a 48 14 3
a 48 199 7
a 48 129 1
a 48 63 6
a 48 32 4
a 48 93 6
a 48 119 5
a 48 72 6
a 49 50 7
a 49 158 5
a 49 41 5
a 49 195 1
a 49 65 9
a 49 188 18
a 49 70 9
a 49 33 5
a 49 170 17
a 49 125 5
a 49 153 11
a 49 1 17
a 49 149 12
a 49 53 2
a 49 73 9
a 49 192 17
a 49 122 8
a 49 190 15
a 49 120 6
a 49 115 16
a 49 99 2
a 49 177 16
a 49 178 15
a 49 40 3
a 49 45 8
a 49 154 2
a 49 180 6
a 49 172 5
a 49 138 3
a 50 51 11
a 50 56 12
a 50 191 3
a 50 144 15
a 50 168 18
a 50 37 18
a 50 136 14
a 50 90 11
a 50 102 7
a 50 116 9
a 50 198 14
a 50 185 6
a 50 127 14
a 50 61 7
a 50 132 12
a 50 199 8
a 50 66 3
a 50 71 3
a 50 134 6
a 50 12 10
a 50 15 11
a 51 52 18
a 51 110 18
a 51 70 8
a 51 20 14
a 51 34 14
a 51 87 12
a 51 100 13
a 51 103 12
a 51 95 18
a 51 194 12
a 51 109 18
a 51 196 16
a 51 79 1
a 51 91 18
a 51 31 3
a 51 184 18
a 51 153 5
a 52 53 19
a 52 104 9
a 52 198 17
a 52 109 5
a 52 50 6
a 52 18 13
a 52 159 8
a 52 154 16
a 52 88 4
a 52 189 7
a 52 76 8
a 52 194 15
a 52 29 2
a 52 152 17
a 52 78 15
a 52 146 16
a 52 12 11
a 52 33 7
a 52 75 7
a 52 131 19
a 52 54 2
a 52 46 16
a 52 138 1
a 52 66 2
a 53 54 2
a 53 123 5
a 53 101 19
a 53 102 4
a 53 23 4
a 53 22 15
a 53 131 13
a 53 122 16
a 53 43 3
a 53 72 15
a 53 148 10
a 53 13 8
a 53 66 16
a 53 198 19
a 53 177 13
a 53 58 14
a 53 63 5
a 53 71 12
a 53 170 6
a 53 175 8
a 53 130 16
a 53 193 13
a 54 55 1
a 54 38 17
a 54 123 1
a 54 148 1
a 54 49 15
a 54 116 14
a 54 22 6
a 54 61 11
a 54 3 8
a 54 161 2
a 54 122 9
a 54 104 19
a 54 81 11
a 54 62 8
a 54 13 12
a 54 150 3
a 54 40 19
a 54 21 19
a 54 26 13
a 54 33 5
a 54 199 3
a 54 124 1
a 55 56 8
a 55 185 14
a 55 143 15
a 55 35 1
a 55 51 11
a 55 65 16
a 55 116 17
a 55 42 9
a 55 187 5
a 55 93 3
a 55 36 12
a 55 134 7
a 55 7 9
a 55 151 6
a 55 102 10
a 55 178 13
a 55 100 11
a 55 140 12
a 55 107 13
a 55 40 11
a 55 146 13
a 55 106 8
a 55 19 7
a 55 98 8
a 55 159 19
a 55 44 2
a 55 43 17
a 55 47 17
a 56 57 8
a 56 71 8
a 56 58 4
a 56 190 12
a 56 18 14
a 56 6 12
a 56 154 2
a 56 16 2
a 56 14 14
a 56 73 9
a 56 35 17
a 56 60 5
a 56 127 2
a 56 45 7
a 56 184 9
a 56 8 18
a 56 30 4
a 56 114 9
a 56 4 5
a 56 7 9
a 56 155 17
a 57 58 7
a 57 167 15
a 57 104 1
a 57 142 18
a 57 64 6
a 57 143 4
a 57 12 1
a 57 32 18
a 57 103 5
a 57 69 4
a 57 120 11
a 57 193 5
a 57 67 19
a 57 191 1
a 57 156 9
a 57 5 2
a 57 74 13
a 57 192 6
a 57 106 5
a 57 111 10
a 57 173 10
a 58 59 8
a 58 113 9
a 58 109 15
a 58 81 6
a 58 118 11
a 58 176 3
a 58 167 4
a 58 21 3
a 58 101 19
a 58 63 7
a 58 65 8
a 58 95 7
a 58 179 2
a 58 103 7
a 58 182 19
a 58 94 4
a 58 163 7
a 58 156 17
a 58 75 6
a 59 60 1
a 59 93 10
a 59 125 1
a 59 129 11
a 59 103 8
a 59 154 3
a 59 117 1
a 59 152 18
a 59 178 1
a 59 120 2
a 59 81 13
a 59 157 13
a 59 192 4
a 59 194 12
a 59 167 14
a 59 91 8
a 59 29 14
a 59 100 18
a 59 94 15
a 59 97 8
a 59 64 16
a 60 61 6
a 60 50 16
a 60 28 4
a 60 15 16
a 60 38 7
a 60 166 5
a 60 159 8
a 60 47 19
a 60 63 14
a 60 117 10
a 60 25 10
a 60 108 16
a 61 62 6
a 61 27 17
a 61 119 8
a 61 107 6
a 61 10 2
a 61 23 13
a 61 63 16
a 61 44 15
a 61 144 18
a 61 87 12
a 61 122 5
a 61 69 15
a 61 109 7
a 61 168 13
a 61 13 13
a 61 126 12
a 61 179 6
a 62 63 8
a 62 43 5
a 62 36 4
a 62 24 1
a 62 37 17
a 62 135 8
a 62 162 7
a 62 189 7
a 62 144 3
a 62 187 19
a 62 22 2
a 62 124 10
a 62 87 15
a 62 49 8
a 62 94 5
a 62 97 8
a 62 119 12
a 62 98 6
a 63 64 7
a 63 145 17
a 63 74 6
a 63 2 10
a 63 45 6
a 63 193 15
a 63 94 4
a 63 107 8
a 63 175 9
a 63 88 2
a 63 71 17
a 63 129 8
a 63 5 6
a 63 92 8
a 63 161 7
a 63 133 8
a 63 120 3
a 64 65 2
a 64 99 1
a 64 177 14
a 64 121 3
a 64 167 2
a 64 78 12
a 64 77 15
a 64 141 1
a 64 187 8
a 64 33 10
a 64 165 1
a 64 188 3
a 64 180 1
a 64 11 4
a 64 20 2
a 64 81 1
a 64 37 14
a 64 166 6
a 64 122 9
a 64 184 10
a 64 168 3
a 64 17 12
a 64 174 18
a 64 108 16
a 64 88 3
a 65 66 8
a 65 186 17
a 65 163 6
a 65 58 18
a 65 3 9
a 65 92 14
a 65 152 6
a 65 96 11
a 65 140 5
a 65 33 6
a 65 90 10
a 65 148 12
a 65 44 7
a 65 151 9
a 65 149 13
a 65 78 19
a 65 24 11
a 65 122 17
a 65 180 16
a 66 67 12
a 66 43 1
a 66 32 13
a 66 34 14
a 66 86 12
a 66 91 16
a 66 92 9
a 66 120 19
a 66 94 11
a 66 30 14
a 66 89 6
a 66 142 19
a 66 173 7
a 66 180 15
a 66 88 3
a 66 29 12
a 66 85 6
a 66 40 12
a 66 64 8
a 66 38 1
a 66 106 6
a 66 182 15
a 66 26 16
a 66 149 16
a 66 158 16
a 66 12 17
a 66 84 8
a 66 21 8
a 67 68 19
a 67 104 9
a 67 78 1
a 67 191 17
a 67 119 3
a 67 99 1
a 67 120 16
a 67 180 10
a 67 58 8
a 67 65 18
a 67 77 18
a 67 62 15
a 67 173 2
a 67 14 8
a 67 11 10
a 67 116 2
a 67 87 8
a 67 110 7
a 67 85 19
a 68 69 6
a 68 79 2
a 68 96 15
a 68 152 18
a 68 103 8
a 68 138 6
a 68 76 5
a 68 189 7
a 68 24 1
a 68 60 10
a 68 37 9
a 68 131 17
a 68 185 3
a 69 70 7
a 69 170 5
a 69 164 9
a 69 171 15
a 69 126 8
a 69 120 5
a 69 23 10
a 69 106 12
a 69 4 13
a 69 185 10
a 69 44 2
a 69 41 14
a 69 125 13
a 69 191 8
a 69 47 2
a 69 110 10
a 69 53 3
a 69 35 3
a 69 77 18
a 70 71 3
a 70 96 18
a 70 19 1
a 70 177 9
a 70 150 9
a 70 25 13
a 70 90 9
a 70 116 7
a 70 109 2
a 70 157 18
a 70 13 17
a 70 110 10
a 70 53 5
a 70 12 6
a 71 72 11
a 71 177 18
a 71 38 8
a 71 138 5
a 71 83 9
a 71 171 5
a 71 192 13
a 71 166 17
a 71 10 19
a 71 133 18
a 71 121 5
a 71 79 2
a 71 73 18
a 71 40 16
a 71 78 14
a 71 12 16
a 71 128 19
a 71 188 14
a 71 9 13
a 72 73 12
a 72 123 9
a 72 81 7
a 72 79 5
a 72 32 13
a 72 64 6
a 72 130 3
a 72 148 6
a 72 60 15
a 72 74 7
a 72 152 10
a 72 85 1
a 72 109 14
a 72 106 19
a 72 191 17
a 72 35 18
a 72 13 9
a 72 102 4
a 72 48 8
a 72 190 8
a 72 196 12
a 72 33 9
a 72 136 1
a 72 92 12
a 72 182 11
a 72 173 2
a 72 179 13
a 72 161 14
a 72 105 8
a 72 171 14
a 72 66 16
a 72 153 5
a 72 142 9
a 73 74 3
a 73 123 14
a 73 153 1
a 73 7 3
a 73 173 18
a 73 107 15
a 73 88 19
a 73 95 2
a 73 184 1
a 73 121 1
a 73 141 15
a 73 116 10
a 73 174 8
a 73 16 2
a 73 83 10
a 73 166 11
a 73 56 12
a 73 53 18
a 73 76 9
a 73 59 10
a 73 159 19
a 74 75 12
a 74 160 3
a 74 145 7
a 74 62 16
a 74 120 19
a 74 105 14
a 74 142 2
a 74 140 10
a 74 154 11
a 74 129 18
a 74 34 10
a 74 104 11
a 74 178 6
a 74 187 13
a 74 78 14
a 74 183 8
a 74 177 8
a 74 109 13
a 74 28 12
a 75 76 12
a 75 4 12
a 75 56 16
a 75 172 13
a 75 40 3
a 75 153 6
a 75 77 2
a 75 95 1
a 75 145 2
a 75 116 7
a 75 13 11
a 75 110 13
a 75 3 15
a 75 195 4
a 75 61 17
a 75 51 9
a 76 77 2
a 76 61 17
a 76 118 17
a 76 70 11
a 76 130 19
a 76 129 11
a 76 131 3
a 76 36 13
a 76 1 17
a 76 147 5
a 76 4 9
a 76 104 18
a 76 177 17
a 76 113 4
a 76 152 17
a 77 78 14
a 77 74 3
a 77 134 17
a 77 33 11
a 77 40 2
a 77 142 18
a 77 72 16
a 77 84 1
a 77 41 2
a 77 64 19
a 77 55 18
a 77 185 10
a 77 68 7
a 77 80 12
a 77 60 6
a 77 67 9
a 77 126 11
a 77 180 6
a 77 23 15
a 77 129 10
a 77 97 8
a 77 86 12
a 77 4 15
a 77 128 1
a 78 79 3
a 78 121 19
a 78 100 9
a 78 101 2
a 78 61 10
a 78 158 12
a 78 171 12
a 78 99 9
a 78 118 2
a 78 130 5
a 78 109 19
a 78 83 11
a 78 135 17
a 78 36 5
a 78 67 16
a 78 66 15
a 78 63 18
a 78 58 9
a 78 52 7
a 78 81 3
a 78 27 19
a 78 115 4
a 78 34 4
a 79 80 3
a 79 4 8
a 79 71 1
a 79 70 8
a 79 154 8
a 79 125 12
a 79 176 15
a 79 192 11
a 79 33 14
a 79 103 2
a 79 22 19
a 79 186 6
a 79 112 12
a 79 82 7
a 79 149 13
a 79 137 11
a 79 21 6
a 79 23 19
a 79 34 4
a 79 59 17
a 79 143 7
a 79 108 6
a 79 12 13
a 79 182 11
a 80 81 3
a 80 35 16
a 80 140 6
a 80 86 15
a 80 195 15
a 80 108 4
a 80 188 15
a 80 170 5
a 80 125 6
a 80 91 15
a 80 102 17
a 80 15 14
a 80 14 19
a 80 94 5
a 80 126 17
a 80 44 2
a 80 176 4
a 80 100 11
a 80 90 19
a 81 82 17
a 81 186 13
a 81 8 1
a 81 47 19
a 81 104 2
a 81 124 14
a 81 99 16
a 81 103 18
a 81 169 7
a 81 185 13
a 81 34 9
a 81 5 19
a 81 95 17
a 81 60 19
a 81 152 9
a 81 36 13
a 81 174 6
a 82 83 14
a 82 48 16
a 82 38 3
a 82 23 18
a 82 180 16
a 82 194 14
a 82 3 2
a 82 189 8
a 82 137 2
a 82 75 19
a 82 186 2
a 82 87 16
a 82 29 3
a 82 81 6
a 82 63 6
a 82 91 18
a 82 89 12
a 82 49 2
a 82 199 8
a 82 156 17
a 82 157 19
a 82 4 6
a 82 173 5
a 82 33 12
a 82 132 15
a 83 84 12
a 83 39 13
a 83 16 18
a 83 105 12
a 83 2 19
a 83 77 2
a 83 109 11
a 83 44 4
a 83 52 3
a 83 170 17
a 83 197 14
a 83 62 15
a 83 42 3
a 83 60 15
a 83 92 6
a 83 189 5
a 83 13 11
a 83 56 12
a 83 177 11
a 83 47 1
a 83 35 5
a 83 161 7
a 83 95 7
a 83 162 2
a 83 123 6
a 83 160 1
a 84 85 10
a 84 172 18
a 84 92 5
a 84 91 17
a 84 60 12
a 84 138 3
a 84 96 11
a 84 180 14
a 84 83 5
a 84 161 5
a 84 152 19
a 84 59 2
a 84 199 13
a 84 134 9
a 84 82 18
a 84 135 2
a 84 197 11
a 85 86 14
a 85 141 5
a 85 110 18
a 85 19 17
a 85 148 13
a 85 156 10
a 85 125 16
a 85 11 14
a 85 74 10
a 85 166 19
a 85 124 1
a 85 3 12
a 85 4 2
a 85 172 12
a 85 32 13
a 86 87 13
a 86 6 17
a 86 92 6
a 86 103 9
a 86 40 7
a 86 177 9
a 86 63 14
a 86 17 14
a 86 35 15
a 86 161 11
a 86 45 7
a 86 53 3
a 86 197 19
a 86 124 10
a 86 172 1
a 86 192 9
a 86 2 13
a 86 144 2
a 86 139 10
a 86 77 8
a 86 90 8
a 86 174 3
a 86 129 17
a 86 23 13
a 86 189 11
a 86 18 13
a 86 82 13
a 86 166 16
a 87 88 16
a 87 138 15
a 87 29 1
a 87 121 16
a 87 67 16
a 87 49 15
a 87 156 19
a 87 50 19
a 87 85 15
a 87 17 7
a 87 57 1
a 87 16 14
a 87 107 12
a 87 115 11
a 87 31 13
a 87 198 10
a 87 193 6
a 87 89 1
a 87 142 13
a 87 134 13
a 87 77 16
a 88 89 6
a 88 56 2
a 88 22 1
a 88 108 12
a 88 155 8
a 88 123 9
a 88 2 17
a 88 16 12
a 88 71 12
a 88 41 17
a 88 116 14
a 88 68 16
a 88 6 11
a 88 81 15
a 88 59 9
a 88 169 16
a 88 180 9
a 88 109 3
a 88 106 15
a 88 57 10
a 89 90 3
a 89 79 13
a 89 134 2
a 89 46 8
a 89 116 5
a 89 105 5
a 89 36 4
a 89 137 2
a 89 100 7
a 89 104 8
a 89 120 7
a 89 129 1
a 89 140 3
a 89 115 12
a 89 111 13
a 89 80 4
a 89 4 1
a 89 160 14
a 89 3 14
a 89 176 6
a 90 91 13
a 90 35 17
a 90 87 16
a 90 108 12
a 90 174 9
a 90 95 13
a 90 96 16
a 90 121 4
a 90 107 16
a 90 55 13
a 90 66 9
a 90 67 10
a 90 110 9
a 90 194 6
a 90 97 18
a 90 168 4
a 90 98 14
a 90 20 7
a 90 172 13
a 90 21 14
a 90 127 7
a 90 173 17
a 90 82 5
a 90 68 1
a 91 92 16
a 91 11 19
a 91 157 8
a 91 174 18
a 91 23 15
a 91 7 19
a 91 36 5
a 91 156 1
a 91 104 17
a 91 83 6
a 91 197 5
a 91 96 10
a 91 31 6
a 91 113 10
a 91 16 10
a 91 24 4
a 91 150 6
a 91 152 10
a 91 182 18
a 91 158 13
a 91 126 11
a 91 68 10
a 92 93 15
a 92 175 18
a 92 82 19
a 92 2 12
a 92 36 11
a 92 98 19
a 92 62 8
a 92 27 4
a 92 71 5
a 92 182 14
a 92 122 19
a 92 43 4
a 92 76 4
a 92 37 3
a 92 17 4
a 92 142 2
a 92 135 5
a 92 165 12
a 92 148 14
a 92 54 13
a 92 198 7
a 93 94 17
a 93 197 19
a 93 125 11
a 93 4 18
a 93 182 10
a 93 35 8
a 93 68 4
a 93 152 2
a 93 65 14
a 93 22 11
a 93 15 11
a 93 177 17
a 93 151 16
a 93 83 2
a 93 62 18
a 93 108 14
a 93 91 12
a 93 157 3
a 93 43 14
a 93 143 12
a 93 196 19
a 94 95 6
a 94 112 11
a 94 32 13
a 94 120 12
a 94 126 2
a 94 145 13
a 94 72 3
a 94 178 18
a 94 109 3
a 94 44 12
a 94 10 18
a 94 166 7
a 94 86 8
a 94 133 8
a 94 80 4
a 94 78 13
a 95 96 12
a 95 11 18
a 95 140 15
a 95 136 12
a 95 92 14
a 95 88 3
a 95 118 15
a 95 159 2
a 95 57 10
a 95 69 8
a 95 49 2
a 95 199 17
a 95 90 7
a 95 178 9
a 95 193 19
a 95 64 16
a 95 24 9
a 96 97 13
a 96 70 19
a 96 176 10
a 96 115 3
a 96 118 5
a 96 88 4
a 96 27 8
a 96 172 15
a 96 119 18
a 96 178 15
a 96 126 7
a 96 31 1
a 96 116 7
a 96 151 2
a 96 125 11
a 96 15 2
a 96 81 7
a 96 4 6
a 97 98 9
a 97 54 16
a 97 36 1
a 97 164 9
a 97 90 8
a 97 64 11
a 97 70 14
a 97 111 2
a 97 94 7
a 97 3 1
a 97 162 10
a 97 41 9
a 97 157 19
a 97 79 7
a 97 194 5
a 97 49 17
a 97 199 7
a 98 99 10
a 98 193 5
a 98 92 2
a 98 168 12
a 98 124 19
a 98 86 16
a 98 65 8
a 98 189 2
a 98 21 1
a 98 66 14
a 98 56 6
a 98 50 6
a 98 14 7
a 98 105 3
a 98 15 5
a 98 36 17
a 98 83 12
a 99 100 6
a 99 7 4
a 99 106 18
a 99 179 5
a 99 175 4
a 99 51 17
a 99 55 7
a 99 11 5
a 99 6 9
a 99 3 19
a 99 112 3
a 99 56 16
a 100 101 9
a 100 143 2
a 100 105 5
a 100 40 3
a 100 80 2
a 100 124 5
a 100 142 11
a 100 18 17
a 100 85 10
a 100 29 19
a 100 138 16
a 100 75 3
a 100 119 13
a 100 125 1
a 100 117 5
a 100 45 12
a 100 178 19
a 101 102 16
a 101 39 3
a 101 50 16
a 101 92 1
a 101 135 5
a 101 185 9
a 101 47 18
a 101 175 19
a 101 51 5
a 101 198 12
a 101 28 6
a 101 12 18
a 101 1 13
a 101 7 13
a 101 74 19
a 101 21 5
a 101 82 12
a 101 14 14
a 102 103 17
a 102 148 7
a 102 44 16
a 102 152 14
a 102 104 17
a 102 77 8
a 102 188 19
a 102 69 6
a 102 164 4
a 102 43 14
a 102 75 5
a 102 80 8
a 102 171 6
a 102 144 10
a 102 117 5
a 102 89 11
a 103 104 8
a 103 122 18
a 103 30 11
a 103 47 2
a 103 131 8
a 103 44 18
a 103 114 7
a 103 194 16
a 103 4 6
a 103 173 14
a 103 193 4
a 103 94 19
a 103 160 6
a 103 40 5
a 103 136 18
a 103 152 11
a 103 55 19
a 103 182 4
a 103 24 4
a 103 50 1
a 103 177 11
a 103 76 15
a 103 154 18
a 103 54 11
a 103 158 12
a 104 105 19
a 104 66 6
a 104 165 4
a 104 24 14
a 104 25 1
a 104 135 9
a 104 4 7
a 104 157 12
a 104 191 11
a 104 21 8
a 104 134 11
a 104 47 8
a 104 83 4
a 105 106 16
a 105 185 18
a 105 107 3
a 105 45 1
a 105 80 17
a 105 129 2
a 105 174 14
a 105 159 8
a 105 148 9
a 105 61 11
a 105 142 19
a 105 87 15
a 105 113 6
a 105 73 4
a 105 179 1
a 105 111 1
a 105 9 15
a 105 177 13
a 105 36 15
a 105 30 16
a 105 26 8
a 105 176 14
a 106 107 13
a 106 194 7
a 106 137 17
a 106 33 10
a 106 156 17
a 106 70 15
a 106 99 12
a 106 147 14
a 106 87 2
a 106 89 1
a 106 58 19
a 106 84 17
a 106 50 3
a 106 60 6
a 106 10 17
a 106 75 3
a 106 186 1
a 106 61 5
a 107 108 2
a 107 94 5
a 107 183 7
a 107 60 16
a 107 45 16
a 107 4 6
a 107 51 4
a 107 193 14
a 107 13 16
a 107 3 17
a 107 128 3
a 107 147 2
a 107 124 6
a 107 188 14
a 107 190 4
a 107 151 11
a 107 70 3
a 107 131 13
a 107 32 18
a 108 109 13
a 108 25 9
a 108 59 14
a 108 94 18
a 108 32 9
a 108 23 1
a 108 105 19
a 108 118 19
a 108 100 18
a 108 28 14
a 108 104 16
a 108 165 10
a 108 133 18
a 108 99 5
a 108 107 1
a 108 129 9
a 108 64 5
a 108 153 16
a 109 110 1
a 109 192 18
a 109 84 3
a 109 14 13
a 109 100 18
a 109 39 1
a 109 173 10
a 109 16 6
a 109 80 10
a 109 199 15
a 109 163 2
a 109 88 17
a 109 131 11
a 109 30 1
a 109 118 4
a 109 141 14
a 109 83 9
a 109 151 4
a 109 38 14
a 109 4 19
a 109 37 15
a 109 169 9
a 110 111 15
a 110 119 14
a 110 73 13
a 110 96 18
a 110 122 4
a 110 29 18
a 110 147 19
a 110 54 1
a 110 31 14
a 110 125 6
a 110 83 8
a 110 38 17
a 110 138 6
a 110 102 17
a 110 169 18
a 110 142 10
a 110 60 17
a 110 172 8
a 110 12 15
a 110 35 9
a 110 48 2
a 110 134 17
a 110 77 14
a 111 112 7
a 111 28 9
a 111 48 12
a 111 31 9
a 111 102 2
a 111 105 13
a 111 42 12
a 111 22 11
a 111 78 7
a 111 164 7
a 111 137 15
a 111 46 16
a 111 98 6
a 111 82 9
a 111 19 7
a 111 77 19
a 111 117 13
a 111 119 13
a 111 194 4
a 112 113 17
a 112 197 12
a 112 59 3
a 112 10 6
a 112 178 7
a 112 169 11
a 112 188 12
a 112 6 12
a 112 34 14
a 112 18 1
a 112 196 14
a 112 146 13
a 112 16 16
a 112 118 14
a 112 127 12
a 112 173 19
a 112 8 3
a 113 114 14
a 113 197 15
a 113 40 10
a 113 119 17
a 113 55 17
a 113 68 17
a 113 56 17
a 113 53 14
a 113 84 5
a 113 137 18
a 113 89 9
a 113 33 4
a 113 127 8
a 113 1 6
a 113 122 11
a 113 190 19
a 113 188 19
a 113 67 9
a 113 10 7
a 113 85 15
a 113 183 6
a 114 115 16
a 114 96 11
a 114 33 13
a 114 128 7
a 114 74 19
a 114 49 4
a 114 73 4
a 114 173 15
a 114 94 14
a 114 168 13
a 114 81 17
a 114 40 9
a 114 17 16
a 114 119 17
a 114 196 10
a 114 185 4
a 114 55 11
a 115 116 5
a 115 41 16
a 115 97 17
a 115 34 17
a 115 145 6
a 115 168 14
a 115 194 4
a 115 196 7
a 115 22 18
a 115 175 18
a 115 128 19
a 115 105 11
a 115 92 17
a 115 157 3
a 115 107 16
a 115 111 14
a 115 165 1
a 115 123 5
a 115 155 2
a 115 15 16
a 115 177 18
a 115 26 12
a 116 117 9
a 116 105 5
a 116 111 2
a 116 147 16
a 116 121 16
a 116 186 16
a 116 83 12
a 116 76 14
a 116 150 3
a 116 47 17
a 116 98 9
a 116 36 18
a 116 71 3
a 116 34 11
a 116 27 11
a 116 70 8
a 116 55 11
a 116 4 19
a 116 127 8
a 117 118 3
a 117 104 17
a 117 69 4
a 117 18 8
a 117 181 18
a 117 27 1
a 117 163 1
a 117 9 2
a 117 40 19
a 117 155 4
a 117 151 3
a 117 74 8
a 117 183 5
a 117 22 8
a 117 23 13
a 117 149 12
a 117 71 11
a 117 136 5
a 117 80 7
a 117 52 14
a 117 25 13
a 117 179 14
a 117 174 7
a 117 177 3
a 117 182 5
a 117 85 2
a 117 31 13
a 118 119 15
a 118 21 18
a 118 148 16
a 118 38 7
a 118 69 16
a 118 149 6
a 118 171 13
a 118 9 8
a 118 103 7
a 118 114 9
a 118 37 14
a 118 15 16
a 118 198 11
a 118 1 14
a 119 120 18
a 119 187 8
a 119 133 12
a 119 27 7
a 119 97 13
a 119 104 7
a 119 134 5
a 119 152 4
a 119 190 10
a 119 26 17
a 119 155 15
a 119 174 11
a 119 186 17
a 119 44 12
a 119 95 1
a 119 114 9
a 119 164 11
a 119 12 14
a 119 178 6
a 119 128 6
a 120 121 8
a 120 112 13
a 120 131 17
a 120 95 5
a 120 128 13
a 120 86 19
a 120 188 2
a 120 124 19
a 120 164 12
a 120 134 15
a 120 62 12
a 121 122 17
a 121 73 5
a 121 136 4
a 121 63 10
a 121 35 2
a 121 120 10
a 121 148 18
a 121 172 15
a 121 7 11
a 121 105 15
a 121 9 3
a 121 42 9
a 121 130 7
a 121 99 19
a 121 70 10
a 121 1 1
a 121 155 14
a 121 175 9
a 121 127 18
a 121 36 15
a 122 123 19
a 122 104 6
a 122 82 14
a 122 11 12
a 122 56 9
a 122 177 11
a 122 194 19
a 122 173 17
a 122 7 9
a 122 24 13
a 122 183 19
a 122 64 2
a 122 184 10
a 122 66 10
a 122 176 3
a 122 84 11
a 122 172 15
a 122 187 10
a 122 65 1
a 122 3 14
a 122 125 17
a 123 124 10
a 123 56 2
a 123 50 3
a 123 108 9
a 123 40 12
a 123 53 9
a 123 177 2
a 123 90 12
a 123 39 5
a 123 141 6
a 123 156 5
a 123 117 7
a 123 140 2
a 123 32 15
a 124 125 4
a 124 153 10
a 124 179 9
a 124 40 19
a 124 86 10
a 124 117 4
a 124 145 16
a 124 74 8
a 124 47 2
a 124 26 2
a 124 165 5
a 124 91 11
a 124 178 10
a 124 56 11
a 124 60 8
a 124 65 5
a 124 72 14
a 124 162 10
a 125 126 12
a 125 103 18
a 125 179 17
a 125 18 4
a 125 112 17
a 125 120 13
a 125 166 4
a 125 150 14
a 125 175 6
a 125 158 15
a 125 82 4
a 125 151 9
a 125 41 14
a 125 187 3
a 125 165 1
a 125 117 4
a 125 107 9
a 125 116 4
a 125 39 11
a 125 101 19
a 125 63 17
a 125 12 6
a 125 71 9
a 125 88 6
a 125 80 14
a 126 127 14
a 126 72 13
a 126 22 19
a 126 91 8
a 126 160 1
a 126 38 8
a 126 125 19
a 126 4 12
a 126 103 16
a 126 110 5
a 126 102 15
a 126 48 6
a 126 159 3
a 126 100 18
a 126 196 4
a 126 79 2
a 126 180 12
a 126 43 4
a 127 128 4
a 127 157 14
a 127 174 17
a 127 34 7
a 127 175 18
a 127 149 14
a 127 185 7
a 127 195 5
a 127 60 11
a 127 160 13
a 127 91 19
a 127 179 12
a 127 144 2
a 127 131 7
a 127 138 9
a 127 139 12
a 127 134 2
a 127 196 4
a 127 143 19
a 127 11 12
a 127 193 15
a 127 198 9
a 127 13 14
a 127 26 7
a 128 129 2
a 128 1 13
a 128 171 17
a 128 70 1
a 128 111 7
a 128 178 19
a 128 125 11
a 128 145 4
a 128 176 16
a 128 102 8
a 128 117 7
a 128 96 7
a 128 166 17
a 128 185 16
a 128 199 9
a 128 71 15
a 128 104 18
a 128 91 16
a 128 3 19
a 128 146 4
a 129 130 7
a 129 23 16
a 129 153 3
a 129 50 11
a 129 133 3
a 129 46 18
a 129 81 12
a 129 78 12
a 129 105 3
a 129 191 14
a 129 2 16
a 129 58 19
a 129 26 12
a 129 158 13
a 129 183 7
a 130 131 18
a 130 195 12
a 130 114 17
a 130 5 11
a 130 112 17
a 130 16 2
a 130 55 6
a 130 67 18
a 130 25 16
a 130 44 3
a 130 49 11
a 131 132 5
a 131 125 2
a 131 167 19
a 131 151 12
a 131 104 8
a 131 129 8
a 131 78 15
a 131 89 8
a 131 47 14
a 131 22 17
a 131 169 16
a 131 194 3
a 131 27 19
a 131 145 9
a 131 103 2
a 131 163 17
a 131 86 14
a 131 44 11
a 131 63 8
a 131 183 13
a 131 54 11
a 132 133 9
a 132 148 10
a 132 48 2
a 132 56 3
a 132 156 7
a 132 138 14
a 132 161 1
a 132 163 16
a 132 104 11
a 132 27 17
a 132 171 16
a 132 10 14
a 132 5 17
a 132 175 5
a 132 13 16
a 132 1 14
a 132 28 7
a 132 54 10
a 132 70 15
a 132 119 19
a 132 43 4
a 132 182 7
a 133 134 19
a 133 71 4
a 133 161 10
a 133 123 19
a 133 14 7
a 133 91 15
a 133 169 14
a 133 162 2
a 133 29 1
a 133 165 8
a 133 37 1
a 133 116 12
a 133 55 17
a 133 124 14
a 133 147 3
a 133 24 7
a 133 10 14
a 133 69 10
a 133 177 19
a 133 97 5
a 133 188 12
a 133 119 8
a 133 49 4
a 133 182 9
a 133 107 9
a 134 135 2
a 134 107 17
a 134 189 19
a 134 8 16
a 134 147 12
a 134 140 5
a 134 160 14
a 134 163 3
a 134 51 14
a 134 36 15
a 134 92 8
a 134 138 9
a 134 119 14
a 134 139 5
a 134 130 6
a 134 180 4
a 134 194 3
a 134 157 14
a 134 172 14
a 134 71 12
a 134 181 14
a 134 84 4
a 135 136 8
a 135 41 18
a 135 12 17
a 135 61 15
a 135 86 6
a 135 154 18
a 135 150 9
a 135 57 10
a 135 109 14
a 135 71 4
a 135 91 5
a 135 38 7
a 135 56 6
a 135 51 5
a 135 187 15
a 135 3 7
a 135 179 3
a 135 55 9
a 135 195 1
a 135 159 7
a 135 119 19
a 135 185 19
a 135 116 1
a 136 137 1
a 136 61 4
a 136 30 4
a 136 15 1
a 136 124 3
a 136 56 1
a 136 152 17
a 136 122 6
a 136 101 18
a 136 134 7
a 136 123 12
a 136 164 19
a 136 83 17
a 136 120 2
a 136 25 11
a 136 195 14
a 136 49 18
a 136 53 19
a 137 138 4
a 137 26 11
a 137 67 7
a 137 110 12
a 137 103 14
a 137 94 9
a 137 185 15
a 137 76 10
a 137 119 2
a 137 48 1
a 137 39 19
a 137 130 12
a 137 64 10
a 137 165 7
a 137 78 14
a 137 188 8
a 137 157 5
a 137 193 19
a 137 14 18
a 137 20 7
a 138 139 15
a 138 103 4
a 138 10 6
a 138 99 6
a 138 49 3
a 138 60 15
a 138 189 14
a 138 112 1
a 138 142 14
a 138 51 5
a 138 179 12
a 138 170 8
a 138 150 13
a 138 118 6
a 138 122 9
a 138 174 11
a 138 95 12
a 139 140 5
a 139 126 5
a 139 53 5
a 139 173 1
a 139 10 11
a 139 118 9
a 139 160 3
a 139 110 17
a 139 176 5
a 139 54 1
a 139 31 18
a 139 49 3
a 139 95 6
a 139 50 6
a 139 90 19
a 139 153 1
a 139 52 19
a 139 11 5
a 140 141 10
a 140 51 8
a 140 142 5
a 140 170 3
a 140 120 13
a 140 165 13
a 140 63 6
a 140 45 6
a 140 20 13
a 140 191 10
a 140 107 6
a 140 90 2
a 140 126 12
a 140 166 13
a 140 199 18
a 140 83 14
a 140 19 7
a 140 185 12
a 140 44 1
a 140 150 12
a 141 142 2
a 141 112 12
a 141 50 14
a 141 143 16
a 141 156 8
a 141 178 18
a 141 10 9
a 141 67 9
a 141 149 12
a 141 192 11
a 141 135 15
a 141 170 3
a 141 17 5
a 141 27 6
a 141 165 16
a 141 128 8
a 141 169 10
a 141 53 6
a 141 108 8
a 141 151 14
a 141 129 5
a 141 41 1
a 141 56 8
a 141 92 2
a 141 38 3
a 141 148 6
a 142 143 19
a 142 140 18
a 142 154 10
a 142 80 9
a 142 173 18
a 142 30 7
a 142 198 16
a 142 149 3
a 142 17 15
a 142 186 2
a 142 172 13
a 142 103 9
a 142 183 2
a 142 36 8
a 142 191 3
a 142 131 5
a 143 144 2
a 143 180 18
a 143 106 17
a 143 51 1
a 143 88 8
a 143 171 6
a 143 122 8
a 143 54 18
a 143 167 12
a 143 47 2
a 143 183 7
a 143 93 11
a 143 11 4
a 143 70 12
a 143 15 14
a 143 112 12
a 143 30 10
a 143 63 3
a 143 85 17
a 144 145 4
a 144 124 11
a 144 6 14
a 144 154 12
a 144 193 18
a 144 164 2
a 144 18 6
a 144 68 14
a 144 13 4
a 144 36 19
a 144 37 1
a 144 56 6
a 144 92 15
a 144 51 12
a 144 78 17
a 144 156 17
a 144 79 6
a 144 9 13
a 144 69 14
a 144 134 10
a 144 52 18
a 144 177 11
a 144 160 4
a 144 184 18
a 144 150 11
a 144 75 9
a 144 119 9
a 144 192 14
a 145 146 13
a 145 89 6
a 145 173 15
a 145 167 16
a 145 32 19
a 145 87 4
a 145 91 12
a 145 120 4
a 145 119 19
a 145 161 8
a 145 151 16
a 145 162 10
a 145 8 14
a 145 53 5
a 145 165 8
a 145 185 1
a 145 198 13
a 145 199 12
a 146 147 7
a 146 199 10
a 146 168 16
a 146 166 1
a 146 42 14
a 146 115 5
a 146 5 8
a 146 156 4
a 146 183 13
a 146 104 15
a 146 54 5
a 146 80 7
a 146 46 12
a 146 130 6
a 146 40 8
a 146 117 8
a 146 99 13
a 146 191 18
a 146 37 17
a 146 178 16
a 146 50 8
a 146 70 19
a 146 35 4
a 146 118 16
a 146 141 1
a 146 167 8
a 146 87 8
a 146 20 8
a 146 66 4
a 147 148 5
a 147 48 10
a 147 176 7
a 147 88 12
a 147 41 1
a 147 172 9
a 147 91 12
a 147 56 7
a 147 137 10
a 147 50 19
a 147 29 15
a 147 93 6
a 147 166 8
a 147 160 10
a 147 110 5
a 147 68 1
a 147 182 4
a 147 128 10
a 147 59 7
a 147 125 7
a 147 104 15
a 147 146 4
a 147 64 6
a 147 135 12
a 148 149 2
a 148 23 11
a 148 10 8
a 148 104 10
a 148 187 6
a 148 179 6
a 148 81 19
a 148 110 1
a 148 123 19
a 148 61 9
a 148 41 14
a 148 194 18
a 148 94 8
a 148 156 1
a 148 98 15
a 148 78 19
a 148 180 16
a 148 24 12
a 148 167 4
a 148 109 11
a 149 150 3
a 149 82 2
a 149 155 12
a 149 122 18
a 149 13 18
a 149 119 6
a 149 31 12
a 149 87 14
a 149 79 13
a 149 38 16
a 149 117 12
a 149 120 17
a 149 66 2
a 149 171 19
a 149 83 11
a 149 41 4
a 149 46 18
a 149 95 17
a 149 114 17
a 149 25 17
a 149 7 12
a 149 107 8
a 149 132 5
a 150 151 6
a 150 119 9
a 150 106 9
a 150 18 17
a 150 50 5
a 150 84 1
a 150 73 13
a 150 170 16
a 150 182 16
a 150 95 8
a 150 198 2
a 150 31 15
a 150 164 3
a 150 19 17
a 150 121 3
a 150 129 10
a 150 161 1
a 150 149 16
a 151 152 13
a 151 173 9
a 151 154 1
a 151 15 19
a 151 193 18
a 151 18 13
a 151 8 8
a 151 95 6
a 151 28 8
a 151 88 12
a 151 135 17
a 151 104 2
a 151 78 15
a 151 45 12
a 151 31 10
a 151 166 19
a 151 68 11
a 152 153 7
a 152 70 2
a 152 35 3
a 152 141 3
a 152 148 13
a 152 13 17
a 152 90 17
a 152 107 15
a 152 179 15
a 152 63 12
a 152 41 17
a 152 111 18
a 152 146 10
a 152 119 9
a 152 95 8
a 152 60 1
a 152 52 14
a 152 124 8
a 152 161 4
a 152 62 7
a 152 106 19
a 152 24 8
a 152 187 10
a 153 154 4
a 153 58 1
a 153 170 18
a 153 46 16
a 153 115 13
a 153 126 12
a 153 31 13
a 153 28 15
a 153 10 2
a 153 141 2
a 153 1 9
a 153 51 10
a 153 151 2
a 153 193 16
a 153 131 11
a 153 22 2
a 153 47 8
a 153 114 11
a 153 168 14
a 153 97 18
a 153 166 7
a 153 83 16
a 154 155 15
a 154 92 13
a 154 174 9
a 154 148 8
a 154 45 5
a 154 197 11
a 154 168 12
a 154 2 6
a 154 125 15
a 154 121 17
a 154 140 11
a 154 169 8
a 154 70 1
a 154 55 10
a 154 94 13
a 154 146 7
a 154 89 14
a 154 190 4
a 154 103 7
a 154 68 4
a 154 63 6
a 154 106 17
a 154 196 11
a 154 149 4
a 154 105 18
a 155 156 11
a 155 14 8
a 155 106 7
a 155 77 11
a 155 20 4
a 155 6 1
a 155 104 14
a 155 22 10
a 155 144 10
a 155 197 9
a 155 15 3
a 155 138 16
a 155 165 9
a 155 93 3
a 155 8 19
a 156 157 16
a 156 2 3
a 156 131 3
a 156 124 5
a 156 153 10
a 156 47 15
a 156 55 14
a 156 79 2
a 156 106 2
a 156 45 5
a 156 160 10
a 156 75 7
a 156 134 16
a 156 73 18
a 156 130 5
a 156 66 8
a 156 187 5
a 156 69 7
a 157 158 9
a 157 85 15
a 157 61 18
a 157 43 4
a 157 167 3
a 157 48 8
a 157 120 7
a 157 100 12
a 157 88 4
a 157 55 17
a 157 46 11
a 157 193 17
a 157 107 17
a 157 12 2
a 157 105 16
a 157 23 19
a 157 140 5
a 157 150 7
a 157 14 9
a 157 142 4
a 157 127 9
a 158 159 18
a 158 52 4
a 158 116 5
a 158 21 13
a 158 199 8
a 158 130 16
a 158 181 16
a 158 76 3
a 158 108 10
a 158 78 7
a 158 23 9
a 158 139 2
a 158 28 12
a 158 189 18
a 158 20 6
a 158 141 4
a 158 32 9
a 158 42 17
a 159 160 8
a 159 187 14
a 159 176 8
a 159 74 6
a 159 127 15
a 159 4 17
a 159 70 4
a 159 54 14
a 159 101 16
a 159 11 18
a 159 46 7
a 159 177 19
a 159 166 15
a 159 92 17
a 159 105 13
a 159 122 13
a 160 161 9
a 160 41 6
a 160 110 10
a 160 197 9
a 160 81 11
a 160 1 6
a 160 44 16
a 160 194 14
a 160 148 4
a 160 188 19
a 160 129 4
a 160 102 6
a 160 153 17
a 160 191 18
a 160 76 12
a 160 113 17
a 160 135 1
a 160 59 7
a 160 132 1
a 161 162 7
a 161 100 10
a 161 121 9
a 161 84 19
a 161 74 12
a 161 123 5
a 161 28 11
a 161 48 3
a 161 54 10
a 161 176 19
a 161 8 5
a 161 195 10
a 161 10 10
a 161 99 8
a 161 112 18
a 161 104 15
a 161 174 17
a 161 127 5
a 161 173 13
a 161 6 6
a 161 59 16
a 161 156 2
a 161 169 5
a 161 185 16
a 161 62 8
a 162 163 15
a 162 83 10
a 162 100 4
a 162 89 16
a 162 60 17
a 162 197 10
a 162 92 5
a 162 97 10
a 162 23 15
a 162 156 17
a 162 9 1
a 162 86 11
a 162 25 16
a 163 164 4
a 163 156 3
a 163 199 15
a 163 55 10
a 163 110 14
a 163 104 1
a 163 79 6
a 163 144 4
a 163 29 10
a 163 145 8
a 163 98 5
a 163 178 1
a 163 198 19
a 163 75 19
a 163 19 15
a 163 196 9
a 163 37 4
a 163 165 13
a 163 175 1
a 163 72 17
a 163 129 7
a 163 120 14
a 163 24 18
a 164 165 3
a 164 85 5
a 164 66 3
a 164 107 3
a 164 179 11
a 164 135 16
a 164 150 5
a 164 61 3
a 164 59 7
a 164 192 9
a 164 93 19
a 164 60 3
a 164 166 15
a 164 14 14
a 164 47 15
a 164 191 19
a 164 193 16
a 164 168 5
a 164 160 2
a 164 114 19
a 164 80 2
a 165 166 15
a 165 122 12
a 165 66 13
a 165 124 10
a 165 186 11
a 165 157 3
a 165 115 2
a 165 118 11
a 165 79 11
a 165 125 19
a 165 129 13
a 165 84 10
a 165 72 2
a 166 167 6
a 166 40 3
a 166 162 18
a 166 78 8
a 166 70 1
a 166 103 4
a 166 82 17
a 166 75 14
a 166 190 17
a 166 4 1
a 166 188 7
a 166 149 8
a 166 127 12
a 166 5 3
a 166 140 4
a 166 191 3
a 166 89 12
a 166 67 2
a 166 142 10
a 166 26 1
a 166 157 19
a 166 164 10
a 166 19 19
a 166 138 10
a 167 168 11
a 167 177 3
a 167 1 7
a 167 9 16
a 167 113 11
a 167 41 1
a 167 117 7
a 167 183 15
a 167 19 16
a 167 111 8
a 167 194 11
a 167 129 7
a 167 77 17
a 167 112 3
a 167 31 10
a 167 50 15
a 167 165 17
a 167 32 11
a 167 154 7
a 167 93 8
a 167 116 15
a 167 153 8
a 167 48 11
a 168 169 6
a 168 47 1
a 168 194 4
a 168 173 4
a 168 45 16
a 168 149 13
a 168 88 3
a 168 193 5
a 168 174 3
a 168 78 10
a 168 12 13
a 168 50 16
a 168 125 9
a 168 126 1
a 168 51 3
a 168 151 13
a 168 97 7
a 168 15 15
a 168 70 14
a 168 42 12
a 168 161 1
a 168 37 1
a 168 155 7
a 168 118 4
a 168 144 19
a 168 132 18
a 169 170 17
a 169 198 2
a 169 43 8
a 169 155 18
a 169 26 12
a 169 89 2
a 169 131 1
a 169 47 8
a 169 20 19
a 169 48 4
a 169 21 4
a 169 87 16
a 169 128 10
a 169 71 7
a 169 194 18
a 169 19 17
a 169 166 15
a 169 62 8
a 169 18 8
a 169 113 2
a 169 22 6
a 169 118 5
a 169 105 12
a 169 167 9
a 169 97 11
a 170 171 15
a 170 194 4
a 170 51 19
a 170 134 17
a 170 187 10
a 170 44 10
a 170 117 5
a 170 199 14
a 170 153 7
a 170 9 10
a 170 156 18
a 170 73 6
a 170 1 10
a 170 166 14
a 170 28 1
a 170 158 14
a 170 152 6
a 170 167 16
a 170 96 16
a 170 140 7
a 170 61 8
a 170 154 19
a 170 159 1
a 170 189 10
a 171 172 9
a 171 98 17
a 171 62 15
a 171 68 19
a 171 64 10
a 171 1 15
a 171 128 12
a 171 187 13
a 171 130 2
a 171 148 12
a 171 82 14
a 171 126 16
a 171 71 13
a 171 132 19
a 171 107 10
a 171 21 16
a 171 5 5
a 171 167 6
a 171 60 15
a 172 173 3
a 172 83 11
a 172 127 6
a 172 154 19
a 172 63 2
a 172 2 11
a 172 12 18
a 172 188 10
a 172 15 7
a 172 34 10
a 172 151 11
a 172 118 3
a 172 125 1
a 172 148 16
a 172 55 14
a 172 175 7
a 172 120 11
a 172 130 5
a 172 140 5
a 172 88 3
a 172 110 7
a 172 107 3
a 172 89 6
a 172 87 3
a 172 6 6
a 172 93 9
a 173 174 17
a 173 39 19
a 173 122 18
a 173 175 6
a 173 107 15
a 173 10 12
a 173 197 17
a 173 139 15
a 173 81 9
a 173 68 18
a 173 59 16
a 173 53 9
a 173 42 11
a 173 183 4
a 173 187 12
a 173 71 16
a 173 51 4
a 173 191 14
a 174 175 9
a 174 42 16
a 174 8 15
a 174 39 13
a 174 167 16
a 174 146 11
a 174 183 3
a 174 59 3
a 174 27 18
a 174 193 7
a 174 199 16
a 174 116 11
a 174 155 3
a 174 46 9
a 174 129 5
a 174 38 13
a 174 186 4
a 174 2 9
a 175 176 10
a 175 37 14
a 175 172 10
a 175 178 18
a 175 101 19
a 175 88 19
a 175 177 18
a 175 50 12
a 175 77 4
a 175 56 1
a 175 4 2
a 175 54 11
a 175 157 17
a 175 78 12
a 175 199 3
a 175 27 13
a 176 177 11
a 176 164 12
a 176 126 13
a 176 162 18
a 176 179 10
a 176 32 13
a 176 77 13
a 176 27 10
a 176 178 9
a 176 6 1
a 176 109 14
a 176 198 12
a 176 81 19
a 176 3 6
a 176 157 8
a 176 114 3
a 176 71 14
a 176 183 3
a 176 136 10
a 176 14 15
a 177 178 17
a 177 126 17
a 177 65 13
a 177 30 15
a 177 117 10
a 177 98 17
a 177 19 12
a 177 58 15
a 177 46 15
a 177 161 10
a 177 113 11
a 177 100 18
a 177 118 9
a 177 76 4
a 178 179 1
a 178 80 12
a 178 112 17
a 178 24 10
a 178 103 19
a 178 137 6
a 178 163 18
a 178 129 2
a 178 113 4
a 178 31 15
a 178 164 5
a 178 182 8
a 178 154 4
a 178 120 15
a 178 122 18
a 178 131 5
a 178 193 10
a 178 7 5
a 179 180 10
a 179 35 18
a 179 161 4
a 179 149 8
a 179 144 7
a 179 111 17
a 179 131 10
a 179 44 14
a 179 87 7
a 179 46 14
a 179 24 8
a 179 31 15
a 179 124 19
a 179 192 12
a 179 18 4
a 179 154 16
a 179 22 9
a 179 81 11
a 179 122 16
a 179 126 9
a 179 138 6
a 179 128 5
a 180 181 10
a 180 77 3
a 180 121 16
a 180 184 13
a 180 58 2
a 180 48 2
a 180 178 5
a 180 175 9
a 180 33 4
a 180 89 14
a 180 43 17
a 180 199 13
a 180 69 10
a 180 3 6
a 180 91 10
a 180 108 19
a 180 57 16
a 180 44 14
a 180 62 19
a 181 182 8
a 181 136 6
a 181 70 14
a 181 119 10
a 181 11 8
a 181 178 19
a 181 12 8
a 181 63 12
a 181 163 16
a 181 89 14
a 181 3 8
a 181 165 8
a 181 191 13
a 181 51 19
a 181 4 15
a 181 106 1
a 181 150 15
a 181 47 2
a 182 183 9
a 182 137 5
a 182 58 18
a 182 195 12
a 182 87 16
a 182 112 16
a 182 148 5
a 182 44 13
a 182 166 17
a 182 4 17
a 182 173 18
a 182 1 9
a 182 40 9
a 182 167 14
a 182 69 12
a 182 28 15
a 182 135 6
a 182 103 4
a 182 92 1
a 182 116 17
a 183 184 1
a 183 155 6
a 183 15 16
a 183 126 8
a 183 39 12
a 183 3 16
a 183 137 7
a 183 112 12
a 183 99 11
a 183 48 14
a 183 163 16
a 183 144 4
a 183 191 5
a 183 174 17
a 183 49 9
a 183 187 15
a 183 105 3
a 183 142 16
a 183 67 3
a 183 77 6
a 184 185 19
a 184 148 18
a 184 136 13
a 184 3 3
a 184 115 14
a 184 52 6
a 184 14 4
a 184 144 6
a 184 116 11
a 184 189 5
a 184 125 10
a 184 101 9
a 184 6 8
a 184 123 19
a 184 67 18
a 184 40 3
a 184 84 2
a 184 5 12
a 184 17 19
a 185 186 19
a 185 98 12
a 185 106 10
a 185 2 6
a 185 49 17
a 185 182 17
a 185 67 4
a 185 119 14
a 185 169 17
a 185 4 13
a 185 101 1
a 185 97 18
a 185 176 18
a 185 93 4
a 185 51 15
a 185 45 13
a 185 30 7
a 185 82 6
a 185 53 12
a 185 27 4
a 186 187 8
a 186 96 17
a 186 46 15
a 186 17 5
a 186 59 17
a 186 140 2
a 186 49 18
a 186 19 19
a 186 169 10
a 186 129 10
a 186 99 8
a 186 11 9
a 186 162 16
a 186 12 7
a 186 181 8
a 186 69 12
a 186 177 16
a 186 57 5
a 186 76 9
a 186 145 6
a 187 188 19
a 187 43 17
a 187 17 7
a 187 50 17
a 187 194 10
a 187 124 6
a 187 183 3
a 187 32 7
a 187 20 7
a 187 126 2
a 187 45 6
a 187 59 10
a 187 142 9
a 187 154 15
a 187 23 13
a 187 29 3
a 187 92 2
a 187 64 10
a 187 138 3
a 187 28 7
a 187 176 1
a 187 44 14
a 188 189 19
a 188 160 7
a 188 150 18
a 188 75 1
a 188 162 11
a 188 34 1
a 188 23 9
a 188 172 2
a 188 24 13
a 188 191 9
a 188 110 19
a 188 114 1
a 188 141 4
a 188 10 1
a 188 82 17
a 188 50 7
a 188 109 15
a 188 161 5
a 188 120 15
a 188 183 13
a 188 175 17
a 188 44 3
a 188 181 5
a 189 190 9
a 189 68 15
a 189 19 9
a 189 123 2
a 189 40 4
a 189 164 11
a 189 195 1
a 189 173 14
a 189 83 12
a 189 155 9
a 189 116 4
a 189 129 12
a 189 134 17
a 189 102 14
a 189 144 1
a 189 150 3
a 189 99 18
a 190 191 14
a 190 176 12
a 190 101 6
a 190 77 8
a 190 133 17
a 190 54 2
a 190 178 7
a 190 173 5
a 190 197 4
a 190 70 12
a 190 161 7
a 190 172 1
a 190 92 10
a 190 3 3
a 190 44 15
a 190 104 9
a 191 192 14
a 191 190 17
a 191 22 7
a 191 85 13
a 191 83 2
a 191 139 17
a 191 38 11
a 191 35 19
a 191 75 10
a 191 28 19
a 191 11 9
a 191 110 11
a 191 129 8
a 192 193 7
a 192 95 15
a 192 28 17
a 192 7 11
a 192 123 9
a 192 182 6
a 192 151 2
a 192 24 3
a 192 37 10
a 192 162 9
a 192 179 19
a 192 146 7
a 192 86 11
a 192 53 4
a 192 38 16
a 192 155 2
a 192 117 1
a 192 177 6
a 192 135 5
a 192 161 9
a 193 194 2
a 193 13 7
a 193 23 5
a 193 64 1
a 193 142 9
a 193 128 3
a 193 36 12
a 193 115 1
a 193 4 9
a 193 107 12
a 194 195 18
a 194 108 7
a 194 2 13
a 194 167 2
a 194 74 18
a 194 103 3
a 194 76 4
a 194 84 5
a 194 182 18
a 194 91 10
a 194 144 19
a 194 166 14
a 194 55 4
a 194 106 14
a 194 173 9
a 194 62 19
a 194 90 14
a 194 125 11
a 194 179 15
a 194 114 2
a 194 31 10
a 194 32 5
a 194 38 18
a 194 89 12
a 194 68 2
a 194 115 15
a 194 86 3
a 194 159 1
a 194 37 11
a 195 196 16
a 195 160 4
a 195 53 18
a 195 30 17
a 195 185 15
a 195 108 10
a 195 65 10
a 195 20 5
a 195 177 11
a 195 119 2
a 195 13 18
a 195 38 3
a 195 131 17
a 195 42 15
a 195 110 5
a 195 27 6
a 195 7 18
a 195 17 7
a 195 172 6
a 195 147 17
a 195 190 16
a 195 22 19
a 195 175 10
a 195 157 11
a 196 197 6
a 196 136 2
a 196 110 12
a 196 135 18
a 196 128 4
a 196 189 18
a 196 162 1
a 196 153 2
a 196 60 14
a 196 66 8
a 196 114 15
a 196 95 16
a 196 192 1
a 196 199 16
a 196 72 7
a 196 123 4
a 196 7 9
a 196 31 7
a 196 183 5
a 196 63 1
a 196 5 1
a 197 198 3
a 197 86 18
a 197 157 16
a 197 120 7
a 197 168 4
a 197 27 9
a 197 126 10
a 197 96 5
a 197 97 11
a 197 81 17
a 197 187 7
a 197 50 2
a 197 145 2
a 197 37 5
a 197 184 17
a 197 177 19
a 197 128 19
a 197 108 18
a 197 195 13
a 198 199 11
a 198 147 11
a 198 113 14
a 198 117 1
a 198 63 18
a 198 160 16
a 198 151 9
a 198 14 4
a 198 135 18
a 198 129 9
a 198 111 7
a 198 78 6
a 198 75 11
a 198 163 15
a 198 65 15
a 198 53 8
a 198 29 9
a 198 139 16
a 198 128 6
a 198 174 18
a 198 93 15
a 198 34 7
a 198 89 19
a 198 164 6
a 198 192 7
a 198 52 7
a 198 104 18
c 40 126 62 43 154
c 136 152 102 44 93
c 77 80 184 5 82
c 122 82 140 63 121
c 117 151 196 192 134
c 83 84 22 131 167
c 7 113 196 72 84
c 62 43 149 107 154
c 129 2 89 90 171
c 137 14 115 22 78
c 97 64 191 85 77
c 66 120 39 180 78
c 67 99 105 61 162
c 183 49 3 127 155
c 39 57 37 39 170
c 166 142 105 45 112
c 180 108 136 123 82
c 23 151 192 179 83
c 137 185 46 137 100
c 125 63 107 151 142
c 123 53 183 3 82
c 90 107 58 156 102
c 16 152 72 35 158
c 39 133 86 18 92
c 86 144 7 151 173
c 186 76 4 172 150
c 189 83 57 64 165
c 104 4 117 9 156
c 141 156 112 18 108
c 72 171 133 188 153
c 193 4 178 164 115
c 19 182 90 66 159
c 60 108 0 64 82
c 123 90 49 122 89
c 140 199 129 191 79
c 65 148 115 92 163
c 129 158 176 183 132
c 192 37 4 182 132
c 84 82 69 44 87
c 90 21 196 199 163
c 54 38 29 130 84
c 163 145 77 126 134
c 58 118 22 198 116
c 64 37 87 16 90
c 114 40 83 160 131
c 46 44 20 136 152
c 67 14 54 62 98
c 44 176 146 70 126
c 160 191 154 68 82
c 123 53 122 173 95
c 141 169 93 4 132
c 152 107 37 39 174
c 39 23 56 35 119
c 109 88 174 39 166
c 180 121 49 41 164
c 152 148 159 177 117
c 102 103 193 194 116
c 47 86 84 197 100
c 62 135 25 26 163
c 83 16 72 148 135
c 185 27 178 179 143
c 152 35 175 37 139
c 51 79 97 111 161
c 83 35 126 110 75
c 8 182 24 20 129
c 90 91 124 178 94
c 183 144 175 172 154
c 170 134 189 19 136
c 36 132 181 63 78
c 128 117 163 175 142
c 10 25 53 13 129
c 163 196 120 86 110
c 28 38 142 140 92
c 175 54 147 148 125
c 62 162 166 82 106
c 110 29 89 46 171
c 110 38 84 199 91
c 95 11 178 113 150
c 146 87 177 126 101
c 78 67 107 4 131
c 106 33 155 156 172
c 21 187 155 14 89
c 86 177 171 62 156
c 185 45 28 65 145
c 83 170 153 193 127
c 75 13 133 10 95
c 102 75 152 90 77
c 12 44 144 69 121
c 41 121 180 62 167
c 131 89 14 67 168
c 196 110 179 18 142
c 159 46 112 188 123
c 134 194 172 89 172
c 62 124 58 118 132
c 193 23 175 101 161
c 69 191 88 22 117
c 172 87 51 110 137
c 72 60 195 119 130
c 164 192 103 94 105
c 99 6 74 62 131
c 12 182 122 84 84
c 198 29 82 91 84
c 39 178 67 104 98
c 135 57 21 48 80
c 72 191 135 61 87
c 119 187 181 191 89
c 111 19 72 123 137
c 102 148 38 186 134
c 99 51 93 108 166
c 119 190 46 85 160
c 82 194 154 68 117
c 11 176 80 125 152
c 144 177 140 126 83
c 153 97 81 185 113
c 152 70 123 124 127
c 95 140 56 14 123
c 100 85 145 53 151
c 154 63 37 129 130
c 151 31 52 109 124
c 147 135 180 62 135
c 83 56 151 31 154
c 144 36 116 186 157
c 184 40 132 104 174
c 192 38 197 86 87
c 85 32 130 112 82
c 39 178 168 88 84
c 89 4 37 27 88
c 194 195 9 141 170
c 130 16 176 177 151
c 79 80 47 48 130
c 58 109 80 94 158
c 156 2 189 68 114
c 153 1 7 181 87
c 75 51 24 96 122
c 49 65 55 42 104
c 2 46 78 52 81
c 96 27 196 72 146
c 173 42 148 109 146
c 50 12 136 56 128
c 168 51 95 159 174
c 195 110 177 118 171
c 88 89 63 120 91
c 67 11 160 59 75
c 0 34 163 72 127
c 23 108 83 95 134
c 117 74 132 148 152
c 62 94 25 67 140
c 169 105 88 56 79
c 195 185 161 59 138
c 88 180 195 160 89
c 107 94 84 172 149
c 49 188 10 24 135
c 11 12 167 50 162
c 7 42 152 148 96
c 5 194 79 70 145
c 194 114 121 136 115
c 63 175 113 1 105
c 176 114 18 149 81
c 151 31 195 7 115
c 102 164 15 69 92
c 98 105 49 53 141
c 176 126 124 91 140
c 176 114 195 108 108
c 156 187 174 59 157
c 24 5 72 148 147
c 49 195 97 111 156
c 5 46 49 41 159
c 49 50 27 156 108
c 85 3 72 35 78
c 92 82 169 21 111
c 154 94 101 135 87
c 43 74 56 7 93
c 141 165 41 98 140
c 3 113 15 140 110
c 15 186 125 150 174
c 99 175 39 40 164
c 69 53 82 23 84
c 182 44 41 98 111
c 157 85 117 71 170
c 59 117 154 174 143
c 134 157 172 87 113
c 179 180 60 61 93
c 86 92 134 36 115
c 66 84 192 162 75
c 83 170 65 149 106
c 186 19 59 29 131
c 43 165 20 135 173
c 164 93 191 38 134
c 132 1 107 124 75
c 197 126 163 19 112
c 88 89 165 66 128
c 117 23 196 114 88
c 167 1 123 117 94
c 2 57 63 133 108
c 74 142 90 121 95
c 83 60 168 169 162
c 70 19 0 49 129
c 182 112 20 76 114
c 94 133 50 66 115
c 185 101 132 56 125
c 56 8 115 15 88
c 102 69 25 171 112
c 168 193 123 141 86
c 133 49 25 10 162
c 154 197 77 4 78
c 168 161 147 146 79
c 109 38 9 175 146
c 112 18 25 37 79
c 58 179 140 20 147
c 142 17 94 178 76
c 141 135 44 45 84
c 129 50 55 43 110
c 166 191 161 62 84
c 20 48 179 128 159
c 188 161 124 153 119
c 178 122 158 21 160
c 164 61 47 27 109
c 88 68 170 96 161
c 163 55 134 92 168
c 44 111 174 27 144
c 194 106 129 58 86
c 113 67 88 109 120
c 157 88 71 72 144
c 28 136 71 192 107
c 100 143 195 131 143
c 161 28 85 4 106
c 109 38 57 143 121
c 115 168 0 17 95
c 118 198 162 60 109
c 23 120 62 124 137
c 146 117 152 119 156
c 113 188 4 116 77
c 50 185 145 91 172
c 65 78 13 132 111
c 40 178 55 116 78
c 11 7 145 91 172
c 162 25 29 168 155
c 164 60 96 88 172
c 144 160 198 117 152
c 56 18 121 99 92
c 185 4 80 91 117
c 36 160 153 114 161
c 175 78 61 23 168
c 57 142 186 99 89
c 82 186 53 13 169
c 99 6 26 163 85
c 186 162 92 165 142
c 12 94 93 94 130
c 61 144 173 53 121
c 61 44 42 88 173
c 64 33 35 31 141
c 117 182 14 131 105
c 186 96 118 171 118
c 114 115 125 117 113
c 126 125 55 106 122
c 9 97 47 83 89
c 37 111 57 32 168
c 144 79 186 17 78
c 146 166 165 115 147
c 54 55 148 149 107
c 38 161 90 35 96
c 175 177 9 19 123
c 4 84 190 173 169
c 25 63 97 64 159
c 140 51 181 70 141
c 148 23 145 173 163
c 10 70 58 75 143
c 103 44 65 186 129
c 152 179 152 70 171
c 152 90 138 122 157
c 2 140 137 67 80
c 17 37 16 57 94
c 79 103 85 148 101
c 181 11 39 65 146
c 65 92 39 65 158
c 18 117 147 64 101
c 195 108 176 6 157
c 137 48 45 180 141
c 150 19 49 172 168
c 9 19 127 185 130
c 184 148 163 129 165
c 98 65 13 81 140
c 83 170 39 185 140
c 27 57 198 65 79
c 87 77 53 131 149
c 44 111 127 60 137
c 181 178 183 126 89
c 84 83 191 35 116
c 160 194 127 134 106
c 70 19 192 95 174
c 35 20 187 154 96
c 55 178 142 143 104
c 189 190 133 37 82
c 153 97 169 62 124
c 73 95 47 78 75
c 92 182 107 128 89
c 52 198 33 177 101
c 115 15 98 105 99
c 163 55 196 95 112
c 157 43 111 46 101
c 81 185 23 87 101
c 194 68 192 161 144
c 109 84 72 64 118
c 86 192 75 13 126
c 127 13 149 83 124
c 131 86 195 17 143
c 177 58 198 151 116
c 80 188 143 63 105
c 47 86 125 88 153
c 186 96 81 34 116
c 97 90 145 162 158
c 42 43 184 40 170
c 54 61 22 173 85
c 88 56 132 156 102
c 46 91 178 31 170
c 164 160 153 1 127
c 195 157 63 88 173
c 60 38 174 59 121
c 19 144 47 7 85
c 108 28 79 154 122
c 86 23 15 89 85
c 147 172 69 47 124
c 184 125 187 23 82
c 154 106 161 173 76
c 135 56 95 159 141
c 72 74 66 88 97
c 180 178 130 195 101
c 84 199 130 195 128
c 188 24 194 179 172
c 163 104 170 73 107
c 67 180 62 162 101
c 132 161 101 14 169
c 89 140 188 150 145
c 158 189 152 90 98
c 172 63 93 196 132
c 89 46 22 94 99
c 179 131 115 105 76
c 100 105 182 167 94
c 127 198 125 187 78
c 116 27 82 23 159
c 194 37 74 178 174
c 125 175 156 187 126
c 170 51 167 154 121
c 181 191 62 135 156
c 126 72 4 170 87
c 9 80 116 36 119
c 140 191 38 141 108
c 22 173 125 107 143
c 114 196 62 144 167
c 183 191 115 111 142
c 117 118 126 103 96
c 90 110 152 107 139
c 126 72 170 96 79
c 108 153 8 130 87
c 30 43 170 171 169
c 85 4 119 128 125
c 168 174 189 150 169
c 23 8 68 24 174
c 61 168 105 107 135
c 93 91 156 2 136
c 105 87 31 32 121
c 144 78 33 131 78
c 113 122 37 38 102
c 28 129 147 59 112
c 117 136 109 37 174
c 77 134 25 26 110
c 198 29 73 59 115
c 36 160 27 58 137
c 63 88 81 103 168
c 58 182 182 167 159
c 43 47 55 100 166
c 172 140 159 177 165
c 148 94 80 102 171
c 16 125 155 165 77
c 162 25 84 172 96
c 127 11 165 125 78
c 23 107 6 47 158
c 45 105 92 54 162
c 23 134 10 91 129
c 153 22 144 37 171
c 198 164 86 197 92
c 59 157 38 186 157
c 44 106 107 13 115
c 181 178 103 154 105
c 115 177 172 2 75
c 110 12 195 27 168
c 180 3 109 38 109
c 128 117 191 192 172
c 187 124 190 172 76
c 188 191 189 116 144
c 78 115 21 101 138
c 95 11 87 17 157
c 80 125 111 194 145
c 72 152 124 47 136
c 46 122 109 16 96
c 61 179 187 20 127
c 154 125 170 189 95
c 163 72 13 118 173
c 6 188 160 110 104
c 38 175 118 9 155
c 178 24 101 51 139
c 86 23 44 111 113
c 87 142 72 123 117
c 20 21 156 124 103
c 178 154 31 150 169
c 28 87 103 182 93
c 152 106 6 177 125
c 198 164 25 86 118
c 196 162 9 35 102
c 13 25 82 33 127
c 55 100 154 149 149
c 176 164 76 113 127
c 162 83 42 100 131
c 85 125 151 68 144
c 1 28 196 183 154
c 102 80 35 59 149
c 86 40 7 14 84
c 130 16 140 170 76
c 0 195 129 50 136
c 159 160 4 5 148
c 65 24 113 183 136
c 58 95 157 48 95
c 152 90 5 6 125
c 51 100 85 86 134
c 139 50 198 52 161
c 145 165 151 95 92
c 56 71 106 147 105
c 38 190 22 23 158
c 196 197 3 51 151
c 140 120 7 42 138
c 54 38 181 11 132
c 46 12 101 51 86
c 93 182 189 83 103
c 122 123 29 140 173
c 196 135 122 104 149
c 181 136 93 197 141
c 148 104 88 59 114
c 140 165 8 150 145
c 133 55 74 109 124
c 56 7 151 31 101
c 30 31 110 29 78
c 43 174 164 192 84
c 47 7 88 108 144
c 119 187 20 89 145
c 34 58 131 169 157
c 16 80 13 7 130
c 18 1 72 161 79
c 155 6 35 25 79
c 145 167 76 104 93
c 119 164 165 125 154
c 186 19 176 81 153
c 130 55 168 78 94
c 57 120 27 19 125
c 195 42 135 136 168
c 112 188 9 50 139
c 112 178 32 40 97
c 107 108 155 104 172
c 181 63 66 182 85
c 127 196 45 102 144
c 9 140 147 48 147
c 48 92 85 11 156
c 2 46 133 10 161
c 90 21 116 186 174
c 112 6 138 150 128
c 165 122 176 183 130
c 168 50 119 133 106
c 63 5 140 120 144
c 4 48 88 2 97
c 185 49 162 86 79
c 192 95 163 37 142
c 112 113 23 138 152
c 20 27 167 177 124
c 111 164 9 54 141
c 91 174 106 33 162
c 62 43 105 87 82
c 49 158 180 48 83
c 29 168 146 130 143
c 68 60 177 113 166
c 125 82 179 35 169
c 81 169 23 134 161
c 81 60 167 194 167
c 4 178 78 58 116
c 28 158 65 58 137
c 65 186 195 160 137
c 144 56 195 119 166
c 112 127 94 133 107
c 3 95 196 153 138
c 46 12 198 160 106
c 150 151 138 189 132
c 82 83 185 49 105
c 128 176 71 133 127
c 56 35 106 194 119
c 23 126 44 20 139
c 169 26 60 61 145
c 192 37 168 42 143
c 100 138 83 13 157
c 173 187 87 156 96
c 117 80 171 172 144
c 139 11 21 108 130
c 21 195 33 101 89
c 7 117 185 106 87
c 157 107 93 143 107
c 65 66 38 154 100
c 69 126 192 135 160
c 170 117 134 172 170
c 149 83 158 116 90
c 122 84 160 44 91
c 50 37 45 54 108
c 134 138 68 138 129
c 39 187 80 94 128
c 105 87 129 183 172
c 74 177 134 92 98
c 154 45 168 88 128
c 189 19 50 37 162
c 139 153 43 74 159
c 162 197 39 133 169
c 125 107 161 28 145
c 134 163 152 146 99
c 105 185 36 128 172
c 49 154 154 92 149
c 44 167 186 69 140
c 125 80 166 26 135
c 135 91 3 51 144
c 46 17 52 53 101
c 56 4 23 126 105
c 12 55 140 150 151
c 145 162 164 60 142
c 151 104 29 88 99
c 92 98 132 171 159
c 10 155 72 32 172
c 116 117 119 178 157
c 135 41 170 159 85
c 22 189 78 36 164
c 29 6 126 43 162
c 144 192 178 113 144
c 117 9 46 23 135
c 193 142 87 138 91
c 70 150 174 27 115
c 126 4 196 5 137
c 35 59 55 51 166
c 95 193 130 112 160
c 47 83 64 99 160
c 176 81 41 168 88
c 147 93 0 49 161
c 57 32 61 107 102
c 192 95 7 181 153
c 126 43 64 167 84
c 177 126 154 121 100
c 12 89 180 184 148
c 45 129 195 13 91
c 169 47 169 118 129
c 39 131 185 51 89
c 192 135 80 90 119
c 19 40 80 94 91
c 119 104 168 173 156
c 42 191 8 66 122
c 178 129 178 24 101
c 49 149 53 54 86
c 129 23 164 150 162
c 18 117 143 54 88
c 48 63 29 168 155
c 166 75 13 22 117
c 44 150 171 107 147
c 49 178 28 65 132
c 127 34 25 67 116
c 32 35 127 198 170
c 77 41 144 68 151
c 1 121 169 97 125
c 40 140 30 118 110
c 54 13 3 60 99
c 114 73 198 117 121
c 169 19 117 52 79
c 191 110 181 150 152
c 139 153 85 11 166
c 125 158 107 190 76
c 117 182 14 26 131
c 167 19 30 31 166
c 66 120 96 97 117
c 102 44 66 86 93
c 192 177 175 77 80
c 196 192 138 174 149
c 18 112 87 50 83
c 72 13 19 125 110
c 58 118 89 36 109
c 97 54 106 137 133
c 165 186 78 99 171
c 19 63 109 151 97
c 166 40 125 175 148
c 19 13 78 63 145
c 143 30 129 26 170
c 158 32 145 32 115
c 15 64 10 199 89
c 46 60 110 38 89
c 27 80 195 7 142
c 126 22 133 134 133
c 96 115 0 121 94
c 49 120 117 182 138
c 52 198 49 154 145
c 80 15 67 180 122
c 183 137 66 64 108
c 190 77 153 141 171
c 137 130 55 151 83
c 49 70 139 31 162
c 106 61 12 38 102
c 15 102 158 116 105
c 126 160 144 184 134
c 164 114 47 181 107
c 154 105 179 126 147
c 36 130 72 105 112
c 58 103 84 60 112
c 79 192 183 184 88
c 172 127 133 162 98
c 55 44 198 135 87
c 128 178 2 189 160
c 82 3 198 139 127
c 80 14 146 40 80
c 99 7 82 81 136
c 147 128 172 55 75
c 143 88 125 166 102
c 187 50 143 63 166
c 30 118 53 148 95
c 40 179 113 127 145
c 141 108 84 83 134
c 150 164 193 107 172
c 108 100 190 3 128
c 8 125 48 14 140
c 123 50 10 153 88
c 45 72 103 4 95
c 82 49 24 5 147
c 186 181 104 21 151
c 44 167 37 185 116
c 6 74 166 157 128
c 111 46 31 8 149
c 108 105 36 115 171
c 74 28 149 31 98
c 23 148 2 91 137
c 10 154 166 167 174
c 178 182 149 132 163
c 130 67 180 57 75
c 146 66 36 149 101
c 59 154 7 13 94
c 82 3 50 71 104
c 44 167 192 117 80
c 122 3 178 193 139
c 144 154 176 198 135
c 180 178 86 172 99
c 146 183 188 161 165
c 76 104 43 174 99
c 192 179 148 167 104
c 28 192 70 116 79
c 189 40 184 6 128
c 194 167 96 119 81
c 34 61 172 188 157
c 0 17 187 176 172
c 49 178 35 136 127
c 173 59 82 75 122
c 179 126 191 139 161
c 71 78 34 142 75
c 76 130 21 199 153
c 185 93 49 120 145
c 26 172 116 55 157
c 105 106 24 96 79
c 15 16 24 133 151
c 23 16 121 148 127
c 41 86 147 182 75
c 132 43 192 179 167
c 147 41 22 27 144
c 86 87 30 31 120
c 87 134 96 116 117
c 31 158 81 82 153
c 4 54 173 183 168
c 93 152 113 40 123
c 45 22 187 138 119
c 117 151 51 87 108
c 197 195 195 22 95
c 71 9 148 94 108
c 137 110 105 80 173
c 77 67 72 179 79
c 23 111 170 73 93
c 98 193 96 119 143
c 117 9 45 157 116
c 155 156 90 194 147
c 24 55 40 91 135
c 18 149 9 140 92
c 36 149 166 140 121
c 36 179 183 126 78
c 12 16 109 16 147
c 100 80 114 33 162
c 113 68 148 109 121
c 133 169 152 60 93
c 188 181 187 29 167
c 99 7 41 86 81
c 143 15 13 99 158
c 190 178 59 81 81
c 133 188 104 47 140
c 148 61 183 191 77
c 20 122 132 28 150
c 159 11 169 19 162
c 55 40 59 60 137
c 16 80 62 49 171
c 87 142 57 64 138
c 80 44 81 34 172
c 116 150 136 25 80
c 86 139 158 181 100
c 116 186 86 161 106
c 69 47 47 7 97
c 124 179 189 129 158
c 35 133 82 199 132
c 133 97 93 151 138
c 188 50 187 126 163
c 54 26 67 104 96
c 82 49 141 142 138
c 75 95 155 104 141
c 60 166 176 32 140
c 140 142 9 175 81
c 52 131 19 174 148
c 160 102 154 168 124
c 88 106 195 38 82
c 175 4 146 104 103
c 90 168 41 40 167
c 92 27 51 194 156
c 54 124 144 52 138
c 161 6 50 198 104
c 101 47 193 64 94
c 32 144 41 179 152
c 149 41 82 49 91
c 19 87 32 149 149
c 135 41 16 17 126
c 70 157 115 194 165
c 81 36 98 99 150
c 2 143 91 92 120
c 60 15 176 178 98
c 143 180 155 15 82
c 50 191 154 197 98
c 69 120 112 127 80
c 122 65 9 10 82
c 58 182 0 177 160
c 3 158 86 129 138
c 72 179 153 83 135
c 153 166 148 179 129
c 20 76 3 158 93
c 8 9 128 70 169
c 140 150 96 31 124
c 36 149 98 189 93
c 44 172 190 172 137
c 22 17 115 145 127
c 86 53 192 38 165
c 77 134 72 161 134
c 39 180 45 50 94
c 121 105 148 78 135
c 186 17 77 128 103
c 196 197 63 94 153
c 135 61 38 83 151
c 39 115 51 20 136
c 71 166 64 168 148
c 22 10 124 65 81
c 78 63 6 150 140
c 9 50 90 66 107
c 87 49 36 83 131
c 10 16 187 43 129
c 164 135 165 66 148
c 36 85 174 129 82
c 1 121 105 73 123
c 91 174 14 169 107
c 51 79 35 136 127
c 39 196 128 70 80
c 89 46 39 133 165
c 166 26 148 24 131
c 175 101 16 23 134
c 189 144 186 57 120
c 126 102 52 109 115
c 6 63 117 18 87
c 197 128 20 136 110
c 105 36 102 80 167
c 14 40 68 138 131
c 26 73 32 102 130
c 46 44 192 123 142
c 109 39 76 129 166
c 121 9 137 165 139
c 194 195 15 68 120
c 118 149 156 187 98
c 111 105 136 137 136
c 127 143 30 120 75
c 8 174 48 119 124
c 146 115 49 188 102
c 41 174 79 71 147
c 41 152 106 107 95
c 48 82 115 92 156
c 103 40 105 129 170
c 28 129 52 154 156
c 111 46 168 37 172
c 103 50 163 156 115
c 121 127 157 43 81
c 1 150 103 194 138
c 88 109 57 167 79
c 139 90 158 159 140
c 100 101 148 24 164
c 125 175 37 12 169
c 180 181 131 169 164
c 169 18 180 178 79
c 22 105 3 82 161
c 85 4 77 86 111
c 90 35 144 52 104
c 168 194 61 122 104
c 18 149 132 13 111
c 138 142 145 119 154
c 168 47 163 198 76
c 196 123 64 121 122
c 61 27 73 184 158
c 183 105 8 66 112
c 8 182 155 144 134
c 116 36 79 12 160
c 154 70 16 137 97
c 40 41 53 130 116
c 138 10 76 130 159
c 148 149 69 126 171
c 69 126 56 14 148
c 96 119 39 94 131
c 187 32 114 33 167
c 122 24 74 142 160
c 145 151 113 10 142
c 45 89 185 169 149
c 62 37 86 103 146
c 64 17 142 183 173
c 48 199 116 147 142
c 117 9 61 144 158
c 117 40 1 112 80
c 38 64 186 145 105
c 66 149 153 31 141
c 52 194 170 73 107
c 15 186 104 105 154
c 5 52 121 105 144
c 28 12 55 151 129
c 43 67 56 45 94
c 129 78 182 44 125
c 162 156 23 126 89
c 139 140 159 122 117
c 16 90 167 111 98
c 42 45 181 178 116
c 6 7 16 137 129
c 75 40 137 39 125
c 169 155 66 158 99
c 66 21 147 146 163
c 131 86 125 71 78
c 31 158 173 122 101
c 55 7 30 124 120
c 40 184 156 55 173
c 97 157 151 152 97
c 151 8 52 146 82
c 40 187 171 126 145
c 28 152 141 108 87
c 84 92 83 52 149
c 18 29 159 176 99
c 69 53 45 46 129
c 189 116 180 69 88
c 130 131 121 148 114
c 45 127 151 154 114
c 13 67 150 106 99
c 84 199 168 50 98
c 121 136 180 62 132
c 73 83 111 31 84
c 22 17 62 124 94
c 131 103 152 24 133
c 97 98 114 196 142
c 149 122 150 95 160
c 35 25 192 179 166
c 10 153 45 157 115
c 161 112 49 1 158
c 66 182 91 96 80
c 131 145 187 188 166
c 54 22 24 199 171
c 87 31 106 33 106
c 35 158 72 161 103
c 178 179 149 83 163
c 20 181 37 129 90
c 155 165 7 6 154
c 46 137 49 125 150
c 191 85 101 39 149
c 36 130 30 173 164
c 86 166 24 115 168
c 170 152 34 168 103
c 75 145 76 129 151
c 66 91 74 178 115
c 76 1 44 179 101
c 153 154 149 120 91
c 107 147 20 192 97
c 141 67 3 71 144
c 44 5 86 87 113
c 153 193 194 2 106
c 3 64 3 71 130
c 172 2 54 150 135
c 117 151 125 71 127
c 3 114 161 174 104
c 190 133 196 31 153
c 62 189 56 4 110
c 109 80 23 151 123
c 174 27 140 126 95
c 61 62 195 17 149
c 102 152 161 195 92
c 168 70 95 24 79
c 176 71 145 165 93
c 96 27 105 113 80
c 66 182 124 153 117
c 89 80 115 145 165
c 40 176 133 119 140
c 156 75 53 123 99
c 152 106 146 168 127
c 131 63 106 84 123
c 57 5 12 169 140
c 23 10 175 101 117
c 118 114 12 188 127
c 2 21 32 40 130
c 36 62 136 15 132
c 154 105 153 154 104
c 19 20 13 67 90
c 122 104 72 105 129
c 19 123 135 12 169
c 63 175 12 76 165
c 189 123 2 89 127
c 196 123 103 158 150
c 42 196 104 66 88
c 101 92 16 80 151
c 180 181 108 133 116
c 137 67 19 63 154
c 169 118 93 196 139
c 167 31 103 182 89
c 27 168 12 159 101
c 39 185 178 80 128
c 160 110 177 161 78
c 171 98 21 130 78
c 127 144 84 199 132
c 32 168 183 184 120
c 107 94 194 173 140
c 19 40 105 87 169
c 105 113 123 124 119
c 90 67 6 120 158
c 70 109 40 175 152
c 40 140 10 25 163
c 112 169 173 71 163
c 91 197 196 192 82
c 170 9 185 67 148
c 184 14 112 127 101
c 71 128 35 133 113
c 32 12 186 12 144
c 147 68 78 58 162
c 123 50 92 27 153
c 92 62 91 182 107
c 143 183 25 26 121
c 139 10 178 113 150
c 175 56 58 59 92
c 121 136 16 17 143
c 134 172 54 38 85
c 25 63 19 123 131
c 81 82 131 104 86
c 154 155 182 167 160
c 98 14 66 89 156
c 171 62 144 134 117
c 146 40 127 11 111
c 193 13 137 20 142
c 183 67 116 76 162
c 168 193 87 67 165
c 113 122 180 175 124
c 37 189 143 167 78
c 20 17 24 88 84
c 7 192 181 70 94
c 198 89 161 176 118
c 6 103 87 17 118
c 193 36 30 41 82
c 78 118 165 186 104
c 7 113 64 65 156
c 174 186 180 89 95
c 2 182 51 31 113
c 53 101 7 6 153
c 173 68 177 58 148
c 55 65 170 199 169
c 152 119 28 158 141
c 20 17 123 53 156
c 134 157 161 112 141
c 17 73 167 165 168
c 97 49 60 15 76
c 76 147 66 106 100
c 19 40 166 70 138
c 133 188 159 105 87
c 22 179 125 175 134
c 89 115 31 29 111
c 78 52 109 39 116
c 146 178 141 135 118
c 28 38 59 64 145
c 13 33 77 78 87
c 1 115 5 176 93
c 31 73 168 45 132
c 167 32 170 158 89
c 166 142 23 107 95
c 163 75 41 17 118
c 169 89 92 54 158
c 156 47 20 192 142
c 181 178 0 64 144
c 5 194 158 116 88
c 87 16 53 66 77
c 60 61 114 119 120
c 96 88 184 40 115
c 94 112 56 190 130
c 67 77 13 39 123
c 176 183 123 124 131
c 180 62 149 25 75
c 60 63 14 63 160
c 5 180 72 142 147
c 192 162 167 111 110
c 7 195 64 88 160
c 170 152 92 37 82
c 133 69 58 95 165
c 129 133 9 134 161
c 138 189 111 98 135
c 10 157 185 101 134
c 58 182 54 61 160
c 139 126 172 118 153
c 174 167 8 49 81
c 198 199 78 79 116
c 91 68 169 97 163
c 51 20 176 178 137
c 166 103 152 161 129
c 10 25 149 82 82
c 155 197 129 191 150
c 137 138 108 64 77
c 51 100 129 153 89
c 79 21 178 31 145
c 109 14 37 129 76
c 96 178 100 119 98
c 172 154 131 132 120
c 176 71 177 65 141
c 57 120 146 141 111
c 87 85 166 26 104
c 72 173 169 155 102
c 66 158 4 176 78
c 178 122 167 154 166
c 172 175 172 34 137
c 95 140 53 58 79
c 85 124 141 41 146
c 135 51 20 135 161
c 120 188 179 126 104
c 133 91 78 58 117
c 10 38 107 108 89
c 28 126 178 120 112
c 165 124 74 28 119
c 147 48 40 179 149
c 127 139 49 73 123
c 163 110 106 50 144
c 42 43 49 40 86
c 55 98 159 122 92
c 42 88 176 177 103
c 15 120 188 23 136
c 97 98 107 108 112
c 113 127 12 38 152
c 40 60 98 99 126
c 113 197 189 134 88
c 79 33 157 167 109
c 168 78 63 193 114
c 47 100 89 134 159
c 90 82 157 107 162
c 195 157 28 108 125
c 156 45 56 8 125
c 115 41 115 105 91
c 174 155 55 98 163
c 163 24 124 86 134
c 182 87 116 98 130
c 79 192 76 118 160
c 8 125 144 119 123
c 36 132 106 10 165
c 55 185 190 77 140
c 117 18 198 113 99
c 86 23 84 92 168
c 114 17 27 39 134
c 43 44 107 45 120
c 50 15 174 183 75
c 58 113 71 121 163
c 21 179 146 117 145
c 37 135 39 133 153
c 198 89 52 194 146
c 6 47 50 71 94
c 8 66 53 198 154
c 104 47 116 34 165
c 177 161 108 100 86
c 84 82 56 14 113
c 126 180 198 117 158
c 163 104 26 136 98
c 17 162 90 127 173
c 53 123 146 80 151
c 57 156 96 88 120
c 197 96 133 123 147
c 63 161 48 119 77
c 97 199 77 60 138
c 133 123 125 151 139
c 155 14 118 119 85
c 32 125 11 188 97
c 149 107 179 161 148
c 184 6 150 19 117
c 80 35 99 56 152
c 86 53 34 85 97
c 182 69 77 68 131
c 137 39 108 99 82
c 37 185 151 18 133
c 124 72 21 127 161
c 88 16 107 151 125
c 89 36 43 44 127
c 182 40 162 89 156
c 170 187 5 180 158
c 164 59 69 53 151
c 54 33 45 53 143
c 51 91 40 170 168
c 127 157 70 116 112
c 107 13 34 163 138
c 31 81 66 40 164
c 121 127 10 154 130
c 115 196 163 145 152
c 134 119 120 62 162
c 108 109 133 49 84
c 113 85 134 51 130
c 195 27 2 23 98
c 24 96 85 125 137
c 84 91 150 19 120
c 176 32 16 41 126
c 127 179 34 73 127
c 164 160 143 54 159
c 95 193 198 14 156
c 83 47 182 167 149
c 126 180 139 11 161
c 191 22 71 83 85
c 53 58 159 160 104
c 196 189 180 48 159
c 117 149 117 182 143
c 132 163 155 77 125
c 30 122 27 114 157
c 123 32 80 100 83
c 4 16 36 149 162
c 67 120 32 125 117
c 65 148 145 53 101
c 77 86 45 123 110
c 52 46 91 7 164
c 152 187 15 109 160
c 108 104 52 66 174
c 172 130 154 190 160
c 127 26 185 27 89
c 176 114 137 20 82
c 94 126 106 10 133
c 22 146 43 145 136
c 57 69 167 19 128
c 119 97 34 35 112
c 60 38 33 34 92
c 82 33 148 23 115
c 17 12 112 6 157
c 160 1 36 11 139
c 82 81 73 123 98
c 2 5 194 74 106
c 90 172 98 168 92
c 74 177 34 104 88
c 151 95 111 112 83
c 58 118 96 119 167
c 9 54 95 193 120
c 47 181 47 7 75
c 31 83 36 85 85
c 162 92 117 151 172
c 190 54 66 94 96
c 139 54 154 148 134
c 52 104 194 31 93
c 183 67 181 70 160
c 151 193 95 118 108
c 102 80 80 170 174
c 137 138 79 182 126
c 44 19 27 57 128
c 111 78 187 50 115
c 198 160 59 120 86
c 128 199 61 23 164
c 188 114 0 5 131
c 122 82 191 129 169
c 87 57 139 11 139
c 59 94 157 48 77
c 14 169 4 116 166
c 137 94 94 10 160
c 17 150 63 107 121
c 172 107 176 183 77
c 45 102 77 64 107
c 79 182 46 60 78
c 144 134 102 44 105
c 149 150 174 175 152
c 141 108 194 76 168
c 170 73 90 174 88
c 79 182 154 121 92
c 55 98 195 172 78
c 72 182 136 30 163
c 88 59 22 23 147
c 187 45 37 12 121
c 43 80 29 51 125
c 90 110 130 16 112
c 35 20 49 149 146
c 132 119 48 119 144
c 94 178 103 40 145
c 134 163 3 95 127
c 152 13 79 176 82
c 113 53 84 60 109
c 39 36 127 193 104
c 28 196 141 10 160
c 161 123 92 82 104
c 167 93 115 168 91
c 172 93 90 127 170
c 109 151 16 125 131
c 95 193 91 68 161
c 180 69 21 58 139
c 8 18 59 117 75
c 74 105 112 178 146
c 154 106 19 122 152
c 113 197 15 139 106
c 163 104 40 76 134
c 172 6 110 172 139
c 114 55 158 181 140
c 80 188 6 47 154
c 138 170 165 125 83
c 118 171 50 168 132
c 60 159 159 176 97
c 64 108 103 131 125
c 65 186 65 96 114
c 38 187 98 15 119
c 130 131 178 103 84
c 54 104 132 5 87
c 177 100 25 171 117
c 127 157 185 2 162
c 69 164 44 179 95
c 81 34 27 131 146
c 60 159 105 107 119
c 110 142 126 102 100
c 93 35 5 108 129
c 39 157 163 164 126
c 155 8 90 87 96
c 28 126 135 61 86
c 7 14 150 182 130
c 175 199 49 122 79
c 182 28 36 149 138
c 90 66 172 151 80
c 141 53 3 96 168
c 188 189 132 175 75
c 80 91 15 64 97
c 36 17 1 183 98
c 70 71 6 119 169
c 0 177 116 186 166
c 104 21 107 193 96
c 146 104 97 41 162
c 107 193 54 61 84
c 101 50 54 55 83
c 156 134 151 88 112
c 89 4 24 44 116
c 171 187 163 199 83
c 169 48 185 98 150
c 72 190 39 65 161
c 145 8 168 12 147
c 40 184 144 193 156
c 54 13 175 27 169
c 60 50 183 112 122
c 173 174 57 58 126
c 46 47 87 156 87
c 59 97 130 49 152
c 29 137 56 57 96
c 18 39 127 143 98
c 41 16 125 88 173
c 117 18 154 174 111
c 36 62 87 67 158
c 128 146 66 67 98
c 93 94 28 136 131
c 47 33 23 59 103
c 113 114 57 156 173
c 182 28 117 104 168
c 26 114 2 103 171
c 12 2 140 150 148
c 51 184 46 137 106
c 88 180 88 89 98
c 50 15 69 4 151
c 174 59 63 145 146
c 87 85 5 194 102
c 111 137 76 147 171
c 54 123 82 83 125
c 78 79 122 104 80
c 7 6 38 175 79
c 173 122 124 117 148
c 20 48 187 138 142
c 32 102 170 189 110
c 137 26 194 84 125
c 25 26 137 188 122
c 6 74 62 24 113
c 194 167 102 144 120
c 77 129 39 157 114
c 11 117 42 88 131
c 48 92 84 83 147
c 62 189 37 185 114
c 20 89 87 57 135
c 151 166 93 65 173
c 112 6 90 98 100
c 55 187 187 183 167
c 136 123 137 119 90
c 32 102 133 37 129
c 116 76 46 60 152
c 101 47 25 66 80
c 156 134 12 16 170
c 180 199 66 64 96
c 53 130 146 156 135
c 71 177 63 107 98
c 81 36 127 131 147
c 147 88 30 124 118
c 28 40 149 79 113
c 65 122 105 174 93
c 179 128 27 58 147
c 64 77 147 88 124
c 176 109 138 112 161
c 156 45 128 185 75
c 127 26 34 189 98
c 44 176 123 108 161
c 42 147 76 130 87
c 2 143 30 176 166
c 144 68 109 192 131
c 112 173 144 156 138
c 67 99 126 196 83
c 116 36 136 134 137
c 69 23 141 50 151
c 73 173 127 128 134
c 53 13 21 195 147
c 10 199 137 119 129
c 161 185 1 112 121
c 72 152 140 166 121
c 68 152 126 91 99
c 144 36 92 76 131
c 125 112 173 191 115
c 142 172 49 65 111
c 57 67 189 123 76
c 173 51 6 169 151
c 196 135 90 66 159
c 36 149 127 139 136
c 118 114 184 144 151
c 105 129 45 89 96
c 158 52 57 32 147
c 49 45 114 173 119
c 186 69 105 129 161
c 166 67 183 126 143
c 116 150 140 185 98
c 10 155 5 180 148
c 195 190 79 103 162
c 57 142 180 43 131
c 90 82 155 15 171
c 195 157 5 120 78
c 88 41 18 194 87
c 154 45 168 132 163
c 6 50 107 131 130
c 27 185 99 56 139
c 18 117 191 139 108
c 46 12 143 183 92
c 137 14 7 122 142
c 195 172 42 88 99
c 74 109 151 8 144
c 40 179 128 178 142
c 51 103 139 53 93
c 126 102 135 119 161
c 117 151 173 42 87
c 78 130 133 29 154
c 91 104 101 185 166
c 186 46 196 199 149
c 57 167 142 36 81
c 93 22 73 174 117
c 88 16 176 178 122
c 52 78 5 52 158
c 79 154 112 118 146
c 103 182 177 98 101
c 146 199 63 64 119
c 88 41 116 117 160
c 71 40 144 124 121
c 82 186 128 111 129
c 59 117 128 96 121
c 122 184 151 15 103
c 5 52 194 32 97
c 8 39 39 185 139
c 195 147 78 101 77
c 183 137 178 122 146
c 105 142 26 60 100
c 127 195 77 126 171
c 128 71 39 181 159
c 185 176 64 165 166
c 103 104 20 76 85
c 191 35 0 177 142
c 20 135 183 77 75
c 122 183 197 37 103
c 13 14 115 145 138
c 2 155 20 98 150
c 95 24 16 125 151
c 127 157 0 1 93
c 66 91 121 70 114
c 31 32 22 132 127
c 122 173 198 75 96
c 33 131 183 174 80
c 141 178 80 44 147
c 23 8 155 14 102
c 76 70 32 33 92
c 122 104 136 30 76
c 172 130 56 190 173
c 192 162 66 30 161
c 39 157 98 124 88
c 21 130 170 166 136
c 18 19 67 119 137
c 16 194 182 28 157
c 80 90 57 167 167
c 153 131 100 138 113
c 31 81 71 12 76
c 62 37 144 37 108
c 136 164 132 27 149
c 102 80 25 19 153
c 131 145 9 141 110
c 175 78 90 66 126
c 93 15 160 197 168
c 163 196 196 66 167
c 186 177 128 176 130
c 181 182 174 129 147
c 113 127 58 179 84
c 50 132 3 71 80
c 123 40 110 125 92
c 19 174 194 62 168
c 155 138 32 168 159
c 149 79 64 165 104
c 34 54 22 184 146
c 24 66 109 118 117
c 76 36 21 65 112
c 182 40 161 62 152
c 135 12 32 168 172
c 113 183 153 126 96
c 56 190 19 171 164
c 113 40 133 162 102
c 170 73 149 114 81
c 178 113 167 129 92
c 39 179 37 79 86
c 0 28 39 34 100
c 64 180 187 20 148
c 58 95 8 170 126
c 162 60 112 173 96
c 190 77 124 40 106
c 182 40 142 191 155
c 68 138 190 101 98
c 108 104 23 24 81
c 105 80 116 47 80
c 112 113 153 51 145
c 113 89 36 59 148
c 195 177 137 165 115
c 107 131 10 56 140
c 125 82 78 115 148
c 191 129 64 78 157
c 83 47 140 120 86
c 81 47 86 172 154
c 103 154 13 81 154
c 194 108 159 166 174
c 5 120 86 63 172
c 68 37 101 74 97
c 112 16 67 180 154
c 58 95 31 8 97
c 102 188 65 163 156
c 141 128 66 26 171
c 139 10 162 163 105
c 80 35 45 46 87
c 186 46 25 66 125
c 182 173 157 127 163
c 137 157 115 194 101
c 161 195 183 126 146
c 55 36 22 119 122
c 13 33 56 4 129
c 166 188 110 147 77
c 7 42 87 29 138
c 144 51 12 182 130
c 31 83 140 142 174
c 14 67 135 51 169
c 37 38 195 38 84
c 57 167 148 180 162
c 188 161 99 51 75
c 165 66 56 45 164
c 146 191 136 152 122
c 171 64 153 115 89
c 56 190 48 129 150
c 137 67 179 180 78
c 132 28 128 96 120
c 110 147 146 66 80
c 106 137 130 16 125
c 43 183 136 134 171
c 101 47 53 63 162
c 151 15 154 140 164
c 71 177 194 179 151
c 194 115 115 22 81
c 83 84 82 157 131
c 91 36 1 103 90
c 146 104 177 30 86
c 95 90 12 7 116
c 64 177 182 92 138
c 97 157 195 38 105
c 39 116 72 136 135
c 114 94 136 56 145
c 53 122 179 161 162
c 150 182 64 81 150
c 145 161 4 172 78
c 115 116 144 6 164
c 110 138 133 124 98
c 122 172 189 40 127
c 86 139 101 39 101
c 182 28 49 154 95
c 134 139 39 196 92
c 24 65 54 3 117
c 179 124 84 152 168
c 99 175 62 189 82
c 90 67 46 24 122
c 69 44 103 40 122
c 176 32 32 35 141
c 34 58 5 184 127
c 27 185 107 45 102
c 1 112 132 133 79
c 176 177 17 24 102
c 53 13 61 62 111
c 88 2 82 194 110
c 131 22 44 137 137
c 174 183 72 136 154
c 145 165 197 157 168
c 178 182 86 139 127
c 17 36 22 189 94
c 196 197 179 31 154
c 53 58 128 111 79
c 184 115 186 19 120
c 21 187 67 104 85
c 157 127 91 150 126
c 23 134 166 162 87
c 191 110 113 197 148
c 9 189 32 144 143
c 132 171 122 187 90
c 169 105 21 195 135
c 184 6 61 179 111
c 83 109 41 117 105
c 137 67 85 148 153
c 173 122 111 48 145
c 158 21 52 159 156
c 153 126 176 157 127
c 141 178 64 122 160
c 138 139 146 147 118
c 126 91 51 194 94
c 51 153 56 35 137
c 174 155 72 64 161
c 189 173 19 84 124
c 28 119 192 95 126
c 41 182 18 19 107
c 126 159 57 120 137
c 45 22 142 140 173
c 157 193 63 193 101
c 161 112 85 166 87
c 20 107 88 57 160
c 8 110 158 28 138
c 18 1 108 165 83
c 117 179 194 37 123
c 70 13 61 179 126
c 149 114 160 41 85
c 52 131 27 141 143
c 14 3 60 28 100
c 142 183 77 67 88
c 117 9 77 84 118
c 25 180 70 96 171
c 196 114 48 93 93
c 198 164 140 44 97
c 172 63 101 39 149
c 88 123 141 129 134
c 81 174 25 10 170
c 26 46 176 32 87
c 79 59 177 46 165
c 176 109 37 27 148
c 175 78 63 175 131
c 121 175 14 63 147
c 129 2 180 48 142
c 23 148 131 167 93
c 163 75 57 12 130
c 6 174 84 135 94
c 84 135 39 89 133
c 68 189 15 139 128
c 6 119 175 101 79
c 86 40 6 59 143
c 78 121 87 198 119
c 45 30 67 99 125
c 6 7 62 135 130
c 111 194 180 175 136
c 57 104 196 110 173
c 67 85 116 127 111
c 66 173 127 149 122
c 171 1 17 150 170
c 53 131 18 17 84
c 158 21 148 81 88
c 81 104 83 16 147
c 117 71 137 20 172
c 68 60 59 192 104
c 165 186 106 60 81
c 156 131 45 129 110
c 18 1 179 18 96
c 64 17 146 199 93
c 111 164 39 65 120
c 156 131 195 108 137
c 143 47 0 64 125
c 83 160 103 152 152
c 66 34 136 83 118
c 27 185 109 80 94
c 160 161 141 108 122
c 103 44 1 183 120
c 39 98 3 4 94
c 164 60 0 161 151
c 23 10 137 157 168
c 76 118 161 162 136
c 198 65 136 164 108
c 161 8 92 98 78
c 153 141 78 115 92
c 31 158 91 150 75
c 189 173 140 150 144
c 128 125 103 131 127
c 45 23 134 189 83
c 134 139 23 134 114
c 145 89 18 161 155
c 185 53 162 23 138
c 163 129 103 94 110
c 60 108 191 110 158
c 147 64 117 52 167
c 197 195 10 157 139
c 160 1 87 49 159
c 170 167 181 11 122
c 118 37 34 58 106
c 55 36 122 184 84
c 53 170 153 47 102
c 120 62 87 67 118
c 189 99 136 137 107
c 30 100 78 130 135
c 91 83 134 135 130
c 135 51 8 18 102
c 188 172 50 116 93
c 190 54 138 139 171
c 140 142 39 141 95
c 148 167 174 46 99
c 34 54 120 112 129
c 181 136 126 196 90
c 82 38 73 76 168
c 72 74 144 51 88
c 126 160 94 120 131
c 169 167 131 104 110
c 98 168 198 129 132
c 22 105 53 102 174
c 178 112 2 1 157
c 44 137 23 106 151
c 113 197 31 30 131
c 172 148 134 135 90
c 58 95 39 133 143
c 68 60 15 120 75
c 182 28 183 15 122
c 112 34 122 183 132
c 40 39 8 110 93
c 80 44 123 124 81
c 106 186 135 119 94
c 135 185 46 42 135
c 100 105 38 121 115
c 110 38 143 63 160
c 26 114 4 54 145
c 37 99 79 137 159
c 5 184 33 34 106
c 153 114 67 120 90
c 12 182 94 78 107
c 10 56 110 73 167
c 147 104 175 88 101
c 195 110 56 71 103
c 9 19 87 50 123
c 66 30 90 173 119
c 62 49 59 97 146
c 119 164 85 166 130
c 0 82 174 116 159
c 142 143 192 117 114
c 127 34 197 86 126
c 164 47 5 8 115
c 108 28 177 161 132
c 110 102 7 3 142
c 49 53 8 181 97
c 74 177 2 189 105
c 23 108 102 171 173
c 167 50 15 56 160
c 125 158 175 88 134
c 175 78 73 116 82
c 188 189 183 163 94
c 149 46 82 180 84
c 73 74 39 94 138
c 157 14 137 48 100
c 177 100 45 135 151
c 195 38 166 157 140
c 176 157 175 176 159
c 190 172 6 119 146
c 194 32 176 3 168
c 35 25 23 165 173
c 39 94 110 38 174
c 110 119 38 91 84
c 19 144 114 173 156
c 170 51 121 122 83
c 152 153 9 162 153
c 50 37 197 198 153
c 121 99 112 188 139
c 92 17 91 174 107
c 4 176 163 24 109
c 23 24 45 53 80
c 61 179 184 67 102
c 72 130 112 8 154
c 185 27 185 93 146
c 75 172 77 68 138
c 34 62 79 192 159
c 119 178 45 144 126
c 178 112 52 104 87
c 154 92 8 99 75
c 83 162 23 138 97
c 110 119 176 6 114
c 18 186 135 3 95
c 181 165 146 118 78
c 196 95 85 156 75
c 13 7 56 154 135
c 166 142 190 54 126
c 127 60 83 60 81
c 142 173 174 183 125
c 4 116 145 89 85
c 168 132 165 115 157
c 63 88 11 188 135
c 135 57 129 105 149
c 42 187 179 180 76
c 188 50 20 21 101
c 180 44 173 175 120
c 1 2 182 92 149
c 102 117 109 110 83
c 34 127 117 80 96
c 77 78 130 44 165
c 39 179 16 57 168
c 76 104 24 133 99
c 14 131 75 61 117
c 180 57 186 59 93
c 64 77 9 80 93
c 79 59 150 18 87
c 55 146 3 177 149
c 153 131 34 170 99
c 52 109 151 193 92
c 103 76 104 25 87
c 121 155 176 3 88
c 135 116 13 7 147
c 79 112 63 94 174
c 69 41 19 40 120
c 94 44 168 42 78
c 168 161 78 130 139
c 146 66 59 94 170
c 154 196 6 174 80
c 126 4 145 32 142
c 61 109 145 151 92
c 82 89 24 81 102
c 166 138 18 117 159
c 27 39 133 91 113
c 15 16 110 142 129
c 146 118 96 178 128
c 110 138 25 165 80
c 176 3 19 174 136
c 147 125 180 62 129
c 142 131 28 124 130
c 176 109 26 133 172
c 63 161 196 72 141
c 90 97 79 4 139
c 99 112 49 53 173
c 197 184 155 165 116
c 110 138 169 170 100
c 95 159 184 144 102
c 96 88 123 40 174
c 109 192 147 146 122
c 32 125 94 145 158
c 29 137 155 104 134
c 96 81 35 162 148
c 51 70 102 89 93
c 158 130 33 75 142
c 136 56 109 100 146
c 90 173 117 71 88
c 12 76 153 1 137
c 4 84 143 88 87
c 23 59 53 131 96
c 145 185 172 34 146
c 39 36 12 182 141
c 5 35 83 189 107
c 81 60 80 195 76
c 159 4 113 119 140
c 132 175 88 81 143
c 188 162 61 27 76
c 111 119 101 50 117
c 50 134 193 128 174
c 114 94 152 179 102
c 36 128 95 118 99
c 112 169 150 151 101
c 141 56 181 51 85
c 103 4 56 30 130
c 98 83 39 2 78
c 140 45 44 20 157
c 140 126 45 30 88
c 64 20 94 78 123
c 40 165 29 6 157
c 77 142 158 189 148
c 165 118 171 172 94
c 12 194 16 100 124
c 3 21 7 13 77
c 149 87 58 21 120
c 105 9 76 4 172
c 126 160 197 27 118
c 0 177 181 11 109
c 182 87 175 37 161
c 43 183 120 128 93
c 30 95 117 27 116
c 104 157 107 147 169
c 16 33 150 84 119
c 140 45 60 166 142
c 103 182 25 167 172
c 69 125 16 137 95
c 0 160 44 172 104
c 37 128 53 198 134
c 191 35 84 152 146
c 72 152 78 115 171
c 70 150 112 169 122
c 55 134 74 62 114
c 86 189 130 49 173
c 188 183 111 22 117
c 60 47 77 60 90
c 110 102 87 89 86
c 178 24 174 116 165
c 103 136 93 83 139
c 158 76 191 129 89
c 152 35 97 90 169
c 73 56 178 24 173
c 188 82 198 160 107
c 109 173 46 57 117
c 197 168 195 20 135
c 108 153 138 49 82
c 72 179 70 12 162
c 37 128 173 51 109
c 50 15 147 182 123
c 51 79 69 126 104
c 54 55 11 117 168
c 1 147 139 118 88
c 138 179 78 79 124
c 146 99 119 114 143
c 87 57 9 146 106
c 33 128 82 3 165
c 157 193 155 144 161
c 88 6 51 20 154
c 125 80 59 157 95
c 6 188 172 154 109
c 170 154 23 148 92
c 142 30 179 161 161
c 119 133 23 165 141
c 120 95 146 42 117
c 116 36 107 190 120
c 163 144 194 84 119
c 102 188 12 120 92
c 175 101 121 105 119
c 78 100 145 161 78
c 138 179 34 170 171
c 39 131 160 161 124
c 173 175 39 176 124
c 20 55 188 34 118
c 1 39 185 51 106
c 85 125 113 40 93
c 39 34 150 19 138
c 160 197 67 191 141
c 191 110 83 161 117
c 139 52 169 166 81
c 37 38 86 18 78
c 145 161 28 182 124
c 74 140 90 173 107
c 61 144 168 169 116
c 148 10 118 15 106
c 0 161 14 146 116
c 65 3 183 39 137
c 86 2 184 40 169
c 94 120 64 167 98
c 167 111 113 67 78
c 40 109 71 12 111
c 37 129 55 40 124
c 171 130 105 107 80
c 150 95 133 97 143
c 186 169 146 156 134
c 57 191 82 186 82
c 90 168 163 55 92
c 133 29 10 70 110
c 188 44 163 165 161
c 45 30 42 57 153
c 158 159 150 198 137
c 25 37 51 95 107
c 63 175 60 166 126
c 54 33 81 47 85
c 124 74 7 8 90
c 174 186 28 38 104
c 195 17 183 184 133
c 143 180 146 42 85
c 73 159 167 154 122
c 73 16 169 167 94
c 120 124 134 71 136
c 168 47 187 183 148
c 16 194 117 179 136
c 123 177 122 125 94
c 124 26 88 2 145
c 73 83 90 87 153
c 124 179 40 146 93
c 70 150 64 174 97
c 28 129 97 79 133
c 45 39 105 107 78
c 10 175 62 119 127
c 66 40 141 53 110
c 196 72 149 41 96
c 53 71 49 190 129
c 137 20 4 54 111
c 45 135 161 185 116
c 107 45 27 161 168
c 143 88 95 11 137
c 36 149 56 35 75
c 103 194 196 123 136
c 79 21 138 49 86
c 108 25 113 10 104
c 52 78 45 105 121
c 44 93 87 57 156
c 72 74 45 72 139
c 186 19 148 180 103
c 61 168 72 92 90
c 123 32 169 105 79
c 171 5 181 191 93
c 170 153 22 189 107
c 102 77 162 197 138
c 14 91 57 191 135
c 110 125 174 116 138
c 45 23 183 163 89
c 59 192 158 76 117
c 136 15 71 171 157
c 89 36 89 160 85
c 198 111 186 59 128
c 197 27 27 114 134
c 106 58 56 4 106
c 19 63 106 33 133
c 85 166 104 105 113
c 82 199 94 95 85
c 117 174 4 172 169
c 117 27 150 151 104
c 93 152 22 173 124
c 189 134 141 170 131
c 3 30 163 110 108
c 157 85 172 87 128
c 32 40 193 142 94
c 179 44 2 43 171
c 89 140 42 187 106
c 27 114 120 124 139
c 54 123 95 49 125
c 64 141 91 68 160
c 1 52 131 86 151
c 137 78 93 152 76
c 41 104 94 126 148
c 61 27 166 149 80
c 194 159 156 79 103
c 110 147 149 83 158
c 114 73 33 1 138
c 92 43 168 151 90
c 49 177 25 142 75
c 181 136 161 74 124
c 173 42 52 194 156
c 53 130 142 30 129
c 146 80 82 157 138
c 79 23 165 157 128
c 189 116 156 106 162
c 191 190 149 83 111
c 31 30 160 41 144
c 12 76 159 176 118
c 43 80 74 28 87
c 42 72 157 100 120
c 188 44 34 77 127
c 45 180 2 5 97
c 48 32 22 1 105
c 186 19 48 92 94
c 198 199 117 40 155
c 41 42 147 128 104
c 91 92 133 169 172
c 133 91 26 12 108
c 173 174 196 60 153
c 105 142 14 67 167
c 84 199 158 76 131
c 154 146 76 104 128
c 23 106 0 103 117
c 91 158 190 161 124
c 8 18 49 190 143
c 197 195 90 91 164
c 143 70 133 134 105
c 52 131 167 168 75
c 101 14 78 135 103
c 32 168 89 104 113
c 155 104 163 104 113
c 191 11 28 124 107
c 40 89 121 70 129
c 5 35 20 136 156
c 154 68 5 194 77
c 42 35 33 128 136
c 75 76 91 11 108
c 151 45 132 1 103
c 125 117 195 131 92
c 157 142 35 117 111
c 86 45 187 142 141
c 141 108 142 140 92
c 74 78 170 140 142
c 186 129 136 61 122
c 60 25 14 64 106
c 34 189 131 125 154
c 55 93 76 130 104
c 165 66 98 65 118
c 105 30 41 86 166
c 84 138 184 148 123
c 76 177 20 122 91
c 134 71 16 57 113
c 80 102 124 74 149
c 57 192 188 110 82
c 31 8 39 170 126
c 190 191 189 123 153
c 126 196 54 62 89
c 183 3 137 39 108
c 138 170 133 71 95
c 16 23 146 99 89
c 18 194 170 140 139
c 75 110 192 161 174
c 0 177 19 125 135
c 39 115 102 164 164
c 128 104 40 178 129
c 89 140 83 16 78
c 23 133 34 170 140
c 97 199 50 51 171
c 179 46 25 10 75
c 93 68 18 39 172
c 48 129 6 74 154
c 141 165 33 128 95
c 133 182 100 143 158
c 176 27 26 98 168
c 134 194 161 173 165
c 74 78 98 83 91
c 194 86 152 161 151
c 196 5 141 151 75
c 115 123 180 69 133
c 102 103 109 38 76
c 127 131 8 5 122
c 73 141 12 89 110
c 51 194 176 32 101
c 113 68 101 12 161
c 121 175 50 191 134
c 34 54 184 115 87
c 4 29 69 4 107
c 179 144 74 104 92
c 41 71 0 5 109
c 12 38 127 185 163
c 68 79 49 195 108
c 101 50 41 71 94
c 31 32 125 82 93
c 169 155 158 130 113
c 86 17 136 15 79
c 5 192 33 131 154
c 148 167 124 86 101
c 54 3 122 66 83
c 117 23 41 174 147
c 143 180 56 155 134
c 165 186 119 187 174
c 179 126 131 129 139
c 140 107 100 142 124
c 131 183 65 122 152
c 122 84 23 67 154
c 71 38 192 7 112
c 34 58 183 163 107
c 144 6 182 116 154
c 166 26 48 119 104
c 33 70 175 27 152
c 132 182 99 175 153
c 89 116 198 104 112
c 3 47 106 156 90
c 34 157 197 50 146
c 175 176 171 187 158
c 61 168 92 175 122
c 19 174 81 47 109
c 188 24 106 89 150
c 190 133 36 132 109
c 58 113 119 152 138
c 78 79 131 129 106
c 160 76 54 62 142
c 77 74 24 199 154
c 99 100 158 139 144
c 186 57 198 147 96
c 9 189 33 112 77
c 158 108 190 161 133
c 49 153 190 173 156
c 83 35 128 1 119
c 101 21 116 83 152
c 133 177 22 27 135
c 171 107 31 73 123
c 192 146 6 188 171
c 123 90 172 148 162
c 80 140 100 178 123
c 198 75 34 142 99
c 124 47 51 87 157
c 180 58 66 40 160
c 2 81 21 195 144
c 6 75 62 97 120
c 3 4 141 143 119
c 51 184 35 158 119
c 45 180 86 63 109
c 94 72 124 145 162
c 12 191 91 83 90
c 185 4 176 177 120
c 194 86 13 99 164
c 26 27 142 191 80
c 57 64 137 119 155
c 25 180 90 110 80
c 156 73 42 88 170
c 5 46 148 41 120
c 130 55 9 134 143
c 150 106 46 5 169
c 167 168 13 67 133
c 52 50 28 126 131
c 80 90 173 187 78
c 34 77 49 177 173
c 79 108 92 198 149
c 28 136 128 111 133
c 180 69 7 151 132
c 55 40 109 131 149
c 137 193 148 61 137
c 72 109 90 173 102
c 188 162 32 174 77
c 90 67 118 114 115
c 26 159 51 100 144
c 101 21 146 104 115
c 6 103 36 128 148
c 110 83 37 185 75
c 59 93 3 21 115
c 124 145 109 151 84
c 146 118 3 158 123
c 62 187 115 111 98
c 90 68 123 140 171
c 0 155 146 50 165
c 95 193 67 120 111
c 197 50 8 110 152
c 179 124 90 87 130
c 3 30 93 91 162
c 194 62 118 1 173
c 196 123 140 126 149
c 163 129 58 94 104
c 58 75 141 135 77
c 69 164 131 194 82
c 35 136 52 18 101
c 105 80 12 29 104
c 84 92 167 153 154
c 179 161 95 92 157
c 182 183 190 161 122
c 90 121 103 24 107
c 70 12 9 10 147
c 161 54 198 135 99
c 85 74 164 179 112
c 39 141 123 90 89
c 54 49 90 174 101
c 18 112 41 117 150
c 62 43 116 111 111
c 133 123 135 150 135
c 65 66 15 134 140
c 126 125 38 161 119
c 105 159 95 92 162
c 105 159 126 160 140
c 127 134 101 92 121
c 198 14 160 188 104
c 150 149 122 176 83
c 55 159 146 118 158
c 152 107 4 36 85
c 158 181 76 1 163
c 44 173 166 75 174
c 23 124 138 112 170
c 102 43 103 54 160
c 137 138 34 35 106
c 126 38 120 112 146
c 3 4 77 128 163
c 93 43 77 68 123
c 45 53 57 103 168
c 52 50 125 80 106
c 184 67 180 199 173
c 164 93 183 144 139
c 26 114 149 117 127
c 84 60 166 157 84
c 44 150 153 47 129
c 2 46 64 37 136
c 161 100 187 64 85
c 182 92 171 187 160
c 95 136 110 138 151
c 167 41 3 64 127
c 18 178 86 103 149
c 143 93 192 177 148
c 186 96 97 49 113
c 69 53 141 151 161
c 68 37 181 165 129
c 138 122 109 84 91
c 128 146 100 117 134
c 69 44 9 97 116
c 146 46 71 177 150
c 162 97 86 177 166
c 133 169 143 88 145
c 179 22 164 80 119
c 178 179 122 187 122
c 53 175 82 23 123
c 77 74 133 119 174
c 164 166 30 173 135
c 35 158 156 187 117
c 91 24 157 88 81
c 145 146 158 189 99
c 89 140 149 83 131
c 195 65 66 43 91
c 111 119 188 189 109
c 29 43 139 160 133
c 183 191 158 181 165
c 149 13 106 89 142
c 75 13 157 14 124
c 142 80 135 57 104
c 163 199 88 81 150
c 178 179 152 41 90
c 177 161 9 141 77
c 161 54 138 49 134
c 160 161 21 127 144
c 31 30 121 99 141
c 58 179 179 124 121
c 81 60 146 5 170
c 107 60 104 47 122
c 121 175 3 51 137
c 26 84 141 192 154
c 156 153 176 27 122
c 4 182 160 76 163
c 193 128 118 1 146
c 73 153 24 66 133
c 128 199 88 56 148
c 137 39 18 161 149
c 118 1 141 128 141
c 4 54 138 139 98
c 10 25 61 119 80
c 40 146 23 148 144
c 157 61 103 4 149
c 36 97 78 67 154
c 175 54 167 129 86
c 140 19 40 52 92
c 8 170 105 73 140
c 79 22 157 140 111
c 101 102 95 88 85
c 33 131 185 2 160
c 10 38 105 45 145
c 171 148 75 195 159
c 162 60 126 125 139
c 128 178 188 150 138
c 98 66 44 137 109
c 147 48 128 125 95
c 110 122 41 196 115
c 72 196 102 144 154
c 21 72 68 24 118
c 38 191 67 191 82
c 87 156 143 171 158
c 85 11 122 24 116
c 134 147 3 51 112
c 29 130 168 126 168
c 125 41 167 177 173
c 113 127 93 65 145
c 44 183 94 78 96
c 66 34 84 85 155
c 179 128 25 76 144
c 142 183 135 179 80
c 105 80 129 50 139
c 70 109 163 175 113
c 34 163 186 49 108
c 37 12 106 60 120
c 55 143 172 55 85
c 3 177 53 23 85
c 198 128 58 21 168
c 164 47 87 17 111
c 111 28 145 165 173
c 12 6 156 106 163
c 5 38 28 152 114
c 110 134 29 96 165
c 195 190 179 180 156
c 52 29 198 128 165
c 105 61 183 67 155
c 124 86 152 119 157
c 37 88 102 69 125
c 189 173 195 22 128
c 100 75 16 17 107
c 154 168 61 144 91
c 33 128 195 42 164
c 97 3 80 108 161
c 128 3 83 177 115
c 190 104 6 76 130
c 180 184 173 53 109
c 123 53 19 5 103
c 24 199 61 168 135
c 32 174 28 89 84
c 65 90 138 10 75
c 153 141 34 163 168
c 164 107 185 182 90
c 92 2 156 75 95
c 150 31 93 83 143
c 55 151 34 170 119
c 104 191 112 146 113
c 51 91 54 40 92
c 149 117 66 64 160
c 5 86 194 2 139
c 93 108 161 99 81
c 27 168 86 77 171
c 173 175 105 26 112
c 1 103 98 56 147
c 8 154 111 22 110
c 28 71 9 175 128
c 103 182 4 171 129
c 40 179 13 81 145
c 197 27 184 101 95
c 83 44 138 99 142
c 164 160 34 170 141
c 187 23 165 186 165
c 157 14 118 171 125
c 21 88 138 118 139
c 117 74 146 141 122
c 124 165 151 78 145
c 98 92 25 68 160
c 107 188 141 112 78
c 196 31 127 128 89
c 95 69 161 127 174
c 170 61 106 10 85
c 39 178 72 152 99
c 131 63 89 46 132
c 113 56 81 5 97
c 82 137 178 80 120
c 35 59 144 13 132
c 103 94 7 14 110
c 85 74 68 103 100
c 66 120 11 196 115
c 67 77 139 50 167
c 46 137 39 115 170
c 13 90 169 62 90
c 198 111 156 45 131
c 137 94 29 130 84
c 103 47 119 186 103
c 196 60 78 63 144
c 71 171 15 5 125
c 153 83 169 43 160
c 21 195 144 6 113
c 101 198 30 31 168
c 52 131 84 197 114
c 37 39 116 55 174
c 181 89 9 80 139
c 35 133 81 8 131
c 9 196 152 124 125
c 192 151 101 102 112
c 100 117 9 146 160
c 20 27 45 105 165
c 91 152 57 111 142
c 163 79 40 126 93
c 121 120 45 106 166
c 81 185 127 60 167
c 144 6 42 191 155
c 90 108 37 102 134
c 130 49 49 1 112
c 13 31 110 12 79
c 92 36 105 113 159
c 16 96 166 157 157
c 8 120 110 172 174
c 189 99 113 68 116
c 152 124 94 112 86
c 96 116 89 90 173
c 163 104 152 90 172
c 100 29 19 143 162
c 84 83 146 115 94
c 64 141 86 172 169
c 12 120 13 132 92
c 72 79 149 41 135
c 31 29 4 171 162
c 18 161 67 14 113
c 141 151 77 55 146
c 53 170 97 162 92
c 128 171 157 55 135
c 174 186 189 134 101
c 144 192 49 65 84
