notes: n=100, m=990, elb=1, eub=20, density=0.1, conf_density=0.002, clb=100, cub= 200, seed= 6125
p spec 100 990 979
s 0
t 99
a 0 1 17
a 0 79 16
a 0 48 6
a 0 52 13
a 0 59 1
a 0 99 15
a 0 65 2
a 0 96 14
a 0 22 9
a 1 2 14
a 1 56 6
a 1 10 12
a 1 11 6
a 1 4 9
a 1 67 16
a 1 46 17
a 2 3 11
a 2 89 11
a 2 62 5
a 2 61 6
a 2 25 17
a 2 76 1
a 2 12 14
a 2 80 7
a 3 4 2
a 3 71 12
a 3 76 7
a 3 49 11
a 3 74 8
a 3 59 5
a 3 29 11
a 3 35 17
a 3 82 16
a 3 44 13
a 4 5 3
a 4 14 1
a 4 13 15
a 4 87 11
a 4 41 1
a 4 9 8
a 4 46 8
a 4 16 18
a 4 70 13
a 5 6 2
a 5 95 1
a 5 9 6
a 5 11 19
a 5 4 11
a 5 53 11
a 5 83 8
a 5 58 6
a 5 14 15
a 5 24 12
a 5 42 14
a 5 75 8
a 5 68 17
a 5 80 14
a 5 37 18
a 6 7 19
a 6 49 1
a 6 14 19
a 6 29 10
a 6 9 5
a 6 19 14
a 6 90 13
a 6 84 9
a 6 53 15
a 6 96 14
a 6 5 1
a 6 35 9
a 7 8 7
a 7 17 14
a 7 73 19
a 7 98 16
a 7 59 13
a 7 78 6
a 7 85 19
a 7 63 17
a 8 9 11
a 8 32 19
a 8 73 14
a 8 54 13
a 8 77 7
a 8 11 19
a 8 13 7
a 8 42 6
a 8 4 12
a 8 22 12
a 8 86 3
a 8 53 19
a 9 10 1
a 9 50 19
a 9 8 11
a 9 6 4
a 9 19 4
a 9 99 1
a 9 83 14
a 9 12 9
a 9 37 1
a 9 53 13
a 10 11 9
a 10 60 14
a 10 78 8
a 10 70 13
a 10 48 12
a 10 26 2
a 10 69 5
a 10 33 2
a 10 40 9
a 10 27 2
a 10 1 17
a 10 47 8
a 10 87 5
a 10 3 1
a 10 43 18
a 10 28 4
a 11 12 8
a 11 65 3
a 11 32 2
a 11 44 9
a 11 78 14
a 11 94 8
a 11 49 18
a 11 19 3
a 11 70 7
a 11 68 15
a 11 66 19
a 12 13 13
a 12 66 9
a 12 89 2
a 12 65 5
a 12 88 9
a 12 31 6
a 12 74 9
a 12 52 10
a 12 56 19
a 12 38 13
a 12 98 1
a 12 58 10
a 12 14 10
a 12 17 16
a 13 14 14
a 13 90 9
a 13 29 5
a 13 6 10
a 13 40 17
a 13 16 10
a 13 96 15
a 13 59 19
a 13 30 17
a 13 63 3
a 13 34 3
a 13 81 17
a 13 25 6
a 14 15 5
a 14 89 19
a 14 55 17
a 14 64 12
a 14 69 11
a 14 10 6
a 14 93 15
a 14 52 10
a 14 77 9
a 14 71 10
a 14 96 7
a 15 16 10
a 15 80 15
a 15 22 17
a 15 24 10
a 15 20 3
a 15 55 10
a 15 6 11
a 15 25 3
a 15 17 17
a 15 61 13
a 15 14 18
a 15 86 2
a 15 29 2
a 16 17 8
a 16 47 5
a 16 25 6
a 16 61 8
a 17 18 14
a 17 96 10
a 17 61 13
a 17 39 14
a 17 81 11
a 17 19 6
a 17 33 15
a 17 46 15
a 17 43 4
a 17 47 13
a 17 10 9
a 17 24 1
a 18 19 8
a 18 54 5
a 18 52 18
a 18 45 5
a 18 83 14
a 19 20 7
a 19 73 5
a 19 76 15
a 19 16 3
a 19 63 17
a 19 48 4
a 19 31 6
a 19 59 19
a 20 21 11
a 20 33 6
a 20 15 12
a 20 87 14
a 20 91 11
a 20 54 2
a 20 4 5
a 20 72 9
a 20 51 15
a 20 74 7
a 20 29 5
a 20 48 15
a 21 22 5
a 21 97 17
a 21 39 10
a 21 94 6
a 22 23 18
a 22 65 17
a 22 78 19
a 22 60 4
a 22 55 9
a 22 5 7
a 22 98 4
a 22 28 19
a 22 91 15
a 22 6 15
a 23 24 13
a 23 98 10
a 23 49 15
a 23 61 1
a 23 65 11
a 23 81 1
a 23 13 4
a 23 19 9
a 23 59 14
a 23 86 8
a 23 11 2
a 23 2 1
a 23 12 4
a 23 31 11
a 23 14 9
a 23 42 4
a 24 25 10
a 24 62 10
a 24 36 3
a 24 59 2
a 24 10 4
a 24 40 3
a 24 84 4
a 24 27 13
a 24 9 8
a 25 26 11
a 25 11 1
a 25 88 17
a 25 61 10
a 25 23 1
a 25 7 13
a 25 87 7
a 25 90 19
a 25 17 8
a 25 62 6
a 26 27 12
a 26 49 19
a 26 40 18
a 26 30 2
a 26 22 2
a 26 55 10
a 26 63 7
a 26 65 16
a 26 10 11
a 26 44 17
a 26 6 1
a 26 77 3
a 27 28 8
a 27 42 8
a 27 9 9
a 27 14 18
a 27 4 12
a 27 41 16
a 27 34 4
a 27 20 10
a 27 74 6
a 27 8 17
a 27 29 14
a 27 44 4
a 27 80 8
a 28 29 13
a 28 17 6
a 28 44 15
a 28 48 13
a 28 35 2
a 28 6 8
a 29 30 1
a 29 28 16
a 29 84 13
a 29 44 6
a 29 11 6
a 29 34 16
a 29 66 18
a 29 95 12
a 29 91 18
a 29 94 6
a 29 96 16
a 29 8 19
a 29 99 8
a 29 18 6
a 29 6 16
a 29 53 17
a 29 23 12
a 29 64 5
a 30 31 2
a 30 45 7
a 30 85 13
a 30 26 12
a 30 79 7
a 30 27 14
a 30 22 7
a 30 1 4
a 30 98 17
a 30 33 4
a 31 32 16
a 31 17 5
a 31 93 8
a 31 50 4
a 31 35 2
a 31 19 16
a 31 66 4
a 31 88 12
a 31 97 9
a 31 37 6
a 31 63 16
a 31 62 7
a 31 11 19
a 31 51 19
a 31 64 14
a 31 41 2
a 31 34 13
a 31 53 15
a 31 24 5
a 31 47 9
a 31 30 11
a 31 77 9
a 32 33 14
a 32 82 15
a 32 68 9
a 32 57 3
a 32 60 11
a 32 90 19
a 32 28 18
a 33 34 1
a 33 25 6
a 33 82 10
a 33 63 10
a 33 41 7
a 33 62 12
a 33 83 18
a 33 86 12
a 33 55 18
a 34 35 16
a 34 18 19
a 34 11 2
a 34 75 4
a 34 38 8
a 34 58 5
a 34 14 1
a 34 4 5
a 34 43 6
a 34 95 13
a 34 92 2
a 35 36 3
a 35 39 14
a 35 64 2
a 35 96 1
a 35 38 8
a 35 8 17
a 35 40 4
a 35 98 13
a 36 37 11
a 36 47 17
a 36 66 5
a 36 8 6
a 36 84 1
a 36 21 16
a 37 38 3
a 37 5 19
a 37 6 3
a 37 87 10
a 37 78 12
a 37 49 1
a 37 69 5
a 37 92 9
a 37 70 7
a 37 55 4
a 37 81 12
a 37 88 10
a 37 17 2
a 37 42 7
a 37 90 8
a 37 62 14
a 38 39 19
a 38 22 19
a 38 2 8
a 38 56 8
a 38 9 12
a 38 45 18
a 38 70 15
a 39 40 10
a 39 25 4
a 39 17 17
a 39 52 14
a 39 67 6
a 39 13 5
a 39 71 6
a 39 46 15
a 40 41 17
a 40 53 13
a 40 65 4
a 40 6 1
a 40 21 18
a 40 19 18
a 40 35 5
a 40 99 15
a 40 73 4
a 40 3 2
a 41 42 15
a 41 67 4
a 41 43 17
a 41 54 3
a 41 51 9
a 41 27 9
a 41 99 13
a 41 24 1
a 41 59 1
a 41 88 17
a 42 43 12
a 42 77 1
a 42 57 5
a 42 32 18
a 42 17 13
a 42 85 1
a 42 70 8
a 42 18 16
a 42 97 8
a 42 29 14
a 42 95 14
a 42 73 16
a 42 75 14
a 42 55 18
a 43 44 11
a 43 71 16
a 43 21 9
a 43 81 13
a 43 42 10
a 43 54 11
a 43 10 3
a 43 22 4
a 43 74 18
a 43 88 7
a 43 86 2
a 43 16 4
a 43 46 17
a 43 98 5
a 44 45 1
a 44 11 4
a 44 82 4
a 44 95 2
a 44 42 11
a 44 5 9
a 44 40 17
a 44 72 19
a 44 41 16
a 44 96 13
a 45 46 7
a 45 13 1
a 45 48 9
a 45 64 18
a 45 81 18
a 45 71 17
a 45 20 17
a 45 97 16
a 46 47 17
a 46 84 6
a 46 35 9
a 46 25 7
a 46 83 17
a 46 89 5
a 46 12 2
a 46 26 3
a 46 44 17
a 46 69 14
a 46 22 2
a 46 31 9
a 47 48 10
a 47 18 10
a 47 12 6
a 47 54 10
a 47 52 1
a 47 24 13
a 47 30 4
a 47 1 15
a 47 28 15
a 47 92 8
a 47 3 18
a 47 35 1
a 47 26 19
a 47 29 17
a 47 64 14
a 48 49 17
a 48 74 5
a 48 7 1
a 48 60 13
a 48 8 14
a 48 6 3
a 48 13 2
a 48 39 2
a 48 57 12
a 49 50 1
a 49 74 11
a 49 12 6
a 49 37 5
a 49 4 10
a 49 41 10
a 49 89 16
a 50 51 4
a 50 13 8
a 50 60 19
a 50 29 15
a 50 52 14
a 50 89 10
a 50 39 4
a 50 15 10
a 50 26 18
a 50 1 4
a 50 33 7
a 50 61 18
a 50 35 6
a 51 52 13
a 51 23 3
a 51 86 11
a 51 53 2
a 51 68 10
a 51 60 13
a 51 71 11
a 51 8 9
a 51 27 4
a 51 81 2
a 51 34 16
a 51 3 11
a 51 13 3
a 52 53 16
a 52 82 3
a 52 55 17
a 52 80 16
a 52 21 2
a 52 75 1
a 52 90 1
a 52 40 15
a 53 54 9
a 53 80 9
a 53 43 4
a 53 79 12
a 53 63 19
a 53 99 10
a 53 15 8
a 53 16 7
a 53 75 5
a 54 55 5
a 54 4 6
a 54 56 17
a 54 1 12
a 54 5 14
a 54 25 13
a 54 51 3
a 55 56 14
a 55 78 3
a 55 40 4
a 55 24 2
a 55 33 13
a 55 34 4
a 55 96 17
a 56 57 16
a 56 61 5
a 56 71 19
a 56 42 8
a 56 5 1
a 56 44 19
a 56 32 19
a 56 41 4
a 56 75 17
a 57 58 17
a 57 29 5
a 57 54 10
a 57 61 14
a 57 21 9
a 57 22 9
a 57 36 17
a 57 82 9
a 57 87 15
a 58 59 19
a 58 82 2
a 58 67 17
a 58 66 8
a 58 16 3
a 58 33 17
a 58 51 13
a 58 96 15
a 58 44 3
a 59 60 14
a 59 55 9
a 59 58 14
a 59 45 5
a 59 53 19
a 59 74 11
a 59 85 16
a 59 8 2
a 59 77 16
a 60 61 15
a 60 70 7
a 60 64 3
a 60 1 16
a 60 40 14
a 60 12 18
a 60 62 13
a 60 10 12
a 60 86 15
a 60 47 13
a 61 62 15
a 61 7 3
a 61 42 2
a 61 93 12
a 61 27 4
a 61 84 6
a 61 24 7
a 61 53 5
a 61 12 1
a 61 21 16
a 61 29 2
a 61 75 19
a 61 8 9
a 61 72 11
a 62 63 18
a 62 1 13
a 62 89 10
a 62 59 10
a 62 9 18
a 62 83 14
a 62 26 12
a 62 7 12
a 62 61 14
a 62 82 10
a 62 18 6
a 62 72 4
a 62 55 16
a 62 79 18
a 63 64 13
a 63 5 1
a 63 93 17
a 63 16 8
a 63 53 14
a 63 87 10
a 63 76 13
a 63 26 3
a 63 81 8
a 64 65 13
a 64 40 4
a 64 16 17
a 64 58 1
a 64 99 15
a 64 77 6
a 64 89 10
a 64 48 3
a 64 39 18
a 65 66 8
a 65 97 8
a 65 45 14
a 65 79 15
a 65 88 5
a 66 67 7
a 66 64 14
a 66 1 9
a 66 34 1
a 66 58 13
a 66 45 18
a 66 31 11
a 67 68 4
a 67 75 12
a 67 53 18
a 67 43 11
a 67 5 15
a 67 19 12
a 67 63 18
a 67 4 3
a 67 37 18
a 67 14 7
a 67 91 17
a 67 57 8
a 67 9 14
a 67 17 17
a 68 69 17
a 68 17 19
a 68 52 1
a 68 93 18
a 68 86 8
a 68 32 14
a 69 70 15
a 69 5 15
a 69 29 2
a 69 10 19
a 69 81 3
a 69 90 11
a 69 74 18
a 69 17 7
a 70 71 17
a 70 11 7
a 70 48 1
a 70 76 17
a 70 10 7
a 70 13 7
a 70 37 14
a 70 59 10
a 70 73 16
a 70 86 6
a 70 44 5
a 70 68 3
a 71 72 4
a 71 56 16
a 71 54 7
a 71 15 4
a 71 51 1
a 71 88 2
a 71 48 7
a 71 66 8
a 71 79 6
a 72 73 7
a 72 22 14
a 72 42 10
a 72 55 16
a 72 21 11
a 72 36 14
a 72 52 5
a 72 64 10
a 72 37 19
a 72 14 5
a 72 69 6
a 72 7 4
a 72 65 14
a 73 74 12
a 73 46 18
a 73 93 16
a 73 72 17
a 74 75 6
a 74 89 17
a 74 39 11
a 74 22 17
a 74 44 11
a 75 76 16
a 75 35 14
a 75 5 8
a 75 3 15
a 75 44 4
a 75 31 19
a 76 77 19
a 76 93 13
a 76 66 16
a 76 16 6
a 76 60 6
a 76 10 8
a 76 98 9
a 77 78 2
a 77 22 1
a 77 16 4
a 77 80 11
a 77 61 12
a 77 73 16
a 77 64 14
a 77 28 14
a 77 72 9
a 77 44 15
a 77 4 11
a 78 79 8
a 78 22 13
a 78 92 16
a 78 85 15
a 78 44 1
a 78 58 4
a 78 31 7
a 78 4 19
a 78 68 1
a 79 80 5
a 79 35 5
a 79 46 10
a 79 68 17
a 79 95 14
a 79 91 7
a 79 55 6
a 79 58 19
a 79 15 5
a 80 81 4
a 80 20 19
a 80 58 4
a 80 56 16
a 80 35 2
a 80 30 1
a 80 78 17
a 80 42 1
a 80 2 1
a 80 44 4
a 80 63 18
a 81 82 9
a 81 38 9
a 81 68 16
a 81 26 15
a 81 45 4
a 81 36 9
a 82 83 7
a 82 84 12
a 82 19 5
a 82 66 8
a 82 94 7
a 82 14 18
a 82 75 15
a 82 20 14
a 82 24 9
a 82 35 15
a 82 79 1
a 82 38 7
a 83 84 5
a 83 28 12
a 83 7 12
a 83 62 18
a 83 73 12
a 83 34 18
a 83 58 15
a 83 10 4
a 84 85 18
a 84 96 6
a 84 86 15
a 84 76 9
a 84 65 1
a 84 41 6
a 84 71 18
a 84 3 9
a 84 28 9
a 84 50 6
a 84 21 8
a 84 47 13
a 85 86 10
a 85 69 8
a 85 87 9
a 85 50 1
a 85 31 11
a 85 67 7
a 85 4 10
a 85 82 16
a 85 61 17
a 86 87 14
a 86 11 19
a 86 44 4
a 86 68 5
a 86 37 8
a 86 78 6
a 86 28 14
a 86 77 4
a 86 4 6
a 86 27 2
a 86 58 7
a 86 63 11
a 86 25 3
a 87 88 3
a 87 97 11
a 87 80 19
a 87 96 1
a 87 19 2
a 87 67 11
a 88 89 19
a 88 76 8
a 88 87 3
a 88 68 4
a 88 5 8
a 88 35 15
a 88 60 2
a 88 10 4
a 88 63 1
a 88 18 2
a 88 27 15
a 89 90 14
a 89 58 10
a 89 7 3
a 89 19 8
a 89 8 17
a 89 46 12
a 89 33 18
a 89 24 7
a 89 62 8
a 90 91 17
a 90 97 6
a 90 48 5
a 90 83 4
a 90 65 9
a 90 67 9
a 90 24 15
a 90 37 10
a 90 12 11
a 90 57 13
a 91 92 2
a 91 57 13
a 91 77 2
a 91 15 19
a 91 86 18
a 91 46 17
a 91 58 3
a 91 94 18
a 92 93 11
a 92 44 17
a 92 6 9
a 92 35 19
a 92 53 6
a 92 83 4
a 92 29 15
a 92 51 6
a 92 30 2
a 92 84 9
a 92 80 5
a 92 90 14
a 92 74 14
a 92 82 15
a 92 31 14
a 93 94 2
a 93 95 13
a 93 82 2
a 93 27 11
a 93 48 10
a 93 72 3
a 93 50 7
a 93 65 2
a 93 66 19
a 94 95 9
a 94 1 16
a 94 41 12
a 94 59 8
a 94 67 15
a 94 50 13
a 94 34 11
a 95 96 4
a 95 71 4
a 95 28 1
a 95 17 7
a 96 97 11
a 96 80 5
a 96 41 19
a 96 65 18
a 96 82 1
a 96 67 19
a 96 16 14
a 96 81 13
a 96 36 12
a 96 78 4
a 96 94 14
a 96 64 18
a 96 51 11
a 97 98 15
a 97 84 12
a 97 23 11
a 97 20 11
a 97 26 10
a 97 22 12
a 97 41 1
a 97 7 15
a 97 10 16
a 97 60 19
a 97 50 7
a 97 92 14
a 97 51 10
a 98 99 18
a 98 88 7
a 98 62 19
a 98 77 14
a 98 21 11
a 98 78 5
a 98 70 2
a 98 26 17
a 98 31 12
a 98 57 10
c 88 5 50 26 177
c 23 98 37 70 147
c 62 18 70 86 167
c 6 29 47 28 185
c 87 96 44 95 111
c 60 47 44 95 118
c 78 58 79 46 150
c 70 13 43 21 119
c 84 3 82 75 168
c 89 33 61 53 198
c 9 12 3 4 155
c 23 2 40 53 115
c 53 79 45 13 195
c 22 6 88 68 109
c 3 82 23 19 108
c 50 33 36 84 183
c 41 42 64 48 154
c 97 41 24 36 116
c 78 85 69 74 137
c 50 39 5 83 103
c 17 46 23 98 124
c 43 46 42 18 186
c 20 15 68 32 121
c 98 62 9 50 107
c 88 87 39 52 165
c 98 26 8 53 179
c 4 14 10 28 155
c 36 21 67 17 148
c 6 7 39 67 134
c 92 84 69 29 174
c 17 10 3 76 195
c 92 30 92 84 126
c 56 32 70 11 124
c 77 44 75 5 162
c 83 58 33 83 182
c 89 62 89 24 191
c 77 64 82 94 104
c 50 52 44 41 140
c 60 70 53 99 134
c 61 27 65 45 107
c 5 14 95 17 150
c 64 39 10 33 189
c 39 40 27 80 158
c 31 47 72 73 150
c 60 40 6 49 177
c 42 29 50 13 147
c 18 83 27 9 179
c 31 41 66 31 157
c 81 36 25 11 112
c 79 15 34 11 148
c 22 91 84 85 103
c 92 80 23 19 114
c 5 24 56 71 182
c 85 86 26 49 135
c 62 82 66 1 116
c 97 10 86 28 118
c 53 63 40 21 141
c 43 81 90 12 118
c 82 20 61 75 135
c 83 34 47 92 140
c 27 4 24 10 146
c 4 9 45 13 115
c 51 68 23 31 100
c 38 45 42 43 180
c 53 43 20 54 187
c 38 39 7 78 110
c 26 6 13 96 141
c 46 69 86 68 135
c 46 26 58 82 135
c 12 58 7 63 120
c 41 59 30 31 166
c 41 54 29 18 179
c 87 67 88 35 122
c 60 70 23 14 111
c 58 33 93 65 174
c 38 70 0 1 170
c 23 98 84 21 109
c 47 92 47 64 175
c 96 16 72 22 144
c 85 86 59 85 156
c 55 33 8 42 121
c 94 1 88 89 104
c 53 16 29 94 112
c 90 67 11 66 165
c 82 66 7 85 119
c 92 93 0 96 102
c 41 27 84 41 139
c 63 81 32 90 131
c 83 58 23 81 132
c 61 8 81 26 196
c 66 34 67 63 175
c 41 88 53 16 151
c 26 22 12 31 167
c 32 82 27 34 163
c 67 75 69 90 109
c 65 97 62 7 197
c 92 35 2 80 127
c 46 31 4 16 164
c 68 69 10 70 199
c 72 22 12 89 144
c 79 35 6 96 100
c 1 56 41 99 149
c 6 49 13 81 164
c 39 17 59 53 160
c 78 85 80 81 105
c 98 99 25 11 190
c 8 73 66 45 192
c 13 25 47 92 113
c 6 9 74 39 133
c 20 51 21 22 102
c 58 82 92 84 162
c 94 95 30 1 174
c 77 28 3 44 111
c 2 76 10 28 156
c 4 5 51 23 139
c 43 98 15 16 152
c 3 76 33 83 181
c 79 55 17 33 134
c 42 57 24 9 108
c 98 31 80 2 128
c 47 54 37 88 168
c 56 32 77 72 182
c 56 41 26 30 108
c 92 44 92 93 171
c 33 25 14 10 141
c 48 8 55 40 102
c 97 22 39 13 105
c 5 75 91 58 178
c 57 21 5 53 159
c 83 34 22 65 157
c 54 4 26 49 149
c 70 59 23 42 164
c 83 10 36 8 109
c 84 21 64 40 142
c 61 84 39 13 147
c 85 61 2 76 159
c 4 46 74 22 101
c 11 70 51 8 157
c 17 33 52 90 134
c 43 21 47 18 108
c 30 33 67 17 113
c 38 45 48 39 198
c 19 76 97 98 136
c 98 99 26 65 177
c 96 97 4 13 152
c 56 41 92 82 171
c 35 38 75 35 159
c 19 76 6 29 156
c 69 5 8 53 133
c 54 1 4 9 106
c 67 53 54 1 167
c 17 19 13 34 170
c 42 95 37 5 126
c 77 73 77 16 149
c 72 52 29 11 112
c 62 72 88 27 198
c 82 19 48 13 165
c 39 17 35 36 132
c 4 87 85 67 194
c 77 22 11 78 142
c 85 50 57 54 107
c 42 97 63 5 146
c 49 74 84 47 107
c 84 71 34 95 169
c 6 19 31 30 110
c 36 21 3 49 136
c 73 93 84 71 138
c 14 71 52 80 149
c 81 68 47 52 123
c 14 64 82 14 105
c 34 4 31 34 116
c 17 24 51 53 101
c 46 69 28 6 193
c 73 46 5 9 181
c 39 71 15 22 120
c 10 70 76 98 136
c 29 34 26 55 144
c 61 8 82 66 146
c 14 15 60 47 197
c 22 55 11 32 123
c 91 92 12 17 128
c 20 51 92 44 150
c 17 24 34 92 168
c 18 54 93 66 109
c 10 60 7 98 189
c 67 91 43 88 126
c 72 14 98 21 169
c 28 44 44 72 113
c 97 60 80 20 145
c 50 89 4 87 117
c 10 33 12 31 120
c 15 17 23 42 141
c 86 68 61 24 174
c 31 77 68 17 176
c 91 46 90 37 109
c 26 10 34 92 175
c 9 6 22 78 179
c 62 18 19 59 186
c 98 57 2 25 110
c 51 53 38 56 177
c 15 17 47 48 193
c 82 94 58 44 104
c 96 78 23 2 111
c 18 19 11 49 171
c 12 14 65 66 100
c 38 39 15 16 106
c 6 53 72 22 191
c 90 67 85 4 199
c 79 15 92 84 173
c 22 98 72 42 139
c 25 61 71 72 131
c 98 31 6 53 118
c 58 96 56 41 118
c 57 82 31 34 161
c 27 44 24 10 105
c 71 79 0 96 174
c 24 10 85 69 190
c 92 93 9 99 156
c 82 66 89 58 139
c 22 78 9 10 117
c 42 17 9 53 167
c 36 8 23 61 163
c 7 8 98 99 169
c 45 46 69 90 139
c 10 70 12 66 159
c 49 37 48 13 126
c 5 42 46 47 119
c 32 33 22 28 172
c 17 81 98 99 164
c 78 44 66 31 185
c 83 58 61 53 160
c 47 3 70 73 197
c 98 62 65 66 160
c 0 59 5 14 191
c 5 42 8 73 139
c 86 77 7 73 156
c 22 5 25 7 191
c 56 71 75 44 138
c 92 80 2 80 114
c 57 36 34 14 162
c 53 63 42 85 131
c 4 70 96 82 102
c 86 77 29 34 186
c 62 83 0 59 181
c 81 36 98 21 119
c 46 89 98 62 125
c 4 13 44 40 195
c 70 44 98 31 139
c 5 95 51 3 159
c 13 81 49 74 135
c 75 3 56 57 187
c 5 68 31 17 198
c 32 57 57 54 160
c 70 48 48 60 127
c 37 70 13 6 114
c 86 25 53 75 136
c 11 78 5 53 165
c 77 64 18 83 128
c 7 78 78 22 159
c 40 99 97 84 130
c 20 91 31 51 176
c 19 16 48 39 176
c 15 22 87 96 185
c 5 53 37 49 198
c 46 35 46 69 126
c 46 83 91 15 126
c 48 57 74 39 109
c 38 45 78 44 111
c 41 59 20 29 182
c 39 40 37 49 183
c 20 87 36 66 178
c 57 36 29 6 101
c 92 51 10 40 154
c 66 58 2 25 119
c 2 12 53 43 124
c 17 24 23 98 141
c 50 29 14 52 106
c 12 65 4 9 194
c 97 7 74 22 113
c 64 48 77 16 108
c 92 74 14 10 199
c 2 61 4 16 131
c 51 68 21 97 105
c 23 19 63 87 175
c 92 51 18 52 127
c 67 53 37 42 158
c 25 87 71 88 122
c 23 12 53 75 121
c 81 36 96 36 189
c 65 88 56 41 143
c 63 76 78 58 177
c 31 24 85 86 138
c 40 41 60 47 115
c 49 89 20 48 100
c 57 58 8 9 157
c 98 31 70 86 161
c 97 98 44 11 143
c 60 70 64 65 141
c 36 47 11 19 153
c 63 53 26 77 105
c 26 77 35 40 154
c 77 44 67 57 142
c 30 31 69 74 169
c 84 3 52 82 108
c 97 20 93 50 130
c 87 96 39 46 192
c 67 4 61 12 190
c 13 6 64 40 148
c 17 39 52 53 131
c 44 40 49 74 131
c 11 12 40 65 142
c 51 81 59 58 110
c 60 12 32 90 114
c 50 33 34 11 110
c 9 6 47 26 140
c 14 10 14 89 149
c 36 66 88 5 184
c 69 17 96 16 117
c 92 74 31 17 162
c 84 71 10 28 118
c 92 90 67 4 134
c 82 75 64 99 106
c 49 74 90 97 148
c 0 48 86 63 142
c 80 78 8 32 194
c 3 49 80 56 110
c 29 8 13 14 147
c 61 29 25 62 106
c 92 74 90 37 110
c 0 59 58 82 138
c 30 26 24 27 199
c 49 50 62 1 185
c 39 40 64 77 121
c 78 22 46 35 150
c 15 61 34 38 166
c 73 74 23 14 121
c 89 33 97 7 169
c 42 77 43 88 173
c 51 8 30 1 108
c 45 48 75 5 175
c 77 16 30 1 169
c 62 59 61 42 164
c 23 59 45 81 170
c 82 35 40 65 172
c 33 83 25 90 152
c 33 34 78 22 133
c 94 50 5 58 107
c 50 89 31 11 124
c 72 73 30 27 159
c 25 26 5 75 195
c 27 14 54 1 155
c 82 20 15 6 161
c 96 51 83 73 198
c 36 21 29 34 170
c 71 66 29 6 104
c 48 39 69 70 166
c 32 28 84 76 178
c 44 95 44 5 184
c 18 19 74 89 128
c 2 76 3 49 186
c 31 41 24 84 109
c 48 39 8 86 179
c 41 51 70 71 167
c 69 5 77 22 136
c 60 10 35 64 116
c 16 47 23 19 128
c 12 65 43 88 149
c 69 90 48 7 136
c 24 59 80 20 115
c 59 74 85 31 102
c 71 51 95 71 104
c 32 60 44 45 116
c 34 18 14 64 162
c 50 89 55 40 145
c 97 84 39 67 111
c 31 64 33 63 127
c 62 26 15 14 177
c 72 42 56 61 113
c 20 21 64 39 163
c 49 50 2 76 187
c 31 77 48 6 138
c 89 8 12 56 170
c 53 63 43 81 196
c 53 63 63 64 187
c 29 84 79 35 179
c 41 43 50 1 105
c 45 46 14 69 115
c 90 48 0 52 131
c 29 8 83 10 117
c 52 75 19 20 166
c 92 84 96 78 150
c 25 62 2 3 176
c 67 75 87 19 133
c 82 14 29 8 123
c 14 64 23 81 198
c 96 82 20 48 151
c 68 69 6 5 158
c 17 10 31 50 116
c 83 28 32 57 147
c 20 21 69 29 108
c 43 10 91 15 142
c 26 22 61 53 100
c 72 7 53 54 116
c 92 44 48 13 185
c 86 44 16 47 117
c 76 93 54 51 197
c 60 64 28 17 110
c 61 93 42 18 164
c 98 99 35 38 172
c 98 88 35 40 160
c 20 33 29 53 153
c 56 61 2 76 156
c 85 67 29 8 180
c 86 37 31 62 136
c 37 42 77 28 184
c 30 22 51 8 146
c 60 10 60 62 107
c 20 21 47 29 157
c 8 13 31 41 183
c 78 31 6 96 160
c 61 8 6 9 131
c 51 68 34 35 117
c 35 38 85 87 165
c 62 83 25 11 154
c 63 81 26 63 185
c 57 82 67 57 172
c 63 93 3 44 127
c 39 71 40 3 102
c 38 39 97 23 136
c 37 81 60 12 198
c 31 30 74 44 194
c 29 66 43 74 161
c 62 18 29 94 102
c 61 24 48 6 188
c 81 36 91 92 121
c 50 1 77 16 117
c 48 7 15 80 158
c 27 44 87 97 110
c 31 51 1 2 142
c 35 8 23 86 153
c 82 79 59 58 178
c 20 74 35 8 120
c 92 90 79 46 158
c 57 36 50 89 145
c 10 48 88 87 185
c 34 11 25 62 121
c 43 81 23 2 139
c 67 14 29 23 143
c 98 62 31 88 159
c 49 37 55 40 106
c 43 10 27 41 151
c 82 19 1 4 155
c 63 93 95 28 119
c 29 23 44 72 155
c 6 19 3 71 109
c 77 22 28 35 137
c 29 96 67 53 182
c 18 52 8 9 179
c 62 89 58 67 148
c 23 81 65 88 169
c 15 29 72 36 103
c 60 61 48 8 124
c 52 80 28 48 142
c 27 74 42 55 133
c 67 37 50 13 113
c 76 77 34 18 158
c 86 4 50 26 136
c 23 13 74 39 119
c 96 65 23 24 137
c 7 59 24 9 100
c 19 63 4 14 166
c 55 33 9 6 179
c 36 47 79 58 153
c 14 52 13 81 121
c 36 66 94 95 105
c 57 61 12 13 110
c 71 72 11 12 181
c 56 41 64 39 165
c 73 46 34 58 159
c 0 52 84 41 145
c 31 63 43 98 184
c 48 49 77 22 138
c 30 1 14 69 146
c 50 39 38 2 183
c 10 27 37 81 193
c 36 66 82 66 166
c 13 81 70 76 124
c 7 17 35 40 162
c 23 13 63 53 168
c 21 94 42 95 190
c 94 67 64 65 119
c 47 28 12 56 129
c 64 40 74 44 146
c 7 8 79 15 174
c 17 39 13 63 128
c 92 44 86 28 128
c 7 85 29 6 170
c 80 58 64 89 135
c 17 46 29 8 108
c 80 63 86 78 169
c 90 37 2 3 184
c 51 23 4 9 132
c 84 96 24 9 162
c 13 81 46 35 186
c 41 67 19 20 125
c 13 30 30 27 168
c 8 11 13 81 128
c 64 16 74 22 153
c 54 5 33 86 108
c 70 86 82 24 156
c 77 64 82 66 108
c 50 1 8 42 147
c 61 93 97 60 123
c 63 64 88 63 113
c 52 90 90 83 111
c 25 11 17 47 129
c 8 13 91 15 197
c 42 17 93 82 166
c 3 74 62 61 118
c 87 97 65 79 145
c 6 96 17 39 100
c 23 49 26 22 101
c 47 3 25 11 166
c 52 53 92 53 147
c 80 78 67 37 194
c 78 85 62 83 177
c 64 77 33 63 113
c 31 17 88 10 194
c 72 65 94 95 146
c 37 42 41 99 158
c 68 17 77 73 113
c 0 1 5 14 192
c 62 26 80 56 105
c 55 96 6 49 173
c 74 75 28 29 123
c 82 84 66 58 170
c 47 28 26 65 110
c 9 10 9 99 183
c 79 46 85 4 199
c 6 5 44 95 152
c 88 27 0 22 169
c 92 30 23 81 186
c 65 88 12 74 171
c 62 83 2 12 166
c 57 54 17 10 187
c 85 31 56 61 165
c 37 17 83 62 137
c 70 59 72 36 153
c 15 86 97 41 117
c 39 40 26 27 131
c 33 34 83 58 101
c 10 87 23 65 183
c 88 68 24 27 170
c 44 96 59 77 113
c 66 31 8 22 174
c 35 40 79 58 168
c 18 19 2 76 168
c 98 26 34 58 191
c 70 37 90 57 169
c 70 76 15 61 173
c 26 22 96 82 180
c 31 35 86 11 184
c 84 47 4 87 133
c 9 37 62 61 185
c 61 53 70 13 143
c 47 52 49 89 101
c 60 40 41 51 119
c 97 98 37 49 119
c 89 33 14 15 181
c 63 16 8 86 151
c 76 10 5 14 191
c 92 29 67 53 187
c 10 28 83 10 183
c 26 55 24 40 175
c 27 28 32 57 162
c 43 54 68 86 176
c 51 52 90 37 173
c 67 17 27 41 111
c 27 80 35 38 180
c 94 95 46 31 162
c 88 89 50 33 132
c 81 68 10 43 147
c 57 87 39 25 116
c 26 63 56 32 119
c 88 10 90 91 161
c 84 21 31 64 113
c 23 49 16 47 136
c 26 22 62 63 156
c 72 37 35 98 135
c 29 64 50 1 184
c 29 95 8 9 111
c 31 77 86 63 103
c 46 25 12 13 174
c 43 10 43 54 124
c 10 40 62 82 180
c 43 10 84 21 127
c 78 58 30 26 145
c 9 6 12 17 104
c 46 31 84 86 105
c 60 86 13 16 179
c 86 28 63 53 108
c 94 1 97 26 141
c 69 17 41 27 170
c 24 9 70 68 162
c 80 78 90 24 138
c 87 19 5 14 194
c 67 43 23 14 148
c 50 13 32 60 172
c 15 22 93 50 145
c 13 14 29 96 186
c 33 63 9 53 125
c 82 83 28 17 128
c 0 22 38 70 193
c 23 42 48 8 172
c 88 68 94 95 142
c 52 80 34 92 142
c 46 47 77 4 100
c 31 35 12 88 170
c 97 10 28 48 166
c 72 22 36 66 103
c 56 42 26 49 154
c 76 10 41 88 110
c 77 44 39 52 182
c 23 24 97 51 143
c 7 8 17 24 101
c 43 44 69 81 151
c 91 94 96 94 168
c 3 49 53 43 169
c 71 54 23 14 104
c 69 81 84 21 118
c 47 52 41 99 185
c 34 4 87 67 152
c 77 72 59 60 101
c 10 28 31 34 199
c 22 23 96 51 109
c 41 42 65 88 131
c 83 73 94 41 177
c 53 54 48 13 145
c 11 68 90 37 119
c 8 77 27 80 194
c 90 12 6 14 134
c 2 25 77 80 166
c 26 65 75 35 183
c 56 57 60 61 112
c 80 20 47 35 153
c 54 51 63 76 140
c 79 80 32 60 123
c 83 84 13 30 141
c 40 35 29 96 142
c 39 52 0 1 176
c 22 28 2 61 192
c 62 83 37 62 162
c 55 34 63 81 128
c 67 91 74 22 195
c 80 30 2 12 133
c 94 34 82 94 192
c 20 21 45 71 157
c 43 74 14 93 140
c 87 80 70 11 138
c 97 60 98 99 183
c 30 79 46 22 184
c 10 47 47 12 187
c 41 43 14 64 182
c 70 73 12 38 113
c 13 40 60 61 153
c 63 16 78 68 186
c 60 70 86 25 142
c 10 60 31 63 150
c 62 63 97 50 127
c 70 48 8 22 128
c 53 54 10 26 134
c 34 58 86 63 128
c 62 59 93 72 105
c 23 65 43 22 167
c 56 5 60 64 121
c 17 39 17 24 159
c 64 40 44 45 151
c 92 74 12 58 166
c 59 45 62 7 169
c 8 53 37 78 191
c 4 5 37 78 151
c 65 79 22 6 156
c 51 68 97 26 143
c 91 86 66 64 121
c 30 98 16 47 150
c 7 8 45 48 172
c 50 35 97 92 134
c 23 49 96 64 158
c 84 71 59 45 132
c 77 72 57 36 151
c 10 3 72 52 196
c 56 32 68 52 148
c 3 35 6 90 146
c 79 68 79 46 132
c 92 44 69 81 118
c 91 92 47 64 189
c 50 15 69 10 181
c 29 11 37 6 196
c 81 68 39 40 191
c 47 1 92 80 169
c 27 44 65 88 152
c 72 21 17 81 152
c 67 9 37 55 192
c 79 80 13 14 193
c 77 4 10 70 119
c 9 19 19 76 100
c 89 7 79 80 117
c 91 94 58 44 135
c 10 33 9 53 188
c 42 95 44 11 122
c 80 78 61 7 135
c 52 21 50 13 160
c 23 19 16 25 181
c 45 46 57 87 174
c 23 98 84 85 106
c 92 93 58 33 177
c 80 20 77 16 184
c 53 75 2 62 128
c 7 73 82 75 171
c 67 63 5 4 148
c 7 98 60 40 180
c 29 94 98 70 188
c 96 65 55 24 138
c 9 99 96 51 149
c 98 21 70 73 124
c 43 44 52 90 184
c 70 11 37 70 178
c 67 75 68 69 185
c 31 51 59 60 150
c 15 22 41 43 110
c 67 91 42 57 197
c 42 97 72 55 145
c 10 87 6 49 132
c 50 52 20 91 137
c 25 23 15 20 179
c 73 46 30 98 101
c 44 5 68 32 190
c 75 35 13 40 177
c 31 77 52 82 127
c 42 29 52 53 187
c 29 18 34 4 104
c 8 53 77 28 142
c 33 83 90 57 161
c 7 78 90 37 130
c 27 4 25 23 168
c 92 31 26 65 137
c 13 59 94 95 173
c 90 48 74 75 181
c 88 5 14 77 131
c 79 80 88 35 182
c 74 39 39 52 105
c 18 19 36 21 109
c 75 5 55 34 176
c 14 89 63 26 115
c 72 22 78 68 149
c 23 19 43 88 130
c 72 64 84 71 111
c 40 3 37 90 124
c 86 4 86 68 137
c 89 24 69 81 179
c 29 84 47 29 118
c 7 78 29 91 164
c 10 26 31 19 126
c 15 25 23 13 184
c 67 75 79 91 148
c 72 21 57 61 112
c 34 95 14 15 133
c 1 11 10 33 100
c 27 44 31 11 140
c 44 95 47 24 155
c 25 61 20 15 197
c 76 16 35 96 194
c 96 65 54 4 156
c 76 66 25 88 164
c 33 25 34 92 142
c 78 79 20 15 120
c 94 34 30 1 197
c 20 87 92 6 107
c 3 71 29 53 133
c 57 61 97 50 102
c 97 51 82 83 185
c 58 44 97 22 125
c 63 87 84 96 137
c 42 57 86 78 104
c 23 2 93 65 197
c 62 9 52 80 199
c 46 69 61 12 187
c 5 4 30 45 197
c 5 80 67 9 146
c 43 98 24 36 163
c 0 96 28 35 106
c 47 1 66 64 156
c 34 75 43 86 136
c 68 52 15 17 149
c 18 83 88 5 156
c 3 82 84 28 165
c 11 19 35 8 195
c 40 65 72 7 157
c 80 44 57 61 152
c 57 58 44 42 130
c 29 18 38 2 144
c 76 77 3 74 136
c 13 30 47 28 151
c 72 65 41 24 111
c 88 27 81 82 193
c 16 61 7 59 142
c 43 88 31 24 136
c 12 38 42 55 105
c 98 70 43 88 113
c 29 94 17 19 149
c 6 53 22 91 158
c 17 18 47 24 195
c 69 10 47 35 129
c 66 67 98 77 138
c 60 64 23 31 176
c 31 32 42 43 140
c 47 26 79 91 117
c 17 81 43 46 174
c 29 23 76 60 157
c 31 35 47 26 158
c 35 8 13 96 139
c 55 96 6 29 173
c 60 40 91 94 165
c 29 44 61 8 175
c 67 91 71 88 163
c 72 52 20 74 164
c 47 26 44 5 179
c 1 67 37 70 124
c 48 49 92 44 120
c 31 41 50 26 147
c 38 56 46 35 128
c 86 78 15 29 104
c 91 92 85 31 137
c 3 59 96 36 102
c 5 83 46 83 176
c 60 70 62 63 112
c 91 86 55 40 121
c 90 83 2 61 163
c 61 29 19 59 109
c 64 16 22 78 103
c 13 90 86 78 121
c 69 5 96 97 132
c 35 98 93 66 152
c 39 46 33 25 120
c 89 33 2 12 174
c 42 85 7 98 134
c 77 73 41 51 105
c 9 19 50 39 152
c 80 63 59 60 181
c 70 48 26 10 142
c 5 83 80 63 107
c 12 58 29 6 164
c 35 38 31 24 199
c 48 13 8 13 106
c 30 22 94 50 156
c 90 83 67 4 172
c 39 71 30 45 119
c 26 22 7 8 175
c 98 26 63 81 199
c 53 43 24 27 138
c 69 17 29 94 116
c 73 93 46 22 160
c 29 94 1 56 181
c 74 22 20 87 106
c 37 92 11 94 128
c 11 65 96 80 110
c 48 7 61 72 145
c 9 8 24 62 118
c 97 84 92 30 131
c 43 44 1 10 107
c 55 40 5 42 127
c 58 82 5 11 191
c 14 77 53 16 137
c 88 87 37 62 159
c 51 86 42 32 158
c 78 58 70 10 143
c 92 30 36 84 183
c 1 2 61 27 107
c 47 64 17 10 124
c 64 65 93 95 196
c 6 35 90 24 183
c 3 74 31 62 103
c 10 69 17 61 110
c 6 29 51 13 145
c 31 19 9 99 164
c 14 15 41 27 166
c 56 32 37 88 121
c 56 75 27 20 144
c 71 88 40 21 123
c 15 17 8 13 107
c 14 55 25 90 114
c 43 21 52 75 111
c 6 96 50 33 134
c 20 48 30 31 108
c 12 52 12 17 127
c 5 24 10 28 188
c 29 30 80 2 110
c 7 59 11 78 131
c 80 35 14 69 102
c 58 51 31 19 167
c 44 95 43 22 164
c 51 23 39 17 126
c 60 40 17 24 118
c 9 8 33 83 129
c 0 96 29 64 173
c 92 29 5 14 104
c 46 83 84 65 101
c 8 9 67 63 114
c 90 48 7 63 177
c 31 77 74 22 197
c 31 32 18 19 130
c 19 73 85 31 157
c 3 35 63 93 153
c 44 42 61 12 129
c 3 71 27 9 100
c 23 31 96 41 132
c 85 4 90 91 177
c 26 27 87 80 195
c 2 12 47 35 196
c 75 5 61 72 199
c 46 12 56 32 150
c 83 73 59 85 174
c 2 62 89 19 121
c 92 29 34 18 163
c 13 90 45 48 174
c 32 68 61 7 160
c 28 44 26 22 101
c 6 14 85 31 138
c 90 83 25 17 113
c 96 97 2 80 113
c 51 13 88 63 161
c 41 67 0 99 139
c 29 8 50 33 154
c 6 90 29 95 143
c 89 24 77 78 114
c 8 11 25 87 182
c 57 58 11 12 135
c 84 50 18 54 188
c 31 41 6 90 163
c 88 5 14 52 124
c 44 45 59 60 101
c 62 7 37 6 192
c 22 5 26 44 126
c 15 20 45 13 182
c 48 8 20 29 108
c 16 47 2 25 192
c 61 24 20 29 103
c 39 46 59 60 152
c 46 26 12 31 163
c 34 38 20 74 146
c 56 42 83 7 168
c 5 83 92 93 114
c 97 20 10 1 140
c 92 74 84 3 160
c 10 78 12 38 149
c 36 47 48 60 165
c 50 15 5 24 178
c 10 43 51 8 124
c 31 47 13 25 126
c 43 22 52 40 133
c 86 68 29 99 196
c 77 4 67 43 167
c 30 26 89 90 164
c 30 79 50 1 101
c 9 99 73 72 176
c 1 56 31 97 130
c 27 80 51 81 109
c 91 15 81 82 120
c 36 66 29 8 166
c 12 52 44 41 189
c 56 41 31 51 176
c 12 89 82 66 127
c 3 35 97 98 174
c 53 43 83 28 119
c 63 64 97 92 125
c 80 44 2 89 154
c 43 22 0 52 172
c 69 74 40 21 111
c 17 43 74 44 154
