notes: n=100, m=990, elb=1, eub=20, density=0.1, conf_density=0.002, clb=25, cub= 125, seed= 1631
p spec 100 990 979
s 0
t 99
a 0 1 8
a 0 71 17
a 0 57 13
a 0 49 4
a 0 22 15
a 0 43 11
a 0 3 13
a 0 17 5
a 0 10 10
a 0 41 18
a 1 2 7
a 1 77 12
a 1 23 16
a 1 15 19
a 1 41 17
a 1 39 4
a 1 82 12
a 1 34 8
a 2 3 15
a 2 87 9
a 2 76 19
a 2 32 17
a 2 10 16
a 2 84 5
a 2 77 6
a 2 73 17
a 3 4 12
a 3 50 4
a 3 1 8
a 3 28 9
a 3 6 6
a 3 40 10
a 3 60 9
a 3 85 14
a 3 48 1
a 3 36 4
a 3 46 18
a 3 45 19
a 3 32 11
a 3 47 19
a 4 5 8
a 4 24 4
a 4 12 17
a 4 87 14
a 4 75 5
a 4 51 8
a 4 22 4
a 4 52 9
a 4 8 7
a 4 2 7
a 5 6 7
a 5 82 12
a 5 41 4
a 5 67 17
a 5 69 14
a 5 2 15
a 5 37 12
a 6 7 7
a 6 37 18
a 6 62 1
a 6 51 16
a 6 64 6
a 6 48 8
a 6 63 9
a 6 52 1
a 7 8 15
a 7 24 18
a 7 99 1
a 7 42 2
a 7 94 7
a 7 81 7
a 7 80 3
a 7 74 17
a 7 43 9
a 7 11 4
a 7 46 1
a 7 25 1
a 8 9 1
a 8 20 6
a 8 32 3
a 8 21 6
a 8 37 14
a 8 49 15
a 8 17 17
a 8 28 5
a 8 53 17
a 8 40 4
a 8 78 10
a 8 99 9
a 8 14 8
a 8 19 5
a 8 94 2
a 8 43 14
a 8 51 7
a 8 47 12
a 8 16 11
a 8 84 9
a 8 62 2
a 9 10 2
a 9 43 15
a 9 40 4
a 9 84 8
a 9 72 14
a 9 90 4
a 9 82 2
a 9 44 17
a 10 11 2
a 10 22 5
a 10 6 12
a 10 35 17
a 10 83 2
a 10 97 10
a 10 50 9
a 11 12 8
a 11 17 8
a 11 68 4
a 11 62 4
a 11 28 10
a 11 69 2
a 11 24 8
a 11 81 19
a 11 23 13
a 11 84 13
a 11 2 1
a 11 49 9
a 11 72 3
a 11 13 5
a 11 77 6
a 11 89 18
a 12 13 10
a 12 26 12
a 12 23 12
a 12 4 6
a 12 38 4
a 12 11 2
a 12 33 11
a 12 9 18
a 12 25 10
a 12 84 16
a 12 46 10
a 12 63 11
a 13 14 11
a 13 71 9
a 13 48 3
a 13 23 14
a 13 64 9
a 13 18 17
a 13 37 13
a 13 73 15
a 13 2 17
a 14 15 3
a 14 19 9
a 14 9 17
a 14 31 10
a 14 97 1
a 14 42 18
a 14 25 1
a 14 24 4
a 14 63 17
a 14 57 5
a 14 28 4
a 14 62 1
a 15 16 5
a 15 6 18
a 15 74 7
a 15 8 5
a 15 53 17
a 15 60 11
a 15 35 10
a 15 65 13
a 16 17 16
a 16 36 13
a 16 2 19
a 16 31 13
a 16 46 17
a 16 89 5
a 16 97 17
a 16 5 12
a 16 19 15
a 17 18 15
a 17 76 14
a 17 54 5
a 17 4 16
a 17 75 2
a 17 86 18
a 17 7 3
a 17 14 17
a 17 84 8
a 17 67 19
a 17 23 11
a 17 3 8
a 18 19 1
a 18 25 13
a 18 50 19
a 18 35 17
a 18 74 17
a 18 52 19
a 18 79 11
a 18 89 5
a 19 20 4
a 19 6 1
a 19 81 9
a 19 4 6
a 19 61 1
a 19 91 11
a 19 22 5
a 19 62 19
a 19 43 10
a 20 21 14
a 20 88 13
a 20 38 13
a 20 79 8
a 20 29 5
a 20 78 3
a 20 83 12
a 20 9 10
a 20 53 6
a 21 22 2
a 21 12 9
a 21 89 18
a 21 15 19
a 21 62 14
a 21 58 16
a 21 28 7
a 21 40 4
a 21 80 1
a 21 85 11
a 21 45 12
a 22 23 11
a 22 94 5
a 22 58 15
a 22 81 1
a 22 6 2
a 22 79 1
a 22 45 16
a 22 42 7
a 22 88 5
a 22 13 19
a 22 66 16
a 22 97 13
a 23 24 19
a 23 2 4
a 23 27 13
a 23 39 19
a 23 53 11
a 23 94 16
a 23 49 10
a 24 25 10
a 24 43 2
a 24 36 8
a 24 15 5
a 25 26 2
a 25 34 16
a 25 68 15
a 25 84 18
a 25 56 13
a 25 6 11
a 25 76 8
a 25 71 3
a 25 8 9
a 25 43 7
a 25 69 10
a 25 15 16
a 25 16 18
a 25 99 13
a 26 27 2
a 26 79 13
a 26 96 12
a 26 94 3
a 26 74 11
a 26 45 1
a 26 7 2
a 26 89 3
a 26 39 1
a 26 62 14
a 26 59 19
a 26 10 15
a 26 48 8
a 26 29 3
a 27 28 9
a 27 60 5
a 27 19 12
a 27 74 11
a 27 40 17
a 27 46 15
a 27 32 16
a 27 73 16
a 27 2 9
a 27 30 16
a 27 88 11
a 28 29 8
a 28 64 9
a 28 88 16
a 28 81 2
a 28 82 11
a 28 90 4
a 28 63 2
a 28 31 4
a 28 71 12
a 28 22 18
a 28 41 8
a 28 94 13
a 29 30 17
a 29 9 5
a 29 36 5
a 29 64 1
a 29 90 9
a 29 82 5
a 29 65 3
a 29 11 1
a 29 3 18
a 29 1 4
a 30 31 3
a 30 62 17
a 30 46 18
a 30 95 16
a 30 88 7
a 30 9 5
a 30 2 11
a 30 16 16
a 31 32 19
a 31 73 7
a 31 61 5
a 31 57 8
a 31 56 9
a 31 86 10
a 31 90 18
a 32 33 10
a 32 75 10
a 32 55 6
a 32 17 10
a 32 35 1
a 32 83 17
a 32 76 6
a 32 15 2
a 32 69 6
a 32 6 15
a 32 94 2
a 32 24 17
a 33 34 8
a 33 19 2
a 33 48 17
a 33 14 6
a 33 96 11
a 33 24 17
a 33 18 2
a 33 30 1
a 34 35 9
a 34 75 4
a 34 9 7
a 34 46 1
a 34 47 16
a 34 72 6
a 34 97 13
a 34 84 8
a 34 45 7
a 34 2 19
a 34 94 3
a 35 36 16
a 35 63 8
a 35 57 11
a 35 23 6
a 35 49 2
a 35 68 6
a 35 51 8
a 35 45 13
a 36 37 1
a 36 52 1
a 36 20 19
a 36 80 10
a 36 79 18
a 36 81 17
a 36 70 12
a 36 22 12
a 36 3 7
a 37 38 10
a 37 28 9
a 37 27 12
a 37 73 2
a 37 14 4
a 37 57 8
a 37 44 15
a 37 74 7
a 37 9 15
a 38 39 6
a 38 76 14
a 38 97 6
a 38 31 14
a 38 1 9
a 38 57 10
a 38 93 6
a 38 13 12
a 38 74 8
a 38 25 3
a 38 58 10
a 38 60 1
a 39 40 19
a 39 69 2
a 39 33 12
a 39 83 3
a 39 14 4
a 39 11 10
a 39 47 1
a 40 41 19
a 40 90 3
a 40 34 3
a 40 85 13
a 40 49 12
a 40 83 3
a 40 62 4
a 40 79 13
a 40 63 17
a 40 81 14
a 40 92 9
a 40 74 10
a 40 23 8
a 40 84 12
a 40 20 9
a 40 78 16
a 40 51 12
a 41 42 17
a 41 72 12
a 41 35 11
a 41 30 15
a 41 33 3
a 41 20 13
a 41 15 17
a 42 43 12
a 42 65 5
a 42 47 16
a 42 40 13
a 42 50 5
a 42 1 10
a 42 34 7
a 42 84 13
a 42 15 19
a 43 44 7
a 43 73 6
a 43 49 10
a 43 98 10
a 43 89 4
a 43 27 2
a 43 78 10
a 43 80 1
a 43 91 2
a 43 90 9
a 43 33 2
a 43 92 4
a 43 22 12
a 43 1 17
a 43 55 2
a 43 31 4
a 44 45 14
a 44 79 1
a 44 1 9
a 44 87 15
a 44 18 3
a 44 11 14
a 44 26 3
a 44 31 8
a 44 81 14
a 44 65 3
a 44 80 3
a 44 7 15
a 44 15 2
a 44 4 4
a 45 46 2
a 45 59 9
a 45 94 15
a 45 12 5
a 45 10 3
a 45 44 11
a 45 66 6
a 45 91 4
a 45 74 1
a 45 13 9
a 46 47 12
a 46 83 16
a 46 2 15
a 46 45 13
a 46 33 4
a 46 28 15
a 46 60 7
a 46 17 3
a 46 97 17
a 46 58 17
a 46 52 12
a 47 48 19
a 47 7 15
a 47 59 4
a 47 53 2
a 47 54 13
a 47 39 12
a 47 42 18
a 47 2 4
a 47 63 6
a 47 95 17
a 47 51 15
a 47 9 14
a 48 49 5
a 48 66 12
a 48 40 19
a 48 13 5
a 48 37 8
a 48 64 15
a 48 94 4
a 48 3 18
a 48 14 2
a 48 26 7
a 48 28 8
a 48 27 15
a 48 43 7
a 48 86 1
a 49 50 12
a 49 59 5
a 49 2 3
a 49 25 13
a 49 22 13
a 49 93 4
a 49 36 2
a 49 71 7
a 49 48 13
a 49 18 17
a 49 72 8
a 50 51 17
a 50 62 17
a 50 79 18
a 50 1 8
a 50 34 10
a 50 94 18
a 50 10 11
a 50 30 11
a 51 52 17
a 51 22 5
a 51 92 1
a 51 21 14
a 51 86 1
a 51 39 16
a 51 50 13
a 51 98 7
a 51 19 5
a 51 54 16
a 51 59 2
a 52 53 5
a 52 73 14
a 52 49 13
a 52 92 10
a 52 13 19
a 52 41 5
a 52 28 8
a 52 55 18
a 53 54 15
a 53 64 17
a 53 24 18
a 53 38 2
a 53 44 14
a 53 30 11
a 53 28 4
a 53 2 1
a 53 8 16
a 54 55 3
a 54 13 19
a 54 91 12
a 54 3 10
a 54 34 16
a 54 97 13
a 55 56 8
a 55 44 8
a 55 71 5
a 55 13 12
a 55 22 9
a 55 20 6
a 55 11 7
a 56 57 12
a 56 91 18
a 56 97 9
a 56 78 5
a 56 75 19
a 56 82 7
a 56 46 17
a 56 79 11
a 56 37 19
a 56 34 13
a 56 41 14
a 57 58 10
a 57 7 19
a 57 68 11
a 57 85 5
a 57 36 9
a 57 32 1
a 57 51 17
a 57 46 7
a 57 96 1
a 57 94 5
a 58 59 10
a 58 15 10
a 58 60 7
a 58 26 12
a 58 69 1
a 58 1 16
a 58 92 10
a 58 35 3
a 58 7 17
a 58 97 11
a 58 46 8
a 58 23 3
a 58 63 9
a 58 13 11
a 59 60 13
a 59 57 9
a 59 50 1
a 59 29 2
a 59 83 5
a 59 61 13
a 59 21 13
a 59 93 7
a 59 10 9
a 59 34 12
a 60 61 14
a 60 22 6
a 60 85 10
a 60 21 6
a 60 40 5
a 60 18 6
a 60 23 7
a 60 83 3
a 60 88 13
a 61 62 11
a 61 16 9
a 61 28 13
a 61 5 2
a 61 73 2
a 61 82 8
a 62 63 8
a 62 13 17
a 62 10 11
a 62 30 1
a 62 98 17
a 62 34 14
a 62 80 1
a 62 96 1
a 62 11 3
a 62 3 15
a 62 36 14
a 62 64 18
a 62 93 2
a 63 64 1
a 63 2 10
a 63 24 19
a 63 55 14
a 63 32 18
a 63 77 6
a 63 31 3
a 63 38 3
a 63 80 18
a 63 97 3
a 64 65 5
a 64 5 16
a 64 61 5
a 64 93 16
a 64 15 17
a 64 59 2
a 64 67 11
a 64 38 10
a 64 26 15
a 64 3 1
a 64 30 4
a 64 89 18
a 65 66 17
a 65 78 11
a 65 33 15
a 65 38 9
a 65 28 1
a 65 42 4
a 65 40 13
a 65 34 13
a 65 84 2
a 65 93 16
a 65 98 1
a 66 67 6
a 66 49 4
a 66 28 11
a 66 25 19
a 66 65 15
a 66 57 19
a 66 78 19
a 66 1 17
a 66 41 2
a 66 85 19
a 66 7 15
a 67 68 9
a 67 15 17
a 67 12 2
a 67 25 5
a 67 13 11
a 67 8 8
a 67 93 16
a 67 2 13
a 67 35 13
a 68 69 15
a 68 38 3
a 68 96 9
a 68 72 5
a 68 48 6
a 68 53 2
a 68 18 16
a 68 33 2
a 68 23 10
a 69 70 11
a 69 64 17
a 69 48 7
a 69 27 18
a 69 5 2
a 69 16 4
a 69 40 5
a 69 42 18
a 69 15 8
a 70 71 17
a 70 95 1
a 70 24 14
a 70 49 15
a 70 15 3
a 70 40 10
a 70 52 15
a 70 62 8
a 70 27 11
a 70 75 15
a 70 46 4
a 70 59 13
a 70 91 13
a 71 72 11
a 71 78 4
a 71 28 6
a 71 32 12
a 71 51 9
a 71 31 17
a 71 76 8
a 71 29 12
a 71 39 1
a 71 52 6
a 71 46 3
a 71 87 18
a 71 25 4
a 71 40 13
a 72 73 9
a 72 90 10
a 72 68 10
a 72 54 12
a 72 47 7
a 72 43 19
a 72 20 17
a 72 74 4
a 72 53 4
a 72 32 7
a 72 52 13
a 72 2 5
a 73 74 3
a 73 9 13
a 73 54 5
a 73 52 5
a 73 63 4
a 73 90 13
a 73 57 14
a 73 35 5
a 73 55 4
a 73 82 13
a 73 44 15
a 73 92 3
a 73 39 10
a 74 75 9
a 74 63 6
a 74 39 11
a 74 66 7
a 74 34 4
a 74 95 17
a 74 58 14
a 75 76 15
a 75 98 1
a 75 35 6
a 75 45 3
a 76 77 12
a 76 12 3
a 76 47 15
a 76 80 4
a 76 69 14
a 76 67 12
a 76 45 1
a 76 39 7
a 76 24 6
a 76 57 13
a 76 93 8
a 77 78 15
a 77 23 2
a 77 71 18
a 77 82 14
a 77 32 16
a 77 98 19
a 77 89 5
a 78 79 16
a 78 66 5
a 78 88 1
a 78 19 8
a 78 37 12
a 78 72 10
a 78 68 11
a 78 1 14
a 78 84 9
a 78 98 3
a 78 41 3
a 78 2 18
a 78 60 19
a 78 77 2
a 78 27 6
a 78 81 15
a 79 80 14
a 79 75 6
a 79 1 4
a 79 13 10
a 79 65 2
a 79 60 14
a 79 45 6
a 79 84 3
a 79 64 13
a 79 90 1
a 79 70 5
a 79 58 14
a 79 95 3
a 80 81 18
a 80 95 3
a 80 94 15
a 80 88 12
a 80 78 11
a 80 8 5
a 80 30 18
a 80 97 13
a 80 90 18
a 80 71 17
a 80 66 10
a 80 86 15
a 80 57 18
a 80 14 4
a 80 29 7
a 80 67 16
a 80 5 2
a 81 82 14
a 81 17 19
a 81 59 16
a 81 67 2
a 81 63 10
a 81 80 7
a 82 83 7
a 82 91 17
a 82 90 1
a 82 98 19
a 82 7 12
a 83 84 15
a 83 71 17
a 83 11 18
a 83 17 13
a 84 85 17
a 84 20 14
a 84 10 13
a 84 4 17
a 84 51 18
a 84 56 14
a 84 79 11
a 84 80 1
a 84 50 15
a 84 77 3
a 84 7 6
a 85 86 3
a 85 47 8
a 85 17 15
a 85 65 4
a 85 98 12
a 85 83 7
a 85 10 14
a 85 16 16
a 85 30 9
a 86 87 6
a 86 5 11
a 86 82 15
a 86 91 3
a 86 33 9
a 86 24 1
a 86 85 6
a 86 48 5
a 87 88 14
a 87 84 8
a 87 13 19
a 87 44 13
a 87 54 3
a 87 30 14
a 87 90 12
a 87 38 18
a 88 89 18
a 88 7 14
a 88 61 4
a 88 41 3
a 88 87 5
a 88 29 5
a 88 92 15
a 88 17 13
a 89 90 11
a 89 35 9
a 89 9 19
a 89 12 8
a 90 91 15
a 90 12 12
a 90 93 2
a 90 72 3
a 90 51 4
a 91 92 11
a 91 1 18
a 91 39 5
a 91 36 5
a 91 14 12
a 91 48 4
a 91 30 11
a 91 87 14
a 91 54 10
a 91 29 10
a 91 81 3
a 92 93 9
a 92 81 4
a 92 49 6
a 92 62 2
a 92 3 7
a 92 13 6
a 92 94 17
a 92 96 1
a 92 34 4
a 92 80 19
a 92 10 9
a 92 24 10
a 92 15 1
a 92 52 8
a 93 94 12
a 93 39 5
a 93 31 4
a 93 81 14
a 93 46 5
a 94 95 1
a 94 9 3
a 94 96 18
a 94 17 3
a 94 37 12
a 94 59 13
a 94 61 2
a 94 92 16
a 94 30 15
a 94 38 15
a 95 96 19
a 95 81 6
a 95 72 16
a 95 69 19
a 95 80 13
a 95 22 19
a 95 88 14
a 95 42 18
a 95 85 6
a 95 14 16
a 95 90 3
a 96 97 14
a 96 14 4
a 96 57 12
a 96 98 10
a 96 27 12
a 96 79 14
a 96 12 16
a 97 98 11
a 97 40 6
a 97 42 15
a 97 53 15
a 97 61 5
a 97 4 2
a 97 32 10
a 97 81 4
a 97 94 6
a 97 89 17
a 97 73 14
a 98 99 10
a 98 29 9
a 98 40 3
a 98 1 8
a 98 90 19
a 98 96 4
a 98 51 15
a 98 72 9
a 98 70 12
c 93 31 5 37 120
c 36 37 15 60 49
c 79 64 37 14 45
c 40 51 32 24 26
c 40 41 3 40 115
c 80 67 55 20 112
c 8 94 65 84 106
c 2 73 4 5 70
c 66 7 28 88 99
c 76 93 66 1 82
c 53 38 6 64 26
c 66 41 65 40 107
c 76 47 73 9 77
c 22 88 60 22 79
c 93 94 88 17 56
c 34 35 71 40 41
c 73 9 46 33 119
c 67 15 27 60 31
c 94 95 30 9 85
c 41 42 62 64 113
c 3 6 65 84 39
c 66 85 19 61 120
c 11 62 80 88 105
c 12 23 45 59 76
c 97 42 48 94 42
c 98 1 36 20 93
c 85 17 19 81 29
c 39 83 74 34 28
c 63 31 92 13 82
c 15 6 6 37 40
c 48 28 11 12 98
c 59 61 93 31 84
c 44 81 5 2 60
c 5 67 8 51 120
c 78 37 48 64 53
c 78 68 22 88 29
c 51 59 28 90 59
c 66 7 26 10 97
c 81 59 59 93 25
c 59 93 84 56 103
c 92 49 29 3 109
c 2 32 77 82 25
c 9 40 78 37 44
c 49 48 55 71 105
c 15 8 11 72 55
c 62 13 76 69 91
c 72 68 78 98 109
c 32 55 84 4 36
c 57 96 6 7 56
c 33 19 46 45 116
c 32 35 77 71 113
c 38 25 48 37 89
c 66 25 16 89 33
c 65 78 20 38 60
c 76 69 16 31 42
c 37 38 21 12 70
c 36 70 21 22 30
c 56 46 56 41 75
c 18 50 34 2 101
c 45 59 32 17 102
c 2 84 9 43 96
c 98 70 32 69 104
c 18 89 46 45 86
c 37 74 66 28 93
c 52 49 22 6 77
c 60 40 21 89 67
c 15 53 87 88 32
c 68 18 1 77 98
c 17 18 43 1 34
c 41 15 49 72 95
c 63 24 48 14 84
c 86 82 32 94 120
c 51 21 45 91 67
c 37 74 40 41 122
c 14 31 25 16 102
c 30 62 32 94 124
c 66 85 92 81 64
c 70 15 63 55 89
c 0 17 23 49 119
c 40 83 34 45 96
c 19 81 26 45 107
c 1 23 81 59 121
c 37 57 74 63 115
c 74 34 71 76 50
c 55 44 13 71 104
c 70 71 10 6 69
c 28 31 81 80 108
c 96 98 62 80 53
c 11 17 56 97 37
c 96 97 53 54 30
c 76 45 43 91 93
c 78 27 70 15 67
c 63 77 32 17 35
c 25 68 33 48 38
c 88 17 25 68 63
c 92 81 32 17 58
c 3 1 91 54 88
c 7 8 60 83 121
c 64 5 66 41 50
c 64 59 40 63 98
c 70 59 91 48 25
c 4 12 17 54 105
c 56 57 70 49 40
c 66 85 71 39 72
c 98 29 51 39 44
c 35 36 46 45 69
c 22 66 13 71 29
c 51 86 48 94 87
c 9 82 30 62 49
c 25 34 92 80 26
c 29 82 79 60 109
c 23 2 63 64 43
c 85 65 21 12 76
c 57 36 25 76 40
c 17 4 87 84 54
c 9 40 94 30 84
c 14 19 39 40 52
c 27 73 96 98 109
c 39 14 80 78 46
c 20 83 11 62 85
c 76 47 35 45 93
c 84 80 17 54 81
c 0 10 21 89 124
c 26 29 74 58 48
c 95 81 82 90 39
c 65 98 18 50 122
c 33 18 68 72 87
c 66 67 46 2 27
c 93 46 54 91 58
c 70 62 8 40 110
c 25 16 27 60 71
c 15 74 23 27 90
c 16 31 48 26 70
c 62 64 84 7 90
c 46 97 67 93 66
c 20 29 88 29 46
c 88 89 79 45 30
c 35 51 78 66 85
c 11 13 90 72 50
c 64 93 94 96 113
c 77 89 97 32 80
c 58 35 59 34 74
c 91 36 82 98 90
c 14 97 19 20 34
c 9 82 9 72 76
c 8 32 31 32 70
c 78 84 7 81 102
c 68 72 10 50 65
c 42 84 70 15 41
c 5 37 40 84 44
c 60 83 95 80 61
c 11 17 2 3 73
c 47 63 51 39 40
c 60 88 90 51 36
c 29 36 67 12 109
c 39 33 97 53 110
c 77 78 75 45 46
c 58 15 39 33 119
c 80 94 26 27 108
c 1 82 56 78 123
c 46 28 3 47 68
c 62 36 38 58 98
c 64 67 91 92 95
c 60 85 52 41 114
c 74 34 45 12 55
c 42 40 55 13 66
c 78 77 28 88 70
c 61 73 37 28 80
c 41 72 92 15 26
c 10 6 17 4 29
c 10 11 22 13 88
c 60 23 25 26 54
c 41 42 25 34 56
c 45 10 53 54 118
c 93 31 44 1 98
c 6 51 0 71 116
c 37 73 92 13 64
c 80 95 54 34 41
c 58 46 67 12 88
c 72 43 90 12 26
c 77 32 63 2 92
c 72 52 57 94 75
c 7 42 92 3 111
c 9 40 91 48 94
c 77 89 38 76 112
c 94 96 44 1 56
c 82 90 73 90 46
c 20 29 10 22 47
c 50 94 31 61 111
c 47 7 22 79 100
c 70 91 29 30 64
c 64 5 11 23 94
c 40 81 47 53 67
c 60 23 97 73 57
c 62 80 7 81 56
c 62 80 14 31 89
c 9 44 88 41 69
c 97 4 84 10 121
c 8 47 79 13 106
c 70 52 11 24 41
c 61 28 46 2 117
c 88 29 67 2 31
c 46 58 59 29 55
c 25 16 49 72 68
c 76 12 65 34 47
c 52 73 31 90 107
c 97 32 42 15 45
c 41 72 36 22 117
c 81 17 52 49 56
c 59 61 79 45 57
c 43 44 25 26 50
c 46 45 85 16 101
c 14 63 53 24 40
c 29 82 65 33 53
c 79 80 15 6 94
c 7 25 14 31 95
c 73 63 21 12 67
c 88 17 41 33 102
c 26 39 90 51 87
c 68 38 10 50 119
c 80 71 30 31 83
c 7 25 79 58 63
c 63 77 80 8 61
c 2 84 79 60 90
c 47 42 27 73 46
c 80 5 25 56 97
c 78 98 6 62 53
c 94 30 46 33 35
c 96 57 45 12 72
c 4 24 95 22 30
c 32 76 57 51 93
c 6 64 25 16 85
c 13 64 78 1 115
c 4 22 25 15 37
c 85 47 13 73 54
c 65 38 3 36 96
c 71 87 92 49 33
c 21 12 42 65 81
c 51 21 67 15 86
c 59 60 53 54 69
c 37 27 96 12 97
c 17 3 48 64 100
c 47 7 11 89 84
c 50 79 49 50 102
c 12 4 51 92 27
c 56 78 49 72 85
c 94 30 0 49 77
c 2 77 97 32 85
c 54 13 58 26 87
c 94 59 3 36 41
c 76 77 7 25 48
c 43 44 68 33 42
c 18 74 88 92 30
c 14 9 7 46 105
c 58 13 6 48 99
c 51 92 94 30 32
c 12 25 80 8 28
c 73 39 16 36 71
c 73 82 25 16 70
c 40 74 32 35 53
c 11 49 57 32 90
c 32 55 3 50 71
c 54 55 25 56 107
c 94 37 96 14 123
c 97 42 70 59 33
c 45 94 10 22 72
c 84 85 66 65 69
c 58 97 47 51 83
c 85 83 36 70 51
c 79 64 25 43 52
c 76 47 4 24 26
c 38 74 84 20 52
c 11 13 17 67 104
c 40 63 94 17 119
c 51 52 85 10 86
c 71 72 83 17 50
c 49 48 85 47 34
c 71 28 26 29 65
c 40 23 14 62 33
c 77 89 48 26 118
c 32 69 18 52 116
c 23 53 51 50 110
c 47 63 78 41 76
c 87 84 11 12 51
c 94 30 49 50 93
c 7 80 49 22 35
c 11 81 76 39 37
c 38 74 94 92 86
c 46 58 43 22 86
c 91 14 78 66 121
c 63 64 89 35 67
c 19 6 16 5 120
c 39 40 48 37 108
c 62 64 71 39 122
c 95 81 61 16 33
c 33 30 7 11 70
c 46 58 32 17 122
c 14 19 65 34 73
c 52 53 14 25 113
c 32 24 9 44 117
c 48 14 70 52 98
c 32 76 52 41 74
c 55 11 4 22 36
c 25 76 73 9 35
c 65 34 97 32 107
c 88 17 40 84 78
c 83 84 60 23 36
c 98 99 30 62 84
c 2 84 84 7 109
c 0 17 42 40 73
c 59 93 40 41 96
c 37 73 54 91 31
c 63 2 28 63 94
c 53 28 22 97 94
c 26 45 28 82 27
c 8 40 43 98 63
c 34 2 66 78 118
c 58 63 56 97 80
c 85 10 60 21 104
c 59 83 56 46 120
c 15 65 3 85 104
c 71 46 71 25 52
c 48 26 39 33 26
c 14 57 32 6 102
c 92 81 51 50 44
c 37 9 26 79 82
c 61 73 87 13 27
c 2 76 24 25 70
c 66 7 74 66 99
c 8 9 63 38 29
c 80 78 76 12 28
c 73 74 34 94 32
c 64 30 37 38 105
c 63 31 98 29 40
c 15 74 37 73 48
c 3 60 15 65 40
c 93 31 58 13 63
c 96 12 56 75 104
c 16 5 52 92 100
c 39 14 8 78 44
c 83 84 3 6 82
c 80 94 64 15 70
c 97 73 57 85 104
c 70 75 95 90 85
c 0 22 71 78 63
c 8 84 8 40 90
c 64 30 14 62 66
c 34 47 59 10 100
c 80 97 51 98 32
c 40 92 63 97 93
c 64 93 57 96 106
c 91 54 60 18 79
c 84 4 72 32 93
c 8 47 84 20 25
c 40 78 5 82 66
c 72 32 65 84 36
c 96 27 94 9 106
c 56 82 46 97 59
c 69 48 8 84 66
c 21 85 62 63 113
c 81 63 72 74 120
c 75 45 0 1 87
c 63 55 63 24 36
c 20 88 38 1 118
c 0 10 11 77 32
c 97 98 97 40 57
c 26 79 14 19 69
c 20 83 46 2 46
c 30 16 12 11 113
c 41 20 57 51 85
c 70 75 37 27 28
c 54 91 62 63 45
c 15 6 17 18 54
c 71 29 78 77 105
c 26 27 65 93 43
c 42 40 68 23 104
c 14 24 62 64 86
c 70 71 46 83 87
c 16 19 53 64 93
c 62 36 12 63 68
c 8 19 76 24 43
c 80 57 96 57 89
c 55 11 64 38 52
c 28 81 95 80 42
c 70 24 16 97 124
c 43 90 8 62 58
c 68 18 70 24 95
c 79 70 43 92 33
c 98 70 57 68 28
c 50 62 95 88 51
c 25 76 79 58 112
c 54 91 76 67 74
c 28 64 25 34 44
c 45 12 94 9 98
c 21 40 10 35 77
c 66 1 66 7 44
c 62 36 45 66 103
c 34 2 41 35 39
c 79 70 66 41 54
c 66 85 20 78 35
c 15 6 18 89 65
c 34 84 50 1 42
c 16 19 14 24 117
c 30 95 62 63 79
c 7 8 34 75 62
c 13 71 51 92 83
c 67 15 69 16 104
c 81 17 36 37 72
c 81 63 40 78 67
c 3 48 98 96 56
c 46 28 35 63 29
c 22 42 65 93 31
c 17 4 62 93 109
c 33 24 13 18 123
c 14 15 52 28 77
c 26 29 64 93 57
c 57 58 15 60 67
c 32 55 10 22 104
c 22 58 23 24 83
c 27 2 40 81 95
c 21 28 26 10 105
c 95 85 26 39 102
c 65 42 52 53 95
c 26 59 70 46 75
c 56 75 66 28 53
c 8 43 35 51 84
c 42 84 63 97 74
c 79 84 27 88 62
c 8 28 62 3 64
c 26 94 78 2 98
c 30 16 76 39 82
c 57 58 91 92 41
c 58 1 11 28 104
c 34 72 19 62 114
c 40 34 43 1 89
c 23 53 92 94 81
c 56 82 21 85 44
c 44 26 65 33 91
c 11 24 32 15 60
c 54 3 30 88 81
c 47 95 16 46 36
c 85 65 75 45 66
c 94 9 80 97 67
c 34 47 7 8 121
c 95 90 34 75 113
c 36 52 70 59 33
c 6 52 22 66 50
c 31 61 85 65 31
c 53 44 34 45 99
c 44 31 18 25 111
c 11 13 84 10 110
c 79 58 79 60 34
c 56 91 88 41 97
c 28 88 69 40 115
c 68 96 7 81 73
c 40 84 69 48 59
c 72 90 40 78 104
c 56 78 66 28 73
c 98 1 64 3 95
c 60 61 32 75 46
c 43 55 64 5 79
c 21 12 63 31 55
c 36 81 91 81 64
c 55 56 78 27 37
c 66 7 36 22 58
c 76 80 29 65 45
c 4 24 94 59 39
c 22 13 47 39 82
c 68 48 68 53 62
c 70 95 53 64 80
c 47 42 73 54 108
c 51 54 44 31 78
c 70 46 29 64 58
c 7 74 69 27 36
c 86 87 40 20 68
c 27 40 73 39 72
c 7 94 51 19 94
c 41 30 48 40 90
c 63 31 47 54 64
c 91 30 22 88 105
c 55 13 55 20 42
c 7 81 70 15 117
c 93 39 36 22 72
c 65 40 47 54 83
c 66 25 12 9 100
c 25 43 80 90 34
c 63 2 84 56 61
c 33 24 21 40 53
c 11 49 26 48 104
c 83 71 24 43 37
c 67 8 14 24 64
c 37 44 58 60 69
c 18 74 98 29 71
c 25 68 98 90 37
c 49 59 23 53 85
c 37 27 41 20 112
c 57 58 49 36 40
c 95 80 63 32 53
c 40 90 26 62 78
c 78 68 73 57 73
c 49 48 59 93 121
c 81 63 44 15 124
c 42 84 66 67 46
c 7 94 29 65 79
c 67 68 95 81 82
c 30 16 56 34 102
c 74 39 57 68 33
c 2 87 58 26 27
c 63 38 98 29 46
c 34 45 78 88 123
c 73 54 12 25 77
c 77 89 28 82 107
c 69 64 56 34 33
c 64 30 50 10 55
c 63 24 46 58 113
c 60 85 8 17 111
c 25 76 20 9 52
c 92 34 86 5 102
c 28 82 52 73 65
c 7 25 16 97 31
c 85 16 16 17 105
c 79 60 59 29 72
c 11 23 32 83 69
c 43 27 15 74 52
c 74 34 63 32 107
c 8 84 95 88 33
c 67 25 62 93 53
c 56 46 45 66 110
c 32 17 42 15 31
c 13 2 69 15 64
c 77 78 62 98 29
c 28 88 27 74 44
c 77 23 39 69 68
c 42 84 2 76 95
c 11 68 27 30 94
c 34 94 78 79 104
c 44 81 63 24 39
c 14 62 12 4 75
c 45 91 82 90 54
c 10 83 39 11 63
c 94 17 91 29 95
c 3 40 40 79 89
c 59 57 3 50 58
c 81 82 95 80 46
c 33 34 80 57 49
c 32 55 25 56 41
c 68 33 26 74 96
c 63 80 88 17 70
c 68 69 9 40 41
c 64 15 27 88 108
c 27 40 53 30 31
c 35 36 71 40 102
c 5 2 80 57 67
c 92 94 57 46 36
c 80 95 14 15 90
c 30 16 60 18 36
c 20 53 3 4 120
c 48 37 47 7 54
c 97 61 14 31 110
c 94 96 80 97 103
c 73 57 4 87 25
c 92 96 69 48 96
c 6 7 28 71 96
c 36 37 27 74 112
c 14 97 17 3 110
c 97 53 84 7 57
c 13 71 45 94 114
c 26 94 29 3 112
c 91 48 69 5 121
c 18 35 44 79 78
c 69 5 98 29 86
c 48 66 25 26 29
c 45 91 7 24 70
c 68 69 7 8 93
c 80 88 26 94 35
c 25 56 26 29 104
c 18 74 2 32 25
c 23 53 73 52 88
c 91 87 48 14 63
c 95 90 51 52 50
c 59 29 73 82 42
c 44 31 55 11 122
c 14 15 58 59 26
c 4 51 26 96 70
c 76 93 2 73 30
c 80 88 69 40 52
c 85 83 66 67 114
c 73 39 18 79 122
c 9 72 62 30 41
c 29 65 35 68 60
c 15 6 78 2 62
c 97 81 62 11 35
c 3 47 6 48 32
c 17 18 65 42 49
c 27 74 2 73 43
c 43 44 7 43 124
c 94 9 78 2 121
c 45 46 13 73 45
c 46 45 19 81 70
c 81 59 60 61 35
c 11 81 33 18 28
c 28 31 83 71 78
c 78 68 26 96 58
c 80 95 60 83 37
c 22 13 34 45 98
c 79 84 34 2 47
c 29 82 29 9 96
c 92 13 44 26 55
c 13 14 52 55 50
c 7 99 56 34 54
c 13 23 77 82 61
c 29 36 83 11 32
c 55 20 19 81 120
c 87 44 41 33 86
c 35 51 66 65 104
c 40 84 51 19 42
c 23 49 60 88 107
c 25 43 75 45 98
c 11 69 83 17 89
c 76 45 21 58 52
c 74 66 62 34 93
c 0 41 65 78 25
c 35 63 87 90 70
c 51 92 9 10 54
c 42 34 44 79 31
c 41 20 44 80 56
c 41 72 3 60 81
c 27 28 38 58 79
c 30 62 71 52 102
c 40 81 40 90 99
c 12 38 28 64 97
c 76 47 53 64 55
c 60 83 61 73 116
c 14 19 97 89 74
c 11 68 10 35 36
c 92 62 40 78 94
c 98 1 8 43 64
c 24 36 71 52 99
c 58 26 78 68 79
c 64 59 46 45 78
c 29 3 29 65 94
c 16 17 19 81 106
c 5 82 28 41 35
c 31 57 28 81 27
c 97 61 92 13 34
c 76 77 5 67 26
c 9 40 12 25 93
c 70 71 47 53 50
c 37 14 33 14 82
c 89 35 34 45 94
c 0 49 45 59 66
c 84 79 7 43 110
c 59 60 19 6 53
c 50 94 30 88 90
c 54 13 87 88 63
c 60 83 57 32 123
c 4 87 34 72 98
c 81 67 65 93 56
c 68 23 7 46 78
c 27 28 38 31 51
c 4 52 44 1 99
c 52 53 78 27 54
c 86 33 16 19 114
c 60 23 40 84 54
c 46 45 13 37 98
c 26 74 97 81 84
c 60 88 59 61 123
c 46 97 15 6 45
c 0 1 44 7 104
c 30 9 36 3 121
c 44 79 71 31 27
c 86 87 95 42 42
c 31 61 80 94 107
c 9 84 16 2 56
c 14 24 74 58 91
c 10 35 92 15 64
c 84 56 80 8 118
c 30 31 8 94 114
c 46 33 33 96 67
c 81 17 25 84 120
c 51 19 82 98 32
c 94 92 41 30 45
c 84 10 14 25 66
c 93 31 40 20 100
c 39 83 29 36 94
c 55 22 86 85 80
c 45 46 43 78 70
c 0 22 80 57 34
c 43 92 96 12 114
c 70 62 59 57 44
c 60 85 28 82 31
c 20 29 14 25 45
c 3 46 55 13 45
c 3 60 98 51 66
c 61 82 38 60 66
c 83 84 62 13 66
c 87 30 46 45 114
c 44 45 3 85 47
c 46 33 5 41 120
c 2 32 65 78 61
c 92 15 35 49 31
c 77 71 14 63 82
c 61 62 80 78 85
c 90 12 48 64 33
c 48 40 6 37 54
c 42 50 90 12 112
c 68 53 59 29 48
c 58 15 46 58 72
c 76 39 96 98 119
c 6 48 51 54 57
c 38 93 57 85 84
c 81 63 43 92 43
c 10 83 4 51 109
c 58 69 76 93 59
c 70 75 12 84 100
c 64 30 54 91 57
c 43 80 21 15 71
c 68 33 41 72 88
c 29 64 14 62 52
c 68 23 66 1 72
c 10 11 66 49 50
c 43 89 22 97 122
c 40 51 97 81 30
c 11 69 9 90 117
c 58 92 78 84 93
c 9 43 8 99 120
c 56 91 13 18 110
c 0 22 8 51 114
c 28 31 17 67 55
c 67 35 14 63 45
c 88 92 10 83 31
c 69 64 92 80 75
c 50 79 66 57 77
c 11 49 14 63 124
c 93 94 79 75 94
c 58 69 13 14 44
c 29 82 92 24 91
c 85 83 64 59 109
c 31 86 67 2 82
c 77 98 43 91 61
c 49 50 25 34 32
c 34 45 52 53 122
c 12 46 97 81 122
c 8 78 11 28 109
c 45 66 52 55 112
c 56 57 11 17 49
c 12 38 64 65 110
c 48 37 66 49 34
c 46 97 27 60 72
c 57 96 67 93 65
c 11 28 85 98 75
c 78 41 11 62 48
c 75 45 87 54 42
c 5 67 80 88 66
c 22 45 55 22 120
c 40 92 51 19 64
c 5 41 25 15 69
c 62 64 1 41 118
c 11 77 78 81 80
c 10 83 38 25 104
c 11 2 64 89 98
c 52 49 78 88 43
c 80 57 37 57 93
c 12 23 20 53 35
c 97 98 43 33 82
c 86 33 88 61 118
c 40 20 66 41 42
c 17 4 11 72 122
c 42 84 83 11 45
c 58 92 44 65 36
c 67 93 19 91 71
c 50 1 87 90 107
c 77 23 7 46 32
c 25 26 32 69 67
c 10 35 11 69 104
c 34 72 6 7 46
c 64 65 17 54 44
c 98 90 80 94 111
c 21 58 1 77 72
c 13 23 65 93 28
c 79 90 70 95 85
c 4 2 65 34 108
c 92 80 94 59 35
c 43 91 79 1 97
c 96 14 14 24 49
c 20 9 32 75 77
c 58 97 41 20 36
c 0 49 70 75 122
c 87 90 61 62 88
c 27 19 79 13 57
c 26 29 18 74 91
c 91 54 73 9 89
c 30 46 32 24 95
c 53 8 38 76 43
c 44 18 95 96 101
c 90 51 97 61 49
c 71 52 92 96 90
c 21 45 48 26 36
c 7 11 72 53 49
c 79 60 43 49 97
c 84 80 94 96 52
c 78 60 93 81 39
c 2 76 95 85 77
c 8 47 34 94 102
c 88 89 22 23 69
c 43 90 0 17 31
c 97 4 86 82 82
c 97 73 33 30 95
c 58 92 56 79 64
c 34 45 29 3 34
c 80 95 91 48 96
c 26 59 92 34 54
c 33 48 56 79 120
c 30 95 2 76 95
c 77 78 6 7 103
c 34 45 88 61 101
c 65 40 76 80 114
c 95 81 21 89 113
c 15 74 25 15 70
c 95 14 67 8 26
c 91 36 46 2 38
c 29 36 98 70 91
c 58 97 79 70 112
c 34 75 22 23 90
c 43 80 45 13 98
c 21 62 26 79 70
c 3 32 91 30 111
c 84 10 8 21 28
c 91 30 22 23 67
c 64 67 8 51 76
c 30 2 69 15 59
c 59 60 18 50 108
c 64 15 11 77 96
c 59 34 90 93 84
c 53 38 72 52 89
c 22 79 68 23 90
c 57 96 45 94 48
c 13 73 76 12 58
c 8 28 31 73 65
c 4 22 93 39 105
c 16 19 78 84 107
c 8 16 2 76 79
c 37 14 65 78 78
c 72 52 38 31 98
c 16 89 86 33 68
c 7 43 51 86 85
c 7 94 19 6 86
c 94 96 8 16 76
c 29 64 34 45 70
c 73 44 17 54 102
c 22 97 57 51 96
c 87 84 96 79 59
c 11 24 81 82 27
c 58 69 91 92 95
c 3 32 91 92 117
c 23 2 45 94 92
c 56 91 70 52 60
c 81 82 48 28 36
c 97 73 97 94 35
c 21 28 21 89 80
c 20 29 65 42 49
c 4 87 19 61 73
c 51 98 9 84 71
c 33 24 15 8 73
c 25 8 15 8 123
c 63 97 45 74 77
c 22 66 37 9 78
c 92 15 98 40 43
c 31 32 85 10 93
c 54 55 27 32 122
c 95 69 96 14 82
c 62 63 13 73 39
c 71 76 87 38 99
c 40 63 45 66 90
c 76 12 44 4 99
c 92 52 10 83 82
c 88 7 90 91 106
c 7 8 14 24 71
c 12 4 86 91 81
c 15 16 71 32 70
c 36 70 38 76 81
c 63 24 8 40 35
c 62 3 48 13 106
c 29 64 91 87 51
c 91 1 11 13 33
c 67 68 68 38 107
c 74 34 0 17 39
c 48 40 78 77 37
c 17 3 9 72 43
c 45 94 27 19 56
c 77 23 51 50 88
c 51 22 80 67 43
c 38 57 69 5 93
c 36 79 91 92 96
c 66 85 37 28 99
c 66 78 64 5 85
c 19 20 88 87 43
c 67 2 28 64 61
c 58 63 59 57 30
c 54 3 60 40 29
c 76 80 23 24 67
c 93 46 84 56 87
c 63 32 55 71 29
c 31 86 80 66 92
c 95 69 44 7 44
c 27 88 32 69 67
c 33 34 62 13 47
c 55 22 25 99 36
c 16 89 49 50 71
c 53 28 2 87 26
c 13 37 91 29 84
c 6 64 26 10 82
c 5 6 92 81 57
c 79 80 75 76 35
c 79 90 38 1 99
c 27 30 3 40 71
c 86 91 26 74 36
c 78 79 6 62 67
c 56 91 52 55 113
c 47 48 49 71 85
c 80 86 11 81 111
c 63 32 34 72 69
c 65 93 96 14 104
c 38 76 78 79 48
c 26 62 15 65 40
c 94 38 76 69 55
c 9 72 71 32 96
c 22 58 7 74 44
c 31 61 79 75 123
c 65 40 83 71 29
c 69 16 47 53 58
c 12 13 66 7 95
c 12 13 9 43 72
c 43 22 18 79 82
c 70 75 71 40 36
c 56 82 11 68 84
c 58 7 63 38 116
c 37 14 16 97 25
c 56 79 18 52 95
c 45 59 46 60 81
c 17 18 51 21 39
c 7 11 8 43 94
c 59 57 71 51 98
c 25 99 67 35 89
c 39 33 49 22 46
c 26 39 12 25 40
c 27 46 27 60 91
c 43 49 92 62 110
c 9 44 12 25 100
c 74 66 53 28 86
c 39 69 60 85 48
c 10 6 62 10 34
c 13 18 78 41 44
c 69 15 20 9 118
c 50 51 75 98 40
c 49 22 35 63 119
c 76 93 23 49 86
c 35 57 44 7 56
c 7 8 96 98 67
c 46 2 50 51 59
c 32 24 27 32 33
c 66 25 72 2 79
c 58 15 97 81 61
c 14 9 39 14 69
c 81 67 63 97 119
c 5 69 45 91 122
c 92 10 43 73 59
c 84 51 97 98 58
c 80 30 59 83 115
c 43 49 23 94 111
c 31 61 55 11 117
c 8 94 97 94 82
c 12 46 62 80 64
c 39 33 57 58 119
c 41 30 70 49 94
c 76 93 59 34 85
c 28 64 63 55 57
c 76 24 21 22 42
c 53 30 84 50 87
