notes: n=100, m=1980, elb=1, eub=20, density=0.2, conf_density=0.001, clb=25, cub= 125, seed= 6256
p spec 100 1980 1959
s 0
t 99
a 0 1 8
a 0 77 5
a 0 32 11
a 0 87 17
a 0 60 6
a 0 83 19
a 0 28 18
a 0 53 18
a 0 61 1
a 0 89 2
a 0 46 7
a 0 37 3
a 0 65 14
a 0 75 5
a 0 80 15
a 0 81 4
a 0 33 1
a 1 2 3
a 1 55 13
a 1 65 7
a 1 60 8
a 1 88 7
a 1 98 5
a 1 73 8
a 1 26 7
a 1 82 14
a 1 48 8
a 1 92 9
a 1 13 19
a 1 43 13
a 1 3 2
a 1 93 14
a 1 66 7
a 1 59 11
a 2 3 18
a 2 57 6
a 2 7 10
a 2 44 17
a 2 56 11
a 2 37 12
a 2 27 1
a 2 95 1
a 2 17 14
a 2 71 7
a 2 68 1
a 2 70 15
a 2 10 15
a 2 22 7
a 2 93 3
a 3 4 17
a 3 64 17
a 3 25 12
a 3 30 15
a 3 19 18
a 3 28 12
a 3 88 6
a 3 16 5
a 3 80 2
a 3 78 2
a 3 56 2
a 3 7 17
a 3 69 18
a 3 53 6
a 3 38 4
a 3 72 12
a 3 40 9
a 3 22 15
a 3 8 17
a 3 93 7
a 3 84 12
a 3 18 11
a 3 96 15
a 3 77 14
a 4 5 4
a 4 61 14
a 4 59 8
a 4 40 16
a 4 97 3
a 4 9 19
a 4 31 10
a 4 53 18
a 4 99 17
a 4 95 9
a 4 68 8
a 4 38 8
a 4 80 18
a 4 2 15
a 4 23 3
a 5 6 1
a 5 10 3
a 5 34 13
a 5 78 10
a 5 58 18
a 5 55 17
a 5 64 12
a 5 44 13
a 5 22 5
a 5 36 10
a 5 16 7
a 5 31 11
a 5 82 1
a 6 7 14
a 6 46 17
a 6 30 11
a 6 54 2
a 6 5 12
a 6 72 4
a 6 41 7
a 6 98 10
a 6 74 10
a 6 87 10
a 6 29 6
a 6 88 4
a 6 22 2
a 6 25 11
a 6 27 15
a 6 52 2
a 6 80 6
a 6 12 13
a 6 48 2
a 6 93 9
a 6 68 1
a 6 59 14
a 7 8 13
a 7 5 17
a 7 61 18
a 7 62 19
a 7 24 2
a 7 6 18
a 7 65 14
a 7 77 15
a 7 94 12
a 7 11 7
a 7 49 13
a 7 82 18
a 7 83 5
a 7 81 5
a 7 32 18
a 7 90 4
a 8 9 12
a 8 23 13
a 8 22 11
a 8 54 2
a 8 48 17
a 8 51 17
a 8 81 18
a 8 79 8
a 8 91 8
a 8 30 4
a 8 29 14
a 8 61 17
a 8 83 9
a 8 49 12
a 8 45 8
a 8 68 7
a 8 82 8
a 8 72 15
a 8 37 13
a 8 17 7
a 9 10 3
a 9 46 3
a 9 89 2
a 9 61 6
a 9 51 8
a 9 83 5
a 9 22 19
a 9 62 3
a 9 49 15
a 9 47 6
a 9 42 14
a 9 12 17
a 9 94 15
a 9 48 18
a 9 71 12
a 9 18 15
a 9 13 16
a 9 4 9
a 10 11 9
a 10 25 7
a 10 84 19
a 10 21 2
a 10 41 19
a 10 33 18
a 10 34 2
a 10 47 17
a 10 52 6
a 10 87 18
a 10 43 13
a 10 86 9
a 10 58 6
a 10 35 3
a 10 68 10
a 10 28 11
a 10 48 11
a 10 3 14
a 11 12 17
a 11 18 8
a 11 9 9
a 11 58 10
a 11 83 15
a 11 67 11
a 11 27 3
a 11 38 17
a 11 47 6
a 11 35 6
a 11 50 1
a 11 42 12
a 11 96 19
a 11 99 15
a 11 52 19
a 11 97 8
a 11 89 19
a 11 43 14
a 11 10 3
a 11 49 5
a 11 6 11
a 11 46 7
a 11 26 11
a 11 69 18
a 12 13 6
a 12 73 17
a 12 16 3
a 12 53 5
a 12 80 1
a 12 36 7
a 12 7 1
a 12 76 14
a 12 6 12
a 12 70 3
a 12 41 15
a 12 97 16
a 12 84 19
a 12 44 8
a 12 42 1
a 12 83 17
a 12 88 14
a 12 3 18
a 12 78 15
a 12 71 19
a 12 40 11
a 12 27 1
a 13 14 13
a 13 21 5
a 13 57 7
a 13 84 17
a 13 15 14
a 13 19 19
a 13 70 17
a 13 99 19
a 13 80 1
a 13 73 6
a 13 22 10
a 13 92 13
a 13 33 15
a 13 82 18
a 13 77 10
a 13 26 8
a 13 9 6
a 13 61 10
a 13 74 6
a 13 83 4
a 13 68 14
a 13 27 16
a 14 15 7
a 14 21 13
a 14 64 5
a 14 38 6
a 14 36 19
a 14 56 14
a 14 57 3
a 14 52 18
a 14 91 16
a 14 18 19
a 14 28 12
a 14 90 12
a 14 95 17
a 14 8 9
a 14 79 10
a 14 69 12
a 14 93 10
a 14 6 19
a 14 39 16
a 14 62 15
a 15 16 19
a 15 90 9
a 15 31 7
a 15 21 19
a 15 40 8
a 15 1 13
a 15 85 13
a 15 67 6
a 15 45 16
a 15 27 16
a 15 93 8
a 15 2 10
a 15 28 4
a 15 11 10
a 15 19 12
a 15 70 1
a 15 46 11
a 15 36 17
a 16 17 2
a 16 35 18
a 16 2 14
a 16 36 12
a 16 61 15
a 16 80 14
a 16 37 16
a 16 6 2
a 16 12 3
a 16 15 18
a 16 73 14
a 16 33 2
a 16 51 11
a 16 63 19
a 16 53 7
a 17 18 4
a 17 97 3
a 17 96 18
a 17 87 10
a 17 77 3
a 17 29 10
a 17 13 16
a 17 56 11
a 17 75 8
a 17 49 11
a 17 50 4
a 17 12 16
a 17 67 13
a 17 8 2
a 17 6 9
a 17 47 15
a 17 90 6
a 18 19 5
a 18 72 8
a 18 76 17
a 18 33 12
a 18 70 3
a 18 87 3
a 18 15 8
a 18 73 10
a 18 79 8
a 18 31 10
a 18 1 6
a 18 57 11
a 18 37 9
a 18 66 13
a 18 94 10
a 18 96 2
a 18 2 11
a 19 20 2
a 19 77 17
a 19 43 5
a 19 10 4
a 19 60 17
a 19 7 13
a 19 38 12
a 19 26 11
a 19 67 5
a 19 76 1
a 19 11 7
a 19 80 12
a 19 62 6
a 19 25 17
a 19 79 18
a 19 15 11
a 19 54 6
a 19 55 19
a 19 24 6
a 20 21 6
a 20 68 18
a 20 18 13
a 20 56 16
a 20 17 7
a 20 97 17
a 20 10 8
a 20 77 16
a 20 55 16
a 20 94 1
a 20 14 2
a 20 39 14
a 20 75 11
a 20 88 1
a 20 63 11
a 20 73 13
a 20 3 19
a 20 26 13
a 21 22 13
a 21 73 18
a 21 80 5
a 21 92 2
a 21 12 16
a 21 83 17
a 21 14 10
a 21 82 12
a 21 18 2
a 21 9 1
a 21 17 10
a 21 51 13
a 21 71 10
a 21 32 3
a 21 45 11
a 21 78 7
a 21 79 8
a 21 20 18
a 21 61 13
a 21 43 18
a 21 56 13
a 21 10 19
a 22 23 18
a 22 60 1
a 22 43 11
a 22 64 11
a 22 46 1
a 22 6 11
a 22 69 15
a 22 65 12
a 22 42 9
a 22 19 8
a 22 52 8
a 22 72 18
a 22 7 17
a 22 16 2
a 22 81 3
a 22 87 8
a 22 51 13
a 22 38 7
a 22 80 9
a 22 76 17
a 23 24 12
a 23 69 4
a 23 35 1
a 23 62 18
a 23 81 6
a 23 92 10
a 23 89 18
a 23 49 15
a 23 31 8
a 23 25 16
a 23 54 1
a 23 86 6
a 23 6 13
a 23 22 14
a 23 27 16
a 23 97 4
a 23 93 5
a 23 46 6
a 23 1 16
a 23 37 11
a 23 66 5
a 23 12 2
a 24 25 2
a 24 64 18
a 24 14 11
a 24 90 3
a 24 2 4
a 24 80 15
a 24 67 14
a 24 55 2
a 24 13 7
a 24 73 9
a 24 93 17
a 24 23 13
a 24 31 2
a 24 18 2
a 24 56 3
a 24 70 14
a 24 40 5
a 25 26 12
a 25 16 8
a 25 42 4
a 25 35 4
a 25 11 9
a 25 66 19
a 25 70 16
a 25 34 5
a 25 44 7
a 25 54 4
a 25 82 16
a 25 27 16
a 25 6 19
a 25 40 2
a 25 17 10
a 25 3 11
a 25 38 19
a 25 84 16
a 25 67 19
a 26 27 11
a 26 42 16
a 26 39 2
a 26 6 5
a 26 99 17
a 26 34 11
a 26 46 13
a 26 60 5
a 26 35 18
a 26 13 10
a 26 52 4
a 26 3 11
a 26 89 2
a 26 11 6
a 26 22 1
a 26 40 1
a 26 18 14
a 26 5 4
a 26 28 11
a 26 63 13
a 26 23 2
a 27 28 5
a 27 39 10
a 27 60 19
a 27 40 14
a 27 53 7
a 27 59 8
a 27 25 10
a 27 75 11
a 27 54 9
a 27 12 13
a 27 41 4
a 27 20 5
a 27 18 3
a 27 14 13
a 27 96 6
a 27 77 6
a 27 66 11
a 27 43 16
a 27 78 2
a 27 36 18
a 27 33 6
a 27 38 16
a 27 15 12
a 27 99 9
a 27 90 4
a 27 95 14
a 28 29 10
a 28 18 8
a 28 34 3
a 28 94 1
a 28 67 4
a 28 38 3
a 28 4 4
a 28 73 19
a 28 64 17
a 28 62 19
a 28 74 19
a 28 82 19
a 28 88 14
a 28 5 16
a 28 8 2
a 28 93 15
a 28 48 5
a 28 51 13
a 28 59 8
a 28 52 8
a 28 36 2
a 28 75 2
a 28 71 5
a 28 55 3
a 28 24 14
a 29 30 12
a 29 38 12
a 29 88 16
a 29 72 3
a 29 81 18
a 29 7 10
a 29 33 17
a 29 67 15
a 29 98 13
a 29 84 2
a 29 73 15
a 29 60 6
a 29 9 17
a 29 42 12
a 29 77 11
a 29 83 15
a 29 15 4
a 29 10 1
a 29 90 19
a 30 31 11
a 30 63 11
a 30 29 17
a 30 35 5
a 30 26 4
a 30 62 4
a 30 70 13
a 30 68 8
a 30 38 6
a 30 61 7
a 30 50 2
a 30 2 15
a 30 24 5
a 30 89 10
a 30 97 9
a 30 16 17
a 30 72 3
a 30 51 7
a 30 80 17
a 30 43 11
a 30 88 4
a 30 67 11
a 31 32 8
a 31 97 6
a 31 30 2
a 31 11 19
a 31 44 10
a 31 88 12
a 31 67 16
a 31 58 16
a 31 42 18
a 31 92 19
a 31 90 17
a 31 20 9
a 31 81 4
a 31 21 7
a 31 84 12
a 31 47 16
a 31 3 1
a 31 72 7
a 31 76 13
a 31 49 9
a 31 53 14
a 31 82 14
a 32 33 14
a 32 96 15
a 32 81 2
a 32 39 1
a 32 78 6
a 32 10 7
a 32 7 7
a 32 13 15
a 32 58 9
a 32 1 9
a 32 2 15
a 32 99 12
a 32 98 16
a 32 77 19
a 32 17 3
a 32 42 6
a 32 18 10
a 32 19 5
a 32 41 16
a 32 14 19
a 32 4 14
a 32 51 1
a 33 34 12
a 33 26 13
a 33 88 9
a 33 73 2
a 33 35 16
a 33 30 15
a 33 49 5
a 33 14 4
a 33 63 17
a 33 80 4
a 33 86 14
a 33 83 3
a 33 57 18
a 33 96 16
a 33 36 3
a 34 35 4
a 34 99 16
a 34 10 15
a 34 7 7
a 34 26 9
a 34 15 6
a 34 51 10
a 34 78 1
a 34 42 16
a 34 21 10
a 34 88 16
a 34 50 16
a 34 65 13
a 34 53 5
a 34 95 3
a 35 36 14
a 35 67 10
a 35 92 18
a 35 88 13
a 35 30 9
a 35 71 6
a 35 82 11
a 35 55 5
a 35 96 9
a 35 18 4
a 35 59 13
a 35 33 17
a 35 9 1
a 35 32 11
a 35 34 15
a 35 26 17
a 35 39 1
a 35 37 19
a 35 97 4
a 36 37 15
a 36 2 4
a 36 35 12
a 36 87 17
a 36 41 6
a 36 40 8
a 36 15 3
a 36 52 16
a 36 3 8
a 36 51 16
a 36 89 8
a 36 78 9
a 36 84 10
a 36 76 1
a 36 74 10
a 36 49 8
a 37 38 3
a 37 3 8
a 37 68 15
a 37 92 9
a 37 30 16
a 37 12 9
a 37 15 3
a 37 48 16
a 37 33 10
a 37 8 2
a 37 26 11
a 37 72 15
a 37 59 4
a 37 69 13
a 37 54 1
a 37 13 5
a 37 43 2
a 38 39 14
a 38 6 15
a 38 63 16
a 38 34 8
a 38 69 17
a 38 1 6
a 38 22 10
a 38 96 12
a 38 18 5
a 38 62 9
a 38 85 9
a 38 60 6
a 38 27 14
a 38 84 14
a 38 3 3
a 38 81 9
a 38 49 18
a 38 88 16
a 38 73 7
a 38 90 2
a 38 12 10
a 38 26 4
a 39 40 5
a 39 37 14
a 39 55 10
a 39 47 19
a 39 10 8
a 39 23 10
a 39 89 19
a 39 15 19
a 39 43 4
a 39 67 11
a 39 53 8
a 39 18 14
a 39 13 11
a 39 5 13
a 39 99 17
a 39 49 17
a 39 94 19
a 39 61 2
a 39 60 11
a 39 29 6
a 39 31 17
a 40 41 18
a 40 45 17
a 40 19 11
a 40 80 9
a 40 25 8
a 40 78 17
a 40 75 12
a 40 54 10
a 40 28 15
a 40 26 19
a 40 95 1
a 40 22 4
a 40 2 4
a 40 65 13
a 40 3 4
a 40 57 9
a 40 83 18
a 40 18 5
a 40 42 1
a 40 66 18
a 40 12 19
a 41 42 1
a 41 75 10
a 41 66 13
a 41 56 8
a 41 6 13
a 41 19 12
a 41 8 12
a 41 38 4
a 41 10 17
a 41 43 11
a 41 59 1
a 41 30 16
a 41 45 18
a 41 77 15
a 41 72 1
a 41 5 18
a 41 53 8
a 41 99 10
a 41 51 18
a 41 71 8
a 41 74 17
a 41 49 7
a 42 43 6
a 42 70 9
a 42 30 6
a 42 46 9
a 42 73 15
a 42 38 2
a 42 36 11
a 42 66 7
a 42 61 7
a 42 58 11
a 42 89 19
a 42 60 10
a 42 59 1
a 42 6 17
a 42 76 1
a 42 56 14
a 42 57 11
a 42 49 1
a 42 95 8
a 43 44 3
a 43 25 18
a 43 29 3
a 43 48 11
a 43 58 15
a 43 8 17
a 43 11 17
a 43 92 3
a 43 21 15
a 43 50 11
a 43 15 18
a 43 94 8
a 43 61 15
a 43 77 9
a 43 73 8
a 43 19 10
a 43 66 3
a 43 3 8
a 43 76 16
a 43 83 1
a 43 97 19
a 43 24 10
a 44 45 10
a 44 59 12
a 44 46 7
a 44 20 8
a 44 92 12
a 44 55 6
a 44 50 17
a 44 87 7
a 44 28 12
a 44 42 17
a 44 31 6
a 44 23 4
a 44 29 14
a 44 41 6
a 44 9 8
a 44 84 4
a 44 39 11
a 44 25 19
a 44 73 12
a 44 17 17
a 44 51 10
a 44 33 6
a 44 86 14
a 44 83 16
a 44 24 16
a 44 8 10
a 45 46 11
a 45 65 11
a 45 1 8
a 45 39 12
a 45 34 6
a 45 32 9
a 45 64 5
a 45 41 6
a 45 7 6
a 45 83 17
a 45 67 17
a 45 3 17
a 45 42 2
a 45 90 8
a 45 51 6
a 45 91 6
a 45 86 18
a 45 87 15
a 46 47 6
a 46 32 13
a 46 88 7
a 46 50 10
a 46 63 9
a 46 69 5
a 46 97 13
a 46 71 1
a 46 82 10
a 46 96 16
a 46 36 4
a 46 2 15
a 46 13 13
a 46 37 9
a 46 66 9
a 46 4 4
a 46 51 7
a 46 89 10
a 46 91 7
a 46 58 8
a 46 18 11
a 46 35 3
a 47 48 14
a 47 41 16
a 47 40 19
a 47 88 16
a 47 89 18
a 47 66 5
a 47 27 3
a 47 32 10
a 47 91 2
a 47 56 1
a 47 43 18
a 47 54 1
a 47 81 2
a 47 11 17
a 47 22 17
a 47 53 14
a 47 52 18
a 47 30 9
a 47 61 18
a 47 10 11
a 48 49 3
a 48 39 9
a 48 83 19
a 48 72 13
a 48 43 11
a 48 32 5
a 48 95 13
a 48 93 18
a 48 17 13
a 48 68 18
a 48 38 9
a 48 58 5
a 48 87 9
a 48 20 16
a 48 16 14
a 48 66 10
a 48 11 3
a 48 21 18
a 48 14 17
a 48 56 17
a 49 50 15
a 49 59 11
a 49 11 4
a 49 64 14
a 49 45 18
a 49 17 7
a 49 70 16
a 49 12 1
a 49 24 9
a 49 65 5
a 49 91 15
a 49 14 11
a 49 29 2
a 49 16 10
a 49 98 13
a 49 83 12
a 49 53 2
a 49 74 14
a 49 32 10
a 49 23 18
a 50 51 17
a 50 48 2
a 50 82 10
a 50 57 8
a 50 75 13
a 50 49 8
a 50 4 17
a 50 28 1
a 50 60 8
a 50 31 14
a 50 35 13
a 50 80 10
a 50 65 19
a 50 19 3
a 50 66 6
a 50 72 11
a 50 46 10
a 50 79 16
a 50 90 11
a 50 94 18
a 51 52 4
a 51 22 11
a 51 64 3
a 51 21 11
a 51 30 19
a 51 74 15
a 51 14 13
a 51 58 15
a 51 67 1
a 51 95 4
a 51 75 1
a 51 6 5
a 51 49 12
a 51 46 13
a 51 25 5
a 51 12 4
a 51 81 7
a 51 94 4
a 51 73 17
a 51 13 17
a 51 43 8
a 51 72 7
a 51 92 2
a 51 90 5
a 52 53 10
a 52 45 6
a 52 1 10
a 52 2 13
a 52 22 15
a 52 41 17
a 52 3 12
a 52 12 2
a 52 60 18
a 52 88 13
a 52 89 8
a 52 79 3
a 52 75 7
a 52 62 19
a 52 20 18
a 52 97 6
a 52 91 1
a 52 48 1
a 52 82 4
a 53 54 11
a 53 27 11
a 53 83 2
a 53 17 17
a 53 65 10
a 53 77 11
a 53 39 17
a 53 99 19
a 53 42 13
a 53 94 17
a 53 74 16
a 53 76 14
a 53 90 13
a 53 22 9
a 53 20 12
a 53 55 8
a 53 31 4
a 53 69 12
a 54 55 18
a 54 7 3
a 54 91 4
a 54 9 13
a 54 19 4
a 54 52 7
a 54 57 15
a 54 14 5
a 54 77 18
a 54 28 18
a 54 99 18
a 54 20 18
a 54 53 19
a 54 67 9
a 54 38 18
a 54 83 6
a 54 39 11
a 54 10 2
a 54 27 19
a 54 95 8
a 55 56 18
a 55 63 7
a 55 1 11
a 55 76 8
a 55 89 6
a 55 77 16
a 55 17 3
a 55 26 13
a 55 23 9
a 55 57 4
a 55 88 7
a 55 39 7
a 55 21 9
a 55 85 9
a 55 83 11
a 55 36 9
a 55 62 15
a 56 57 15
a 56 22 17
a 56 88 1
a 56 20 16
a 56 9 4
a 56 74 3
a 56 18 8
a 56 4 14
a 56 58 16
a 56 19 19
a 56 27 15
a 56 67 18
a 56 41 16
a 56 37 8
a 56 68 4
a 56 46 16
a 56 32 19
a 56 33 1
a 56 98 6
a 56 2 4
a 57 58 5
a 57 61 12
a 57 3 2
a 57 74 13
a 57 17 10
a 57 33 16
a 57 92 1
a 57 37 11
a 57 8 8
a 57 99 9
a 57 20 15
a 57 60 11
a 57 49 16
a 57 81 12
a 57 36 19
a 57 59 18
a 57 11 15
a 57 34 14
a 57 66 6
a 57 44 14
a 57 2 4
a 57 73 18
a 57 65 3
a 57 45 9
a 57 25 18
a 57 90 18
a 57 86 6
a 57 13 5
a 58 59 11
a 58 75 10
a 58 70 8
a 58 37 7
a 58 67 9
a 58 68 10
a 58 11 7
a 58 22 10
a 58 25 5
a 58 26 1
a 58 79 7
a 58 9 6
a 58 34 16
a 58 73 7
a 58 91 15
a 58 4 6
a 58 97 14
a 58 64 7
a 58 43 1
a 59 60 12
a 59 94 17
a 59 85 9
a 59 76 18
a 59 41 16
a 59 92 17
a 59 32 9
a 59 58 7
a 59 2 4
a 59 30 19
a 59 49 1
a 59 14 1
a 59 53 11
a 59 84 8
a 59 79 16
a 59 22 10
a 59 43 9
a 59 25 1
a 59 17 1
a 59 50 2
a 59 39 11
a 59 29 12
a 59 4 10
a 59 38 1
a 59 13 1
a 59 1 14
a 59 26 17
a 59 99 1
a 59 19 5
a 59 88 12
a 60 61 11
a 60 85 4
a 60 45 11
a 60 32 8
a 60 3 17
a 60 37 19
a 60 84 7
a 60 59 4
a 60 16 8
a 60 66 11
a 60 89 17
a 60 28 1
a 60 40 5
a 60 58 18
a 60 52 2
a 60 70 8
a 60 71 19
a 60 73 3
a 60 91 1
a 60 18 2
a 60 21 7
a 60 39 17
a 60 55 2
a 60 82 13
a 60 75 14
a 60 41 17
a 60 96 16
a 60 46 14
a 61 62 16
a 61 47 15
a 61 76 15
a 61 99 4
a 61 54 13
a 61 27 7
a 61 49 4
a 61 3 11
a 61 8 9
a 61 82 8
a 61 31 1
a 61 98 15
a 61 15 7
a 61 60 13
a 61 57 15
a 61 41 7
a 61 52 3
a 61 67 17
a 61 92 10
a 62 63 7
a 62 14 16
a 62 43 16
a 62 53 8
a 62 81 19
a 62 13 2
a 62 88 3
a 62 84 14
a 62 52 4
a 62 39 17
a 62 27 19
a 62 36 14
a 62 99 11
a 62 69 14
a 62 35 4
a 62 93 3
a 62 80 16
a 62 41 19
a 62 95 1
a 62 58 8
a 62 7 3
a 62 2 1
a 62 10 8
a 63 64 3
a 63 1 13
a 63 96 4
a 63 44 2
a 63 36 13
a 63 79 12
a 63 47 11
a 63 3 1
a 63 53 19
a 63 72 12
a 63 38 13
a 63 56 7
a 63 93 14
a 63 69 1
a 63 89 14
a 63 62 11
a 63 82 8
a 63 9 3
a 63 75 2
a 64 65 15
a 64 60 5
a 64 45 16
a 64 47 4
a 64 2 15
a 64 28 1
a 64 96 13
a 64 80 8
a 64 8 8
a 64 25 13
a 64 30 2
a 64 97 7
a 64 52 17
a 64 27 10
a 64 81 8
a 64 98 13
a 64 46 16
a 65 66 12
a 65 18 17
a 65 74 19
a 65 52 15
a 65 3 3
a 65 97 13
a 65 60 8
a 65 35 2
a 65 33 14
a 65 84 15
a 65 26 4
a 65 22 3
a 65 32 18
a 65 30 4
a 65 4 9
a 65 37 9
a 65 15 1
a 65 91 7
a 65 6 4
a 65 12 3
a 65 39 11
a 65 49 5
a 65 55 19
a 65 79 16
a 65 59 17
a 65 31 1
a 66 67 18
a 66 24 6
a 66 93 9
a 66 80 12
a 66 81 19
a 66 6 6
a 66 22 4
a 66 74 14
a 66 23 9
a 66 13 15
a 66 86 15
a 66 97 8
a 66 64 2
a 66 18 18
a 67 68 1
a 67 8 17
a 67 37 1
a 67 35 7
a 67 30 12
a 67 41 16
a 67 90 2
a 67 23 2
a 67 31 2
a 67 22 19
a 67 13 10
a 67 4 13
a 67 40 14
a 67 46 11
a 67 93 13
a 67 98 18
a 67 36 18
a 67 26 10
a 67 75 16
a 67 45 8
a 67 5 8
a 67 53 17
a 68 69 6
a 68 83 5
a 68 60 14
a 68 95 1
a 68 77 6
a 68 9 1
a 68 75 10
a 68 56 7
a 68 34 6
a 68 54 4
a 68 38 19
a 68 27 9
a 68 30 15
a 68 78 3
a 68 64 11
a 68 85 14
a 68 80 19
a 68 70 13
a 68 18 19
a 68 26 18
a 68 45 12
a 68 66 10
a 69 70 6
a 69 59 4
a 69 30 10
a 69 18 10
a 69 65 17
a 69 96 8
a 69 63 19
a 69 91 16
a 69 60 14
a 69 77 17
a 69 5 15
a 69 66 17
a 69 87 7
a 69 45 3
a 69 98 6
a 69 89 14
a 69 2 10
a 69 52 9
a 69 99 12
a 69 58 9
a 69 86 11
a 69 62 6
a 69 29 10
a 70 71 17
a 70 86 15
a 70 53 19
a 70 77 5
a 70 67 15
a 70 6 4
a 70 73 19
a 70 1 19
a 70 49 16
a 70 18 13
a 70 87 16
a 70 46 18
a 70 54 15
a 70 40 17
a 70 72 12
a 70 89 19
a 70 95 12
a 70 62 5
a 70 81 1
a 70 30 1
a 70 23 17
a 70 11 5
a 70 88 2
a 71 72 16
a 71 62 7
a 71 16 3
a 71 80 12
a 71 65 10
a 71 52 6
a 71 50 15
a 71 93 14
a 71 30 4
a 71 13 15
a 71 5 15
a 71 56 18
a 71 29 5
a 71 66 18
a 71 55 7
a 72 73 8
a 72 99 16
a 72 80 10
a 72 93 10
a 72 21 18
a 72 47 8
a 72 62 10
a 72 13 12
a 72 70 13
a 72 34 16
a 72 10 11
a 72 57 18
a 72 46 13
a 72 85 6
a 72 60 7
a 72 82 13
a 72 40 13
a 72 94 12
a 73 74 10
a 73 3 6
a 73 23 14
a 73 99 16
a 73 83 2
a 73 26 13
a 73 70 7
a 73 91 12
a 73 17 8
a 73 36 12
a 73 50 19
a 73 32 6
a 73 76 7
a 73 93 4
a 73 62 19
a 73 53 15
a 73 67 17
a 73 68 3
a 73 72 16
a 74 75 14
a 74 48 12
a 74 26 1
a 74 12 15
a 74 70 17
a 74 59 16
a 74 8 2
a 74 77 16
a 74 16 15
a 74 63 7
a 74 22 16
a 74 95 8
a 74 1 4
a 74 57 8
a 74 28 19
a 74 82 14
a 74 35 7
a 74 45 15
a 74 50 8
a 74 78 18
a 74 81 11
a 74 41 9
a 74 61 13
a 74 83 15
a 74 64 4
a 74 52 7
a 74 5 2
a 74 98 1
a 75 76 10
a 75 14 10
a 75 34 1
a 75 57 8
a 75 38 7
a 75 46 16
a 75 45 9
a 75 83 2
a 75 37 16
a 75 64 13
a 75 8 8
a 75 11 15
a 75 62 8
a 75 25 9
a 75 86 10
a 75 65 1
a 75 17 4
a 75 91 14
a 75 15 15
a 75 21 19
a 75 9 16
a 75 33 3
a 76 77 4
a 76 5 4
a 76 40 1
a 76 56 1
a 76 96 15
a 76 6 7
a 76 91 1
a 76 65 11
a 76 62 4
a 76 39 12
a 76 13 9
a 76 64 7
a 76 71 3
a 76 51 7
a 76 85 7
a 76 17 18
a 76 83 8
a 76 88 16
a 76 41 7
a 76 86 16
a 76 18 11
a 76 45 13
a 77 78 19
a 77 55 4
a 77 67 1
a 77 60 10
a 77 17 11
a 77 34 18
a 77 48 18
a 77 5 1
a 77 28 17
a 77 51 14
a 77 61 12
a 77 1 14
a 77 87 8
a 77 76 4
a 77 80 6
a 77 81 6
a 78 79 12
a 78 26 10
a 78 91 13
a 78 27 4
a 78 18 16
a 78 11 14
a 78 3 7
a 78 94 5
a 78 73 8
a 78 42 13
a 78 15 10
a 78 51 10
a 78 85 17
a 78 54 10
a 78 95 11
a 78 50 3
a 78 52 17
a 78 87 13
a 78 99 11
a 78 97 10
a 78 36 2
a 78 1 2
a 78 90 6
a 78 16 9
a 79 80 3
a 79 19 12
a 79 71 15
a 79 46 2
a 79 7 11
a 79 1 9
a 79 97 1
a 79 66 15
a 79 78 8
a 79 49 18
a 79 74 17
a 79 53 1
a 79 29 2
a 79 94 10
a 79 85 12
a 79 64 14
a 79 86 6
a 79 18 19
a 79 20 4
a 79 8 5
a 79 21 18
a 80 81 2
a 80 3 2
a 80 39 17
a 80 82 11
a 80 4 9
a 80 29 16
a 80 69 3
a 80 47 12
a 80 38 6
a 80 64 7
a 80 10 11
a 80 7 11
a 80 32 8
a 80 55 18
a 80 71 16
a 80 17 10
a 80 25 1
a 80 9 5
a 80 74 15
a 80 93 11
a 80 97 11
a 80 58 16
a 80 31 7
a 80 11 1
a 80 12 13
a 80 88 15
a 80 62 11
a 80 76 19
a 81 82 17
a 81 20 9
a 81 35 1
a 81 15 3
a 81 69 14
a 81 57 14
a 81 98 1
a 81 1 18
a 81 91 5
a 81 21 4
a 81 25 10
a 81 10 6
a 81 26 10
a 81 2 4
a 81 76 13
a 81 48 7
a 81 71 6
a 81 60 14
a 81 31 9
a 81 83 1
a 81 50 8
a 81 19 1
a 81 94 13
a 81 29 7
a 81 37 15
a 82 83 1
a 82 11 11
a 82 13 18
a 82 79 1
a 82 2 16
a 82 48 19
a 82 92 3
a 82 64 8
a 82 90 10
a 82 38 3
a 82 56 8
a 82 21 9
a 82 81 13
a 82 49 15
a 82 71 14
a 82 30 4
a 82 53 8
a 82 78 17
a 83 84 10
a 83 75 19
a 83 85 16
a 83 30 15
a 83 6 4
a 83 92 16
a 83 51 2
a 83 21 12
a 83 93 16
a 83 89 18
a 83 15 12
a 83 8 10
a 83 2 5
a 83 62 9
a 83 20 16
a 83 95 7
a 83 98 17
a 83 94 3
a 84 85 18
a 84 14 19
a 84 70 12
a 84 49 18
a 84 99 13
a 84 19 4
a 84 65 13
a 84 2 4
a 84 93 8
a 84 60 18
a 84 77 15
a 84 46 15
a 84 53 3
a 84 40 8
a 84 90 5
a 84 89 5
a 84 94 11
a 84 47 9
a 85 86 7
a 85 70 16
a 85 74 8
a 85 67 1
a 85 41 3
a 85 93 1
a 85 30 6
a 85 43 15
a 85 29 1
a 85 45 10
a 85 8 9
a 85 52 5
a 85 84 1
a 85 68 16
a 85 56 16
a 85 15 11
a 85 13 16
a 86 87 8
a 86 94 19
a 86 97 4
a 86 78 10
a 86 20 3
a 86 46 12
a 86 52 2
a 86 59 10
a 86 65 10
a 86 64 7
a 86 22 16
a 86 3 1
a 86 17 16
a 86 12 10
a 86 57 7
a 86 92 14
a 86 33 9
a 86 30 17
a 86 27 15
a 86 63 4
a 87 88 9
a 87 32 3
a 87 16 5
a 87 69 2
a 87 18 17
a 87 43 14
a 87 93 10
a 87 58 17
a 87 50 13
a 87 47 6
a 87 44 12
a 87 57 19
a 87 2 1
a 87 61 10
a 87 10 16
a 87 52 2
a 87 35 15
a 87 80 5
a 87 5 6
a 87 46 6
a 87 70 16
a 87 8 16
a 88 89 10
a 88 49 4
a 88 1 4
a 88 44 2
a 88 25 9
a 88 32 15
a 88 16 12
a 88 56 6
a 88 57 5
a 88 43 16
a 88 64 16
a 88 22 14
a 88 18 13
a 88 97 19
a 89 90 18
a 89 3 2
a 89 53 3
a 89 70 17
a 89 43 19
a 89 75 12
a 89 71 13
a 89 98 16
a 89 52 4
a 89 91 17
a 89 86 15
a 89 58 17
a 89 66 15
a 89 67 16
a 89 65 11
a 89 76 14
a 90 91 11
a 90 83 15
a 90 14 3
a 90 33 3
a 90 61 1
a 90 82 5
a 90 71 5
a 90 1 4
a 90 24 12
a 90 76 16
a 90 65 5
a 90 3 12
a 90 44 13
a 90 9 2
a 90 56 8
a 90 15 16
a 90 10 1
a 90 40 13
a 90 29 11
a 91 92 1
a 91 28 16
a 91 9 18
a 91 77 12
a 91 17 4
a 91 41 18
a 91 65 10
a 91 12 17
a 91 60 12
a 91 96 17
a 91 45 6
a 91 52 18
a 91 63 5
a 91 61 16
a 91 90 5
a 91 15 19
a 91 50 19
a 91 25 3
a 92 93 6
a 92 56 5
a 92 73 2
a 92 40 4
a 92 14 19
a 92 85 10
a 92 33 3
a 92 76 10
a 92 54 1
a 92 41 7
a 92 84 8
a 92 26 2
a 92 75 12
a 92 16 14
a 92 51 17
a 92 5 13
a 92 53 18
a 92 88 16
a 92 47 4
a 92 32 8
a 93 94 3
a 93 35 1
a 93 67 7
a 93 8 4
a 93 7 9
a 93 5 16
a 93 55 17
a 93 59 6
a 93 34 2
a 93 29 15
a 93 97 1
a 93 51 10
a 93 65 16
a 93 61 16
a 93 50 11
a 93 46 18
a 93 14 11
a 93 25 2
a 93 68 2
a 93 1 3
a 93 3 7
a 93 86 3
a 93 31 12
a 93 57 1
a 93 32 5
a 93 22 15
a 94 95 6
a 94 47 12
a 94 56 18
a 94 23 16
a 94 9 12
a 94 88 19
a 94 7 3
a 94 29 18
a 94 17 1
a 94 13 9
a 94 65 16
a 94 8 12
a 94 83 13
a 94 53 5
a 94 15 2
a 94 42 11
a 94 89 11
a 94 61 5
a 94 66 16
a 94 97 4
a 94 44 2
a 94 55 18
a 94 81 9
a 95 96 10
a 95 67 7
a 95 6 15
a 95 11 6
a 95 43 10
a 95 14 9
a 95 89 16
a 95 74 1
a 95 35 17
a 95 98 11
a 95 88 1
a 95 33 5
a 95 2 4
a 95 66 8
a 95 12 10
a 95 59 14
a 96 97 16
a 96 43 5
a 96 39 14
a 96 41 1
a 96 22 13
a 96 67 6
a 96 88 5
a 96 92 10
a 96 15 2
a 96 55 15
a 96 75 12
a 96 91 3
a 96 10 14
a 96 53 4
a 96 52 15
a 97 98 15
a 97 25 3
a 97 73 3
a 97 33 18
a 97 96 16
a 97 20 17
a 97 7 3
a 97 75 11
a 97 57 2
a 97 82 13
a 97 22 8
a 97 77 5
a 97 52 2
a 97 9 11
a 97 79 18
a 97 10 9
a 97 49 13
a 97 55 10
a 97 70 10
a 97 37 19
a 98 99 19
a 98 72 4
a 98 26 19
a 98 67 19
a 98 38 4
a 98 4 19
a 98 89 12
a 98 90 11
a 98 20 8
a 98 50 16
a 98 56 16
a 98 21 12
c 24 64 68 83 124
c 44 55 21 10 51
c 48 39 58 43 107
c 86 87 61 3 114
c 23 1 51 64 95
c 25 17 40 57 52
c 21 12 44 20 123
c 92 5 14 52 76
c 13 74 62 84 64
c 31 58 92 88 85
c 92 47 30 80 49
c 2 22 32 18 75
c 11 96 42 95 91
c 56 68 93 94 40
c 20 97 67 40 104
c 23 46 45 86 26
c 25 35 74 5 111
c 74 61 31 47 67
c 73 62 3 18 82
c 56 98 33 35 73
c 6 27 78 73 25
c 8 51 44 23 60
c 84 19 92 88 58
c 63 72 28 36 122
c 38 84 65 91 65
c 82 71 50 80 81
c 77 34 21 51 102
c 37 48 69 87 103
c 56 9 70 86 74
c 68 18 12 44 49
c 65 33 26 60 93
c 28 48 2 70 42
c 86 94 80 69 35
c 94 29 8 37 51
c 97 52 87 47 51
c 93 65 30 67 71
c 32 78 52 1 52
c 84 89 54 9 105
c 61 99 40 41 55
c 69 70 8 23 33
c 78 97 77 76 27
c 36 74 26 6 92
c 80 58 93 46 25
c 9 71 19 15 77
c 49 29 71 65 40
c 39 47 83 94 62
c 74 5 86 64 38
c 69 30 23 6 63
c 33 36 60 59 97
c 49 91 26 23 65
c 61 82 42 76 82
c 43 61 34 78 89
c 58 34 52 1 27
c 87 46 95 35 111
c 77 81 2 57 74
c 60 89 3 18 36
c 63 62 28 51 26
c 27 41 77 55 86
c 10 21 93 7 35
c 26 23 84 89 71
c 27 15 43 11 55
c 6 80 76 40 67
c 50 82 91 77 60
c 43 83 65 32 61
c 60 61 42 66 100
c 43 94 60 55 97
c 75 15 62 52 112
c 60 71 58 79 118
c 55 77 28 52 121
c 35 18 21 12 46
c 95 11 48 56 38
c 75 76 50 57 26
c 23 1 35 9 67
c 55 1 80 11 70
c 97 55 81 29 59
c 42 46 47 11 26
c 61 57 17 97 124
c 41 71 86 65 25
c 64 46 78 15 84
c 27 12 39 23 118
c 52 79 74 5 123
c 7 8 25 54 118
c 39 99 11 49 81
c 42 43 29 60 36
c 9 62 76 5 109
c 36 40 73 93 70
c 20 18 39 29 73
c 85 43 20 56 111
c 21 12 85 8 90
c 53 22 79 1 55
c 38 3 55 57 123
c 12 97 38 1 117
c 89 66 26 89 98
c 4 61 74 82 117
c 34 15 5 6 83
c 74 16 48 72 63
c 28 8 28 74 85
c 0 61 72 47 29
c 10 52 33 80 93
c 24 31 18 94 109
c 53 31 19 54 71
c 41 49 89 76 76
c 11 27 74 5 32
c 3 93 87 61 86
c 6 93 37 69 34
c 15 67 34 15 90
c 62 39 47 89 31
c 60 89 7 49 73
c 27 15 13 70 71
c 41 74 87 52 94
c 6 87 37 8 59
c 87 50 96 39 30
c 23 24 58 97 90
c 69 87 96 75 28
c 80 88 12 76 87
c 69 65 48 93 123
c 27 75 34 53 27
c 82 53 58 4 64
c 32 7 79 78 80
c 15 2 43 11 34
c 69 59 54 83 51
c 43 66 79 85 70
c 96 75 56 2 95
c 64 47 22 76 107
c 43 83 18 79 29
c 85 13 76 86 52
c 97 20 70 1 42
c 62 53 3 4 104
c 42 56 49 53 123
c 8 49 77 78 29
c 13 74 31 84 110
c 60 58 11 97 106
c 70 88 45 34 99
c 51 43 28 55 29
c 29 42 43 21 97
c 90 65 15 31 31
c 73 68 4 97 72
c 31 90 72 62 44
c 97 96 51 58 71
c 20 97 97 33 43
c 26 40 92 88 44
c 6 5 32 51 65
c 3 88 46 58 50
c 94 61 93 5 102
c 11 50 75 83 29
c 81 2 91 90 59
c 32 96 47 11 77
c 39 60 14 38 97
c 65 22 76 18 92
c 69 98 48 56 50
c 39 18 58 26 71
c 57 58 71 52 60
c 73 53 60 61 69
c 82 21 6 7 66
c 37 68 25 6 53
c 81 60 72 93 49
c 45 34 47 54 48
c 15 2 91 9 56
c 61 52 39 40 103
c 38 26 43 83 120
c 79 53 9 42 91
c 92 47 68 64 52
c 74 95 34 53 28
c 71 5 44 73 122
c 7 6 33 35 99
c 54 83 67 22 41
c 24 90 3 30 109
c 89 90 33 49 29
c 46 32 78 15 80
c 69 96 76 91 104
c 38 6 81 31 93
c 33 83 8 61 116
c 9 47 39 10 65
c 50 51 90 61 121
c 75 33 75 8 56
c 41 56 51 6 119
c 60 91 13 22 78
c 70 6 68 9 67
c 22 87 63 69 44
c 20 68 15 46 119
c 46 66 16 15 99
c 74 95 24 73 35
c 95 66 41 99 91
c 41 53 52 45 70
c 7 62 60 84 101
c 50 90 31 82 82
c 16 63 8 48 81
c 58 97 75 45 93
c 14 56 56 19 52
c 30 80 39 55 41
c 27 59 4 68 36
c 10 25 85 41 115
c 87 58 69 29 66
c 57 66 22 81 90
c 3 25 74 83 42
c 54 20 74 48 34
c 3 8 75 86 109
c 44 41 43 24 85
c 89 52 17 97 65
c 43 15 94 65 55
c 87 88 28 71 91
c 4 5 72 62 69
c 42 59 12 76 94
c 10 52 96 53 100
c 7 62 17 8 45
c 75 45 0 89 44
c 31 84 26 99 103
c 20 63 30 16 45
c 27 25 60 91 67
c 23 62 14 69 40
c 58 68 93 94 101
c 44 20 59 32 63
c 81 48 7 62 53
c 35 55 10 41 65
c 69 63 6 59 93
c 32 99 69 52 54
c 28 71 81 19 39
c 23 93 28 93 65
c 90 33 94 15 98
c 29 72 24 67 44
c 25 40 21 92 71
c 44 45 2 70 55
c 81 21 43 24 118
c 59 99 65 6 119
c 69 91 90 15 63
c 70 11 59 49 67
c 54 91 52 60 116
c 38 34 32 41 91
c 37 72 53 31 89
c 51 74 50 72 113
c 26 3 61 47 29
c 27 66 9 10 100
c 44 23 91 28 56
c 10 47 33 73 26
c 46 63 40 18 27
c 75 46 82 49 68
c 11 35 92 32 26
c 59 50 71 13 69
c 86 27 84 99 99
c 22 64 24 55 28
c 84 47 19 80 51
c 21 45 89 53 100
c 74 16 30 80 118
c 23 12 45 91 80
c 93 3 87 58 93
c 7 90 31 53 122
c 32 81 39 60 121
c 95 2 54 55 108
c 27 66 80 97 112
c 39 43 32 7 69
c 94 17 52 22 44
c 52 22 35 97 83
c 43 97 65 49 40
c 30 70 33 35 103
c 89 65 12 78 82
c 74 41 50 48 44
c 76 85 6 68 101
c 17 87 41 49 60
c 30 16 30 67 83
c 19 62 0 53 91
c 20 68 64 60 46
c 14 39 68 38 88
c 62 88 55 83 33
c 34 35 47 22 53
c 23 86 7 61 107
c 54 38 94 83 29
c 33 88 56 57 47
c 4 61 79 46 75
c 26 34 64 98 52
c 46 58 33 63 121
c 50 90 37 15 71
c 85 93 27 78 61
c 34 65 60 32 50
c 34 99 39 47 71
c 62 52 32 41 80
c 57 60 28 18 28
c 27 59 97 9 121
c 24 2 62 80 69
c 37 54 59 92 63
c 4 40 6 72 38
c 61 99 67 45 42
c 17 6 30 88 107
c 21 22 4 97 61
c 32 77 43 66 115
c 95 59 73 53 93
c 62 14 14 38 93
c 6 48 39 13 100
c 43 92 60 85 119
c 33 83 93 46 119
c 85 52 36 78 86
c 27 90 48 87 73
c 77 55 77 1 79
c 29 30 7 83 79
c 63 38 94 42 83
c 86 97 44 23 111
c 63 56 69 5 62
c 6 46 17 49 61
c 5 16 24 55 51
c 33 26 85 30 30
c 56 74 58 11 71
c 35 71 93 34 89
c 47 56 51 94 122
c 20 97 92 88 71
c 73 74 70 30 41
c 45 34 37 13 68
c 2 7 34 50 73
c 57 20 14 18 33
c 84 94 87 2 121
c 74 82 26 23 71
c 97 37 25 26 28
c 94 47 6 54 118
c 23 37 78 54 78
c 81 21 49 45 75
c 63 75 97 55 25
c 35 36 84 70 82
c 51 81 66 23 99
c 21 20 56 98 115
c 27 18 37 72 69
c 65 55 68 18 93
c 43 48 95 43 102
c 69 87 24 80 46
c 80 62 20 17 98
c 2 57 35 59 124
c 68 26 21 71 68
c 35 92 12 6 97
c 9 61 42 61 102
c 36 74 33 30 96
c 48 58 85 52 124
c 16 61 16 37 26
c 83 6 59 85 41
c 69 96 3 78 59
c 51 25 84 70 41
c 61 47 90 83 34
c 2 37 79 49 103
c 63 93 96 41 44
c 52 1 12 78 116
c 64 60 94 97 69
c 6 25 27 96 70
c 30 70 16 12 52
c 6 30 29 73 109
c 26 52 82 90 65
c 21 32 4 95 66
c 90 24 30 24 73
c 93 34 50 90 52
c 75 8 1 82 68
c 88 44 80 9 83
c 56 4 73 50 57
c 6 52 31 88 75
c 75 45 27 75 109
c 96 97 77 34 51
c 82 48 82 78 85
c 30 50 55 23 38
c 4 53 41 42 41
c 49 83 56 20 71
c 63 82 42 66 33
c 50 19 85 67 26
c 36 84 83 84 78
c 90 1 81 10 46
c 22 72 86 52 49
c 92 85 80 7 121
c 79 21 93 59 86
c 16 6 43 48 60
c 67 75 13 57 42
c 18 57 30 61 48
c 93 14 8 49 112
c 61 31 6 59 104
c 5 82 13 22 87
c 19 25 6 25 28
c 98 20 49 24 58
c 93 29 59 94 30
c 40 42 27 33 102
c 22 65 21 20 80
c 44 50 51 30 123
c 42 30 74 59 78
c 80 64 13 15 69
c 59 1 62 80 73
c 43 15 21 32 71
c 57 61 20 26 78
c 81 21 85 8 83
c 11 89 64 2 61
c 92 51 28 18 25
c 53 55 98 89 114
c 59 94 30 29 61
c 60 16 72 94 76
c 12 84 93 7 57
c 23 89 20 97 54
c 60 89 50 65 63
c 91 65 14 52 82
c 49 12 44 42 50
c 14 15 47 54 30
c 13 22 60 18 75
c 47 22 15 45 45
c 27 38 93 25 79
c 64 45 92 47 92
c 75 17 22 76 37
c 29 83 58 67 51
c 89 53 9 46 96
c 15 1 76 18 46
c 62 35 6 29 80
c 11 42 44 23 95
c 92 85 38 49 40
c 35 67 83 6 79
c 30 2 27 77 98
c 44 84 60 75 65
c 80 71 34 35 66
c 22 7 63 93 70
c 23 12 59 19 49
c 85 52 76 64 113
c 62 93 60 84 41
c 3 78 33 35 94
c 91 63 80 88 83
c 10 28 26 42 85
c 80 55 20 26 121
c 23 69 96 10 78
c 38 85 78 54 69
c 10 34 76 65 79
c 15 2 56 37 40
c 36 89 45 32 25
c 39 5 71 56 106
c 75 34 59 84 123
c 84 14 25 38 111
c 43 24 81 19 42
c 57 2 60 70 65
c 67 35 64 97 62
c 22 87 55 36 41
c 65 97 56 37 30
c 19 25 25 66 81
c 25 54 75 57 120
c 79 46 12 36 117
c 13 21 33 26 85
c 60 40 16 35 70
c 93 50 75 65 60
c 62 52 44 25 123
c 3 88 55 85 93
c 1 60 48 43 78
c 10 68 33 14 108
c 87 47 49 64 32
c 2 57 47 52 59
c 12 27 13 21 87
c 40 42 40 66 49
c 56 88 0 77 81
c 41 10 96 52 120
c 84 93 78 18 52
c 11 6 40 95 80
c 67 26 96 43 49
c 51 72 70 49 72
c 5 36 94 88 113
c 40 26 72 47 41
c 17 47 26 63 82
c 53 83 3 8 83
c 36 87 87 47 29
c 65 91 79 46 50
c 14 52 44 73 40
c 37 54 70 88 80
c 41 49 23 81 108
c 53 54 23 66 105
c 14 93 37 8 43
c 67 5 26 46 70
c 28 8 71 29 124
c 20 77 71 55 66
c 64 27 95 11 77
c 30 35 87 35 95
c 42 59 1 73 113
c 26 27 87 35 86
c 81 35 82 90 52
c 3 8 24 73 100
c 84 89 87 47 116
c 93 25 29 84 52
c 38 49 45 51 92
c 81 37 42 61 57
c 38 96 77 17 65
c 46 66 59 22 77
c 65 12 83 2 89
c 44 46 54 95 90
c 68 30 26 89 78
c 13 92 25 38 68
c 84 77 62 2 90
c 3 30 55 88 78
c 87 47 90 56 93
c 15 21 87 46 78
c 7 94 19 67 53
c 47 22 14 36 69
c 62 81 62 95 83
c 92 88 10 86 51
c 8 45 7 11 70
c 44 55 75 21 123
c 94 97 93 46 48
c 0 32 71 50 113
c 94 47 79 29 26
c 9 22 94 81 121
c 56 41 89 58 113
c 43 97 80 39 124
c 76 51 31 82 116
c 53 31 0 87 75
c 5 44 74 75 98
c 2 3 41 51 92
c 91 9 59 19 122
c 21 22 31 67 31
c 28 62 86 22 46
c 4 5 82 21 48
c 41 77 7 11 25
c 89 75 68 85 36
c 28 24 25 3 44
c 39 5 29 42 56
c 54 9 64 45 86
c 21 20 43 92 122
c 21 83 93 22 27
c 18 19 91 61 78
c 31 47 8 29 31
c 87 93 3 77 57
c 56 4 78 90 96
c 4 68 15 45 78
c 27 33 66 97 104
c 16 36 50 79 81
c 59 84 76 62 36
c 58 25 6 5 30
c 50 28 41 42 65
c 20 88 88 32 119
c 75 38 38 73 120
c 75 37 80 10 59
c 12 76 41 43 80
c 54 99 14 91 47
c 68 70 3 28 30
c 34 50 5 58 114
c 0 37 74 77 86
c 13 27 85 67 117
c 40 54 46 58 84
c 77 1 40 42 106
c 5 64 11 83 46
c 2 37 15 31 53
c 10 28 17 13 40
c 45 41 35 26 34
c 76 17 3 77 113
c 7 49 64 8 64
c 30 62 92 40 55
c 77 78 65 39 26
c 67 35 86 64 97
c 34 88 45 86 71
c 65 66 60 71 86
c 16 12 97 7 54
c 76 41 98 4 122
c 75 38 84 49 86
c 56 98 26 6 37
c 38 84 6 41 46
c 55 1 80 64 121
c 22 80 80 31 39
c 9 42 0 65 63
c 96 97 12 71 99
c 78 36 86 12 78
c 16 15 8 23 95
c 36 87 44 87 41
c 62 2 0 61 71
c 51 13 40 18 110
c 22 76 4 38 51
c 32 14 96 22 28
c 31 76 86 78 53
c 81 15 89 66 94
c 48 39 24 64 60
c 28 55 50 65 97
c 20 3 48 11 93
c 7 90 9 13 77
c 83 20 61 98 43
c 89 91 3 93 86
c 12 76 81 21 90
c 8 81 76 51 121
c 71 50 3 19 55
c 66 74 95 96 93
c 73 99 59 92 45
c 40 25 37 54 72
c 40 54 39 10 75
c 67 8 11 47 118
c 53 31 12 53 112
c 34 65 50 94 99
c 80 93 93 3 39
c 54 67 84 77 86
c 30 35 67 53 111
c 56 41 90 65 30
c 29 88 59 94 97
c 8 45 37 72 115
c 42 60 93 35 65
c 87 16 61 31 35
c 13 33 10 87 116
c 98 89 43 11 54
c 95 14 79 7 115
c 36 41 3 78 78
c 87 70 67 31 66
c 33 36 23 37 49
c 77 17 60 70 122
c 97 10 19 15 90
c 96 10 57 44 92
c 97 20 30 2 60
c 27 28 26 22 115
c 62 88 80 74 62
c 75 14 47 81 53
c 27 75 28 18 102
c 61 15 3 25 40
c 92 33 10 47 27
c 60 59 73 62 84
c 19 26 70 49 115
c 98 90 91 17 58
c 73 68 75 14 103
c 54 95 73 50 74
c 13 19 44 87 93
c 68 78 48 20 100
c 12 16 56 4 77
c 53 74 69 62 61
c 83 92 79 19 75
c 50 28 24 90 72
c 76 5 34 88 68
c 62 88 72 60 111
c 57 92 11 38 89
c 91 15 33 73 49
c 60 85 95 98 101
c 18 31 50 60 104
c 51 22 60 55 60
c 71 5 45 39 33
c 96 15 57 44 114
c 20 75 23 89 57
c 21 79 8 83 63
c 22 72 87 16 83
c 87 10 17 87 58
c 97 98 59 22 49
c 75 76 17 29 52
c 81 50 2 22 91
c 24 70 98 72 88
c 56 20 2 71 27
c 48 21 93 51 117
c 77 61 45 86 107
c 7 6 44 20 123
c 80 69 28 48 50
c 39 60 41 19 52
c 71 5 68 83 30
c 67 31 41 8 116
c 13 27 65 49 51
c 69 99 12 71 26
c 79 64 20 94 101
c 52 20 7 32 60
c 64 65 32 19 45
c 70 67 61 27 71
c 36 41 41 43 104
c 75 76 97 79 93
c 65 32 0 77 91
c 73 93 12 6 35
c 97 82 71 52 65
c 53 77 6 30 49
c 49 74 89 67 117
c 90 91 46 63 53
c 93 68 18 66 85
c 22 60 27 41 111
c 83 15 39 67 98
c 30 35 74 50 49
c 89 58 86 63 32
c 22 87 28 71 34
c 42 70 75 33 82
c 82 79 41 38 65
c 80 93 95 74 121
c 29 30 10 84 97
c 34 53 80 88 118
c 56 9 93 29 43
c 94 29 88 49 97
c 23 66 48 14 31
c 51 90 3 88 64
c 1 13 67 36 26
c 56 67 42 38 98
c 89 70 62 43 42
c 81 2 42 57 82
c 49 16 21 79 87
c 57 36 17 49 78
c 86 33 39 89 53
c 74 50 7 8 119
c 87 44 16 61 40
c 32 13 5 58 70
c 64 45 81 48 118
c 43 50 95 66 52
c 56 27 56 37 73
c 55 36 6 22 78
c 9 18 78 99 47
c 46 91 41 8 68
c 94 65 10 28 32
c 88 56 35 37 106
c 28 82 87 61 121
c 19 26 29 15 40
c 12 44 68 26 71
c 68 18 54 83 65
c 18 66 49 83 55
c 8 72 76 56 65
c 40 45 73 70 122
c 98 21 32 39 69
c 61 62 51 21 119
c 18 57 59 14 35
c 12 13 43 11 58
c 87 2 37 48 34
c 26 3 0 89 101
c 25 40 64 81 55
c 81 83 57 44 59
c 21 92 3 22 59
c 91 52 14 15 53
c 60 82 42 36 102
c 44 39 24 18 34
c 93 32 93 97 92
c 67 53 45 51 87
c 91 63 7 77 57
c 57 25 25 54 108
c 40 42 38 12 39
c 75 21 58 67 53
c 65 35 89 75 106
c 55 17 54 52 48
c 27 60 16 33 64
c 4 2 1 73 55
c 12 7 15 16 52
c 25 66 33 57 114
c 14 6 55 88 82
c 43 92 81 10 68
c 62 36 86 52 115
c 56 9 10 28 79
c 86 33 39 18 81
c 88 44 70 87 98
c 34 15 8 45 63
c 16 2 57 74 48
c 13 15 78 90 90
c 36 41 56 46 102
c 28 94 53 94 70
c 22 76 49 16 75
c 31 49 50 35 85
c 17 90 40 75 87
c 24 40 63 79 52
c 27 20 41 43 38
c 91 28 59 79 30
c 62 99 3 78 109
c 15 46 60 28 73
c 57 81 36 2 123
c 8 48 29 88 32
c 19 11 27 25 81
c 78 73 96 39 91
c 71 56 7 6 61
c 38 39 75 9 123
c 93 8 68 26 104
c 69 98 34 88 35
c 82 21 79 7 72
c 56 20 66 13 28
c 92 53 27 40 108
c 82 78 26 99 61
c 15 85 50 80 59
c 72 47 82 48 51
c 30 16 12 13 74
c 92 14 78 16 65
c 31 3 92 16 69
c 43 15 51 22 38
c 41 59 28 18 26
c 32 81 80 81 101
c 52 97 53 83 28
c 62 58 11 96 101
c 68 30 89 65 37
c 28 29 17 90 75
c 7 77 29 84 124
c 77 34 67 35 63
c 15 85 47 54 45
c 4 53 74 98 49
c 78 50 17 12 68
c 79 21 21 61 121
c 57 45 88 25 60
c 81 10 9 48 25
c 44 24 30 68 47
c 56 68 13 70 71
c 22 81 61 54 46
c 85 15 52 22 94
c 63 93 86 97 68
c 58 43 35 82 117
c 73 72 39 99 45
c 98 89 46 13 26
c 59 99 87 16 32
c 96 75 94 88 55
c 45 42 85 52 52
c 17 97 2 71 80
c 11 50 57 37 114
c 69 60 28 73 66
c 25 3 0 87 121
c 26 22 91 77 122
c 41 99 43 24 98
c 27 41 24 13 54
c 64 45 38 63 96
c 45 91 24 64 71
c 63 47 25 11 87
c 3 19 51 95 108
c 55 23 31 21 82
c 13 84 76 40 121
c 77 5 20 68 61
c 73 99 68 69 45
c 54 10 88 64 119
c 72 82 7 6 95
c 12 7 95 59 69
c 4 59 5 6 88
c 94 88 1 73 70
c 78 11 63 96 59
c 93 25 35 82 115
c 21 71 27 78 66
c 16 33 4 2 65
c 51 6 41 99 30
c 82 38 38 34 66
c 15 40 93 65 65
c 61 92 81 82 85
c 44 33 61 15 89
c 88 97 93 1 59
c 52 3 69 5 31
c 16 73 6 5 59
c 69 59 69 89 78
c 93 31 86 27 105
c 35 18 6 59 109
c 56 68 34 7 85
c 80 7 27 33 67
c 53 20 24 93 55
c 66 13 87 18 29
c 40 26 56 18 113
c 48 93 49 53 47
c 76 65 74 78 26
c 39 18 98 26 65
c 90 76 30 97 86
c 59 29 59 99 90
c 81 50 79 86 71
c 46 51 76 40 81
c 78 85 5 34 74
c 60 91 66 22 43
c 24 14 17 18 65
c 17 12 49 53 88
c 35 59 41 8 73
c 76 64 43 8 30
c 57 11 43 19 121
c 42 61 36 35 67
c 87 2 44 17 53
c 60 55 44 39 75
c 38 3 72 47 51
c 29 10 60 71 75
c 10 25 78 95 90
c 44 59 1 43 34
c 87 44 65 55 96
c 73 53 80 58 64
c 70 46 85 68 106
c 87 70 66 13 71
c 37 72 20 14 31
c 62 81 18 15 60
c 10 21 39 49 75
c 8 37 68 66 74
c 15 28 59 76 85
c 27 75 69 87 102
c 63 93 19 80 26
c 39 89 17 8 84
c 85 93 41 43 85
c 45 83 12 76 65
c 47 61 43 19 85
c 17 75 29 81 121
c 57 65 3 84 29
c 19 55 53 77 60
c 68 18 62 36 28
c 72 70 27 66 85
c 94 9 13 92 95
c 45 41 48 93 68
c 15 2 92 73 103
c 70 11 78 54 45
c 32 58 27 12 35
c 35 39 29 67 79
c 26 63 63 47 40
c 43 19 64 65 82
c 39 99 91 90 100
c 15 90 65 15 66
c 30 88 93 59 53
c 93 50 25 84 78
c 16 51 12 40 34
c 10 25 81 1 64
c 80 76 68 34 88
c 89 58 19 15 96
c 2 7 50 75 63
c 28 36 16 51 35
c 74 78 80 10 61
c 58 9 13 26 73
c 48 87 65 32 104
c 32 14 21 32 103
c 13 84 47 61 38
c 42 58 59 26 109
c 22 52 79 53 91
c 46 36 56 32 87
c 37 92 40 65 60
c 91 52 85 93 53
c 78 90 64 98 45
c 83 6 80 10 80
c 32 51 7 81 101
c 3 7 47 10 113
c 64 96 11 83 90
c 87 32 82 92 77
c 12 70 6 72 84
c 16 2 43 61 114
c 8 61 61 82 112
c 80 25 75 21 46
c 11 9 42 60 41
c 71 30 2 37 103
c 10 86 76 88 98
c 55 23 42 46 42
c 44 39 49 53 50
c 18 70 36 74 116
c 89 43 44 23 110
c 52 20 25 84 76
c 76 39 11 10 38
c 22 72 35 92 120
c 59 38 82 90 45
c 61 52 97 10 26
c 61 92 38 6 75
c 54 7 6 98 98
c 31 76 47 32 29
c 74 52 6 98 93
c 46 4 81 60 102
c 86 52 67 90 55
c 25 44 43 76 46
c 52 12 39 23 64
c 8 29 67 45 96
c 85 84 53 76 75
c 28 74 47 52 113
c 38 49 3 64 33
c 54 7 59 76 47
c 76 40 51 72 36
c 38 12 29 30 104
c 75 65 96 15 89
c 28 5 59 99 118
c 33 57 79 64 62
c 62 69 91 9 74
c 40 66 21 61 51
c 72 73 25 40 112
c 13 70 29 73 100
c 6 88 79 85 53
c 78 73 78 3 43
c 96 15 54 55 26
c 58 22 95 2 75
c 84 19 31 76 104
c 15 93 68 60 35
c 78 52 27 99 36
c 16 61 61 3 93
c 57 90 96 43 28
c 83 6 94 8 84
c 97 25 78 54 43
c 74 26 10 35 104
c 42 38 73 23 42
c 41 53 46 58 46
c 10 43 93 46 70
c 90 76 24 14 113
c 27 78 87 32 62
c 58 67 81 21 42
c 47 43 80 7 25
c 38 90 32 39 120
c 23 49 76 56 45
c 47 43 67 98 42
c 41 71 94 42 84
c 95 14 33 83 100
c 62 80 36 78 56
c 88 97 98 89 123
c 51 73 60 71 55
c 62 93 96 97 28
c 84 90 85 13 35
c 50 94 21 82 107
c 78 87 93 68 58
c 52 3 72 93 52
c 65 30 89 75 110
c 60 58 19 26 86
c 61 92 54 53 85
c 42 60 49 12 45
c 32 13 26 28 52
c 15 46 34 10 99
c 93 67 63 79 31
c 80 76 6 46 31
c 69 2 22 7 114
c 79 1 27 33 105
c 63 1 54 67 111
c 66 23 2 10 87
c 4 38 92 93 77
c 39 94 53 74 28
c 42 6 79 29 38
c 21 73 0 89 92
c 91 17 36 74 73
c 50 90 98 50 91
c 42 95 29 7 46
c 96 97 93 67 61
c 6 12 39 99 71
c 79 20 67 45 82
c 49 16 23 25 52
c 6 87 24 23 39
c 4 5 84 90 54
c 70 77 94 55 83
c 72 13 22 19 84
c 90 56 49 12 25
c 14 52 35 82 103
c 1 88 66 74 105
c 59 14 70 40 110
c 41 19 51 94 57
c 35 71 50 4 96
c 76 6 48 66 98
c 79 1 44 31 32
c 78 51 34 65 63
c 71 65 11 27 29
c 65 52 68 77 86
c 77 34 93 61 107
c 94 29 94 89 120
c 3 53 7 8 55
c 33 30 25 17 84
c 70 6 93 57 95
c 51 94 96 91 33
c 12 83 91 52 113
c 97 73 31 58 107
c 76 51 29 15 109
c 48 83 78 87 88
c 0 46 26 13 117
c 27 38 36 3 105
c 12 76 76 17 41
c 48 58 84 46 103
c 29 30 46 32 86
c 24 67 89 91 66
c 86 52 18 31 82
c 58 9 9 83 59
c 1 60 53 39 114
c 50 66 39 99 74
c 35 97 30 80 72
c 95 12 59 1 73
c 13 74 77 87 44
c 86 92 3 96 100
c 45 87 50 65 108
c 83 95 7 82 100
c 91 77 57 86 113
c 12 44 24 90 29
c 82 81 85 15 69
c 76 17 87 57 98
c 60 91 20 26 65
c 56 98 38 63 54
c 22 69 73 70 121
c 22 7 25 38 67
c 14 39 37 15 113
c 37 68 74 82 42
c 20 77 97 22 46
c 61 47 94 13 111
c 20 14 51 81 74
c 83 84 51 94 79
c 32 51 84 40 123
c 61 92 39 40 107
c 80 17 72 62 72
c 89 65 12 6 120
c 86 65 44 28 60
c 37 30 35 34 40
c 70 49 52 12 96
c 33 57 20 88 27
c 20 39 6 74 54
c 41 74 38 22 51
c 33 63 80 82 78
c 26 60 74 75 120
c 92 54 69 45 71
c 84 77 59 2 123
c 67 22 3 8 120
c 65 91 22 52 112
c 28 62 70 11 53
c 42 76 87 44 31
c 80 4 94 61 123
c 77 48 72 93 26
c 81 10 26 5 76
c 88 22 73 83 122
c 33 49 45 7 62
c 93 34 71 56 82
c 58 59 8 49 103
c 82 79 58 73 34
c 51 58 75 33 83
c 91 65 89 65 96
c 87 10 69 62 118
c 31 30 73 62 84
c 76 13 14 69 30
c 11 43 76 17 103
c 47 32 56 74 120
c 6 52 17 13 99
c 42 58 40 45 57
c 48 87 4 9 78
c 59 30 74 35 43
c 88 22 57 37 95
c 73 36 77 17 114
c 98 89 77 67 66
c 55 83 29 72 84
c 40 42 51 67 106
c 72 62 98 21 124
c 87 69 64 30 39
c 47 56 89 90 93
c 90 29 69 66 25
c 38 12 17 67 85
c 63 79 74 26 57
c 20 10 44 51 27
c 22 43 70 62 62
c 67 5 48 11 74
c 57 13 63 3 115
c 70 95 90 15 113
c 32 14 26 39 88
c 36 87 36 49 73
c 14 38 91 45 60
c 49 91 83 6 120
c 51 22 24 56 106
c 49 65 29 77 71
c 82 21 38 90 107
c 50 57 41 5 93
c 66 97 91 92 107
c 96 91 77 34 63
c 21 18 43 66 111
c 60 71 47 88 73
c 62 52 84 77 53
c 58 70 21 22 56
c 5 78 77 87 84
c 39 5 79 1 115
c 37 12 97 98 26
c 46 35 55 85 92
c 27 18 91 17 87
c 68 69 95 43 65
c 70 86 21 45 87
c 80 58 98 38 73
c 29 88 60 82 95
c 66 22 16 33 114
c 69 89 59 99 87
c 23 66 65 52 85
c 14 15 2 71 68
c 85 45 16 80 76
c 30 88 3 22 108
c 20 97 46 37 59
c 71 65 36 89 112
c 75 64 22 64 108
c 83 89 6 87 106
c 39 40 90 3 26
c 32 18 44 9 77
c 19 55 16 53 25
c 16 12 59 79 34
c 34 15 41 10 99
c 41 56 31 82 118
c 17 12 75 8 92
c 28 5 62 88 108
c 28 52 27 14 74
c 54 39 81 60 112
c 34 50 15 1 115
c 39 61 27 39 59
c 70 11 28 55 74
c 81 71 96 97 70
c 30 31 46 89 39
c 5 10 30 26 96
c 74 64 32 58 65
c 96 75 82 83 37
c 4 38 73 91 93
c 25 34 32 99 98
c 73 62 32 13 88
c 82 30 3 4 64
c 66 23 8 51 117
c 23 66 79 97 47
c 55 83 74 5 37
c 20 75 56 88 123
c 42 36 12 41 64
c 53 94 98 72 64
c 15 36 70 73 124
c 73 62 23 93 33
c 21 82 72 62 93
c 86 17 28 94 107
c 40 66 3 69 94
c 19 24 77 55 110
c 45 46 6 7 120
c 16 53 3 18 118
c 32 77 84 93 43
c 39 40 43 94 85
c 98 26 60 16 101
c 8 61 16 6 72
c 31 20 65 35 56
c 6 68 37 3 72
c 14 90 53 94 97
c 33 88 43 29 50
c 14 93 75 15 68
c 30 38 97 22 116
c 47 30 68 30 32
c 77 55 40 3 93
c 20 26 0 53 32
c 78 87 69 63 64
c 61 67 12 16 31
c 58 75 88 1 111
c 49 12 56 68 26
c 18 72 76 13 123
c 5 36 32 42 89
c 29 98 31 76 44
c 78 79 36 78 48
c 14 38 20 73 33
c 83 92 9 4 51
c 93 29 64 80 59
c 51 92 9 12 84
c 79 21 96 52 51
c 95 14 11 27 69
c 31 76 1 88 72
c 30 31 35 71 115
c 29 42 71 16 67
c 25 17 58 11 63
c 41 77 97 37 25
c 78 1 3 7 44
c 38 63 89 52 53
c 26 60 44 83 116
c 78 16 20 75 92
c 35 18 68 30 113
c 55 39 21 61 58
c 27 33 31 72 117
c 91 60 61 99 62
c 90 33 85 15 52
c 52 3 15 90 34
c 15 1 69 77 81
c 8 82 54 27 29
c 46 97 20 17 41
c 85 41 82 13 31
c 94 29 69 66 82
c 65 12 15 16 69
c 61 52 14 52 28
c 24 18 36 40 85
c 30 50 84 46 63
c 83 94 92 51 62
c 24 31 13 80 119
c 12 97 58 37 110
c 48 95 90 82 32
c 81 2 91 63 67
c 65 30 0 1 38
c 80 97 7 81 117
c 31 92 71 72 30
c 5 36 62 52 61
c 25 84 9 61 58
c 85 8 19 76 29
c 92 88 69 30 115
c 3 38 27 75 47
c 86 33 72 73 112
c 75 14 69 58 59
c 41 30 90 61 98
c 77 34 29 10 116
c 86 94 19 55 68
c 88 18 60 18 62
c 95 33 9 13 109
c 36 76 58 73 111
c 22 46 61 52 47
c 22 87 74 82 109
c 14 28 50 57 36
c 26 89 27 59 35
c 79 18 93 3 108
c 43 11 68 34 123
c 93 50 80 12 64
c 55 1 39 10 83
c 31 97 79 46 82
c 70 54 17 49 58
c 20 73 72 94 81
c 46 35 54 95 62
c 59 13 61 41 97
c 94 66 92 93 87
c 66 13 69 91 97
c 38 27 39 99 62
c 41 10 35 67 76
c 47 81 75 21 29
c 4 5 56 74 88
c 20 18 62 36 90
c 16 2 59 60 114
c 11 49 8 30 85
c 1 66 65 31 123
c 34 99 93 25 79
c 45 41 25 17 75
c 22 6 22 69 111
c 68 95 32 19 97
c 37 3 80 31 85
c 81 50 18 33 121
c 44 33 14 6 75
c 69 91 77 78 105
c 48 56 44 73 119
c 56 22 97 73 32
c 40 3 53 42 67
c 97 10 35 39 64
c 68 27 4 80 106
c 0 75 66 18 56
c 21 71 82 56 115
c 89 52 11 67 119
c 57 65 97 52 56
c 80 81 98 26 67
c 43 66 75 14 71
c 9 46 79 19 75
c 8 51 17 77 117
c 10 33 34 88 68
c 57 73 14 18 74
c 96 67 3 28 99
c 87 5 54 99 76
c 51 90 72 46 79
c 45 65 14 28 58
c 88 16 56 4 51
c 43 48 45 86 88
c 11 69 81 15 41
c 29 77 92 54 72
c 57 37 41 59 51
c 1 59 78 91 104
c 31 82 47 41 93
c 45 64 0 60 41
c 23 27 19 60 62
c 68 95 44 86 106
c 12 80 59 26 116
c 14 18 48 17 50
c 67 68 96 67 32
c 65 30 11 50 25
c 20 77 87 18 120
c 27 28 39 13 103
c 95 35 1 26 115
c 17 49 33 96 90
c 58 91 14 57 83
c 57 8 92 5 71
c 70 86 39 60 107
c 40 41 55 88 78
c 82 2 24 93 75
c 57 37 84 49 59
c 67 45 28 36 35
c 42 46 77 60 81
c 39 60 83 84 102
c 25 27 4 38 83
c 29 90 88 25 118
c 90 56 2 22 68
c 48 43 52 53 27
c 75 15 4 31 56
c 69 66 29 15 123
c 74 22 19 26 103
c 31 84 11 67 71
c 32 17 33 36 65
c 50 72 81 71 105
c 55 77 57 66 63
c 9 94 72 93 113
c 43 11 44 55 55
c 59 94 27 54 68
c 52 75 85 29 77
c 70 87 14 57 99
c 41 19 81 31 54
c 44 29 57 92 62
c 89 53 2 22 99
c 88 89 80 58 38
c 2 70 63 89 79
c 48 16 43 92 75
c 53 20 29 84 76
c 57 25 80 81 47
c 7 82 32 33 107
c 60 28 25 84 91
c 96 15 25 66 31
c 82 21 66 22 101
c 22 80 46 82 36
c 52 89 13 14 47
c 74 22 62 7 36
c 71 62 14 57 53
c 34 42 98 72 46
c 12 53 26 13 90
c 12 41 24 73 121
c 71 16 43 24 114
c 41 38 49 91 105
c 33 36 90 56 95
c 41 59 70 81 59
c 86 17 86 78 76
c 37 3 50 66 57
c 26 22 54 53 104
c 31 92 29 33 89
c 98 89 93 25 79
c 70 54 17 29 80
c 17 96 30 72 33
c 14 90 85 29 71
c 70 18 58 67 39
c 87 61 51 92 31
c 6 87 39 15 66
c 81 60 74 41 57
c 51 74 85 15 52
c 92 88 37 8 119
c 72 13 81 50 80
c 42 66 13 68 91
c 39 47 12 84 117
c 53 22 32 99 61
c 16 6 39 15 69
c 71 52 67 26 109
c 3 72 37 13 118
c 69 96 57 65 77
c 25 11 83 89 93
c 11 89 29 98 75
c 89 66 86 87 58
c 70 81 59 94 52
c 12 71 47 32 50
c 81 60 12 97 51
c 8 17 94 89 100
c 47 40 14 39 104
c 88 49 67 45 115
c 24 25 7 6 48
c 60 70 67 23 53
c 69 99 38 84 32
c 65 26 60 52 47
c 38 63 67 45 76
c 84 65 75 83 62
c 61 54 82 2 83
c 33 86 94 55 108
c 74 5 6 41 54
c 13 77 53 39 102
c 86 97 25 54 119
c 28 34 44 25 109
c 36 78 54 38 96
c 84 89 67 41 66
c 80 71 90 61 60
c 73 91 40 41 114
c 80 55 86 94 117
c 18 72 62 35 43
c 11 89 65 49 94
c 65 79 13 26 37
c 51 52 17 18 30
c 44 29 28 88 31
c 73 99 78 97 30
c 48 17 3 77 36
c 50 31 92 16 59
c 30 68 41 75 107
c 32 96 98 56 87
c 83 62 12 76 59
c 74 77 84 90 78
c 24 70 34 35 42
c 61 52 71 50 91
c 30 50 8 72 56
c 32 39 69 30 118
c 78 90 93 57 51
c 60 66 5 64 93
c 68 64 32 4 70
c 1 66 90 10 46
c 44 39 18 37 71
c 9 22 3 72 47
c 22 19 82 83 91
c 95 66 87 35 46
c 51 58 9 83 76
c 60 32 26 34 40
c 57 74 77 51 107
c 13 80 88 18 25
c 46 2 57 34 91
c 37 30 9 62 87
c 29 10 74 45 111
c 59 1 51 94 38
c 12 16 28 73 124
c 49 29 68 27 114
c 38 81 2 71 90
c 37 3 79 49 91
c 20 55 21 83 67
c 37 38 15 46 77
c 29 60 59 25 84
c 33 34 20 17 100
c 78 1 39 43 67
c 38 22 29 98 95
c 32 19 40 66 95
c 81 57 53 54 58
c 61 3 74 82 36
c 53 65 11 10 27
c 28 75 34 35 52
c 53 22 6 52 58
c 73 3 79 7 108
c 94 17 2 44 27
c 84 94 74 28 50
c 60 21 85 15 28
c 83 2 82 38 77
c 25 70 4 97 103
c 3 38 18 1 61
c 8 83 46 36 117
c 32 17 0 83 38
c 15 16 61 82 119
c 62 27 70 54 27
c 65 55 93 67 75
c 25 26 49 32 65
c 38 18 70 40 78
c 0 83 62 95 75
c 52 48 9 42 51
c 82 2 38 62 54
c 23 1 87 88 98
c 85 74 53 17 48
c 92 40 84 94 30
c 97 55 46 96 54
c 86 52 25 26 43
c 44 59 22 38 43
c 43 8 26 11 78
c 79 53 89 75 101
c 42 73 81 20 39
c 80 93 42 73 102
c 59 1 7 82 62
c 93 55 74 61 74
c 58 68 61 15 53
c 40 28 61 99 62
c 10 87 40 54 99
c 28 64 28 34 111
c 16 36 63 1 28
c 81 35 49 17 61
c 9 4 93 32 44
c 32 81 82 49 48
c 72 40 62 58 67
c 32 96 87 16 69
c 52 82 41 43 120
c 53 65 11 47 45
c 69 96 48 20 123
c 54 83 30 51 88
c 1 59 45 91 50
c 6 48 93 35 120
c 12 42 28 93 71
c 81 1 23 1 62
c 81 60 33 35 116
c 47 81 72 99 108
c 54 7 14 79 105
c 15 16 0 89 123
c 57 44 6 5 72
c 58 64 96 22 45
c 63 44 9 4 78
c 37 26 0 46 104
c 68 45 70 88 54
c 65 84 40 83 67
c 92 26 11 18 37
c 23 31 85 74 76
c 70 87 93 25 87
c 9 51 3 7 119
c 29 10 26 60 110
c 39 13 35 33 29
c 80 58 70 67 85
c 51 25 21 79 26
c 2 22 12 41 72
c 92 85 67 26 79
c 48 58 13 57 76
c 51 13 98 26 60
c 3 72 59 88 117
c 35 96 16 73 58
c 71 66 19 24 48
c 39 31 52 60 33
c 17 67 13 19 35
c 34 7 7 11 44
c 35 18 92 51 82
c 63 53 68 78 122
c 64 46 51 43 124
c 94 42 25 34 72
c 14 91 92 5 30
c 86 33 71 55 115
c 75 46 60 89 121
c 97 77 2 70 29
c 3 84 79 64 77
c 65 30 63 72 41
c 82 64 74 52 80
c 98 67 51 67 47
c 48 20 49 83 49
c 40 66 78 16 107
c 44 83 91 17 111
c 24 31 74 28 30
c 66 6 52 1 77
c 88 44 86 3 44
c 54 95 92 73 70
c 31 90 61 92 84
c 61 41 62 81 52
c 40 78 86 78 95
c 31 47 25 11 42
c 28 93 37 3 62
c 56 2 25 3 103
c 21 80 47 53 115
c 56 9 35 34 31
c 13 77 20 3 66
c 11 38 10 48 118
c 92 73 94 56 50
c 62 43 9 18 26
c 81 31 46 36 68
c 26 34 45 41 75
c 13 15 92 14 83
c 14 15 71 13 100
c 58 37 19 67 110
c 38 18 21 45 39
c 42 38 30 16 95
c 61 62 66 80 62
c 21 92 16 80 27
c 52 97 27 20 104
c 60 40 0 75 99
c 51 94 57 58 99
c 53 90 17 97 74
c 42 60 70 49 89
c 77 51 95 59 47
c 30 63 38 39 59
c 61 54 92 14 87
c 0 61 27 38 70
c 36 76 73 26 69
c 50 60 16 33 95
c 51 67 79 66 92
c 31 53 29 10 45
c 77 87 16 17 121
c 80 4 31 49 89
c 85 45 6 27 37
c 34 10 79 86 104
c 86 20 43 61 103
c 74 75 98 56 29
c 16 15 44 39 110
c 22 51 76 91 118
c 65 39 52 89 73
c 8 83 61 31 31
c 41 19 53 69 108
c 24 13 30 63 81
c 25 34 22 6 31
c 60 55 71 16 73
c 86 78 97 73 66
c 11 96 27 95 46
c 55 23 39 37 97
c 22 6 82 11 74
c 39 94 26 89 59
c 47 43 14 39 83
c 48 32 80 39 63
c 35 32 68 27 62
c 20 97 64 98 56
c 80 17 56 22 58
c 34 88 12 83 121
c 60 70 30 88 46
c 76 83 48 49 111
c 68 27 42 57 79
c 71 80 62 13 28
c 42 58 0 33 37
c 39 18 3 25 104
c 91 45 78 91 63
c 77 1 28 36 53
c 82 56 24 18 27
c 18 15 47 52 59
c 41 6 9 18 48
c 55 77 1 66 44
c 11 49 74 57 26
c 62 14 86 57 108
c 21 12 48 66 59
c 80 38 53 54 62
c 52 97 61 47 85
c 85 30 87 93 117
c 87 61 96 88 121
c 28 24 10 11 123
c 59 85 32 99 78
c 23 1 30 70 88
c 11 9 63 72 38
c 80 9 53 55 78
c 6 46 7 32 80
c 39 47 42 59 112
c 56 19 61 92 79
c 51 6 25 11 43
c 12 71 15 90 60
c 69 59 6 88 86
c 53 31 30 67 123
c 77 17 52 2 36
c 64 25 62 95 43
c 57 81 49 23 93
c 25 67 0 37 32
c 0 60 81 60 65
c 72 60 27 14 35
c 1 26 53 17 85
c 47 27 22 81 55
c 36 76 61 52 90
c 87 80 38 90 80
c 2 93 91 61 83
c 85 29 83 62 53
c 12 42 26 39 72
c 95 98 62 39 43
c 0 60 27 12 55
c 93 59 55 77 58
c 9 51 81 60 79
c 26 28 13 92 116
c 39 31 14 69 60
c 71 80 18 37 45
c 79 19 67 26 104
c 38 26 58 64 95
c 3 25 81 15 100
c 16 53 11 52 64
c 35 37 46 71 39
c 52 12 0 61 83
c 71 16 19 26 50
c 90 76 66 18 89
c 70 46 13 22 25
c 38 22 68 80 73
c 38 3 6 29 102
c 23 12 83 30 29
c 67 45 79 86 111
c 37 33 27 96 69
c 48 20 93 57 46
c 88 97 84 65 82
c 20 77 33 30 47
c 60 52 0 53 101
c 18 2 70 77 70
c 28 59 56 46 79
c 50 57 40 28 46
c 13 74 34 95 104
c 15 11 91 65 27
c 16 37 57 81 89
c 77 17 76 41 106
c 75 65 73 53 112
c 96 55 10 34 54
c 22 6 72 46 120
c 46 96 76 83 123
c 60 52 54 99 113
c 11 69 35 71 104
c 27 95 93 65 98
c 43 8 74 57 110
c 4 97 52 1 107
c 43 92 12 7 31
c 93 61 13 92 105
c 81 10 87 88 98
c 68 69 43 92 83
c 38 73 21 61 67
c 30 35 31 92 37
c 10 3 10 11 112
c 86 3 27 12 54
c 15 46 97 10 86
c 4 31 23 6 46
c 36 76 65 39 114
c 10 35 78 97 60
c 11 12 86 92 49
c 94 17 74 26 123
c 74 75 62 93 108
c 81 69 18 94 39
c 69 70 73 50 30
c 49 70 35 32 60
c 56 33 14 95 107
c 47 61 61 47 37
c 61 52 8 49 119
c 13 15 11 69 116
c 70 40 93 51 65
c 48 38 10 87 29
c 53 31 92 88 114
c 62 58 78 50 113
c 77 55 7 5 26
c 80 29 78 94 78
c 1 73 28 29 79
c 16 73 11 47 58
c 0 32 41 38 75
c 80 69 60 73 51
c 31 49 6 25 84
c 56 2 74 83 45
c 65 91 72 99 121
c 93 97 96 92 77
c 96 88 85 84 76
c 82 13 57 99 72
c 94 15 11 46 46
c 46 50 26 11 38
c 14 69 68 26 26
c 10 87 98 20 45
c 84 60 69 62 99
c 67 93 71 62 65
c 19 77 74 59 71
c 47 88 12 13 107
c 43 94 21 51 53
c 45 83 66 22 49
c 75 83 70 53 113
c 64 98 45 65 45
c 2 44 83 30 39
c 55 1 79 21 79
c 76 41 71 72 49
c 23 81 24 90 69
c 18 1 53 55 107
c 77 87 48 95 100
c 9 47 23 37 96
c 44 46 59 2 111
c 81 19 18 66 40
c 21 82 64 2 112
c 31 67 50 82 103
c 74 57 77 60 85
c 70 54 23 25 81
c 28 88 82 11 32
c 73 76 21 61 35
c 52 79 86 33 48
c 71 93 31 76 74
c 70 49 56 68 118
c 4 61 62 93 38
c 44 50 39 31 84
c 85 41 90 65 57
c 14 28 85 93 116
c 50 80 3 93 71
c 47 43 94 81 91
c 43 61 57 45 28
c 7 62 79 74 77
c 43 73 41 45 106
c 26 5 75 14 31
c 37 48 77 76 57
c 16 35 88 89 42
c 10 43 7 90 107
c 77 76 2 71 36
c 95 14 21 79 121
c 18 94 45 39 56
c 64 52 97 96 63
c 65 31 80 93 87
c 55 85 0 61 41
c 68 95 89 53 63
c 83 98 13 14 100
c 46 89 95 96 26
c 41 74 1 48 84
c 60 84 19 20 87
c 40 22 53 22 113
c 57 86 68 70 86
c 2 44 68 9 115
c 32 10 59 32 45
c 59 85 67 36 45
c 38 84 74 61 98
c 65 97 97 20 67
c 37 8 51 72 89
c 87 57 47 61 35
c 20 21 21 78 27
c 69 89 24 25 51
c 75 57 47 22 67
c 7 90 43 15 29
c 26 60 64 2 121
c 86 57 69 99 58
c 43 29 80 76 110
c 32 10 63 56 123
c 94 47 85 52 73
c 32 14 91 63 78
c 14 79 44 45 46
c 82 30 32 78 117
c 8 72 92 32 113
c 27 59 49 59 102
c 22 51 24 40 26
c 30 16 93 67 103
c 63 75 47 32 47
c 45 34 21 51 110
c 39 47 7 83 36
c 11 6 53 31 83
c 93 61 14 8 56
c 39 23 23 6 102
c 77 87 23 86 112
c 21 51 40 22 71
c 53 31 94 47 78
c 3 56 62 36 34
c 79 74 30 50 122
c 54 14 81 82 108
c 65 60 92 14 115
c 53 17 17 67 113
c 70 77 30 43 84
c 30 97 46 37 55
c 70 40 9 18 84
c 64 28 80 25 52
c 31 84 80 93 29
c 16 35 88 56 91
c 4 38 54 91 107
c 42 60 69 91 74
c 20 75 44 39 65
c 17 90 45 41 32
c 56 58 15 85 116
c 43 77 98 99 59
c 24 31 42 56 107
c 87 43 12 41 34
c 40 26 41 49 35
c 52 75 84 99 35
c 89 66 20 73 109
c 56 4 40 75 80
c 27 18 6 29 39
c 68 26 19 67 70
c 98 90 85 41 78
c 70 73 24 2 45
c 44 23 92 84 100
c 78 18 40 2 112
c 38 27 14 56 104
c 93 22 57 49 88
c 92 5 73 72 119
c 50 48 70 71 38
c 24 13 88 18 94
c 52 89 2 93 52
c 84 46 86 57 76
c 33 86 60 73 114
c 61 99 3 64 57
c 43 3 58 70 108
c 92 5 66 67 55
c 86 64 17 8 51
c 68 56 32 96 68
c 89 53 12 53 78
c 31 82 45 34 42
c 95 12 42 57 83
c 36 35 69 45 77
c 3 64 9 51 103
c 56 98 10 3 107
c 97 55 27 95 29
c 87 46 67 22 67
c 6 30 35 36 95
c 42 46 36 74 56
c 16 80 58 9 122
c 45 1 67 37 120
c 69 62 25 38 70
c 34 51 30 43 119
c 43 15 78 1 40
c 47 52 42 60 31
c 45 86 57 74 72
c 44 24 90 71 57
c 23 37 45 3 123
c 51 73 56 22 99
c 58 26 82 21 116
c 41 6 87 58 89
c 93 97 9 49 35
c 76 86 29 38 71
c 8 51 29 90 53
c 41 77 84 60 106
c 42 59 20 88 53
c 24 73 44 23 117
c 16 80 37 15 71
c 47 53 68 26 47
c 27 38 59 39 99
c 72 94 57 81 57
c 40 75 76 88 32
c 19 54 96 88 77
c 17 29 21 14 117
c 79 8 27 95 117
c 32 33 60 16 30
c 52 88 28 62 123
c 79 20 56 67 74
c 79 94 32 10 54
c 66 81 36 87 77
c 42 58 62 99 28
c 83 92 45 83 51
c 84 19 13 33 58
c 9 94 68 80 84
c 37 59 87 5 114
c 72 85 84 94 120
c 68 64 49 14 66
c 78 73 10 48 72
c 2 71 2 7 95
c 82 49 89 66 94
c 56 18 28 24 67
c 44 31 71 65 58
c 80 81 20 68 87
c 1 66 17 87 31
c 56 22 80 58 91
c 14 95 46 35 100
c 60 58 64 81 53
c 92 33 95 6 62
c 69 5 72 47 116
c 89 65 66 80 113
c 37 54 93 97 63
c 31 82 6 80 103
c 95 74 43 25 118
c 90 83 9 22 66
c 54 7 80 62 39
c 81 60 2 56 112
c 19 25 94 61 34
c 20 10 41 30 55
c 43 76 10 25 30
c 73 67 13 22 72
c 96 88 25 3 33
c 54 95 56 88 114
c 23 31 59 4 79
c 54 91 89 90 98
c 30 29 84 60 32
c 12 44 38 18 32
c 74 12 50 80 26
c 28 55 90 10 57
c 58 73 64 30 113
c 28 93 35 30 33
c 73 50 0 65 62
c 35 67 52 45 74
c 92 5 21 14 40
c 84 85 88 25 122
c 94 53 72 82 107
c 13 57 25 3 107
c 57 81 65 91 121
c 64 65 51 64 71
c 96 75 8 68 49
c 38 85 81 82 116
c 31 21 57 73 104
c 1 26 24 80 82
c 47 30 6 29 47
c 0 37 7 11 94
c 48 14 14 95 81
c 59 17 62 58 88
c 43 73 57 13 112
c 89 75 54 91 90
c 71 50 80 3 64
c 73 70 84 99 32
c 40 66 93 86 61
c 19 54 93 8 37
c 24 25 78 97 65
c 89 3 48 43 26
c 93 55 64 28 101
c 68 27 84 49 86
c 88 18 59 92 103
c 71 93 16 17 99
c 87 5 91 9 75
c 44 42 30 29 39
