notes: n=100, m=990, elb=1, eub=20, density=0.1, conf_density=0.003, clb=25, cub= 125, seed= 5924
p spec 100 990 1468
s 0
t 99
a 0 1 4
a 0 14 4
a 0 43 2
a 0 81 3
a 0 50 19
a 0 59 16
a 1 2 6
a 1 9 17
a 1 88 7
a 1 59 15
a 1 50 6
a 1 25 1
a 1 31 14
a 1 33 8
a 2 3 3
a 2 65 1
a 2 5 7
a 2 68 4
a 2 88 4
a 2 16 2
a 2 22 18
a 2 31 17
a 2 86 19
a 2 24 1
a 2 38 17
a 2 19 7
a 2 8 6
a 3 4 2
a 3 58 4
a 3 86 11
a 3 14 15
a 3 99 10
a 3 17 17
a 3 45 12
a 3 78 16
a 3 80 11
a 3 32 8
a 3 57 17
a 4 5 12
a 4 26 15
a 4 7 13
a 4 72 7
a 4 35 17
a 4 9 5
a 4 19 14
a 4 71 16
a 4 23 15
a 4 45 11
a 5 6 10
a 5 16 17
a 5 71 15
a 5 55 13
a 5 41 1
a 5 62 10
a 5 65 14
a 5 21 4
a 6 7 13
a 6 97 7
a 6 55 10
a 6 19 10
a 6 90 9
a 6 31 12
a 6 80 8
a 6 22 9
a 6 74 9
a 7 8 2
a 7 66 15
a 7 82 7
a 7 23 14
a 7 94 12
a 7 39 11
a 7 99 17
a 7 98 7
a 7 10 13
a 7 69 17
a 7 50 1
a 7 51 19
a 7 6 17
a 7 4 18
a 7 5 15
a 8 9 17
a 8 53 13
a 8 92 4
a 8 48 17
a 8 31 17
a 8 22 14
a 8 36 3
a 8 76 11
a 8 39 12
a 8 91 19
a 8 83 10
a 8 88 2
a 8 4 17
a 9 10 7
a 9 21 17
a 9 57 12
a 9 98 10
a 9 61 8
a 9 62 17
a 9 38 15
a 9 31 5
a 9 20 13
a 9 74 17
a 9 89 16
a 10 11 12
a 10 72 18
a 10 4 7
a 10 27 18
a 10 49 17
a 10 33 9
a 10 67 11
a 10 77 5
a 10 70 5
a 10 73 18
a 10 86 14
a 10 93 11
a 11 12 1
a 11 78 11
a 11 61 16
a 11 32 6
a 11 72 8
a 11 46 14
a 11 10 12
a 11 79 7
a 11 63 13
a 11 85 3
a 12 13 6
a 12 86 14
a 12 41 7
a 12 32 16
a 12 91 16
a 12 93 2
a 12 29 5
a 12 47 19
a 12 2 7
a 12 8 2
a 12 28 5
a 12 54 3
a 13 14 15
a 13 91 16
a 13 76 7
a 13 61 2
a 13 2 14
a 13 83 12
a 13 35 11
a 13 44 10
a 13 51 3
a 13 58 4
a 13 99 4
a 13 27 12
a 13 93 4
a 14 15 13
a 14 64 19
a 14 69 9
a 14 58 15
a 14 92 19
a 14 30 10
a 14 88 9
a 14 25 17
a 14 74 15
a 14 28 5
a 14 39 7
a 15 16 7
a 15 36 16
a 15 89 18
a 15 73 5
a 15 74 16
a 15 8 18
a 15 29 19
a 15 86 17
a 16 17 1
a 16 9 5
a 16 60 18
a 16 1 11
a 16 44 12
a 16 19 11
a 16 2 4
a 16 21 2
a 16 56 1
a 17 18 13
a 17 19 9
a 17 43 16
a 17 89 18
a 17 11 16
a 17 94 18
a 17 4 1
a 17 2 18
a 17 80 18
a 17 7 10
a 17 40 14
a 18 19 18
a 18 7 12
a 18 8 8
a 18 10 3
a 18 76 5
a 18 22 3
a 18 43 5
a 18 48 8
a 18 41 8
a 19 20 3
a 19 28 6
a 19 33 12
a 19 32 6
a 19 79 7
a 19 60 12
a 19 68 18
a 19 36 17
a 20 21 17
a 20 66 5
a 20 57 13
a 20 56 8
a 20 13 10
a 20 5 15
a 20 37 13
a 20 39 12
a 20 69 12
a 20 36 10
a 20 26 15
a 20 97 1
a 20 14 7
a 20 87 3
a 21 22 7
a 21 52 11
a 21 27 3
a 21 84 4
a 21 51 10
a 21 73 8
a 21 26 9
a 21 36 13
a 21 96 12
a 21 6 7
a 21 85 12
a 21 83 5
a 22 23 14
a 22 5 4
a 22 8 9
a 22 32 2
a 22 92 3
a 22 16 11
a 22 14 12
a 22 58 7
a 22 89 17
a 22 95 11
a 22 24 8
a 22 31 4
a 22 50 1
a 22 98 1
a 23 24 9
a 23 83 8
a 23 62 5
a 23 80 1
a 23 41 15
a 23 18 19
a 23 17 1
a 23 59 1
a 23 9 14
a 24 25 1
a 24 52 5
a 24 59 16
a 24 5 3
a 24 30 13
a 24 88 12
a 24 2 11
a 24 40 3
a 24 76 8
a 24 4 15
a 24 60 13
a 24 87 10
a 24 66 19
a 24 53 12
a 25 26 19
a 25 75 5
a 25 4 3
a 25 14 2
a 25 28 13
a 25 56 14
a 25 7 3
a 25 70 7
a 25 93 5
a 25 38 10
a 25 50 4
a 26 27 3
a 26 53 3
a 26 13 5
a 26 14 9
a 26 84 7
a 26 6 13
a 26 49 10
a 26 16 19
a 26 88 14
a 26 5 11
a 26 12 8
a 26 94 14
a 26 51 17
a 26 70 18
a 27 28 16
a 27 80 1
a 27 74 9
a 27 77 13
a 27 18 12
a 27 63 16
a 27 56 19
a 27 1 15
a 27 12 13
a 27 54 1
a 28 29 1
a 28 21 4
a 28 57 17
a 28 72 1
a 28 66 13
a 28 48 3
a 28 71 8
a 28 89 4
a 28 76 14
a 28 88 6
a 29 30 2
a 29 65 2
a 29 43 13
a 29 34 19
a 29 14 19
a 29 50 8
a 29 42 10
a 29 83 2
a 29 51 18
a 29 53 11
a 29 7 4
a 30 31 1
a 30 65 14
a 30 53 12
a 30 1 4
a 30 37 3
a 30 38 11
a 30 34 13
a 30 63 8
a 30 5 13
a 30 50 8
a 31 32 3
a 31 90 4
a 31 26 13
a 31 56 15
a 31 95 13
a 31 11 6
a 31 98 16
a 31 34 16
a 31 62 18
a 31 37 2
a 31 16 2
a 32 33 7
a 32 16 13
a 32 24 2
a 32 40 8
a 32 43 6
a 32 39 14
a 32 48 5
a 32 30 3
a 32 38 19
a 32 95 4
a 32 66 5
a 32 31 19
a 32 3 2
a 32 87 18
a 32 56 2
a 32 85 2
a 33 34 11
a 33 67 14
a 33 49 10
a 33 28 2
a 33 64 12
a 34 35 13
a 34 1 19
a 34 33 9
a 34 6 19
a 34 98 6
a 34 7 13
a 34 58 12
a 34 66 14
a 34 3 9
a 34 89 5
a 34 25 1
a 34 55 13
a 35 36 9
a 35 46 17
a 35 2 19
a 35 37 15
a 35 34 8
a 35 87 3
a 35 73 17
a 35 97 2
a 35 67 2
a 35 57 3
a 35 98 3
a 35 76 14
a 36 37 19
a 36 82 6
a 36 11 15
a 36 57 8
a 36 61 18
a 36 77 2
a 36 3 14
a 36 7 1
a 36 21 16
a 36 27 14
a 36 89 1
a 36 33 5
a 36 98 10
a 37 38 18
a 37 35 16
a 37 94 13
a 37 8 13
a 37 2 16
a 37 84 8
a 37 88 6
a 37 69 3
a 37 85 1
a 38 39 18
a 38 80 2
a 38 31 3
a 38 40 9
a 38 55 15
a 39 40 1
a 39 70 2
a 39 25 1
a 39 33 13
a 39 92 5
a 39 94 11
a 39 30 9
a 39 74 11
a 39 77 13
a 39 12 13
a 39 32 6
a 39 71 18
a 40 41 7
a 40 59 2
a 40 54 9
a 40 23 1
a 40 13 8
a 40 9 8
a 40 82 19
a 40 25 6
a 40 88 3
a 40 44 2
a 40 43 12
a 41 42 18
a 41 15 2
a 41 59 14
a 41 84 12
a 41 14 8
a 41 64 16
a 41 67 1
a 41 61 19
a 41 54 3
a 41 12 2
a 42 43 13
a 42 89 4
a 42 61 11
a 42 74 1
a 42 51 11
a 42 40 14
a 42 46 19
a 43 44 11
a 43 56 4
a 43 90 15
a 43 42 16
a 43 17 4
a 43 30 18
a 43 35 7
a 43 31 13
a 43 89 18
a 43 49 8
a 43 52 19
a 43 33 1
a 43 57 14
a 43 5 10
a 44 45 9
a 44 84 13
a 44 23 11
a 44 64 3
a 44 22 1
a 44 72 13
a 44 60 13
a 44 13 19
a 44 39 4
a 44 92 12
a 45 46 8
a 45 36 4
a 45 70 10
a 45 1 8
a 45 42 9
a 45 56 17
a 45 14 16
a 45 43 19
a 45 40 19
a 45 24 5
a 45 51 5
a 45 41 11
a 45 20 17
a 46 47 2
a 46 19 17
a 46 4 16
a 46 9 16
a 46 50 5
a 46 78 16
a 46 28 18
a 46 66 12
a 46 36 16
a 46 93 12
a 46 24 15
a 46 37 5
a 46 82 13
a 46 55 5
a 46 92 6
a 46 65 9
a 46 2 19
a 47 48 5
a 47 34 2
a 47 51 17
a 47 36 16
a 47 62 7
a 47 14 19
a 47 42 18
a 47 28 17
a 47 3 17
a 48 49 6
a 48 36 9
a 48 21 9
a 48 34 8
a 48 59 9
a 48 77 12
a 48 6 7
a 48 3 1
a 48 23 8
a 48 12 1
a 48 84 5
a 49 50 9
a 49 6 3
a 49 99 12
a 49 35 8
a 49 3 19
a 50 51 1
a 50 30 14
a 50 78 3
a 50 53 18
a 50 96 13
a 50 32 7
a 50 14 4
a 50 94 5
a 51 52 11
a 51 49 5
a 51 29 2
a 51 7 1
a 51 11 1
a 51 65 14
a 51 38 7
a 51 8 6
a 51 39 11
a 51 90 7
a 51 77 9
a 51 76 15
a 51 47 12
a 51 2 11
a 52 53 4
a 52 11 9
a 52 69 12
a 52 99 11
a 52 17 16
a 52 93 19
a 53 54 15
a 53 55 13
a 53 71 6
a 53 86 15
a 53 94 16
a 53 35 1
a 53 67 8
a 53 23 1
a 53 85 11
a 53 81 9
a 53 6 7
a 53 91 7
a 53 21 10
a 53 5 6
a 54 55 13
a 54 38 8
a 54 31 10
a 54 75 9
a 54 33 6
a 54 69 12
a 54 62 13
a 54 36 15
a 54 40 3
a 55 56 18
a 55 58 13
a 55 22 15
a 55 17 8
a 55 50 14
a 55 87 6
a 55 86 8
a 55 23 16
a 55 25 9
a 55 5 17
a 56 57 17
a 56 83 8
a 56 51 19
a 56 6 8
a 56 27 15
a 56 2 14
a 56 93 5
a 56 15 2
a 56 84 3
a 56 30 9
a 56 10 10
a 56 97 8
a 57 58 6
a 57 66 7
a 57 18 7
a 57 70 16
a 57 86 10
a 57 62 2
a 57 64 12
a 57 25 15
a 57 31 18
a 57 79 10
a 58 59 17
a 58 74 18
a 58 41 11
a 58 26 15
a 58 3 14
a 58 46 15
a 58 86 19
a 58 50 18
a 58 66 16
a 58 27 2
a 58 33 16
a 59 60 19
a 59 85 14
a 59 51 2
a 59 86 19
a 59 55 18
a 59 8 11
a 59 9 15
a 59 24 9
a 59 22 18
a 59 91 3
a 59 61 15
a 60 61 12
a 60 87 7
a 60 70 7
a 60 28 9
a 60 39 2
a 60 38 12
a 60 32 8
a 60 75 19
a 60 11 16
a 60 8 13
a 60 44 12
a 60 21 1
a 60 26 14
a 61 62 16
a 61 4 19
a 61 23 19
a 61 14 11
a 61 48 17
a 61 19 1
a 61 65 1
a 62 63 18
a 62 14 6
a 62 56 8
a 62 87 16
a 62 93 10
a 62 58 9
a 62 66 5
a 63 64 8
a 63 42 3
a 63 57 2
a 63 44 13
a 63 30 6
a 63 24 8
a 63 14 14
a 63 8 8
a 63 6 14
a 63 50 3
a 64 65 7
a 64 26 4
a 64 70 6
a 64 68 18
a 65 66 9
a 65 25 18
a 65 34 10
a 65 95 13
a 65 61 7
a 65 45 1
a 65 82 3
a 65 71 19
a 66 67 12
a 66 48 5
a 66 35 5
a 66 94 16
a 66 42 9
a 66 68 9
a 66 88 6
a 66 11 17
a 67 68 1
a 67 24 5
a 67 12 7
a 67 45 5
a 67 3 15
a 67 80 17
a 67 41 5
a 67 2 9
a 67 32 6
a 67 16 16
a 67 44 3
a 67 20 17
a 67 96 13
a 68 69 9
a 68 32 11
a 68 63 14
a 68 65 11
a 68 70 17
a 68 82 2
a 68 60 12
a 68 16 8
a 68 80 18
a 68 14 13
a 68 6 4
a 69 70 14
a 69 18 17
a 69 50 7
a 69 26 2
a 69 60 14
a 69 93 3
a 70 71 14
a 70 99 7
a 70 38 11
a 70 51 3
a 70 1 1
a 70 88 16
a 70 55 7
a 70 16 5
a 71 72 7
a 71 16 12
a 71 32 7
a 71 8 5
a 71 65 18
a 71 54 11
a 71 20 8
a 72 73 16
a 72 35 12
a 72 32 2
a 72 1 17
a 72 4 3
a 72 58 7
a 72 91 5
a 72 31 13
a 72 21 2
a 72 50 19
a 73 74 8
a 73 8 11
a 73 37 4
a 73 65 9
a 73 66 16
a 73 84 12
a 73 59 17
a 73 75 17
a 73 72 12
a 73 69 11
a 74 75 17
a 74 27 15
a 74 81 4
a 74 35 16
a 74 56 1
a 74 5 13
a 74 71 2
a 75 76 19
a 75 43 9
a 75 14 2
a 75 99 5
a 75 25 11
a 75 20 16
a 75 69 9
a 75 36 2
a 75 56 12
a 76 77 13
a 76 84 12
a 76 6 5
a 76 70 2
a 76 95 1
a 76 53 10
a 77 78 19
a 77 18 10
a 77 8 8
a 77 27 17
a 77 92 6
a 78 79 6
a 78 49 12
a 78 25 5
a 78 15 15
a 78 1 19
a 78 88 7
a 79 80 1
a 79 14 13
a 79 60 16
a 79 65 8
a 79 95 10
a 79 64 2
a 79 22 9
a 79 26 17
a 79 88 5
a 79 33 16
a 79 32 10
a 79 28 13
a 79 85 19
a 79 38 16
a 79 40 17
a 79 61 7
a 79 71 19
a 80 81 3
a 80 11 16
a 80 15 12
a 80 68 12
a 80 66 2
a 80 93 12
a 80 92 11
a 80 18 14
a 80 60 13
a 80 53 13
a 80 95 16
a 80 59 9
a 80 50 8
a 80 12 5
a 81 82 10
a 81 98 18
a 81 80 10
a 81 19 13
a 81 20 12
a 81 6 7
a 81 64 4
a 81 47 14
a 81 83 14
a 82 83 16
a 82 53 19
a 82 57 17
a 82 58 1
a 82 59 7
a 82 84 12
a 82 56 14
a 83 84 6
a 83 96 10
a 83 87 13
a 83 8 17
a 83 16 13
a 83 1 19
a 83 95 6
a 83 10 19
a 84 85 5
a 84 60 4
a 84 95 17
a 84 23 8
a 84 86 15
a 84 61 6
a 84 80 15
a 85 86 8
a 85 89 10
a 85 54 3
a 85 6 4
a 85 2 3
a 85 72 6
a 85 39 9
a 85 80 6
a 86 87 8
a 86 27 4
a 86 60 18
a 86 61 12
a 86 39 4
a 86 63 7
a 86 26 1
a 86 15 11
a 86 84 1
a 86 6 16
a 87 88 18
a 87 98 17
a 87 5 16
a 87 65 1
a 87 75 7
a 87 7 8
a 87 24 9
a 87 1 3
a 88 89 4
a 88 75 19
a 88 40 1
a 88 17 1
a 88 4 1
a 88 35 14
a 88 85 14
a 88 69 8
a 88 28 4
a 88 32 9
a 88 7 2
a 88 36 19
a 88 6 3
a 88 9 10
a 89 90 8
a 89 77 14
a 89 66 7
a 89 16 5
a 89 99 11
a 89 92 14
a 89 72 17
a 89 95 9
a 89 96 3
a 89 24 2
a 90 91 16
a 90 49 19
a 90 84 15
a 90 88 16
a 91 92 14
a 91 43 16
a 91 41 17
a 91 24 6
a 91 58 8
a 91 53 9
a 91 6 15
a 91 82 5
a 91 28 5
a 92 93 18
a 92 5 13
a 92 52 13
a 92 88 6
a 92 47 2
a 92 62 12
a 92 56 5
a 92 3 5
a 92 71 2
a 93 94 8
a 93 77 2
a 93 9 1
a 93 3 10
a 93 82 17
a 93 90 16
a 93 59 17
a 94 95 8
a 94 22 10
a 94 81 1
a 94 58 12
a 94 35 14
a 94 39 11
a 94 14 9
a 94 49 19
a 94 86 13
a 95 96 11
a 95 61 16
a 95 44 11
a 95 20 8
a 95 10 8
a 95 36 4
a 95 27 17
a 95 29 6
a 95 63 17
a 95 85 18
a 95 74 4
a 95 22 8
a 96 97 4
a 96 40 13
a 96 49 11
a 96 93 18
a 96 72 1
a 96 86 19
a 96 4 8
a 96 83 13
a 96 68 5
a 96 75 6
a 96 20 11
a 96 1 14
a 97 98 2
a 97 69 7
a 97 71 3
a 97 28 11
a 97 4 19
a 97 2 6
a 97 19 10
a 97 27 13
a 97 90 10
a 97 48 9
a 98 99 11
a 98 44 16
a 98 40 13
a 98 90 18
a 98 28 17
a 98 72 17
a 98 55 15
a 98 83 15
c 51 47 96 49 77
c 19 32 88 35 109
c 92 52 7 23 102
c 29 83 51 38 110
c 28 29 6 31 76
c 63 57 13 14 60
c 74 27 54 69 76
c 84 23 46 9 77
c 53 5 85 39 48
c 41 67 93 3 117
c 65 95 80 53 40
c 49 3 66 35 105
c 75 20 65 66 98
c 25 50 2 38 54
c 64 68 90 88 83
c 57 66 7 98 68
c 26 16 79 61 109
c 5 16 32 43 71
c 97 48 48 34 82
c 12 47 10 11 60
c 36 37 43 90 44
c 97 71 66 35 103
c 45 70 46 19 30
c 45 46 89 95 68
c 29 83 40 59 108
c 14 39 1 25 88
c 49 6 2 38 80
c 1 25 30 50 50
c 42 43 35 34 85
c 79 88 8 36 68
c 13 44 20 69 32
c 72 4 23 80 71
c 15 89 30 37 99
c 55 25 91 43 69
c 58 41 10 27 82
c 7 39 71 54 69
c 29 50 20 57 96
c 88 28 93 94 30
c 49 3 14 74 63
c 91 43 52 99 97
c 4 23 96 97 77
c 32 33 54 31 54
c 61 4 16 44 69
c 72 1 45 14 87
c 40 59 13 58 97
c 66 11 27 1 87
c 29 50 27 63 78
c 15 89 88 6 83
c 67 20 30 1 34
c 25 50 55 86 40
c 90 84 62 14 25
c 40 44 6 22 48
c 56 93 6 31 83
c 30 50 95 61 104
c 51 38 65 66 36
c 36 21 3 4 123
c 82 57 63 30 74
c 45 41 31 37 79
c 21 96 32 16 121
c 8 39 60 38 99
c 14 74 66 11 101
c 22 95 8 76 110
c 61 48 8 31 54
c 97 28 41 84 84
c 9 62 68 16 100
c 97 4 14 74 25
c 37 94 66 11 54
c 69 70 39 32 29
c 21 84 47 48 50
c 42 40 6 31 28
c 53 85 61 62 76
c 25 70 16 21 75
c 65 95 3 99 112
c 56 97 72 31 62
c 95 61 54 62 50
c 23 62 79 64 78
c 48 84 36 57 28
c 81 83 42 46 59
c 29 53 31 16 113
c 55 50 7 6 52
c 94 35 65 95 57
c 8 53 79 32 68
c 22 92 12 41 47
c 76 95 6 80 102
c 25 28 11 63 73
c 88 89 96 97 34
c 10 27 9 61 103
c 17 43 64 68 59
c 68 69 24 88 30
c 46 65 68 32 46
c 81 98 88 4 69
c 78 15 37 38 109
c 62 87 58 3 43
c 68 70 72 31 94
c 8 4 16 56 107
c 19 68 22 8 56
c 37 88 93 59 71
c 30 5 14 39 97
c 73 72 56 84 93
c 44 72 17 43 48
c 3 57 58 33 87
c 83 84 2 5 48
c 70 16 16 56 113
c 20 13 8 83 118
c 27 54 72 50 61
c 98 44 42 74 97
c 64 68 55 58 43
c 70 99 30 37 116
c 7 4 60 38 57
c 10 4 41 42 112
c 42 40 24 88 98
c 31 62 12 91 60
c 63 57 8 48 65
c 53 54 97 2 97
c 31 32 75 99 76
c 21 85 57 31 89
c 48 6 68 82 111
c 15 16 21 84 58
c 51 11 37 8 90
c 47 36 68 80 91
c 61 4 25 4 51
c 72 58 42 61 98
c 7 99 79 38 42
c 25 38 57 64 52
c 51 52 80 66 70
c 28 21 72 21 33
c 96 75 5 62 93
c 4 26 56 97 42
c 14 25 46 50 94
c 86 27 60 39 75
c 41 54 32 87 78
c 47 28 44 64 35
c 68 80 76 6 97
c 46 9 39 40 89
c 95 61 75 43 86
c 46 82 37 69 45
c 46 2 16 44 90
c 14 25 55 86 116
c 74 5 7 23 47
c 63 30 63 57 42
c 93 77 31 56 61
c 4 45 85 80 79
c 88 9 85 72 116
c 56 30 51 47 112
c 58 59 29 65 83
c 54 33 68 65 91
c 96 93 93 3 58
c 27 12 10 49 44
c 58 27 93 59 79
c 98 90 56 6 91
c 60 70 91 6 92
c 17 18 39 33 41
c 7 51 27 77 73
c 80 95 29 53 120
c 83 10 17 2 96
c 73 72 41 54 75
c 19 68 89 90 100
c 46 65 88 69 97
c 17 2 58 46 112
c 16 19 8 76 58
c 35 73 53 81 78
c 10 27 15 89 76
c 2 31 15 36 75
c 7 50 67 41 110
c 54 36 25 56 92
c 95 20 36 37 123
c 2 68 2 31 77
c 59 86 10 72 65
c 22 5 21 73 107
c 57 62 13 44 49
c 54 40 13 51 105
c 6 55 48 77 82
c 86 27 0 43 83
c 45 20 68 6 100
c 53 6 6 19 44
c 60 75 21 84 88
c 58 33 36 37 117
c 79 65 89 77 108
c 98 90 60 8 26
c 14 69 12 13 83
c 22 89 37 38 66
c 32 56 26 14 61
c 87 98 44 13 72
c 30 31 13 93 86
c 96 75 96 68 53
c 42 40 58 46 58
c 54 55 58 41 34
c 10 11 33 28 95
c 40 9 39 77 76
c 58 3 20 26 113
c 82 84 75 76 26
c 5 62 39 25 101
c 13 61 81 20 29
c 65 66 71 72 112
c 96 83 74 5 86
c 13 27 77 78 50
c 5 16 92 71 77
c 58 66 47 51 101
c 84 80 46 82 31
c 46 4 52 53 75
c 93 82 7 6 76
c 84 23 3 4 95
c 77 27 81 83 26
c 82 56 12 29 42
c 3 32 81 82 117
c 31 11 14 30 70
c 20 97 92 47 69
c 80 92 98 40 58
c 4 9 48 23 57
c 88 4 96 72 52
c 6 55 26 53 75
c 29 50 83 95 83
c 31 90 26 70 62
c 56 27 8 39 47
c 83 10 86 61 49
c 46 66 51 49 116
c 6 97 4 19 89
c 90 84 29 30 122
c 53 35 16 19 58
c 64 65 94 39 76
c 64 70 38 80 94
c 38 39 23 80 57
c 59 85 81 83 76
c 17 7 79 32 49
c 59 85 88 89 28
c 90 49 29 50 79
c 21 51 97 28 35
c 57 66 96 72 76
c 66 11 8 91 53
c 96 86 32 16 76
c 90 88 71 8 67
c 47 34 80 66 50
c 53 71 43 30 98
c 17 19 58 33 54
c 19 68 7 5 110
c 7 69 5 55 92
c 18 48 41 54 74
c 65 66 52 11 102
c 43 57 88 85 124
c 63 6 22 32 38
c 63 57 15 89 87
c 7 94 60 11 107
c 8 9 16 56 114
c 33 28 58 33 46
c 51 52 61 19 60
c 5 21 81 19 77
c 23 41 91 82 99
c 19 60 76 95 96
c 23 59 31 32 95
c 18 43 51 8 96
c 32 48 27 54 54
c 28 71 27 12 124
c 10 4 24 5 121
c 59 86 32 95 116
c 52 69 53 86 42
c 42 46 4 26 35
c 40 88 19 32 92
c 78 15 72 32 30
c 74 56 96 49 52
c 77 78 58 50 59
c 56 15 36 7 45
c 39 71 97 27 27
c 54 75 57 25 40
c 80 18 96 49 119
c 35 67 12 91 111
c 83 95 55 25 54
c 57 66 83 8 46
c 11 78 6 22 51
c 80 95 21 84 122
c 32 66 55 87 52
c 43 17 20 97 45
c 87 1 9 98 67
c 45 41 14 92 47
c 24 52 55 56 94
c 32 87 26 53 28
c 67 24 10 86 96
c 89 66 19 68 43
c 36 33 47 62 87
c 45 43 58 74 118
c 54 38 8 22 55
c 27 12 27 28 121
c 1 50 34 66 34
c 91 82 80 53 97
c 25 70 20 87 117
c 25 70 10 33 110
c 50 32 12 13 110
c 95 22 59 8 74
c 32 66 44 22 85
c 80 92 51 2 34
c 35 97 3 17 36
c 25 38 11 46 25
c 75 14 27 18 47
c 24 52 70 99 68
c 23 62 76 84 96
c 91 92 12 28 48
c 92 93 4 71 49
c 29 42 36 77 92
c 36 7 13 35 86
c 67 45 6 80 110
c 47 42 46 28 91
c 46 55 4 26 106
c 93 90 75 69 26
c 93 9 96 4 90
c 60 8 70 1 55
c 36 33 8 9 50
c 22 58 85 86 47
c 88 6 63 44 39
c 28 29 60 61 112
c 6 80 18 41 48
c 14 58 34 58 104
c 73 66 56 15 107
c 24 88 65 61 73
c 68 65 79 22 38
c 80 15 19 20 54
c 98 99 32 40 61
c 71 20 8 76 34
c 44 84 36 7 84
c 49 6 31 16 64
c 48 6 35 46 122
c 32 40 84 61 122
c 51 65 27 28 44
c 85 86 94 49 74
c 59 86 35 2 29
c 74 75 52 11 109
c 62 63 25 70 120
c 49 3 46 50 71
c 51 8 2 38 87
c 48 49 92 56 65
c 9 31 7 6 81
c 13 35 49 50 52
c 88 17 5 71 43
c 9 98 71 20 83
c 46 50 97 71 76
c 56 93 20 56 55
c 49 3 40 9 27
c 91 53 69 50 31
c 2 86 53 54 79
c 7 98 46 36 54
c 45 41 35 37 50
c 46 65 23 62 114
c 45 41 14 74 32
c 31 34 68 65 68
c 73 75 7 5 37
c 88 9 75 14 79
c 5 65 46 28 62
c 44 22 2 5 86
c 62 56 25 14 60
c 8 39 36 98 124
c 97 98 10 33 113
c 21 27 7 66 29
c 39 70 79 40 43
c 31 62 39 92 76
c 12 86 30 37 28
c 25 26 51 8 124
c 29 7 46 4 121
c 84 95 63 6 97
c 0 43 29 7 55
c 47 48 46 66 29
c 10 49 12 2 53
c 21 83 25 50 62
c 80 95 48 12 48
c 42 51 37 88 112
c 58 26 53 71 122
c 63 24 55 23 41
c 43 52 36 98 102
c 92 47 95 22 78
c 55 17 84 60 91
c 47 36 95 44 103
c 53 86 48 84 81
c 73 37 85 2 32
c 13 2 5 65 94
c 79 28 90 49 47
c 62 87 83 95 85
c 8 48 89 72 38
c 25 28 14 28 66
c 14 69 0 14 112
c 21 51 97 69 39
c 78 79 51 29 35
c 26 13 32 85 92
c 67 44 61 19 87
c 96 68 41 67 118
c 26 84 58 33 71
c 10 4 81 19 73
c 88 40 41 12 96
c 23 59 40 9 75
c 13 76 48 6 112
c 56 27 96 4 99
c 19 33 4 5 59
c 9 38 3 58 122
c 79 85 38 39 76
c 12 93 32 43 102
c 42 40 10 49 121
c 67 96 2 68 64
c 25 75 69 60 109
c 79 33 79 95 79
c 96 4 12 28 33
c 81 47 22 58 98
c 13 76 85 89 68
c 87 75 3 45 123
c 79 95 33 28 85
c 76 77 7 5 46
c 18 41 29 50 44
c 79 80 68 63 119
c 54 33 37 69 32
c 89 66 67 16 43
c 94 81 10 77 100
c 17 94 7 50 99
c 42 40 3 45 109
c 58 26 98 99 58
c 45 40 79 61 75
c 28 29 73 37 91
c 46 4 96 72 70
c 64 65 60 8 113
c 84 23 56 97 39
c 69 26 80 93 75
c 34 98 65 34 109
c 74 75 88 40 119
c 85 54 94 14 43
c 30 63 60 39 113
c 54 69 40 25 110
c 7 82 45 24 90
c 35 34 27 18 74
c 70 51 21 6 71
c 70 38 50 94 84
c 8 83 69 26 110
c 33 49 6 90 37
c 84 95 7 39 35
c 60 26 46 28 99
c 42 51 3 99 46
c 8 83 35 87 117
c 65 45 11 78 41
c 62 63 40 54 42
c 24 30 26 53 25
c 74 35 1 2 68
c 90 49 12 47 51
c 62 87 16 1 54
c 30 5 95 85 34
c 51 47 56 2 27
c 44 72 25 4 47
c 48 3 42 40 31
c 85 86 9 10 66
c 8 76 3 80 59
c 88 75 98 83 66
c 30 31 46 50 97
c 87 5 4 19 98
c 23 80 53 94 105
c 27 18 14 69 92
c 75 43 67 96 103
c 27 1 79 38 56
c 52 17 16 1 48
c 56 51 90 88 81
c 58 3 6 31 84
c 88 69 29 14 31
c 10 70 47 28 117
c 58 3 24 53 34
c 87 24 1 31 63
c 18 22 25 70 36
c 40 54 72 4 113
c 15 86 41 59 72
c 67 24 42 74 71
c 80 53 77 27 32
c 61 4 45 70 102
c 61 65 64 65 67
c 2 8 89 99 47
c 87 5 35 76 95
c 87 1 36 98 103
c 78 49 33 28 34
c 27 12 67 80 94
c 68 14 22 31 33
c 12 29 85 54 124
c 10 86 26 94 45
c 45 51 66 67 119
c 21 6 53 85 37
c 24 40 52 53 111
c 94 39 67 68 98
c 79 38 16 21 100
c 12 32 9 98 44
c 2 65 57 25 121
c 86 63 34 98 68
c 41 14 31 32 73
c 14 58 26 14 26
c 17 2 28 21 51
c 92 47 52 93 114
c 11 79 71 65 73
c 8 92 88 17 72
c 3 45 30 38 112
c 61 19 39 74 30
c 76 70 25 26 37
c 40 59 31 95 118
c 79 71 72 50 78
c 26 84 81 6 43
c 37 88 41 61 56
c 39 74 43 5 78
c 6 7 83 95 84
c 37 69 9 10 70
c 5 16 34 1 119
c 90 84 67 41 108
c 34 55 18 76 114
c 11 61 58 27 25
c 81 47 92 52 27
c 25 50 39 92 76
c 67 12 80 81 108
c 15 74 43 17 47
c 40 88 57 58 47
c 48 59 14 28 61
c 42 40 43 35 61
c 8 53 46 50 79
c 77 18 82 59 106
c 22 31 87 88 85
c 57 18 43 57 97
c 18 7 31 98 84
c 53 23 31 11 113
c 3 80 46 50 60
c 52 17 87 5 79
c 5 6 57 58 54
c 44 84 40 41 97
c 81 20 37 84 69
c 65 61 58 27 58
c 82 56 16 1 52
c 46 92 47 14 108
c 11 63 94 49 63
c 14 64 12 29 103
c 70 51 80 60 66
c 97 28 3 45 64
c 24 66 74 5 51
c 86 84 73 8 90
c 11 63 1 31 43
c 36 37 95 36 123
c 79 22 52 11 54
c 81 80 50 78 65
c 73 84 25 4 53
c 16 44 13 83 104
c 53 35 94 14 65
c 31 34 69 93 27
c 18 48 70 1 91
c 70 88 31 56 62
c 78 15 37 69 114
c 46 37 18 41 97
c 60 21 33 28 83
c 25 14 76 95 42
c 28 29 68 6 114
c 61 4 83 16 92
c 14 69 94 35 54
c 59 55 46 47 89
c 46 36 15 8 52
c 60 28 62 56 110
c 41 12 13 2 104
c 8 91 80 92 61
c 87 7 32 66 49
c 3 57 8 53 76
c 43 33 23 59 26
c 28 66 61 48 31
c 69 70 13 58 67
c 46 82 67 12 103
c 34 55 74 56 113
c 68 14 39 40 88
c 60 21 61 62 101
c 64 65 73 37 115
c 79 38 15 74 86
c 26 6 84 23 82
c 79 60 44 84 59
c 97 2 84 86 44
c 13 61 50 78 101
c 3 99 22 95 79
c 15 73 10 33 30
c 5 41 12 93 90
c 75 56 46 36 86
c 21 85 92 71 28
c 4 7 60 32 25
c 40 54 10 93 85
c 14 30 96 75 75
c 13 14 54 55 104
c 89 77 60 8 50
c 3 80 41 54 54
c 67 3 82 59 63
c 22 24 30 38 112
c 44 23 28 88 90
c 10 70 56 84 36
c 26 88 39 30 68
c 85 80 48 77 65
c 24 87 58 46 65
c 91 24 15 8 72
c 51 65 26 14 118
c 40 23 58 59 66
c 48 21 78 79 99
c 12 29 48 77 59
c 7 5 48 3 59
c 12 8 4 45 25
c 39 32 24 87 116
c 81 6 12 28 48
c 69 18 41 54 92
c 85 72 43 49 88
c 77 18 56 6 118
c 51 65 85 72 84
c 86 84 81 6 80
c 56 10 56 93 80
c 89 90 18 7 98
c 38 40 80 11 71
c 80 12 29 51 106
c 68 80 21 22 120
c 33 49 58 59 30
c 52 99 80 59 76
c 51 11 12 13 49
c 53 21 92 93 68
c 95 61 60 38 93
c 4 26 67 20 34
c 10 33 36 61 56
c 77 92 57 58 46
c 6 19 45 46 116
c 3 32 39 94 123
c 56 93 57 18 34
c 69 50 46 92 71
c 4 23 35 57 49
c 84 86 80 53 50
c 4 9 43 57 120
c 55 87 17 80 30
c 1 31 25 14 51
c 30 31 64 26 95
c 30 5 75 76 103
c 34 25 80 12 121
c 46 4 47 14 67
c 66 67 31 37 56
c 52 93 57 62 38
c 4 71 48 36 74
c 39 33 40 41 98
c 35 67 41 61 109
c 74 75 59 22 74
c 2 86 94 86 36
c 77 27 35 34 119
c 16 60 13 51 81
c 94 81 51 29 48
c 27 56 39 40 75
c 59 60 50 96 44
c 64 65 45 41 115
c 14 30 70 51 29
c 9 62 54 55 85
c 20 39 77 78 84
c 28 48 80 53 34
c 29 7 58 59 119
c 18 22 7 99 68
c 72 4 24 4 105
c 48 21 2 8 90
c 47 36 4 72 64
c 2 31 18 22 120
c 54 36 31 98 62
c 57 58 95 36 46
c 21 52 68 69 106
c 35 98 72 31 87
c 20 69 78 79 34
c 52 53 67 68 117
c 31 90 79 33 65
c 56 2 44 92 123
c 22 14 85 6 81
c 8 88 18 76 40
c 48 84 30 5 83
c 40 13 90 91 76
c 6 7 26 88 95
c 86 39 45 24 31
c 33 67 79 33 57
c 16 17 22 32 98
c 50 96 18 10 46
c 85 80 72 73 96
c 33 28 13 14 32
c 45 24 79 40 68
c 85 86 39 12 102
c 72 32 30 1 76
c 96 83 9 98 118
c 6 97 13 51 55
c 63 24 26 88 77
c 32 3 96 93 123
c 78 49 72 35 102
c 30 53 65 82 25
c 16 60 36 89 97
c 56 2 92 71 110
c 44 23 23 80 58
c 28 57 10 86 34
c 22 31 96 20 110
c 15 74 36 21 48
c 31 26 45 70 123
c 87 1 14 92 59
c 30 63 88 6 46
c 54 33 91 41 59
c 20 69 8 9 61
c 63 24 73 37 89
c 71 65 10 72 112
c 14 39 0 1 33
c 63 42 69 18 63
c 9 61 7 50 49
c 11 10 72 35 67
c 24 4 48 34 37
c 81 6 28 21 60
c 20 56 67 12 97
c 80 92 38 55 82
c 46 4 10 77 74
c 35 87 59 60 68
c 80 66 60 61 104
c 94 22 54 36 26
c 86 63 23 59 79
c 94 14 2 31 50
c 45 70 52 99 32
c 92 47 27 18 27
c 2 68 11 12 79
c 24 76 2 16 32
c 5 16 35 67 25
c 39 74 55 5 88
c 55 25 37 8 32
c 0 81 12 41 124
c 53 85 91 41 117
c 34 1 8 76 54
c 95 36 93 59 121
c 1 2 60 75 43
c 2 8 62 93 55
c 42 51 81 47 95
c 55 86 58 86 31
c 9 61 93 77 113
c 55 87 66 35 77
c 78 1 47 48 62
c 64 65 20 56 61
c 85 54 93 94 59
c 72 1 48 49 123
c 7 50 49 50 83
c 88 9 69 18 48
c 92 47 79 88 46
c 71 20 76 53 42
c 73 69 95 27 45
c 84 86 39 25 90
c 43 31 15 74 76
c 88 17 59 22 46
c 49 3 40 41 121
c 91 82 10 27 26
c 44 64 25 93 117
c 55 5 35 98 98
c 79 88 8 83 118
c 19 68 34 35 51
c 55 86 40 59 109
c 60 70 43 5 63
c 7 99 83 95 31
c 60 44 97 2 75
c 11 63 17 2 27
c 67 3 0 81 73
c 35 67 98 28 87
c 38 39 58 59 42
c 28 89 10 27 72
c 13 44 14 28 69
c 18 43 22 89 124
c 97 28 88 35 86
c 26 6 29 50 38
c 35 46 15 73 40
c 57 64 14 39 114
c 34 3 26 13 110
c 29 34 26 70 74
c 20 21 6 74 46
c 56 51 58 46 51
c 60 75 15 16 69
c 67 20 89 66 33
c 88 32 58 33 33
c 52 11 88 75 42
c 44 92 27 56 42
c 27 54 17 94 33
c 72 31 58 86 75
c 26 51 0 1 63
c 5 65 79 64 37
c 58 86 31 32 95
c 21 27 29 42 50
c 24 52 22 95 100
c 16 44 35 46 112
c 23 83 79 28 68
c 80 18 70 16 122
c 45 14 63 57 95
c 89 96 31 34 122
c 17 11 43 49 98
c 28 71 16 19 80
c 77 27 40 43 93
c 93 9 55 17 98
c 8 92 13 93 67
c 12 54 63 30 120
c 98 28 43 57 66
c 71 72 29 42 122
c 27 74 40 59 84
c 53 6 92 88 112
c 37 84 27 77 111
c 7 50 80 60 69
c 39 74 72 21 82
c 27 77 63 44 113
c 15 29 31 37 123
c 3 86 37 38 105
c 94 35 26 6 69
c 97 90 32 38 96
c 6 31 51 38 103
c 61 62 10 70 121
c 51 77 19 33 105
c 89 16 26 51 81
c 14 64 21 96 102
c 37 8 24 87 56
c 57 64 39 70 83
c 5 55 41 84 59
c 44 84 18 76 63
c 32 3 60 61 32
c 13 2 81 64 66
c 39 77 45 1 87
c 67 45 94 14 26
c 91 53 32 48 49
c 36 57 14 92 72
c 27 63 31 56 84
c 80 15 8 83 101
c 54 69 55 23 46
c 2 88 87 98 68
c 96 75 7 8 29
c 87 88 46 65 118
c 57 86 50 78 37
c 32 95 79 85 101
c 51 47 13 27 33
c 57 62 49 99 34
c 73 75 53 5 71
c 14 15 63 57 86
c 86 39 14 30 33
c 38 80 91 53 62
c 32 31 10 4 25
c 36 77 84 80 109
c 45 36 87 7 58
c 29 7 97 4 29
c 49 50 1 59 43
c 30 37 44 23 112
c 30 5 24 76 99
c 22 92 96 68 69
c 76 70 73 74 66
c 72 21 12 54 70
c 15 8 8 48 42
c 5 16 96 97 38
c 42 43 6 74 28
c 21 51 52 99 84
c 78 1 6 74 46
c 92 93 30 65 55
c 59 9 39 12 118
c 13 27 59 9 76
c 7 5 91 6 37
c 35 46 49 6 99
c 55 50 56 2 83
c 49 50 62 56 63
c 95 22 65 82 49
c 19 28 43 33 103
c 46 92 27 54 94
c 36 21 71 65 51
c 29 65 20 97 60
c 39 32 7 39 106
c 20 69 3 4 51
c 35 98 8 4 61
c 16 1 5 41 40
c 21 85 79 85 25
c 95 36 86 63 55
c 51 77 96 72 91
c 7 98 41 59 104
c 57 86 14 92 52
c 42 74 51 76 34
c 21 36 55 22 46
c 68 14 91 41 92
c 73 65 20 14 55
c 75 43 3 99 124
c 31 90 28 89 26
c 68 32 72 91 100
c 94 58 69 26 72
c 93 9 41 12 70
c 73 84 21 52 39
c 59 60 34 55 94
c 8 91 75 14 114
c 4 45 68 14 93
c 16 19 48 23 56
c 21 22 84 86 113
c 68 14 50 51 39
c 73 59 29 53 103
c 11 85 59 51 29
c 1 88 30 50 110
c 9 61 79 80 94
c 37 8 28 71 119
c 23 62 10 93 93
c 73 84 45 40 120
c 88 75 31 95 46
c 8 22 30 38 71
c 73 74 16 2 35
c 40 44 16 9 53
c 85 39 27 74 96
c 8 9 81 20 72
c 92 93 72 4 55
c 62 58 46 92 44
c 91 41 2 31 105
c 14 88 81 82 119
c 43 42 76 70 36
c 45 40 29 7 120
c 10 4 92 3 105
c 6 7 56 30 108
c 59 51 97 90 83
c 61 62 83 96 117
c 83 96 32 85 70
c 12 32 12 2 107
c 47 28 93 59 118
c 19 28 21 27 92
c 96 68 7 51 55
c 6 97 51 8 90
c 51 11 47 3 49
c 20 14 87 7 40
c 12 41 4 23 76
c 71 54 14 39 51
c 23 62 80 95 34
c 91 92 3 78 50
c 21 36 24 4 64
c 61 4 5 21 97
c 89 90 2 65 101
c 7 23 54 75 70
c 37 84 46 28 69
c 22 58 3 57 77
c 28 21 80 68 117
c 46 50 61 14 35
c 79 88 91 24 73
c 4 45 39 30 97
c 22 8 66 42 97
c 7 94 41 14 27
c 0 14 63 14 56
c 19 28 61 48 34
c 24 88 16 17 109
c 12 32 32 31 122
c 13 44 46 93 41
c 15 36 65 71 36
c 58 3 22 32 26
c 28 72 63 42 108
c 36 33 51 77 58
c 8 36 23 83 48
c 87 5 11 46 108
c 56 15 45 70 99
c 51 49 58 33 64
c 35 97 66 67 37
c 69 50 17 7 65
c 20 13 40 88 70
c 97 90 32 56 81
c 16 56 33 28 111
c 0 59 13 58 37
c 51 77 1 25 41
c 64 68 56 30 43
c 5 21 13 44 123
c 29 14 4 45 94
c 45 56 21 26 26
c 48 34 9 89 49
c 79 65 22 31 54
c 61 62 25 56 55
c 11 10 74 56 48
c 90 49 96 97 63
c 44 45 44 92 63
c 53 5 83 8 53
c 56 10 88 4 37
c 34 33 54 33 100
c 80 66 91 58 44
c 15 16 26 88 88
c 28 21 94 39 50
c 29 34 11 72 80
c 96 86 43 57 27
c 10 49 75 43 121
c 30 65 2 16 50
c 86 15 36 33 53
c 77 27 31 56 103
c 91 41 73 66 85
c 92 3 64 26 102
c 32 56 50 32 55
c 80 18 4 72 115
c 41 15 17 43 52
c 31 16 55 22 69
c 10 11 15 89 77
c 21 85 77 92 111
c 13 27 98 44 84
c 5 6 20 66 42
c 96 49 60 70 38
c 88 4 73 37 87
c 5 65 41 54 88
c 41 59 57 70 110
c 2 88 7 8 80
c 26 88 14 39 97
c 24 2 73 59 110
c 53 86 82 84 77
c 58 66 49 99 68
c 94 39 31 98 84
c 34 58 63 57 114
c 8 92 35 76 78
c 60 39 89 72 105
c 90 84 93 90 110
c 70 16 34 35 84
c 87 7 31 95 124
c 87 88 21 52 115
c 31 56 13 61 35
c 40 82 27 54 43
c 79 71 16 17 68
c 44 64 59 60 57
c 29 42 69 93 101
c 48 36 89 16 117
c 85 72 35 87 32
c 12 86 47 62 124
c 77 78 29 42 68
c 55 86 76 95 87
c 68 70 29 50 27
c 13 93 46 50 50
c 63 64 29 34 105
c 81 64 48 12 54
c 60 70 92 47 102
c 48 12 4 26 57
c 7 10 60 32 66
c 68 6 94 39 85
c 51 52 67 12 72
c 45 41 54 69 114
c 22 89 6 97 34
c 65 66 9 57 57
c 28 57 74 75 60
c 42 46 31 16 89
c 20 56 67 3 85
c 56 84 13 83 65
c 29 34 39 40 61
c 10 33 79 95 102
c 28 76 80 12 96
c 67 3 31 16 115
c 81 19 17 18 67
c 47 28 95 96 48
c 32 30 57 66 33
c 25 93 56 84 65
c 11 61 54 33 52
c 74 75 41 12 43
c 68 60 56 15 47
c 10 86 14 74 43
c 42 89 85 89 69
c 61 62 11 78 61
c 39 94 67 68 98
c 22 24 68 16 47
c 94 95 13 44 73
c 3 78 30 34 32
c 86 39 60 38 53
c 62 87 85 86 77
c 21 27 16 56 101
c 63 8 8 91 27
c 84 80 10 93 114
c 41 64 2 68 33
c 36 98 55 25 120
c 17 43 4 71 85
c 32 31 19 60 28
c 25 56 18 76 100
c 88 6 91 92 123
c 40 59 16 9 93
c 48 49 7 94 25
c 20 13 87 7 89
c 72 91 79 85 28
c 56 97 11 12 68
c 67 44 88 85 48
c 91 28 27 77 106
c 60 39 43 89 90
c 9 98 14 69 65
c 85 39 42 51 91
c 91 58 50 96 81
c 14 58 77 78 26
c 59 86 61 48 123
c 20 56 88 35 97
c 76 95 95 74 61
c 32 39 41 15 42
c 76 77 81 98 106
c 86 27 51 11 110
c 5 6 78 25 118
c 40 88 88 17 49
c 60 32 47 62 98
c 34 89 21 26 56
c 21 84 39 32 82
c 6 31 21 51 80
c 68 70 75 25 31
c 56 83 92 3 82
c 48 6 43 17 46
c 46 65 26 16 90
c 51 90 80 53 100
c 67 96 16 21 33
c 48 36 44 39 26
c 26 16 80 18 115
c 11 72 3 78 44
c 4 7 29 34 55
c 35 97 51 47 75
c 58 33 32 85 34
c 33 64 62 66 39
c 80 95 33 28 105
c 93 90 94 58 39
c 0 43 29 50 52
c 5 55 11 72 50
c 46 47 71 54 26
c 68 70 9 89 66
c 22 98 12 2 42
c 21 85 75 99 43
c 19 60 49 3 108
c 22 5 49 99 74
c 53 67 2 68 45
c 53 94 34 35 90
c 29 51 12 41 69
c 80 12 82 53 64
c 14 69 2 88 42
c 35 73 71 16 114
c 85 72 29 42 121
c 50 78 50 51 123
c 36 3 79 26 114
c 48 36 68 80 27
c 48 49 80 66 49
c 83 10 85 6 113
c 28 71 16 21 29
c 40 25 8 9 111
c 3 80 48 49 41
c 43 90 35 76 124
c 94 95 21 26 102
c 37 85 79 65 27
c 69 60 75 56 27
c 12 54 40 13 112
c 30 31 92 52 109
c 60 26 34 35 107
c 36 89 24 2 76
c 33 49 20 66 119
c 5 55 21 73 70
c 32 38 98 28 116
c 34 1 53 81 112
c 96 4 45 24 40
c 32 31 44 22 82
c 4 19 91 43 32
c 95 85 17 89 40
c 16 60 31 16 97
c 0 43 58 59 45
c 25 70 66 35 116
c 80 93 35 67 52
c 98 55 20 56 33
c 2 88 90 84 110
c 67 44 66 68 52
c 21 26 59 22 85
c 55 50 67 96 77
c 17 94 46 47 117
c 96 93 8 22 79
c 96 40 81 6 94
c 92 56 82 57 55
c 53 6 26 14 119
c 91 92 80 11 53
c 79 40 95 29 101
c 54 36 44 23 41
c 88 89 37 85 28
c 16 1 18 10 51
c 74 81 45 1 92
c 3 45 72 73 44
c 95 36 79 64 106
c 52 53 64 65 43
c 45 43 67 2 76
c 14 88 58 50 36
c 74 5 25 56 55
c 68 16 10 77 54
c 67 2 16 56 37
c 94 22 90 91 39
c 22 31 20 69 124
c 14 69 12 29 68
c 31 90 76 70 66
c 47 34 46 2 41
c 2 86 34 33 52
c 13 44 13 14 98
c 10 70 39 70 25
c 59 24 21 51 66
c 18 8 70 1 39
c 88 40 92 62 80
c 97 98 65 25 118
c 14 58 51 76 42
c 29 30 71 54 105
c 43 49 43 42 83
c 94 49 58 66 81
c 83 87 50 94 116
c 54 40 89 77 80
c 9 21 88 36 40
c 57 31 12 13 62
c 91 58 40 25 59
c 2 19 86 27 101
c 13 93 89 66 72
c 38 40 7 66 54
c 84 61 44 22 120
c 3 58 59 51 123
c 61 65 14 74 100
c 56 2 4 71 50
c 82 58 56 30 73
c 53 71 46 4 40
c 19 20 93 77 25
c 46 93 97 71 37
c 21 26 46 28 31
c 11 85 22 24 30
c 44 45 6 55 59
c 2 31 73 74 80
c 32 66 44 45 90
c 25 75 47 51 27
c 95 61 94 39 31
c 53 85 67 96 100
c 58 26 37 85 102
c 86 6 57 58 59
c 10 49 90 84 42
c 74 71 49 99 73
c 44 22 21 96 55
c 47 42 19 32 46
c 7 8 22 31 88
c 87 98 51 65 69
c 49 50 36 11 29
c 16 19 40 88 74
c 43 90 92 88 52
c 60 11 0 81 33
c 94 14 35 87 89
c 98 55 75 76 84
c 55 5 3 78 112
c 32 16 60 70 49
c 20 36 35 57 122
c 23 83 12 29 83
c 91 58 71 32 120
c 73 75 13 76 36
c 8 88 46 55 116
c 22 98 34 7 100
c 57 25 10 67 94
c 44 45 13 61 57
c 16 17 85 80 48
c 17 89 32 24 74
c 19 32 38 40 82
c 25 56 13 58 92
c 95 27 5 55 117
c 75 69 87 98 108
c 22 95 0 81 103
c 26 14 37 2 110
c 46 36 50 32 76
c 35 87 35 73 39
c 74 75 20 66 68
c 77 18 58 3 69
c 29 7 73 37 25
c 94 95 36 61 85
c 39 33 32 24 38
c 60 87 61 14 82
c 68 82 21 51 117
c 59 61 65 82 83
c 70 55 46 50 65
c 61 62 80 15 64
c 90 84 32 40 85
c 36 77 70 1 82
c 84 61 66 68 107
c 3 58 40 82 71
c 7 6 79 33 116
c 31 62 82 83 34
c 29 43 41 54 68
c 67 80 10 73 66
c 45 36 95 20 43
c 83 8 47 28 101
c 2 22 41 42 60
c 62 66 31 95 27
c 80 12 2 16 34
c 6 90 68 32 67
c 36 82 16 21 89
c 68 6 43 56 107
c 89 16 31 26 50
c 56 84 86 15 89
c 19 32 29 14 44
c 57 58 29 83 59
c 75 99 91 24 64
c 47 36 31 98 91
c 97 27 77 8 68
c 60 75 12 47 73
c 4 5 3 57 25
c 56 97 28 29 55
c 4 9 87 7 103
c 50 51 17 18 122
c 67 32 20 66 88
c 26 14 72 91 102
c 76 70 88 7 68
c 45 41 41 14 37
c 45 41 27 12 47
c 78 1 81 47 40
c 4 26 65 34 54
c 45 70 24 40 91
c 47 3 45 46 43
c 69 70 96 97 40
c 85 54 36 27 99
c 79 88 47 14 83
c 15 74 47 51 120
c 19 68 21 36 54
c 59 22 94 49 28
c 77 8 91 43 100
c 10 86 75 14 110
c 82 56 47 62 32
c 52 93 73 75 93
c 60 70 55 56 32
c 14 15 55 50 54
c 29 50 44 92 40
c 11 78 6 80 104
c 58 50 98 72 64
c 50 78 71 72 61
c 25 28 87 65 107
c 13 35 26 6 111
c 39 92 50 30 65
c 68 82 32 3 35
c 91 53 34 98 77
c 92 93 5 65 56
c 31 90 20 14 39
c 48 12 7 82 96
c 7 23 6 55 78
c 83 96 71 65 110
c 57 25 29 83 122
c 30 38 3 80 77
c 26 5 72 73 42
c 17 2 8 22 100
c 22 23 68 82 98
c 53 86 96 72 106
c 51 38 95 74 86
c 33 49 57 86 42
c 57 31 40 13 115
c 80 66 45 42 121
c 29 34 12 8 55
c 14 64 30 63 103
c 0 14 45 41 60
c 41 42 51 90 81
c 42 61 75 14 97
c 83 84 63 57 54
c 42 46 60 39 58
c 30 1 73 75 52
c 37 69 7 8 75
c 37 2 20 87 50
c 17 2 21 52 120
c 86 63 96 83 34
c 93 3 7 4 94
c 96 83 89 99 57
c 35 97 79 26 25
c 2 68 57 70 95
c 57 64 91 6 40
c 44 39 12 93 65
c 25 75 28 88 46
c 56 15 85 54 89
c 58 41 24 88 63
c 87 88 95 85 55
c 63 30 11 72 40
c 74 27 81 64 32
c 45 70 68 32 79
c 36 7 65 25 67
c 8 53 7 39 28
c 84 80 7 39 30
c 80 60 34 7 121
c 44 64 50 78 68
c 20 39 81 64 79
c 88 69 48 21 48
c 18 43 28 57 42
c 16 17 14 92 116
c 8 22 26 53 58
c 58 27 20 97 38
c 79 95 17 19 101
c 22 23 46 55 67
c 26 27 12 28 116
c 91 28 14 92 86
c 20 97 52 11 58
c 70 1 7 8 115
c 98 44 53 67 119
c 95 96 27 74 50
c 2 24 45 70 38
c 23 18 39 30 58
c 29 43 97 48 52
c 17 43 54 75 97
c 55 56 77 18 30
c 32 43 22 24 98
c 13 51 97 28 59
c 70 16 48 23 104
c 43 49 23 18 52
c 60 38 79 88 36
c 56 6 2 88 38
c 4 19 97 4 66
c 71 16 95 27 61
c 58 27 39 77 72
c 44 92 61 14 110
c 11 61 60 26 45
c 29 53 9 89 114
c 60 32 52 11 55
c 14 88 58 41 71
c 82 58 58 27 36
c 40 88 20 26 78
c 73 84 17 19 67
c 75 76 43 89 105
c 22 23 74 56 68
c 3 78 74 56 77
c 16 17 87 75 35
c 29 42 25 7 60
c 98 72 17 80 111
c 62 63 37 85 47
c 87 75 75 69 57
c 20 37 60 38 87
c 21 84 83 1 68
c 31 11 70 88 122
c 46 19 30 37 40
c 87 24 73 65 124
c 48 6 83 95 91
c 60 39 40 9 56
c 8 91 81 80 66
c 13 76 44 39 73
c 39 77 15 16 111
c 27 63 97 19 87
c 82 57 45 41 97
c 80 18 14 64 99
c 80 11 10 11 68
c 29 50 76 77 106
c 45 14 49 35 117
c 97 19 98 99 29
c 97 27 78 88 26
c 13 35 73 37 91
c 61 14 14 64 63
c 60 26 39 25 100
c 60 61 15 36 68
c 58 33 86 61 57
c 39 30 58 59 124
c 91 6 62 14 87
c 51 11 92 71 57
c 52 93 39 33 98
c 46 19 20 97 82
c 25 75 85 39 81
c 26 51 34 1 45
c 68 65 72 4 89
c 74 35 30 34 63
c 18 10 46 4 84
c 35 34 94 22 43
c 87 1 86 15 111
c 88 17 89 90 124
c 41 64 4 19 83
c 38 40 89 16 52
c 41 54 77 27 64
c 45 1 96 75 72
c 62 93 64 65 110
c 1 50 12 41 104
c 75 69 43 90 32
c 21 85 61 23 84
c 67 44 16 1 74
c 55 58 37 85 104
c 34 1 14 58 54
c 97 2 34 89 102
c 48 59 35 97 109
c 9 62 21 83 113
c 67 16 68 70 111
c 80 93 61 48 35
c 29 7 75 25 96
c 96 20 23 18 55
c 24 25 72 91 92
c 45 51 32 43 109
c 66 94 90 49 96
c 68 80 82 84 26
c 31 56 42 40 75
c 5 16 30 50 84
c 73 8 0 43 115
c 72 31 46 2 105
c 88 36 3 78 72
c 97 2 7 5 109
c 74 71 41 84 106
c 9 38 6 97 105
c 29 83 9 20 62
c 7 23 15 16 53
c 64 65 29 83 92
c 97 48 83 16 78
c 93 82 62 93 68
c 45 56 88 36 120
c 66 48 35 73 58
c 17 2 49 99 47
c 23 83 87 1 113
c 47 14 72 21 27
c 15 86 82 58 91
c 68 65 17 2 117
c 67 96 26 13 106
c 65 45 97 19 100
c 17 89 78 15 40
c 46 37 57 79 59
c 57 66 85 72 61
c 52 99 48 49 100
c 43 17 20 57 53
c 75 69 14 92 70
c 96 83 24 40 90
c 22 24 43 49 103
c 22 16 46 4 111
c 44 23 96 49 112
c 92 5 17 43 29
