notes: n=100, m=990, elb=1, eub=20, density=0.1, conf_density=0.001, clb=50, cub= 150, seed= 2235
p spec 100 990 489
s 0
t 99
a 0 1 16
a 0 54 13
a 0 10 3
a 0 35 15
a 0 66 16
a 0 52 19
a 0 78 6
a 0 42 18
a 0 58 18
a 0 67 12
a 0 88 10
a 0 87 5
a 0 46 5
a 1 2 7
a 1 37 3
a 1 73 15
a 1 50 14
a 1 34 17
a 1 32 16
a 2 3 11
a 2 87 5
a 2 10 10
a 2 99 8
a 2 57 7
a 2 15 1
a 2 19 13
a 2 1 19
a 2 54 5
a 3 4 6
a 3 65 6
a 3 43 13
a 3 35 4
a 3 14 14
a 3 17 19
a 3 15 12
a 3 62 1
a 3 42 11
a 3 47 18
a 3 84 8
a 3 91 14
a 4 5 5
a 4 47 11
a 4 56 7
a 4 21 17
a 4 76 12
a 4 68 5
a 5 6 6
a 5 32 14
a 5 63 2
a 5 70 2
a 5 54 1
a 5 60 17
a 5 10 4
a 5 78 16
a 6 7 8
a 6 28 16
a 6 99 4
a 6 11 15
a 6 60 6
a 6 26 14
a 6 79 16
a 6 97 3
a 6 47 10
a 6 25 3
a 6 71 16
a 6 48 5
a 7 8 15
a 7 5 13
a 7 49 10
a 7 15 7
a 7 2 3
a 7 43 3
a 7 20 3
a 7 58 2
a 7 70 1
a 7 86 5
a 7 14 17
a 7 64 6
a 7 22 10
a 7 73 8
a 8 9 16
a 8 67 18
a 8 78 10
a 8 13 19
a 8 57 16
a 8 6 2
a 8 28 1
a 8 32 16
a 8 5 15
a 8 16 12
a 8 19 2
a 8 89 15
a 9 10 14
a 9 85 12
a 9 49 15
a 9 21 10
a 9 23 11
a 9 87 12
a 9 20 4
a 9 47 2
a 9 60 7
a 9 31 5
a 9 70 13
a 9 41 10
a 10 11 13
a 10 83 5
a 10 67 15
a 10 86 16
a 10 80 15
a 10 90 1
a 10 89 7
a 10 17 4
a 10 9 9
a 10 31 17
a 10 50 1
a 11 12 12
a 11 80 7
a 11 20 9
a 11 3 18
a 11 66 1
a 11 21 14
a 11 70 12
a 11 6 11
a 11 2 13
a 11 43 15
a 12 13 3
a 12 31 9
a 12 70 7
a 12 64 18
a 12 21 9
a 12 6 11
a 12 98 9
a 12 74 16
a 12 20 2
a 12 33 5
a 13 14 15
a 13 98 2
a 13 70 14
a 13 16 8
a 13 91 13
a 13 95 10
a 13 2 16
a 13 19 17
a 13 73 2
a 13 5 2
a 13 9 6
a 13 65 8
a 14 15 6
a 14 89 5
a 14 41 17
a 14 10 16
a 14 16 10
a 14 31 1
a 14 44 9
a 14 56 11
a 14 35 8
a 14 58 10
a 15 16 6
a 15 73 6
a 15 2 12
a 15 59 15
a 15 62 9
a 15 29 5
a 15 32 2
a 15 99 17
a 15 83 16
a 15 54 11
a 15 14 15
a 15 5 3
a 15 3 9
a 15 39 4
a 15 97 14
a 15 89 14
a 15 70 2
a 15 75 17
a 15 50 15
a 15 66 8
a 15 56 2
a 16 17 3
a 16 45 5
a 16 43 8
a 16 12 2
a 16 27 19
a 16 37 4
a 16 58 9
a 16 11 16
a 17 18 14
a 17 21 18
a 17 39 6
a 17 14 10
a 17 10 7
a 17 4 16
a 17 60 7
a 17 12 17
a 18 19 11
a 18 39 15
a 18 36 17
a 18 21 2
a 18 20 18
a 18 40 1
a 18 76 9
a 18 82 14
a 18 24 19
a 18 23 8
a 19 20 11
a 19 39 1
a 19 8 6
a 19 37 15
a 19 80 8
a 19 59 7
a 19 53 5
a 19 2 2
a 19 36 3
a 19 12 16
a 19 85 10
a 19 69 3
a 19 55 5
a 19 95 2
a 19 30 13
a 19 62 11
a 20 21 8
a 20 9 5
a 20 92 2
a 20 98 15
a 20 46 2
a 20 16 2
a 20 51 7
a 20 52 1
a 20 67 13
a 20 79 14
a 20 7 8
a 21 22 14
a 21 78 12
a 21 8 3
a 21 44 7
a 21 70 16
a 21 88 19
a 21 41 12
a 21 53 5
a 21 93 8
a 21 14 12
a 21 75 4
a 21 7 11
a 21 17 16
a 22 23 5
a 22 95 16
a 22 26 7
a 22 66 18
a 22 46 6
a 22 71 17
a 22 78 4
a 22 94 7
a 23 24 5
a 23 65 2
a 23 47 18
a 23 90 15
a 23 33 14
a 23 28 13
a 23 46 10
a 23 34 6
a 23 7 3
a 23 49 2
a 23 55 13
a 23 3 10
a 23 19 12
a 23 12 12
a 24 25 11
a 24 38 10
a 24 46 7
a 24 97 19
a 24 1 6
a 24 49 7
a 24 18 5
a 24 59 8
a 24 89 5
a 24 67 2
a 25 26 6
a 25 57 8
a 25 21 15
a 25 92 12
a 25 81 14
a 25 5 1
a 25 34 14
a 25 23 11
a 26 27 19
a 26 23 1
a 26 73 15
a 26 10 4
a 26 38 8
a 26 99 15
a 26 7 11
a 26 37 15
a 26 65 11
a 26 63 1
a 26 57 16
a 27 28 4
a 27 9 14
a 27 81 16
a 27 68 9
a 27 14 3
a 27 76 4
a 27 89 3
a 27 48 3
a 27 87 1
a 27 55 3
a 27 40 8
a 27 46 5
a 27 2 3
a 27 91 9
a 28 29 4
a 28 51 7
a 28 96 10
a 28 97 9
a 28 18 10
a 28 35 8
a 29 30 13
a 29 83 11
a 29 41 18
a 29 80 9
a 29 72 19
a 30 31 18
a 30 74 10
a 30 14 9
a 30 9 7
a 30 62 6
a 30 68 14
a 30 63 6
a 30 23 3
a 30 95 11
a 31 32 19
a 31 65 7
a 31 37 1
a 31 79 18
a 31 36 9
a 31 62 10
a 31 25 5
a 31 16 14
a 31 35 8
a 31 43 19
a 31 90 15
a 31 11 9
a 31 93 9
a 31 24 18
a 31 94 6
a 31 45 9
a 31 40 15
a 32 33 4
a 32 2 11
a 32 45 16
a 32 36 7
a 32 44 9
a 32 78 3
a 32 27 16
a 32 9 12
a 32 56 19
a 32 15 12
a 32 63 10
a 32 41 1
a 32 46 4
a 32 29 19
a 33 34 10
a 33 65 1
a 33 84 18
a 33 96 7
a 33 99 3
a 33 81 12
a 33 82 3
a 33 89 4
a 33 95 12
a 34 35 4
a 34 5 8
a 34 40 6
a 34 58 7
a 34 67 7
a 34 17 3
a 34 51 1
a 35 36 18
a 35 59 7
a 35 12 18
a 35 70 1
a 35 65 7
a 35 20 3
a 36 37 2
a 36 25 13
a 36 9 4
a 36 53 4
a 36 31 9
a 36 12 6
a 36 34 6
a 36 38 8
a 36 35 6
a 36 4 3
a 36 39 4
a 37 38 16
a 37 74 8
a 37 83 8
a 37 62 3
a 37 69 12
a 37 57 13
a 37 42 4
a 37 82 12
a 37 28 1
a 37 97 10
a 37 49 13
a 38 39 11
a 38 42 8
a 38 13 11
a 38 67 4
a 38 45 16
a 38 30 16
a 38 52 13
a 38 55 2
a 38 8 15
a 39 40 15
a 39 52 1
a 39 94 17
a 39 71 17
a 39 28 8
a 39 65 18
a 39 1 14
a 39 8 9
a 39 68 16
a 39 51 11
a 39 90 14
a 39 36 7
a 39 44 8
a 39 54 1
a 40 41 18
a 40 94 17
a 40 11 10
a 40 44 6
a 40 62 19
a 40 6 13
a 40 13 9
a 40 49 10
a 40 88 14
a 40 25 14
a 41 42 14
a 41 2 5
a 41 70 1
a 41 43 1
a 41 52 12
a 41 34 7
a 41 99 13
a 41 48 12
a 41 59 9
a 42 43 18
a 42 77 2
a 42 99 14
a 42 90 6
a 42 74 5
a 42 25 15
a 42 70 4
a 43 44 2
a 43 38 4
a 43 5 10
a 43 19 15
a 43 17 11
a 43 7 12
a 43 85 10
a 43 42 14
a 44 45 6
a 44 81 1
a 44 87 18
a 44 11 18
a 44 88 16
a 44 35 17
a 44 34 18
a 44 75 2
a 44 22 3
a 44 71 18
a 44 13 9
a 45 46 6
a 45 97 9
a 45 68 5
a 45 43 18
a 45 12 9
a 45 76 13
a 45 24 12
a 45 74 2
a 45 96 16
a 45 80 14
a 45 42 15
a 45 88 9
a 45 2 15
a 45 37 8
a 46 47 10
a 46 15 15
a 46 42 14
a 46 67 8
a 46 3 7
a 46 92 10
a 47 48 8
a 47 55 11
a 47 74 16
a 47 3 10
a 47 16 14
a 47 33 18
a 47 90 1
a 47 75 9
a 48 49 13
a 48 67 5
a 48 38 13
a 49 50 19
a 49 82 8
a 49 61 9
a 49 34 7
a 49 53 8
a 49 45 9
a 49 39 16
a 49 47 17
a 49 25 3
a 49 84 14
a 49 79 19
a 50 51 15
a 50 20 3
a 50 36 18
a 50 29 4
a 50 85 13
a 50 65 18
a 50 73 11
a 50 39 5
a 50 52 3
a 50 23 16
a 50 18 3
a 50 77 16
a 50 61 2
a 51 52 18
a 51 39 18
a 51 62 19
a 51 9 16
a 51 4 8
a 51 31 19
a 51 38 1
a 51 72 1
a 52 53 1
a 52 6 12
a 52 70 13
a 52 66 11
a 52 15 15
a 52 92 18
a 52 51 2
a 52 82 16
a 52 61 17
a 52 94 7
a 52 21 8
a 52 13 9
a 52 74 4
a 52 19 1
a 52 17 7
a 53 54 12
a 53 19 19
a 53 9 12
a 53 50 2
a 53 79 16
a 53 43 18
a 53 61 12
a 53 59 10
a 53 38 16
a 53 98 9
a 53 86 2
a 54 55 16
a 54 45 4
a 54 83 13
a 54 35 3
a 54 22 14
a 54 64 16
a 54 17 18
a 54 63 19
a 54 16 15
a 54 44 14
a 55 56 12
a 55 40 14
a 55 39 2
a 55 15 9
a 55 76 6
a 55 42 6
a 55 23 10
a 55 2 11
a 55 13 2
a 56 57 17
a 56 66 19
a 56 79 8
a 56 97 9
a 56 4 11
a 56 61 2
a 56 77 2
a 56 87 13
a 56 22 17
a 57 58 12
a 57 74 12
a 57 12 19
a 57 41 8
a 57 88 19
a 57 24 3
a 57 22 8
a 57 86 19
a 57 10 17
a 57 2 11
a 57 89 8
a 58 59 16
a 58 4 6
a 58 91 3
a 58 68 13
a 58 8 5
a 58 42 5
a 58 74 11
a 59 60 2
a 59 96 18
a 59 16 6
a 59 68 2
a 59 57 14
a 59 17 3
a 59 4 5
a 59 58 10
a 60 61 12
a 60 64 7
a 60 33 5
a 60 63 2
a 60 48 18
a 60 15 3
a 60 9 1
a 60 37 13
a 60 28 13
a 60 89 2
a 61 62 18
a 61 41 7
a 61 99 3
a 61 48 11
a 61 7 14
a 61 83 8
a 61 92 8
a 61 54 5
a 61 28 18
a 62 63 14
a 62 51 5
a 62 43 18
a 62 82 11
a 62 17 18
a 62 91 19
a 62 54 18
a 62 52 16
a 62 89 1
a 62 16 1
a 63 64 16
a 63 43 5
a 63 75 3
a 63 23 1
a 63 95 3
a 63 26 4
a 63 31 2
a 63 17 7
a 64 65 15
a 64 62 2
a 64 94 4
a 64 57 1
a 64 19 19
a 64 18 10
a 64 30 11
a 64 10 17
a 64 71 11
a 64 60 6
a 64 47 12
a 64 7 6
a 65 66 11
a 65 52 15
a 65 85 2
a 65 17 18
a 65 19 19
a 65 62 13
a 65 86 13
a 65 34 3
a 65 57 5
a 65 7 10
a 66 67 15
a 66 84 13
a 66 34 13
a 66 47 5
a 66 45 12
a 66 10 16
a 66 16 6
a 66 19 5
a 66 30 6
a 66 88 9
a 67 68 5
a 67 20 8
a 67 29 16
a 67 10 3
a 67 73 18
a 67 22 7
a 67 94 13
a 68 69 2
a 68 81 7
a 68 96 15
a 68 16 5
a 68 31 19
a 68 86 16
a 68 55 3
a 68 64 15
a 68 71 15
a 68 33 11
a 68 94 3
a 68 36 3
a 68 41 3
a 69 70 12
a 69 72 7
a 69 44 17
a 69 92 1
a 69 22 11
a 69 88 10
a 69 83 14
a 69 2 2
a 70 71 12
a 70 69 15
a 70 65 12
a 70 39 6
a 70 95 12
a 70 8 17
a 70 54 18
a 70 11 10
a 70 3 3
a 70 72 5
a 71 72 6
a 71 80 17
a 71 94 10
a 71 32 8
a 71 13 13
a 71 19 4
a 71 15 10
a 71 98 14
a 71 67 1
a 71 66 19
a 71 63 15
a 71 34 10
a 71 21 5
a 71 70 6
a 72 73 10
a 72 10 1
a 72 15 10
a 72 19 11
a 72 42 5
a 72 8 4
a 72 65 6
a 73 74 9
a 73 70 18
a 73 29 19
a 73 20 6
a 73 17 5
a 73 62 3
a 73 52 2
a 73 44 2
a 73 36 3
a 73 67 1
a 74 75 14
a 74 10 4
a 74 29 6
a 74 5 12
a 74 35 17
a 74 38 9
a 74 28 4
a 74 70 12
a 74 37 17
a 74 97 13
a 74 51 7
a 74 81 7
a 75 76 14
a 75 65 15
a 75 64 11
a 75 82 18
a 75 55 11
a 75 45 2
a 76 77 17
a 76 75 5
a 76 35 12
a 76 88 3
a 76 63 2
a 76 31 19
a 77 78 8
a 77 28 5
a 77 51 16
a 77 65 18
a 77 39 4
a 77 11 9
a 77 70 19
a 77 97 7
a 77 91 6
a 77 32 6
a 77 40 8
a 78 79 4
a 78 17 18
a 78 48 1
a 78 86 17
a 78 32 17
a 78 50 19
a 78 46 5
a 79 80 3
a 79 46 9
a 79 26 11
a 79 44 15
a 79 56 19
a 79 8 11
a 79 83 17
a 80 81 1
a 80 40 16
a 80 97 19
a 80 14 2
a 80 70 8
a 80 22 15
a 80 54 6
a 80 88 14
a 81 82 1
a 81 57 17
a 81 7 13
a 81 91 8
a 81 75 16
a 81 23 10
a 81 42 12
a 81 13 10
a 81 94 9
a 81 62 13
a 81 36 3
a 81 32 13
a 81 25 1
a 82 83 2
a 82 77 19
a 82 65 12
a 82 90 5
a 82 49 5
a 82 70 5
a 82 45 1
a 82 72 13
a 82 51 15
a 83 84 7
a 83 49 3
a 83 25 8
a 83 82 2
a 83 20 11
a 83 12 16
a 83 63 14
a 83 1 13
a 83 62 1
a 83 72 10
a 83 4 19
a 84 85 10
a 84 30 14
a 84 53 3
a 84 60 7
a 84 76 12
a 84 49 8
a 84 44 6
a 84 90 4
a 85 86 14
a 85 28 17
a 85 77 7
a 85 17 10
a 85 62 10
a 85 88 1
a 85 58 2
a 85 51 6
a 85 98 5
a 85 2 11
a 86 87 14
a 86 80 10
a 86 66 17
a 86 19 19
a 86 92 14
a 86 62 2
a 86 54 4
a 86 36 13
a 87 88 3
a 87 77 10
a 87 64 2
a 87 76 12
a 87 89 8
a 87 98 3
a 87 92 10
a 88 89 5
a 88 52 19
a 88 85 5
a 88 6 19
a 88 16 7
a 88 75 15
a 88 1 13
a 88 9 6
a 88 86 18
a 89 90 16
a 89 71 2
a 89 72 8
a 89 65 1
a 89 21 13
a 89 55 8
a 89 41 8
a 89 98 1
a 89 56 14
a 89 49 13
a 89 92 17
a 89 97 7
a 89 16 7
a 90 91 3
a 90 7 2
a 90 79 1
a 90 44 16
a 90 72 3
a 90 66 7
a 90 70 13
a 90 87 14
a 90 37 19
a 90 11 14
a 91 92 16
a 91 28 4
a 91 78 1
a 91 19 4
a 91 98 6
a 91 7 4
a 91 2 12
a 91 52 12
a 91 88 9
a 91 18 8
a 92 93 12
a 92 71 9
a 92 61 13
a 92 12 2
a 92 62 7
a 92 3 15
a 92 69 11
a 92 24 19
a 92 33 11
a 93 94 4
a 93 97 13
a 93 90 19
a 93 3 8
a 93 6 17
a 93 53 5
a 93 65 13
a 93 83 18
a 93 78 19
a 93 98 11
a 93 86 15
a 93 80 13
a 93 95 1
a 94 95 13
a 94 53 19
a 94 60 15
a 94 82 17
a 94 6 9
a 94 33 13
a 94 49 18
a 95 96 1
a 95 69 14
a 95 84 10
a 95 21 3
a 95 4 12
a 95 50 18
a 95 13 6
a 95 59 5
a 95 48 18
a 95 64 16
a 95 23 18
a 95 70 4
a 95 62 11
a 95 39 15
a 96 97 10
a 96 85 5
a 96 2 3
a 96 58 12
a 96 65 16
a 96 14 5
a 96 33 19
a 96 64 12
a 96 93 17
a 96 92 4
a 96 84 19
a 96 49 10
a 97 98 12
a 97 53 5
a 97 65 18
a 97 96 2
a 97 83 2
a 97 15 1
a 97 54 8
a 97 66 2
a 97 40 13
a 97 50 5
a 98 99 8
a 98 1 10
a 98 13 14
a 98 23 13
a 98 93 1
a 98 64 6
a 98 6 9
c 23 12 28 18 106
c 71 70 14 31 62
c 88 89 18 21 149
c 23 55 9 47 124
c 12 74 6 28 114
c 30 14 63 31 106
c 90 72 16 17 96
c 3 84 26 65 64
c 79 26 64 47 140
c 16 58 27 40 67
c 53 79 51 62 77
c 19 69 37 69 71
c 50 73 21 17 75
c 89 16 22 23 117
c 74 35 37 28 73
c 25 57 30 68 116
c 10 80 33 65 79
c 54 17 58 8 104
c 50 85 42 99 138
c 39 44 91 19 149
c 11 43 50 51 123
c 78 32 44 88 63
c 23 28 91 98 111
c 88 16 10 90 75
c 41 48 19 53 61
c 73 17 95 96 125
c 46 67 91 52 127
c 20 9 75 55 62
c 61 54 36 37 139
c 32 36 97 83 61
c 62 51 93 90 73
c 49 61 63 95 64
c 53 43 52 70 68
c 5 54 63 95 87
c 61 62 71 63 82
c 43 42 70 39 67
c 20 92 89 71 145
c 83 4 14 44 131
c 92 33 57 12 60
c 85 2 24 59 134
c 49 79 4 56 60
c 95 21 39 90 91
c 23 55 0 42 57
c 70 71 49 25 122
c 38 52 94 60 149
c 92 71 57 86 95
c 96 92 91 98 54
c 54 83 52 17 78
c 2 15 24 38 120
c 38 30 32 2 88
c 21 44 90 11 139
c 89 98 68 33 98
c 69 83 39 90 94
c 31 79 81 32 52
c 67 20 50 61 146
c 78 50 13 5 53
c 3 65 42 70 144
c 39 54 23 28 116
c 73 62 77 78 83
c 67 20 24 97 99
c 70 95 53 9 84
c 72 15 46 3 117
c 8 78 0 58 74
c 49 79 85 51 132
c 27 14 45 42 135
c 67 29 81 62 121
c 56 79 3 4 147
c 32 27 18 36 76
c 93 95 95 62 143
c 42 43 33 96 129
c 74 28 51 62 84
c 43 38 25 5 133
c 14 10 45 97 67
c 19 12 85 17 83
c 55 15 49 39 97
c 5 70 91 88 72
c 36 35 95 48 98
c 1 50 62 89 60
c 44 22 31 40 63
c 27 81 32 33 67
c 87 76 13 73 101
c 6 26 74 29 97
c 34 5 39 54 83
c 95 64 91 92 54
c 13 98 15 56 99
c 64 57 3 14 52
c 56 4 44 34 110
c 44 71 28 35 70
c 32 2 16 58 77
c 39 8 12 74 132
c 26 38 61 92 144
c 68 55 50 36 93
c 91 18 35 12 138
c 41 59 83 4 143
c 93 83 56 87 127
c 50 65 89 92 99
c 58 68 51 31 65
c 80 40 59 4 140
c 45 74 91 92 116
c 97 65 60 64 125
c 18 19 98 13 99
c 37 69 27 76 123
c 1 37 31 40 113
c 59 4 32 44 147
c 96 14 88 75 73
c 28 35 15 50 113
c 31 36 45 80 76
c 55 39 37 74 100
c 26 37 83 63 117
c 60 48 0 87 90
c 14 56 15 59 92
c 96 93 47 48 57
c 58 8 89 98 134
c 68 69 42 99 115
c 33 84 84 90 120
c 10 86 89 98 144
c 12 13 39 40 123
c 86 80 31 94 128
c 41 59 45 74 121
c 47 3 21 8 79
c 69 70 79 83 117
c 19 20 39 8 89
c 56 66 67 73 147
c 88 85 49 34 133
c 84 76 35 12 126
c 63 31 23 55 62
c 19 37 45 88 125
c 75 82 15 39 83
c 52 82 13 98 50
c 68 94 64 10 110
c 71 34 43 17 76
c 79 26 73 52 140
c 69 22 17 18 72
c 74 29 87 89 120
c 86 80 81 36 67
c 36 4 17 39 110
c 92 12 71 15 79
c 59 4 16 27 101
c 10 50 15 5 86
c 78 17 81 25 138
c 44 81 96 84 80
c 21 88 46 47 78
c 13 14 20 67 117
c 10 86 52 66 130
c 66 84 23 49 53
c 84 60 81 91 124
c 80 97 70 11 112
c 9 60 70 3 92
c 84 90 71 21 147
c 88 1 47 90 95
c 66 67 11 2 139
c 39 65 52 53 53
c 54 35 51 39 124
c 43 7 96 33 110
c 30 9 27 14 62
c 57 86 21 78 72
c 77 91 95 84 53
c 39 65 81 94 123
c 91 7 30 23 59
c 61 48 31 45 95
c 58 74 19 95 128
c 44 13 41 52 97
c 37 83 36 34 137
c 24 38 27 48 65
c 26 27 82 72 111
c 82 77 19 80 72
c 0 42 76 77 93
c 20 92 90 7 68
c 66 84 37 28 123
c 87 64 11 2 136
c 49 34 52 66 63
c 70 65 83 62 142
c 9 85 45 2 107
c 8 78 10 17 138
c 29 80 86 62 78
c 71 67 51 39 129
c 46 67 42 70 105
c 17 60 77 91 57
c 62 89 57 24 64
c 24 46 15 3 113
c 58 68 76 63 71
c 42 90 77 28 136
c 53 54 10 50 130
c 14 41 79 46 140
c 80 70 66 19 124
c 90 37 54 22 79
c 13 73 97 54 105
c 19 95 39 52 127
c 98 1 39 51 116
c 98 99 71 34 108
c 91 19 23 19 83
c 13 14 6 7 71
c 96 65 0 42 128
c 0 10 34 40 141
c 45 68 57 22 125
c 55 15 10 83 71
c 94 60 39 52 127
c 31 45 79 80 66
c 20 21 43 19 126
c 66 30 21 75 84
c 21 93 59 58 137
c 17 18 19 59 74
c 45 2 19 95 86
c 37 42 19 8 91
c 10 90 18 24 50
c 49 84 6 28 97
c 38 45 78 86 95
c 39 68 19 36 132
c 86 36 36 38 94
c 74 70 7 5 58
c 20 92 89 92 142
c 91 7 31 37 100
c 42 99 23 65 131
c 65 17 90 11 113
c 24 89 64 18 74
c 28 29 24 18 114
c 12 13 57 74 145
c 78 50 70 39 119
c 83 20 52 19 50
c 78 50 86 80 144
c 53 38 49 50 70
c 26 7 95 69 100
c 88 1 43 5 74
c 92 93 21 53 115
c 85 98 53 38 56
c 22 94 44 75 73
c 96 2 64 10 99
c 96 97 87 88 88
c 51 4 32 44 96
c 50 52 19 69 54
c 11 12 23 12 104
c 10 67 72 73 117
c 57 12 13 14 70
c 29 80 71 80 113
c 7 73 6 26 110
c 13 19 71 15 54
c 61 41 21 41 108
c 45 74 23 34 76
c 57 88 11 20 50
c 44 45 27 91 66
c 39 40 37 74 71
c 92 69 4 76 148
c 88 85 71 98 73
c 14 15 17 14 94
c 39 36 58 91 73
c 79 26 78 50 110
c 10 90 64 30 102
c 77 78 59 58 110
c 7 20 17 18 80
c 80 70 98 6 66
c 60 28 83 12 105
c 11 6 32 45 56
c 45 43 70 11 61
c 14 89 41 48 94
c 14 44 71 98 74
c 52 53 95 50 95
c 47 55 77 40 130
c 7 86 53 54 79
c 26 57 81 42 138
c 91 19 36 4 79
c 15 5 94 82 123
c 76 35 0 46 78
c 2 57 65 62 97
c 93 97 5 32 67
c 63 17 45 80 103
c 19 37 51 4 145
c 47 48 97 50 107
c 23 19 75 64 117
c 65 19 96 49 124
c 9 20 61 28 63
c 37 97 4 21 69
c 75 55 7 8 112
c 44 75 26 38 148
c 90 37 82 83 132
c 11 66 90 11 52
c 14 31 88 16 94
c 28 96 7 86 136
c 92 12 39 90 140
c 34 58 57 10 55
c 6 25 81 82 112
c 92 93 3 62 120
c 43 7 55 39 53
c 77 70 13 16 130
c 73 52 5 60 84
c 78 48 11 21 65
c 34 5 65 17 143
c 6 79 20 52 90
c 24 25 16 11 97
c 0 67 45 43 68
c 77 97 22 26 81
c 82 90 0 58 57
c 64 30 41 34 53
c 55 39 27 40 75
c 0 42 8 28 101
c 11 2 14 16 66
c 85 17 28 18 136
c 70 69 28 51 79
c 4 76 90 70 90
c 40 13 72 15 55
c 56 77 98 6 106
c 8 9 21 8 91
c 42 74 92 62 105
c 89 16 36 35 101
c 16 17 29 80 65
c 97 66 77 97 51
c 7 43 69 70 103
c 40 49 38 45 133
c 89 16 53 59 58
c 58 68 42 43 50
c 2 87 80 14 86
c 3 35 86 66 105
c 51 39 69 92 70
c 75 64 56 77 51
c 13 2 68 71 142
c 5 70 58 68 102
c 65 19 19 55 102
c 50 65 24 46 122
c 31 24 81 42 122
c 24 89 90 70 107
c 94 82 60 48 50
c 97 96 54 83 81
c 31 11 74 37 124
c 31 35 23 49 133
c 55 76 95 50 54
c 13 5 93 83 54
c 79 26 10 80 112
c 37 69 0 87 56
c 86 54 97 66 127
c 10 90 83 84 84
c 45 96 32 29 131
c 43 44 64 62 73
c 95 96 21 14 71
c 56 66 88 89 82
c 84 85 78 50 113
c 56 66 85 62 112
c 46 42 55 42 50
c 31 32 16 45 103
c 0 66 50 65 141
c 6 60 64 65 144
c 30 74 74 38 83
c 2 1 87 64 96
c 18 21 3 15 96
c 79 26 71 19 62
c 27 76 33 99 144
c 3 47 51 39 143
c 70 11 10 11 112
c 56 79 38 13 122
c 3 42 96 58 130
c 77 39 57 86 124
c 6 60 44 13 92
c 56 66 61 48 96
c 22 26 26 23 137
c 28 18 23 24 85
c 9 23 55 40 108
c 50 36 97 65 95
c 21 70 68 96 71
c 8 57 97 66 68
c 91 52 19 39 143
c 13 91 86 54 62
c 12 64 21 88 124
c 20 92 68 55 144
c 58 59 28 97 61
c 68 41 35 20 138
c 77 51 73 17 67
c 13 2 89 16 68
c 34 58 70 54 87
c 73 52 93 3 63
c 46 15 53 54 106
c 58 91 2 19 142
c 85 62 14 10 103
c 41 48 77 39 86
c 4 56 68 55 71
c 64 71 71 98 130
c 18 39 53 19 148
c 68 55 19 12 65
c 39 44 97 54 55
c 30 62 55 13 143
c 9 10 0 58 141
c 69 88 38 42 99
c 42 25 93 90 91
c 57 88 23 3 102
c 87 98 88 1 106
c 15 29 89 92 121
c 28 51 71 66 53
c 62 52 35 12 135
c 84 44 54 17 56
c 71 32 3 62 126
c 78 46 77 91 61
c 41 70 70 95 119
c 39 65 13 98 115
c 22 23 35 70 76
c 0 10 70 69 99
c 79 56 11 66 77
c 86 54 7 49 128
c 91 19 6 99 103
c 54 16 38 55 72
c 63 31 1 50 79
c 69 83 91 28 88
c 84 85 93 94 145
c 23 24 81 32 100
c 17 14 21 44 90
c 10 80 24 59 129
c 90 87 54 55 147
c 10 9 97 98 80
c 24 46 85 98 113
c 9 60 40 25 51
c 7 2 87 77 90
c 65 7 85 77 64
c 6 97 88 16 69
c 52 70 9 10 147
c 65 57 63 75 147
c 88 89 11 6 97
c 54 17 28 18 143
c 49 47 70 3 144
c 90 70 81 82 93
c 15 32 65 19 125
c 53 61 83 49 131
c 10 80 42 77 133
c 90 66 51 38 71
c 68 16 17 18 122
c 41 34 93 83 137
c 44 81 31 62 137
c 53 19 79 56 121
c 24 25 57 88 80
c 54 35 21 41 57
c 91 88 27 89 96
c 37 82 52 61 74
c 80 81 26 7 90
c 71 63 70 3 89
c 29 83 28 51 80
c 52 6 10 9 124
c 34 51 44 35 56
c 23 49 39 94 57
c 96 58 15 29 95
c 27 46 71 63 51
c 71 72 31 16 55
c 77 11 76 31 69
c 96 97 15 54 79
c 53 86 13 19 135
c 43 44 53 98 104
c 52 66 14 15 149
c 52 53 78 17 127
c 68 96 41 43 92
c 32 36 90 72 131
c 65 62 93 3 134
c 84 90 90 7 100
c 65 85 95 84 137
c 56 77 80 97 130
c 31 90 3 14 85
c 89 21 61 54 56
c 22 95 39 51 92
c 71 21 19 53 147
c 28 35 71 34 74
c 19 20 63 95 60
c 33 99 31 37 128
c 88 52 24 59 145
c 6 47 45 42 96
c 2 10 22 94 55
c 79 56 49 84 107
c 20 79 57 58 79
c 42 25 17 60 118
c 66 19 84 60 89
c 97 54 89 92 104
c 21 78 24 97 79
c 74 28 82 83 124
c 21 93 14 31 135
c 13 2 83 62 104
c 20 92 56 61 140
c 12 31 86 19 53
c 88 9 11 43 136
c 1 73 82 65 144
c 50 85 31 25 80
c 13 9 18 24 91
c 94 49 60 89 59
c 79 46 96 85 102
c 85 17 22 95 73
c 81 82 23 19 98
c 32 41 14 58 102
c 76 35 97 54 104
c 66 19 18 24 122
c 11 21 65 7 93
c 25 23 97 66 102
c 25 81 34 58 93
c 32 27 32 29 145
c 32 44 38 67 94
c 77 78 6 48 88
c 15 39 7 15 56
c 36 38 14 15 133
c 44 88 72 10 107
