notes: n=100, m=990, elb=1, eub=20, density=0.1, conf_density=0.003, clb=50, cub= 150, seed= 4143
p spec 100 990 1468
s 0
t 99
a 0 1 16
a 0 86 3
a 0 51 7
a 0 99 11
a 0 74 19
a 0 13 1
a 0 63 16
a 0 93 10
a 0 87 10
a 0 80 5
a 0 65 5
a 0 26 7
a 0 4 3
a 1 2 17
a 1 67 5
a 1 83 4
a 1 88 7
a 1 59 18
a 1 28 17
a 1 30 19
a 1 10 11
a 1 13 11
a 1 9 19
a 2 3 12
a 2 49 18
a 2 55 10
a 2 82 16
a 2 29 15
a 2 6 2
a 2 4 8
a 2 39 16
a 3 4 16
a 3 84 19
a 3 96 4
a 3 51 1
a 3 26 8
a 3 53 9
a 3 2 19
a 3 45 12
a 3 38 10
a 3 25 3
a 4 5 1
a 4 31 2
a 4 41 10
a 4 35 13
a 4 52 10
a 4 27 11
a 4 22 5
a 4 95 18
a 4 61 16
a 5 6 12
a 5 19 7
a 5 56 14
a 5 73 17
a 5 15 5
a 5 51 17
a 5 11 16
a 5 50 12
a 6 7 14
a 6 57 8
a 6 72 17
a 6 56 3
a 6 79 6
a 6 44 16
a 6 94 4
a 6 22 13
a 7 8 18
a 7 92 13
a 7 86 5
a 7 77 14
a 7 2 9
a 7 37 7
a 7 96 2
a 7 79 6
a 7 72 12
a 7 71 9
a 7 94 5
a 7 85 17
a 7 60 1
a 7 97 9
a 7 80 6
a 7 11 13
a 7 21 19
a 8 9 18
a 8 56 1
a 8 12 17
a 8 60 10
a 8 37 9
a 8 15 4
a 8 76 15
a 8 98 17
a 9 10 11
a 9 57 4
a 9 68 7
a 9 65 7
a 9 85 6
a 9 1 2
a 9 96 15
a 9 90 8
a 9 2 16
a 9 67 12
a 9 21 14
a 9 58 4
a 9 37 2
a 10 11 7
a 10 6 11
a 10 66 4
a 10 48 4
a 10 20 10
a 10 4 12
a 10 35 4
a 10 8 14
a 10 53 7
a 10 72 5
a 10 95 3
a 10 2 10
a 10 87 11
a 10 15 10
a 11 12 17
a 11 68 8
a 11 84 10
a 11 46 11
a 11 95 7
a 11 99 9
a 11 58 18
a 11 63 12
a 11 40 14
a 11 54 6
a 11 70 10
a 11 57 12
a 11 93 19
a 12 13 18
a 12 70 14
a 12 31 6
a 12 82 3
a 12 38 12
a 12 41 18
a 12 19 19
a 12 30 13
a 13 14 6
a 13 72 4
a 13 22 12
a 13 89 3
a 13 15 9
a 13 59 14
a 13 82 15
a 13 87 7
a 13 62 10
a 13 27 18
a 13 33 9
a 13 64 4
a 13 91 8
a 13 98 3
a 13 19 17
a 13 52 3
a 14 15 9
a 14 8 2
a 14 96 17
a 14 21 19
a 14 32 3
a 14 76 4
a 14 4 7
a 15 16 3
a 15 83 18
a 15 29 8
a 15 99 9
a 15 32 11
a 15 4 9
a 15 3 17
a 15 79 11
a 16 17 2
a 16 64 17
a 16 10 7
a 16 7 14
a 16 3 3
a 16 41 12
a 16 27 8
a 16 34 10
a 16 96 19
a 16 54 7
a 17 18 11
a 17 71 3
a 17 58 2
a 17 40 14
a 17 92 13
a 17 51 2
a 17 46 17
a 17 86 9
a 17 27 11
a 17 1 8
a 17 48 5
a 18 19 15
a 18 63 2
a 18 43 18
a 18 42 7
a 18 53 14
a 18 20 7
a 18 26 1
a 18 6 10
a 18 39 12
a 18 55 1
a 18 91 14
a 18 80 3
a 18 81 2
a 18 17 19
a 19 20 13
a 19 36 15
a 19 73 6
a 19 84 18
a 19 1 14
a 19 99 15
a 20 21 13
a 20 45 17
a 20 89 18
a 20 4 8
a 20 58 1
a 20 29 11
a 20 39 16
a 20 33 19
a 20 95 9
a 21 22 3
a 21 29 2
a 21 64 2
a 21 69 7
a 22 23 4
a 22 12 3
a 22 48 16
a 22 20 4
a 22 55 5
a 23 24 1
a 23 1 4
a 23 16 10
a 23 12 4
a 23 58 14
a 23 95 12
a 23 75 5
a 23 30 1
a 23 73 14
a 23 52 9
a 24 25 7
a 24 8 6
a 24 56 9
a 24 38 17
a 24 59 4
a 24 52 6
a 24 18 13
a 24 20 12
a 24 54 12
a 24 42 2
a 24 29 8
a 25 26 16
a 25 14 17
a 25 76 14
a 25 20 18
a 25 96 15
a 25 52 10
a 25 66 4
a 25 84 12
a 26 27 8
a 26 39 19
a 26 37 14
a 26 6 14
a 26 46 17
a 26 54 11
a 26 84 2
a 26 16 6
a 26 28 18
a 27 28 15
a 27 70 11
a 27 91 1
a 27 69 17
a 27 31 15
a 27 22 10
a 27 84 18
a 27 16 1
a 27 81 12
a 27 89 14
a 28 29 8
a 28 12 16
a 28 1 11
a 28 78 17
a 28 23 8
a 28 20 14
a 28 17 4
a 28 88 6
a 28 26 6
a 28 51 6
a 29 30 11
a 29 92 16
a 29 24 13
a 29 39 16
a 29 27 11
a 29 50 19
a 29 46 1
a 30 31 19
a 30 28 9
a 30 69 16
a 30 16 19
a 30 36 7
a 30 92 14
a 30 22 1
a 30 66 12
a 30 73 1
a 30 90 14
a 31 32 12
a 31 94 18
a 31 25 17
a 31 11 1
a 31 55 15
a 31 44 4
a 31 9 11
a 31 63 1
a 31 26 10
a 31 70 10
a 31 16 7
a 31 79 18
a 32 33 14
a 32 62 2
a 32 45 19
a 32 37 7
a 32 72 14
a 32 41 9
a 32 95 16
a 32 67 3
a 33 34 12
a 33 42 1
a 33 90 10
a 33 19 17
a 33 6 19
a 33 10 4
a 33 81 16
a 33 22 15
a 33 82 1
a 33 78 11
a 33 12 7
a 34 35 11
a 34 50 1
a 34 76 7
a 34 29 4
a 34 47 2
a 34 67 6
a 34 23 1
a 34 37 17
a 34 5 5
a 34 61 16
a 34 3 4
a 34 68 1
a 34 98 15
a 34 79 13
a 35 36 11
a 35 41 2
a 35 10 2
a 35 60 19
a 35 77 14
a 35 19 5
a 35 17 10
a 35 8 19
a 35 68 1
a 35 7 11
a 35 84 3
a 35 48 4
a 35 2 6
a 35 83 15
a 36 37 6
a 36 23 17
a 36 55 15
a 36 8 16
a 36 46 12
a 36 38 19
a 36 4 8
a 36 41 15
a 36 48 6
a 36 43 19
a 36 44 4
a 36 75 17
a 36 47 14
a 36 1 15
a 36 29 19
a 36 5 14
a 36 30 16
a 37 38 19
a 37 53 18
a 37 48 7
a 37 75 17
a 37 59 4
a 37 58 19
a 37 7 18
a 37 93 16
a 37 54 1
a 37 99 11
a 38 39 10
a 38 80 1
a 38 12 12
a 38 33 8
a 38 14 14
a 38 82 5
a 38 21 17
a 38 92 11
a 38 13 6
a 38 36 13
a 38 62 13
a 38 41 2
a 39 40 17
a 39 35 8
a 39 97 3
a 39 31 7
a 39 9 1
a 39 60 16
a 39 54 16
a 39 27 5
a 39 22 16
a 39 34 10
a 39 86 18
a 39 56 17
a 39 70 1
a 39 7 5
a 39 85 12
a 39 68 3
a 40 41 15
a 40 81 8
a 40 36 2
a 40 71 5
a 40 32 14
a 40 87 13
a 40 43 10
a 40 17 13
a 40 22 17
a 40 20 7
a 40 11 14
a 40 62 10
a 40 45 11
a 41 42 6
a 41 44 3
a 41 25 1
a 41 7 18
a 41 16 14
a 41 80 7
a 41 68 17
a 41 8 11
a 41 15 12
a 41 45 14
a 41 4 18
a 42 43 12
a 42 41 18
a 42 71 4
a 42 92 6
a 42 98 18
a 42 88 12
a 42 8 12
a 42 38 12
a 43 44 9
a 43 72 5
a 43 96 8
a 43 94 13
a 43 35 10
a 43 30 9
a 43 18 15
a 43 21 1
a 43 99 6
a 44 45 3
a 44 5 14
a 44 10 15
a 44 55 15
a 44 51 5
a 45 46 16
a 45 9 6
a 45 4 17
a 45 37 18
a 45 67 18
a 45 12 7
a 45 59 8
a 45 55 16
a 45 23 12
a 46 47 8
a 46 84 9
a 46 11 7
a 46 93 8
a 46 22 13
a 46 71 10
a 46 24 9
a 46 89 17
a 46 14 5
a 46 13 14
a 46 21 18
a 46 55 3
a 46 31 14
a 47 48 6
a 47 20 17
a 47 44 6
a 47 17 5
a 47 61 6
a 47 63 15
a 47 3 11
a 47 52 4
a 47 97 2
a 47 26 14
a 47 93 13
a 47 86 5
a 47 79 9
a 48 49 1
a 48 41 1
a 48 34 16
a 48 10 11
a 48 17 12
a 48 30 1
a 48 28 16
a 48 16 4
a 48 52 19
a 48 94 11
a 48 15 4
a 48 45 18
a 48 1 19
a 49 50 11
a 49 77 11
a 49 68 13
a 49 23 11
a 49 53 4
a 49 96 3
a 50 51 8
a 50 91 8
a 50 73 16
a 50 99 8
a 50 39 11
a 50 28 2
a 50 70 5
a 51 52 10
a 51 28 13
a 51 80 15
a 51 39 16
a 51 44 15
a 51 65 18
a 51 68 12
a 51 42 4
a 52 53 19
a 52 64 10
a 52 61 14
a 52 5 6
a 52 98 9
a 52 22 1
a 52 47 9
a 52 48 5
a 52 50 13
a 53 54 7
a 53 75 11
a 53 25 16
a 53 56 14
a 53 61 15
a 53 78 12
a 53 70 15
a 53 34 12
a 54 55 15
a 54 69 8
a 54 89 7
a 54 97 10
a 54 25 9
a 54 22 15
a 54 47 2
a 54 4 10
a 54 79 8
a 54 43 2
a 54 67 16
a 55 56 3
a 55 34 14
a 55 64 2
a 55 72 8
a 55 46 3
a 56 57 19
a 56 34 11
a 56 84 2
a 56 72 14
a 56 59 3
a 56 42 16
a 56 17 10
a 56 4 6
a 57 58 13
a 57 11 12
a 57 95 2
a 57 49 7
a 58 59 3
a 58 6 2
a 58 92 13
a 58 12 1
a 58 40 10
a 58 63 8
a 58 61 1
a 58 33 11
a 58 75 13
a 58 95 17
a 59 60 18
a 59 87 14
a 59 90 17
a 59 52 12
a 59 81 15
a 59 91 17
a 59 25 10
a 60 61 6
a 60 3 5
a 60 77 16
a 60 89 10
a 60 73 6
a 60 16 7
a 60 54 3
a 60 4 12
a 60 10 8
a 60 9 18
a 60 40 6
a 61 62 16
a 61 85 4
a 61 30 10
a 61 34 5
a 61 5 13
a 61 72 8
a 61 18 2
a 61 21 10
a 61 59 6
a 61 96 4
a 61 33 16
a 62 63 9
a 62 46 18
a 62 37 2
a 62 48 10
a 62 34 11
a 62 43 8
a 62 39 8
a 62 47 15
a 63 64 2
a 63 15 4
a 63 71 15
a 63 16 3
a 63 92 5
a 63 77 17
a 63 78 1
a 63 13 19
a 63 88 19
a 63 73 12
a 63 94 3
a 63 85 19
a 63 14 12
a 64 65 5
a 64 25 10
a 64 16 1
a 64 58 7
a 64 7 11
a 64 87 12
a 64 26 7
a 64 39 1
a 64 88 15
a 64 36 16
a 64 67 3
a 64 62 8
a 64 28 11
a 64 50 15
a 64 46 15
a 64 14 18
a 64 3 13
a 64 9 17
a 64 34 9
a 64 89 10
a 65 66 9
a 65 98 16
a 65 95 18
a 65 59 9
a 65 2 16
a 65 64 14
a 65 69 2
a 65 19 3
a 66 67 17
a 66 87 8
a 66 57 12
a 66 95 9
a 66 17 17
a 66 96 17
a 66 2 11
a 67 68 8
a 67 69 4
a 67 85 11
a 67 3 12
a 67 81 6
a 67 82 2
a 67 65 9
a 68 69 6
a 68 61 8
a 68 80 8
a 68 93 14
a 68 20 17
a 68 25 5
a 68 83 1
a 68 12 11
a 68 58 7
a 68 28 6
a 68 35 8
a 68 87 1
a 68 74 13
a 68 42 7
a 68 96 17
a 69 70 5
a 69 2 19
a 69 55 14
a 69 56 8
a 69 97 12
a 69 67 10
a 69 98 17
a 69 6 13
a 69 89 7
a 69 40 12
a 69 85 14
a 69 26 6
a 69 63 19
a 70 71 16
a 70 82 19
a 70 94 11
a 70 3 17
a 70 9 16
a 70 41 9
a 70 98 1
a 70 56 19
a 70 14 13
a 70 25 15
a 70 92 1
a 70 62 13
a 71 72 11
a 71 47 6
a 71 73 11
a 71 62 2
a 71 6 14
a 71 85 17
a 71 38 19
a 71 77 15
a 71 8 17
a 72 73 11
a 72 95 16
a 72 29 17
a 72 56 11
a 72 54 6
a 72 61 6
a 72 31 6
a 72 46 14
a 72 94 19
a 72 53 11
a 72 92 17
a 72 16 19
a 72 41 14
a 73 74 19
a 73 90 9
a 73 26 4
a 73 6 15
a 73 29 19
a 73 64 10
a 73 31 1
a 73 15 17
a 73 99 6
a 74 75 13
a 74 94 18
a 74 24 8
a 74 7 1
a 74 9 13
a 74 43 6
a 74 39 2
a 74 85 18
a 74 29 18
a 74 61 3
a 74 25 18
a 74 71 1
a 75 76 4
a 75 22 5
a 75 97 5
a 75 15 14
a 75 34 7
a 75 23 17
a 75 26 16
a 75 2 15
a 75 6 10
a 75 4 3
a 75 32 16
a 75 14 11
a 76 77 5
a 76 87 14
a 76 34 3
a 76 23 3
a 76 69 5
a 76 75 6
a 76 43 8
a 77 78 14
a 77 61 3
a 77 45 4
a 77 63 1
a 77 14 2
a 77 80 6
a 78 79 11
a 78 76 6
a 78 95 15
a 78 9 7
a 78 98 14
a 78 30 11
a 78 23 12
a 78 67 14
a 78 12 15
a 78 63 11
a 79 80 8
a 79 98 4
a 79 95 13
a 79 28 15
a 79 53 13
a 79 13 17
a 79 41 16
a 79 65 10
a 79 7 5
a 79 16 9
a 79 88 16
a 80 81 11
a 80 26 9
a 80 69 14
a 80 58 8
a 80 2 16
a 80 72 15
a 80 29 16
a 81 82 18
a 81 27 1
a 81 16 15
a 81 98 17
a 81 22 1
a 81 18 15
a 81 77 9
a 82 83 10
a 82 2 15
a 82 28 16
a 82 10 9
a 82 55 8
a 82 62 10
a 82 31 17
a 82 20 11
a 82 27 6
a 82 94 4
a 83 84 11
a 83 67 17
a 83 81 4
a 83 77 3
a 83 98 11
a 83 54 16
a 84 85 11
a 84 75 3
a 84 96 17
a 84 99 15
a 84 33 14
a 84 40 13
a 84 92 13
a 84 48 6
a 84 32 13
a 84 74 9
a 84 4 8
a 84 14 5
a 84 15 9
a 85 86 4
a 85 3 18
a 85 83 11
a 85 62 6
a 85 61 11
a 85 89 10
a 85 69 9
a 85 65 17
a 85 35 2
a 85 30 7
a 85 15 7
a 86 87 16
a 86 45 10
a 86 53 19
a 86 78 1
a 86 55 18
a 86 60 1
a 86 75 10
a 86 63 2
a 86 68 1
a 86 4 12
a 86 22 6
a 86 79 16
a 87 88 18
a 87 97 16
a 87 16 17
a 87 67 3
a 87 75 5
a 87 70 13
a 87 44 3
a 87 25 18
a 87 72 6
a 88 89 1
a 88 9 8
a 88 47 13
a 88 75 5
a 88 71 14
a 88 55 7
a 88 43 11
a 88 14 8
a 88 6 6
a 88 21 5
a 88 97 6
a 89 90 12
a 89 2 10
a 89 8 8
a 89 82 3
a 89 9 8
a 89 54 12
a 89 97 19
a 89 85 2
a 89 98 16
a 89 86 9
a 90 91 1
a 90 80 1
a 90 49 11
a 90 88 3
a 90 79 14
a 90 57 15
a 90 13 3
a 90 31 19
a 90 61 19
a 90 67 6
a 91 92 3
a 91 30 13
a 91 35 14
a 91 89 15
a 91 68 6
a 91 41 17
a 91 55 10
a 91 61 19
a 91 11 19
a 91 28 6
a 91 88 5
a 91 13 15
a 91 25 4
a 92 93 1
a 92 74 10
a 92 71 19
a 92 30 19
a 92 78 14
a 93 94 4
a 93 87 11
a 93 13 8
a 93 50 9
a 93 84 18
a 93 81 8
a 93 16 18
a 93 49 9
a 93 79 5
a 93 28 10
a 93 21 4
a 94 95 14
a 94 42 12
a 94 69 9
a 94 7 18
a 94 88 8
a 94 70 2
a 94 5 19
a 94 14 12
a 95 96 8
a 95 52 15
a 95 68 11
a 95 1 8
a 95 79 12
a 95 36 10
a 96 97 15
a 96 76 9
a 96 24 4
a 96 3 17
a 96 42 9
a 96 65 7
a 96 72 8
a 96 74 3
a 96 2 5
a 96 17 12
a 97 98 12
a 97 35 19
a 97 26 14
a 97 69 10
a 97 75 2
a 97 29 13
a 97 20 2
a 97 88 15
a 97 94 1
a 97 74 8
a 97 49 3
a 98 99 7
a 98 22 14
a 98 78 4
a 98 96 16
a 98 26 13
a 98 66 2
a 98 33 6
a 98 44 17
a 98 64 14
a 98 24 6
a 98 77 6
c 53 75 36 29 108
c 81 18 47 44 143
c 70 94 92 74 72
c 52 53 84 40 120
c 78 23 10 35 62
c 17 71 73 90 85
c 58 6 56 42 99
c 10 6 9 67 106
c 51 28 5 6 103
c 7 8 94 7 101
c 14 96 53 54 140
c 13 89 32 62 85
c 69 97 33 81 144
c 24 56 24 8 61
c 13 87 94 14 138
c 72 46 74 25 70
c 11 46 4 27 142
c 61 33 57 95 80
c 67 3 81 77 55
c 82 62 85 35 108
c 13 72 1 88 96
c 51 68 24 42 121
c 69 85 87 16 130
c 12 31 93 94 132
c 0 65 41 25 112
c 5 73 30 28 99
c 14 96 38 62 71
c 51 42 2 39 146
c 0 26 51 39 73
c 60 73 44 45 50
c 88 47 97 98 120
c 5 11 0 26 117
c 3 26 21 22 63
c 35 17 64 39 87
c 71 38 82 2 51
c 80 72 16 41 53
c 25 20 28 29 81
c 47 26 79 16 89
c 59 60 13 14 100
c 82 20 71 8 74
c 47 97 11 40 98
c 6 56 84 99 122
c 83 81 18 43 141
c 31 9 52 50 116
c 51 65 68 28 107
c 62 48 27 28 96
c 22 55 47 93 125
c 33 12 76 87 128
c 24 56 65 2 121
c 12 19 30 66 52
c 33 90 46 93 117
c 57 58 53 75 62
c 7 79 40 81 117
c 57 58 63 16 112
c 32 67 98 99 62
c 40 32 17 48 101
c 77 61 2 4 102
c 7 71 18 81 55
c 3 45 38 33 57
c 69 6 75 26 64
c 89 97 33 12 105
c 75 4 0 4 74
c 98 66 28 17 66
c 79 7 7 37 89
c 36 41 46 31 139
c 98 26 67 68 51
c 56 42 48 17 117
c 79 98 42 71 136
c 66 2 48 10 62
c 68 87 68 83 132
c 19 84 63 94 91
c 81 22 85 15 146
c 16 54 79 53 111
c 37 99 0 1 62
c 24 38 80 29 102
c 47 48 42 43 53
c 12 19 9 57 145
c 69 98 48 10 143
c 38 82 97 26 67
c 46 93 61 62 119
c 38 21 5 15 102
c 74 71 63 78 70
c 60 4 96 17 82
c 53 61 3 38 78
c 72 73 31 63 90
c 46 93 28 12 110
c 7 21 7 85 58
c 20 89 68 83 71
c 75 6 96 24 125
c 55 34 36 1 91
c 24 52 35 41 88
c 0 26 84 15 103
c 85 65 27 91 148
c 43 96 93 28 65
c 3 26 68 93 127
c 0 86 64 25 81
c 8 37 82 20 141
c 58 6 48 52 81
c 22 20 46 84 78
c 53 54 78 9 63
c 27 28 1 28 54
c 48 10 7 96 82
c 68 80 38 92 70
c 88 14 75 2 117
c 68 87 84 32 64
c 29 46 67 68 117
c 7 21 20 39 118
c 86 68 70 14 67
c 66 17 64 9 87
c 64 34 10 2 135
c 31 25 89 86 117
c 96 65 30 22 125
c 73 6 13 72 108
c 54 67 49 77 116
c 27 84 33 19 62
c 93 49 17 46 121
c 23 24 36 43 91
c 64 89 55 64 130
c 36 75 86 60 72
c 77 45 15 83 50
c 71 38 69 98 126
c 13 15 68 80 51
c 34 35 98 22 85
c 67 3 71 38 53
c 64 3 30 22 99
c 41 25 7 96 58
c 84 99 76 75 144
c 63 85 19 99 65
c 13 27 71 38 144
c 13 64 82 2 142
c 26 6 71 8 148
c 0 99 51 68 89
c 64 87 93 81 57
c 61 5 54 4 123
c 54 43 94 14 145
c 59 87 64 89 91
c 93 28 31 70 111
c 32 95 51 42 146
c 69 26 3 2 111
c 5 50 12 31 115
c 87 44 17 27 74
c 64 39 76 34 107
c 84 99 33 19 68
c 50 91 61 5 136
c 37 53 88 75 52
c 35 8 39 35 96
c 9 1 39 97 138
c 1 30 51 44 92
c 19 84 61 34 114
c 81 77 19 20 82
c 37 58 19 99 52
c 2 39 46 11 111
c 41 45 25 14 97
c 60 89 27 81 98
c 60 10 68 35 107
c 7 21 58 12 135
c 64 67 25 26 86
c 7 60 6 56 132
c 63 14 4 41 60
c 66 95 52 5 94
c 28 23 79 88 69
c 54 97 82 83 130
c 19 99 53 25 143
c 93 87 80 26 116
c 89 85 53 25 131
c 2 3 48 1 128
c 0 80 15 4 67
c 90 57 84 85 74
c 6 94 8 56 60
c 49 77 68 28 58
c 59 52 68 12 82
c 26 16 69 98 50
c 8 12 32 67 132
c 91 28 63 16 77
c 41 7 33 6 124
c 35 7 17 27 75
c 74 43 18 55 92
c 10 48 39 60 130
c 85 3 73 29 120
c 14 21 74 61 140
c 40 87 84 74 98
c 42 8 51 68 114
c 95 52 90 57 131
c 20 45 63 73 96
c 87 70 83 54 101
c 39 70 36 38 100
c 19 36 86 79 61
c 50 73 70 94 83
c 2 3 96 3 149
c 74 94 44 51 148
c 91 13 87 88 122
c 62 47 68 58 50
c 12 41 53 78 66
c 38 80 54 97 82
c 2 6 39 34 78
c 3 26 5 51 69
c 75 22 85 83 120
c 38 14 24 42 69
c 72 94 66 57 125
c 75 6 91 92 62
c 30 69 98 44 132
c 41 44 49 23 144
c 75 14 46 93 103
c 47 79 68 12 83
c 40 17 11 99 81
c 1 88 6 56 92
c 74 7 17 92 75
c 32 62 10 95 73
c 29 92 91 35 120
c 40 36 34 47 81
c 51 68 45 12 56
c 68 61 78 12 89
c 16 3 42 38 102
c 63 77 51 42 107
c 88 6 51 42 89
c 31 16 63 73 57
c 68 83 66 57 70
c 10 87 45 37 126
c 46 84 45 37 125
c 40 17 71 38 75
c 70 3 31 63 63
c 61 34 91 61 117
c 40 22 93 79 84
c 1 83 42 88 52
c 76 87 84 14 115
c 74 94 7 85 100
c 98 66 36 41 92
c 83 98 24 59 60
c 31 79 35 84 96
c 68 25 85 62 143
c 22 23 30 28 100
c 88 14 34 79 119
c 97 29 45 46 56
c 97 49 84 85 80
c 52 61 32 72 95
c 63 16 73 26 85
c 81 98 86 53 147
c 0 93 11 54 67
c 86 87 68 83 134
c 54 69 46 21 89
c 52 48 21 64 64
c 74 94 78 30 122
c 46 93 12 82 55
c 28 20 86 68 112
c 26 28 69 98 78
c 97 20 36 38 111
c 46 13 11 63 50
c 58 40 16 7 72
c 90 79 17 27 121
c 67 85 92 30 75
c 24 38 98 24 60
c 41 25 72 46 69
c 47 17 73 64 53
c 75 15 62 47 76
c 90 80 39 86 112
c 86 75 4 61 131
c 53 70 74 25 57
c 12 82 95 79 79
c 73 29 9 68 96
c 64 16 7 94 55
c 7 60 90 80 51
c 13 72 68 42 125
c 86 78 23 16 124
c 71 6 28 88 140
c 64 46 48 1 69
c 87 67 63 71 138
c 53 25 16 54 125
c 93 49 41 45 63
c 91 11 40 43 106
c 38 12 11 93 53
c 64 46 46 22 128
c 24 52 14 96 97
c 82 62 3 4 141
c 69 63 70 98 58
c 64 39 0 4 126
c 66 57 31 94 146
c 11 58 15 3 145
c 63 78 18 80 69
c 11 68 33 81 72
c 17 46 31 32 102
c 97 75 75 32 120
c 34 76 51 42 99
c 34 3 81 98 131
c 78 9 82 83 128
c 47 79 85 62 136
c 4 95 68 74 83
c 13 82 18 43 97
c 62 46 19 1 71
c 9 37 0 51 50
c 35 83 34 61 138
c 31 9 20 33 120
c 63 78 69 55 124
c 45 12 48 10 66
c 85 83 37 7 109
c 80 58 24 42 131
c 12 19 59 90 65
c 32 41 20 45 144
c 61 59 30 73 120
c 55 46 48 41 125
c 24 8 91 68 102
c 41 44 1 9 110
c 54 69 82 10 93
c 63 71 93 84 105
c 10 53 26 39 119
c 39 68 64 58 145
c 45 46 11 46 101
c 7 11 32 67 78
c 4 5 60 3 141
c 79 95 73 26 128
c 24 8 37 53 126
c 16 96 74 75 77
c 40 17 7 11 126
c 93 13 60 9 85
c 58 92 7 85 131
c 3 4 64 14 91
c 10 66 49 68 138
c 34 50 11 93 139
c 63 14 28 51 96
c 64 87 62 46 80
c 79 7 89 8 136
c 58 63 38 14 146
c 5 15 82 94 98
c 37 38 10 48 93
c 52 22 87 88 89
c 18 39 87 44 141
c 25 26 83 84 56
c 13 89 91 92 63
c 41 8 81 16 83
c 91 92 58 59 75
c 27 91 52 98 128
c 33 10 47 63 122
c 16 96 91 92 96
c 8 12 17 46 90
c 43 18 25 76 68
c 68 12 46 13 118
c 40 62 40 20 51
c 71 73 83 77 92
c 38 14 31 25 94
c 1 13 62 34 111
c 81 77 86 4 98
c 41 68 86 79 82
c 45 9 28 51 99
c 69 97 95 52 57
c 56 4 90 13 117
c 88 6 46 13 128
c 8 76 11 58 127
c 93 50 17 92 51
c 27 28 77 78 87
c 83 98 46 71 143
c 89 85 82 62 66
c 39 97 74 39 127
c 87 67 61 33 134
c 46 31 36 55 123
c 33 78 62 34 113
c 32 62 70 25 71
c 60 73 54 69 53
c 13 87 34 5 81
c 61 21 68 87 85
c 68 25 3 51 63
c 69 85 6 22 65
c 39 35 20 95 133
c 80 69 5 6 98
c 77 45 67 82 59
c 80 2 18 17 120
c 2 82 61 59 120
c 69 67 30 66 106
c 77 63 71 72 76
c 72 41 69 56 106
c 30 36 37 38 120
c 69 2 68 12 105
c 24 59 37 48 88
c 90 88 74 94 73
c 58 33 11 95 107
c 3 84 74 85 131
c 9 58 19 73 50
c 44 45 53 54 59
c 42 92 58 61 125
c 68 35 50 99 98
c 51 80 33 6 91
c 51 52 82 10 134
c 26 54 90 61 136
c 35 60 61 59 149
c 82 10 93 84 112
c 33 34 34 50 52
c 78 9 69 70 89
c 86 55 45 12 125
c 43 96 33 82 87
c 85 15 61 5 72
c 8 76 33 22 118
c 64 16 65 98 126
c 59 81 78 63 70
c 84 99 7 21 146
c 33 22 9 65 116
c 73 26 87 70 99
c 15 29 31 32 123
c 64 65 90 31 82
c 72 41 95 1 118
c 23 12 68 42 127
c 41 42 58 12 136
c 90 79 56 59 105
c 80 58 11 93 143
c 31 44 32 62 55
c 81 18 13 19 82
c 64 88 16 64 68
c 91 89 61 34 97
c 64 87 16 34 125
c 86 60 70 92 71
c 53 75 71 38 116
c 49 23 91 30 149
c 14 76 69 56 54
c 10 72 31 79 88
c 31 16 30 36 109
c 96 2 28 78 121
c 58 6 7 94 93
c 35 8 54 47 141
c 45 55 72 92 96
c 51 80 91 88 126
c 84 14 33 34 97
c 63 16 2 55 99
c 33 90 7 77 86
c 63 77 33 82 66
c 68 74 34 68 76
c 38 39 28 12 67
c 42 71 0 80 132
c 36 41 18 6 127
c 95 68 97 20 74
c 33 22 36 47 146
c 23 30 82 28 126
c 29 24 91 68 125
c 28 12 58 6 80
c 34 67 38 33 141
c 40 71 60 61 91
c 76 23 18 63 72
c 64 36 56 34 104
c 86 22 83 67 82
c 22 55 68 42 69
c 79 13 39 22 132
c 65 2 51 42 127
c 17 51 53 78 147
c 48 49 31 11 84
c 78 95 85 61 127
c 9 68 43 44 118
c 69 97 37 48 115
c 36 4 67 69 94
c 97 35 30 31 118
c 23 30 17 40 83
c 81 82 93 94 125
c 15 29 18 91 102
c 28 78 36 48 52
c 45 12 34 67 101
c 36 4 31 9 78
c 46 11 31 32 60
c 23 75 86 79 61
c 37 38 27 70 132
c 9 10 1 59 114
c 55 46 6 44 100
c 40 32 63 14 93
c 25 26 34 5 90
c 77 80 75 15 107
c 52 22 96 17 100
c 65 64 10 72 148
c 64 39 91 55 64
c 34 61 90 31 122
c 39 9 86 45 133
c 76 77 90 13 75
c 24 38 82 62 121
c 86 22 65 64 93
c 79 13 48 41 137
c 38 14 73 29 102
c 40 41 58 63 61
c 28 23 70 94 57
c 17 1 33 19 64
c 68 87 8 15 119
c 75 2 64 87 135
c 72 73 20 89 145
c 46 14 35 36 117
c 75 97 63 73 139
c 71 6 71 38 121
c 27 16 65 66 50
c 8 12 30 22 50
c 64 16 38 39 53
c 34 50 24 54 94
c 42 98 34 98 114
c 69 98 72 54 53
c 29 92 92 30 63
c 39 97 60 89 112
c 26 37 58 92 136
c 46 71 70 14 91
c 92 30 80 58 123
c 31 94 80 81 111
c 78 9 62 47 124
c 76 23 40 87 63
c 70 94 1 88 99
c 79 65 72 31 63
c 64 7 17 18 72
c 83 98 48 41 121
c 33 82 96 42 132
c 18 63 71 38 127
c 90 57 46 31 78
c 87 16 62 63 114
c 50 99 39 27 124
c 97 94 18 53 98
c 30 66 7 86 108
c 31 9 47 63 130
c 18 81 18 42 144
c 20 29 64 7 85
c 60 10 60 9 95
c 13 82 40 17 54
c 86 68 87 75 145
c 33 81 77 61 50
c 88 89 1 67 113
c 74 85 84 74 84
c 59 52 45 59 104
c 37 38 89 86 146
c 38 82 37 99 119
c 31 26 68 80 104
c 36 46 83 98 72
c 60 89 74 39 85
c 54 22 5 6 107
c 50 91 9 21 85
c 77 61 58 92 86
c 64 26 84 74 146
c 80 58 16 10 129
c 48 16 0 87 89
c 36 4 60 10 86
c 35 17 92 71 146
c 64 34 69 63 148
c 64 67 33 22 78
c 8 76 83 67 53
c 35 10 75 26 140
c 93 28 25 96 85
c 72 73 16 10 131
c 85 83 11 84 119
c 41 42 42 71 147
c 33 34 19 84 82
c 57 49 82 83 101
c 51 39 93 94 64
c 46 14 4 95 115
c 57 95 60 16 127
c 97 20 84 85 120
c 10 53 12 13 136
c 41 68 76 87 123
c 83 81 66 57 63
c 61 33 21 69 126
c 23 58 15 83 107
c 63 13 78 30 126
c 72 92 34 5 59
c 91 28 63 71 114
c 29 50 79 65 103
c 45 55 70 25 58
c 87 88 23 58 129
c 34 5 0 1 74
c 66 2 82 20 99
c 54 89 3 51 90
c 85 86 65 59 108
c 2 3 18 43 81
c 97 20 89 2 145
c 31 25 0 99 55
c 91 11 1 10 114
c 78 79 41 25 55
c 0 86 27 22 137
c 56 59 11 93 91
c 36 44 69 2 64
c 48 45 72 94 71
c 89 97 7 21 98
c 93 28 27 81 107
c 75 26 34 29 139
c 7 85 21 29 51
c 6 94 57 95 60
c 62 37 74 25 115
c 73 6 86 53 124
c 81 22 81 82 147
c 10 53 32 72 131
c 37 38 85 65 111
c 19 84 93 87 111
c 18 91 24 29 130
c 21 22 68 58 131
c 90 61 10 95 119
c 16 3 57 95 120
c 96 2 5 73 130
c 74 9 24 42 119
c 49 77 41 16 57
c 4 35 67 65 129
c 20 29 95 96 74
c 53 56 4 35 98
c 97 74 30 36 119
c 37 75 17 58 54
c 0 93 29 30 126
c 76 87 41 4 94
c 52 50 29 30 103
c 36 43 46 55 99
c 69 26 96 74 57
c 2 49 96 2 76
c 1 88 12 41 109
c 87 25 16 54 145
c 50 99 88 97 110
c 90 79 39 60 140
c 68 83 48 10 109
c 52 61 14 8 60
c 39 40 60 16 120
c 65 69 64 39 96
c 46 24 2 29 91
c 0 80 71 77 62
c 44 51 27 22 139
c 72 16 69 89 72
c 12 19 31 9 60
c 3 2 32 33 127
c 66 87 61 96 118
c 54 67 85 62 103
c 43 72 91 13 79
c 23 24 43 96 119
c 39 27 7 97 111
c 81 98 84 74 64
c 70 41 85 83 132
c 78 23 45 59 80
c 23 24 64 7 129
c 18 26 24 20 79
c 89 54 3 26 104
c 8 15 98 33 62
c 48 94 35 36 76
c 74 7 48 94 140
c 10 11 38 82 67
c 86 75 38 39 50
c 27 81 56 34 118
c 24 25 4 22 65
c 82 20 57 11 122
c 14 76 91 25 54
c 87 67 90 13 98
c 87 97 62 46 88
c 86 45 93 16 106
c 84 14 20 29 65
c 10 8 30 92 139
c 10 11 48 16 118
c 52 47 41 7 95
c 72 31 64 67 92
c 84 75 91 41 64
c 40 11 96 2 145
c 60 4 11 57 136
c 24 52 67 3 86
c 81 18 73 29 89
c 63 88 27 91 129
c 68 12 47 3 143
c 67 69 31 11 105
c 25 20 68 12 62
c 25 20 45 59 110
c 8 98 70 71 111
c 1 10 1 59 56
c 77 63 52 47 59
c 17 86 27 84 91
c 6 79 74 24 82
c 60 61 35 7 122
c 98 96 73 64 109
c 34 3 88 9 114
c 51 80 4 22 61
c 54 43 64 14 62
c 12 19 50 70 75
c 60 73 72 94 101
c 24 54 86 53 82
c 50 51 82 2 105
c 11 68 90 31 104
c 7 60 64 65 105
c 98 33 83 67 57
c 93 81 71 47 72
c 12 13 14 76 92
c 6 7 60 4 104
c 85 65 82 94 113
c 66 96 86 63 146
c 69 70 86 87 80
c 94 14 61 72 104
c 7 21 13 27 80
c 33 42 12 41 114
c 62 34 44 5 114
c 72 95 85 89 89
c 75 23 28 51 131
c 86 53 7 96 82
c 66 87 29 27 78
c 60 89 40 71 132
c 4 5 10 15 141
c 52 64 51 44 140
c 23 24 72 95 68
c 0 87 9 85 73
c 75 34 64 7 117
c 72 61 96 2 61
c 69 98 63 71 135
c 98 99 63 77 96
c 90 91 7 37 94
c 8 76 96 97 60
c 48 94 39 9 115
c 32 72 16 27 51
c 0 1 98 26 116
c 10 72 75 76 149
c 71 8 43 72 58
c 59 87 43 99 68
c 8 76 96 24 110
c 37 54 20 21 54
c 66 87 26 54 61
c 83 81 37 38 73
c 32 45 1 88 94
c 97 88 42 41 139
c 55 56 23 16 77
c 56 59 67 82 131
c 52 5 56 59 142
c 52 53 38 92 127
c 45 9 72 54 125
c 84 99 8 76 80
c 7 2 7 79 81
c 88 47 63 77 68
c 11 57 7 97 76
c 67 85 2 39 126
c 75 14 29 92 68
c 85 15 88 43 134
c 92 93 6 94 109
c 9 37 50 99 134
c 47 44 39 31 115
c 36 48 24 25 95
c 31 94 93 28 145
c 58 75 93 94 133
c 37 54 55 34 129
c 64 46 35 2 129
c 72 54 91 25 126
c 88 21 92 30 75
c 9 90 3 26 73
c 75 97 34 35 103
c 10 2 64 87 93
c 26 28 25 66 69
c 13 91 0 86 85
c 67 85 26 37 117
c 11 93 48 52 52
c 52 50 48 52 102
c 29 24 40 87 126
c 85 69 39 27 60
c 53 70 27 28 103
c 33 10 86 87 64
c 93 13 36 1 93
c 34 23 31 70 100
c 69 2 4 52 55
c 40 17 49 23 83
c 3 53 68 20 130
c 93 16 26 16 136
c 25 52 10 66 122
c 65 69 31 63 51
c 54 4 40 22 92
c 97 26 1 10 128
c 74 29 7 92 67
c 42 8 20 58 86
c 15 32 52 47 51
c 56 57 64 34 79
c 6 79 13 52 98
c 14 15 53 70 71
c 36 48 11 93 102
c 79 7 38 92 97
c 46 24 91 30 79
c 12 31 48 52 58
c 57 95 97 20 84
c 62 47 63 14 124
c 43 18 9 90 99
c 47 86 5 6 119
c 31 44 64 46 67
c 47 63 41 68 126
c 48 28 88 71 113
c 49 68 35 68 108
c 88 97 80 58 101
c 82 10 40 87 137
c 96 76 35 48 92
c 88 89 62 43 69
c 38 36 7 96 62
c 28 78 77 78 113
c 67 69 33 6 66
c 7 21 64 62 124
c 85 86 0 1 104
c 52 48 4 22 139
c 16 64 45 9 51
c 49 53 42 38 116
c 39 35 46 14 67
c 9 96 41 45 135
c 69 97 64 28 52
c 93 81 60 40 124
c 56 57 55 34 96
c 66 67 2 3 144
c 67 65 18 19 90
c 43 72 63 73 56
c 64 50 88 47 58
c 75 76 55 72 73
c 96 97 8 37 114
c 64 36 9 1 133
c 59 90 37 48 56
c 28 78 23 75 106
c 68 61 79 41 106
c 9 57 84 14 121
c 51 80 94 95 144
c 68 80 8 15 69
c 88 97 51 80 59
c 1 9 64 9 75
c 97 74 43 99 123
c 6 7 29 46 106
c 62 34 64 58 126
c 23 12 51 39 78
c 45 67 10 48 131
c 16 10 72 16 130
c 13 91 93 49 110
c 65 2 93 16 73
c 7 96 39 9 56
c 77 80 82 55 96
c 56 59 90 31 127
c 87 16 36 75 76
c 68 12 64 3 77
c 64 25 56 34 87
c 32 95 84 96 73
c 74 29 30 92 94
c 6 44 36 23 125
c 31 9 15 16 66
c 26 27 79 13 58
c 91 41 0 65 66
c 40 22 47 3 131
c 6 22 59 81 111
c 97 75 23 16 82
c 56 17 27 89 58
c 74 7 42 43 94
c 68 74 28 88 78
c 64 3 16 54 111
c 91 89 93 28 82
c 64 50 13 52 110
c 3 4 41 7 127
c 47 52 90 61 129
c 66 17 79 53 124
c 32 33 89 98 83
c 70 92 35 84 125
c 9 90 74 43 101
c 40 41 68 87 66
c 36 4 58 6 60
c 78 9 19 73 104
c 69 56 16 96 128
c 16 96 45 46 123
c 84 48 81 98 119
c 70 9 9 65 50
c 8 15 28 20 99
c 89 82 67 3 84
c 38 92 42 8 91
c 11 57 37 75 94
c 64 89 82 20 97
c 84 92 24 52 135
c 94 70 6 79 87
c 7 37 96 74 82
c 93 94 38 39 131
c 39 56 93 87 112
c 45 12 60 4 84
c 53 54 50 99 71
c 18 91 22 12 115
c 87 25 40 62 101
c 45 9 12 38 65
c 90 88 7 8 138
c 62 47 89 9 89
c 68 74 17 51 65
c 16 64 40 20 118
c 32 33 3 26 141
c 65 66 80 81 60
c 10 11 84 75 63
c 20 29 74 25 94
c 24 20 54 25 52
c 8 15 29 30 70
c 96 72 6 44 96
c 93 21 33 19 66
c 2 82 17 86 103
c 52 5 82 2 105
c 61 85 73 26 103
c 48 45 38 39 90
c 13 59 33 10 81
c 65 64 34 35 81
c 69 55 32 45 64
c 64 36 68 83 58
c 11 68 39 60 123
c 5 73 96 3 60
c 41 7 35 41 123
c 69 56 74 9 129
c 8 15 68 61 149
c 93 28 41 8 76
c 13 22 89 86 84
c 74 25 43 44 144
c 78 79 27 81 90
c 60 40 70 94 138
c 60 77 39 9 97
c 84 74 31 11 148
c 98 44 78 30 111
c 98 24 27 31 84
c 36 75 89 82 114
c 8 60 64 16 50
c 12 19 9 67 74
c 64 25 47 48 90
c 9 21 21 64 119
c 97 74 58 61 84
c 72 31 21 29 141
c 46 21 74 71 67
c 47 3 36 46 80
c 93 16 59 52 134
c 50 51 75 76 60
c 85 3 0 86 63
c 96 3 7 86 66
c 46 89 11 93 88
c 36 30 21 29 100
c 6 56 75 34 74
c 48 52 49 68 122
c 23 75 28 51 70
c 47 79 49 53 131
c 37 58 3 4 52
c 64 16 26 28 127
c 9 85 6 94 147
c 23 73 78 76 129
c 31 9 61 59 125
c 73 15 79 95 137
c 25 14 8 98 92
c 54 43 9 96 132
c 18 42 11 70 73
c 11 70 41 68 81
c 29 39 75 6 136
c 50 39 86 55 80
c 85 69 0 26 95
c 11 70 82 55 123
c 34 3 36 44 140
c 10 87 93 21 106
c 41 44 68 93 91
c 90 88 27 81 81
c 91 88 96 76 101
c 3 96 39 7 82
c 86 4 26 28 53
c 87 70 97 20 128
c 74 24 47 17 83
c 78 98 3 4 122
c 0 99 10 4 121
c 89 8 69 56 99
c 58 59 60 73 68
c 38 62 36 8 71
c 93 87 94 7 60
c 76 75 27 81 116
c 10 4 96 3 68
c 94 88 40 11 59
c 61 85 26 6 54
c 92 30 61 21 114
c 1 67 83 98 126
c 5 19 11 63 65
c 70 94 71 38 54
c 11 63 84 33 71
c 58 33 70 71 116
c 97 49 35 84 53
c 91 89 63 71 95
c 79 13 33 6 57
c 14 96 79 80 66
c 96 17 7 71 140
c 66 57 61 30 57
c 58 75 58 6 114
c 18 20 31 26 88
c 63 14 91 41 120
c 7 94 13 91 119
c 72 54 64 50 146
c 58 33 54 47 140
c 82 55 17 18 87
c 60 3 16 17 126
c 16 17 64 62 147
c 64 58 84 32 110
c 74 61 84 48 137
c 27 89 51 28 107
c 26 37 27 28 58
c 31 32 48 45 87
c 81 82 68 61 93
c 14 4 74 29 55
c 46 14 9 85 79
c 73 74 64 14 119
c 14 76 33 78 119
c 15 83 63 71 131
c 17 46 65 2 134
c 40 62 48 16 91
c 38 21 39 60 114
c 1 83 65 2 97
c 2 4 15 32 134
c 6 44 75 6 82
c 15 32 10 87 134
c 86 55 70 25 130
c 76 75 40 17 145
c 68 25 89 90 63
c 56 17 36 30 139
c 3 26 79 98 75
c 64 62 62 63 90
c 88 89 23 95 65
c 34 29 45 37 61
c 35 17 47 20 63
c 46 21 44 45 57
c 74 75 72 73 149
c 1 2 0 87 121
c 24 18 89 98 122
c 76 87 40 41 138
c 22 20 0 4 78
c 40 22 43 96 87
c 45 12 17 71 50
c 35 84 36 55 50
c 68 42 18 55 93
c 34 79 68 42 65
c 69 40 84 4 92
c 67 69 69 63 148
c 24 8 31 16 64
c 45 23 43 94 109
c 83 54 83 67 56
c 0 1 72 92 148
c 45 46 70 41 108
c 12 13 31 44 126
c 39 22 4 52 102
c 7 79 37 59 95
c 64 25 48 94 114
c 29 24 0 65 128
c 68 20 87 72 132
c 27 22 69 40 80
c 85 69 71 85 134
c 69 63 84 96 125
c 84 40 75 2 139
c 71 77 15 32 68
c 93 13 46 13 66
c 62 43 68 83 53
c 13 22 2 6 67
c 70 92 86 63 94
c 91 41 50 73 67
c 69 2 64 36 114
c 46 31 64 67 148
c 3 53 51 80 113
c 86 53 38 36 124
c 72 94 17 71 94
c 46 22 82 2 127
c 33 34 8 15 56
c 48 16 57 58 120
c 43 30 56 84 99
c 69 6 31 70 82
c 26 16 23 12 137
c 33 42 11 12 94
c 25 14 55 56 98
c 84 96 20 89 93
c 35 60 71 8 57
c 46 47 89 2 58
c 43 72 47 79 68
c 89 2 16 34 52
c 56 57 5 19 73
c 66 95 70 56 148
c 41 44 80 58 55
c 22 55 67 69 122
c 89 86 61 21 145
c 73 90 43 96 122
c 87 97 85 61 99
c 15 3 82 31 77
c 81 82 44 51 71
c 37 59 60 16 90
c 47 17 10 48 133
c 10 6 95 79 134
c 58 61 14 4 112
c 63 78 50 70 143
c 66 87 76 77 52
c 39 70 68 83 53
c 77 45 40 32 53
c 78 76 23 12 135
c 22 55 82 20 109
c 84 74 85 15 56
c 24 25 26 46 113
c 60 3 25 76 108
c 74 61 98 77 75
c 32 62 8 9 89
c 64 46 4 41 135
c 1 88 83 81 146
c 58 63 72 92 139
c 74 61 84 92 62
c 17 48 45 67 74
c 50 28 37 38 50
c 0 51 68 25 62
c 68 20 24 52 98
c 62 63 75 34 108
c 29 92 36 75 142
c 55 56 68 25 142
c 85 65 94 14 103
c 2 4 89 90 96
c 53 75 37 7 112
c 56 4 34 61 68
c 68 58 20 89 136
c 5 6 18 39 64
c 9 21 33 82 115
c 37 7 84 15 122
c 93 13 1 88 114
c 34 37 84 40 97
c 62 47 80 29 78
c 81 16 36 4 90
c 10 6 75 97 133
c 62 47 36 30 144
c 55 34 13 87 121
c 61 30 5 50 73
c 16 3 79 88 106
c 84 74 45 37 118
c 6 72 93 50 113
c 86 68 16 3 79
c 36 41 36 1 80
c 7 85 86 63 93
c 28 78 17 27 140
c 36 41 48 34 101
c 20 45 46 93 131
c 67 81 33 22 78
c 72 73 79 41 143
c 68 42 40 32 53
c 89 85 26 54 100
c 72 29 47 63 111
c 72 46 34 76 64
c 47 63 81 16 56
c 80 81 30 69 95
c 84 14 28 26 147
c 8 9 93 21 121
c 76 34 18 17 148
c 44 55 41 8 107
c 38 33 8 76 62
c 68 74 96 72 144
c 81 16 68 12 147
c 63 92 71 77 81
c 85 89 23 16 60
c 9 67 87 44 137
c 94 88 86 87 79
c 25 14 57 58 55
c 96 3 11 57 144
c 13 59 58 33 103
c 7 8 50 51 61
c 65 2 69 70 87
c 4 22 24 8 69
c 35 68 93 50 138
c 70 3 84 32 138
c 35 41 76 77 63
c 9 68 36 43 109
c 74 9 20 33 61
c 83 84 54 89 74
c 71 77 86 55 121
c 87 97 49 96 96
c 30 90 78 63 50
c 45 67 64 46 125
c 56 34 27 89 140
c 8 9 37 53 128
c 61 59 89 54 114
c 71 77 10 20 66
c 54 67 10 8 69
c 84 33 90 88 93
c 74 7 9 2 106
c 97 49 60 9 139
c 42 8 8 37 78
c 25 52 50 70 137
c 15 3 84 92 139
c 8 60 5 50 82
c 37 59 97 49 98
c 73 6 54 47 53
c 96 42 41 42 109
c 32 95 87 16 114
c 58 40 54 4 132
c 39 35 1 67 69
c 89 54 42 43 93
c 98 99 18 26 81
c 53 75 83 84 103
c 63 14 54 69 59
c 68 58 70 92 94
c 77 61 22 12 95
c 61 21 74 94 140
c 31 55 88 97 108
c 7 72 3 4 57
c 67 85 77 14 94
c 26 27 1 83 119
c 54 69 51 52 125
c 16 96 95 1 109
c 18 6 64 9 118
c 93 84 65 69 88
c 54 79 62 34 132
c 70 82 14 8 53
c 96 42 61 96 73
c 95 79 84 85 133
c 84 15 47 3 135
c 0 65 38 92 117
c 81 27 58 95 120
c 45 55 39 97 64
c 97 26 69 98 139
c 62 46 38 92 81
c 52 48 36 43 101
c 45 23 40 62 73
c 46 11 97 98 68
c 67 81 10 35 64
c 91 35 4 52 75
c 64 16 62 47 147
c 90 57 13 82 101
c 86 68 0 26 108
c 5 11 39 54 56
c 21 29 68 80 61
c 28 1 79 41 112
c 86 55 7 79 130
c 81 16 6 7 59
c 37 99 0 63 125
c 9 21 85 35 108
c 51 42 39 56 51
c 56 57 58 61 144
c 88 75 72 61 115
c 47 48 3 96 67
c 4 41 95 36 79
c 91 28 40 62 107
c 36 47 84 4 136
c 35 17 6 7 122
c 91 41 85 15 81
c 32 33 23 58 131
c 63 16 8 98 78
c 26 37 17 27 104
c 16 17 89 97 129
c 79 95 91 92 88
c 66 95 7 21 122
c 72 56 75 2 57
c 3 53 45 46 126
c 10 11 44 10 131
c 91 41 25 14 75
c 18 55 87 72 61
c 59 81 72 41 73
c 93 94 84 33 67
c 84 74 87 44 96
c 92 30 87 97 103
c 46 11 30 31 59
c 87 16 48 15 64
c 12 31 94 7 91
c 9 65 4 22 106
c 78 76 51 52 104
c 73 31 68 80 129
c 90 67 66 2 115
c 78 79 71 72 136
c 82 2 38 13 142
c 90 80 40 22 59
c 91 55 5 15 50
c 8 76 71 73 103
c 9 57 73 31 57
c 84 40 81 77 96
c 93 49 30 28 83
c 66 17 50 28 146
c 72 29 82 10 116
c 51 68 71 72 53
c 89 86 69 6 98
c 90 88 91 30 142
c 91 28 78 67 119
c 24 20 42 41 102
c 34 23 80 81 136
c 69 40 0 26 137
c 47 26 36 8 98
c 6 56 51 44 143
c 35 41 28 51 67
c 63 73 12 41 93
c 71 77 64 50 62
c 63 78 1 9 65
c 83 81 2 3 58
c 60 89 25 14 61
c 51 28 81 82 54
c 22 55 36 44 128
c 61 21 61 85 116
c 35 8 53 75 125
c 24 29 41 16 97
c 71 77 58 63 132
c 98 96 51 28 71
c 15 3 96 3 73
c 76 69 43 18 76
c 77 63 62 39 117
c 36 55 74 43 65
c 0 93 2 82 135
c 88 21 19 99 62
c 25 20 10 95 136
c 10 4 91 92 84
c 37 54 72 31 92
c 56 72 12 19 127
c 36 38 75 76 56
c 83 98 45 9 72
c 25 66 40 20 65
c 83 84 11 12 108
c 5 51 20 39 143
c 78 79 38 21 86
c 0 87 89 98 59
c 34 67 65 95 86
c 72 41 85 83 147
c 77 45 56 4 139
c 56 57 58 40 138
c 5 50 35 77 86
c 72 94 9 1 149
c 66 95 33 42 147
c 51 80 26 16 115
c 60 61 13 91 114
c 90 57 70 71 66
c 8 76 82 2 110
c 18 55 71 47 84
c 75 23 72 92 52
c 87 16 8 56 124
c 7 79 72 73 147
c 34 35 76 43 141
c 70 56 83 81 59
c 28 29 30 16 135
c 89 97 82 27 105
c 75 26 50 91 112
c 18 17 88 89 118
c 55 34 68 28 136
c 64 26 89 2 70
c 54 97 59 91 86
c 64 26 93 28 89
c 81 22 49 50 100
c 13 82 4 5 108
c 57 49 88 9 105
c 70 25 58 12 82
c 30 73 64 14 112
c 47 86 51 42 87
c 45 37 4 52 116
c 23 24 60 61 126
c 1 88 74 24 88
c 18 43 42 92 144
c 65 19 37 7 93
c 21 64 40 62 60
c 11 63 4 95 110
c 50 28 4 41 132
c 11 68 26 54 146
c 41 80 33 22 62
c 98 44 98 26 83
c 28 1 53 78 59
c 24 56 85 61 99
c 48 1 18 55 101
c 12 82 69 89 127
c 63 88 54 69 77
c 88 97 40 43 112
c 84 85 61 85 66
c 98 78 78 9 129
c 95 96 97 20 103
c 30 73 11 95 138
c 7 77 47 48 86
c 94 88 7 37 76
c 34 76 60 4 81
c 9 37 12 13 84
c 37 93 79 53 121
c 11 58 54 89 66
c 61 21 13 15 63
c 20 95 70 71 87
c 13 19 67 81 83
c 67 3 12 41 133
c 60 40 64 65 116
c 17 1 74 7 70
c 64 3 77 61 99
c 86 75 24 54 101
c 24 42 78 30 61
c 16 27 93 13 140
c 12 13 13 89 78
c 54 79 38 14 101
c 25 76 90 88 148
c 70 92 13 19 127
c 15 83 95 79 138
c 90 61 34 29 74
c 49 23 52 53 147
c 1 83 46 55 102
c 24 8 5 15 116
c 87 25 96 65 50
c 43 30 96 65 75
c 63 78 50 51 121
c 54 47 30 28 148
c 29 50 34 61 96
c 4 5 6 7 110
c 74 85 83 98 130
c 63 94 23 58 143
c 9 68 10 35 120
c 75 6 88 6 108
c 51 68 43 21 75
c 54 69 92 71 68
c 12 82 48 28 72
c 4 95 96 42 136
c 36 4 28 12 72
c 11 68 80 2 63
c 32 95 77 78 54
c 24 52 70 98 137
c 25 26 91 61 56
c 97 69 10 87 59
c 52 47 30 36 78
c 74 71 34 37 66
c 65 59 31 26 73
c 93 79 7 80 95
c 72 95 79 13 107
c 96 76 46 22 51
c 54 25 14 21 71
c 18 6 20 33 104
c 45 55 88 6 119
c 93 21 67 82 116
c 51 80 27 70 99
c 7 11 57 11 136
c 13 98 0 63 82
c 75 22 98 33 59
c 19 36 4 41 55
c 72 41 66 2 142
c 51 42 21 64 119
c 91 68 76 23 108
c 26 16 34 47 145
c 96 72 73 6 58
c 19 36 38 33 115
c 87 16 9 96 62
c 3 84 68 20 68
c 72 56 35 2 96
c 2 39 22 23 101
c 81 18 6 79 119
c 37 38 65 66 145
c 79 65 2 6 69
c 87 44 62 34 76
c 31 25 93 87 77
c 61 72 48 10 87
c 20 29 21 69 71
c 32 37 34 3 131
c 92 71 31 44 114
c 28 17 60 3 78
c 26 28 43 99 78
c 41 45 35 77 61
c 54 25 5 6 89
c 6 57 85 69 123
c 68 74 2 29 56
c 56 59 44 55 137
c 67 81 87 70 130
c 59 87 28 78 128
c 77 63 28 1 82
c 40 32 28 29 125
c 31 16 10 15 127
c 94 14 42 71 71
c 63 88 34 3 142
c 82 20 32 67 144
c 18 19 79 65 59
c 47 48 75 32 109
c 76 75 64 62 62
c 5 50 86 78 86
c 91 35 39 56 95
c 63 64 38 36 76
c 36 23 28 88 107
c 71 72 96 42 64
c 69 2 84 14 112
c 33 34 78 76 98
c 83 77 47 48 65
c 74 61 64 46 138
c 85 65 35 19 89
c 46 47 96 74 88
c 31 11 60 16 146
c 6 22 67 69 132
c 89 8 33 34 126
c 76 75 69 89 93
c 83 67 49 50 66
c 16 10 32 37 115
c 84 15 96 74 52
c 39 85 36 38 53
c 78 12 85 65 126
c 98 77 11 95 143
c 65 66 39 40 111
c 52 98 98 44 67
c 64 39 91 92 58
c 62 37 41 68 73
c 84 99 39 56 57
c 15 29 86 4 107
c 64 34 60 89 51
c 64 25 35 77 114
c 30 66 89 97 116
c 45 4 34 50 87
c 98 64 68 69 79
c 46 21 1 13 63
c 86 78 35 7 67
c 17 86 35 77 121
c 52 53 74 94 75
c 86 87 62 48 115
c 32 33 65 19 90
c 14 4 11 46 61
c 58 12 52 53 115
c 16 10 68 20 141
c 69 97 37 93 123
c 0 86 35 48 124
c 84 14 55 72 59
c 9 57 91 61 108
c 68 58 65 64 85
c 31 9 35 17 67
c 46 24 73 31 100
c 69 89 38 62 80
c 24 25 54 4 148
