notes: n=100, m=1980, elb=1, eub=20, density=0.2, conf_density=0.001, clb=25, cub= 125, seed= 4099
p spec 100 1980 1959
s 0
t 99
a 0 1 6
a 0 27 10
a 0 84 2
a 0 62 16
a 0 25 16
a 0 64 8
a 0 87 9
a 0 3 18
a 0 52 8
a 0 71 9
a 0 23 4
a 0 17 17
a 0 56 12
a 0 53 14
a 0 92 12
a 1 2 15
a 1 11 16
a 1 5 4
a 1 87 19
a 1 62 17
a 1 88 5
a 1 86 11
a 1 83 7
a 1 93 4
a 1 58 18
a 1 43 9
a 1 28 14
a 1 38 10
a 1 22 5
a 1 4 9
a 2 3 14
a 2 80 11
a 2 48 16
a 2 91 4
a 2 67 2
a 2 70 10
a 2 16 7
a 2 26 3
a 2 79 19
a 2 18 6
a 2 23 19
a 2 45 5
a 2 10 2
a 2 22 19
a 2 95 5
a 2 25 6
a 2 66 19
a 2 97 9
a 2 90 4
a 2 5 11
a 2 46 5
a 2 7 19
a 2 62 4
a 2 65 14
a 2 12 16
a 3 4 10
a 3 79 10
a 3 18 1
a 3 98 5
a 3 17 15
a 3 43 6
a 3 83 11
a 3 20 17
a 3 56 2
a 3 42 9
a 3 46 3
a 3 65 17
a 3 41 12
a 3 97 11
a 3 48 15
a 3 90 16
a 3 15 19
a 4 5 9
a 4 85 2
a 4 99 15
a 4 38 8
a 4 49 6
a 4 87 5
a 4 9 6
a 4 76 14
a 4 93 7
a 4 47 11
a 4 12 10
a 4 10 18
a 4 88 12
a 4 89 3
a 4 8 18
a 4 36 3
a 4 52 2
a 4 71 15
a 4 58 14
a 4 78 17
a 4 33 2
a 5 6 12
a 5 22 16
a 5 32 7
a 5 18 12
a 5 85 15
a 5 46 8
a 5 74 4
a 5 61 2
a 5 16 11
a 5 31 5
a 5 91 7
a 5 66 15
a 5 44 15
a 5 12 8
a 5 40 13
a 5 63 1
a 5 43 7
a 5 25 17
a 5 72 2
a 5 86 1
a 5 23 12
a 6 7 17
a 6 55 5
a 6 15 8
a 6 81 3
a 6 66 5
a 6 78 18
a 6 42 7
a 6 98 13
a 6 30 1
a 6 91 3
a 6 10 5
a 6 11 3
a 6 63 17
a 6 62 5
a 6 77 17
a 6 61 10
a 6 14 4
a 7 8 3
a 7 55 10
a 7 32 16
a 7 89 7
a 7 16 13
a 7 81 5
a 7 4 6
a 7 26 13
a 7 59 5
a 7 20 8
a 7 50 5
a 7 36 11
a 7 72 13
a 7 84 12
a 8 9 4
a 8 60 13
a 8 56 17
a 8 52 15
a 8 44 14
a 8 54 4
a 8 28 14
a 8 7 2
a 8 97 7
a 8 74 9
a 8 76 3
a 8 51 16
a 8 45 1
a 8 47 4
a 8 2 16
a 8 82 18
a 8 85 13
a 9 10 12
a 9 36 11
a 9 6 17
a 9 3 12
a 9 75 5
a 9 51 5
a 9 66 8
a 9 61 2
a 9 48 6
a 9 99 1
a 9 24 11
a 9 20 2
a 9 8 16
a 9 97 7
a 9 40 12
a 9 26 8
a 9 64 17
a 9 74 16
a 9 98 13
a 9 53 15
a 9 69 16
a 9 68 16
a 9 16 13
a 9 22 8
a 9 46 4
a 10 11 18
a 10 33 18
a 10 37 8
a 10 12 6
a 10 29 3
a 10 51 8
a 10 82 11
a 10 79 11
a 10 56 15
a 10 17 3
a 10 25 16
a 10 54 10
a 10 69 16
a 10 45 8
a 10 34 19
a 10 49 2
a 10 14 4
a 10 35 9
a 10 15 15
a 10 31 1
a 10 46 17
a 11 12 11
a 11 1 6
a 11 21 1
a 11 68 11
a 11 20 11
a 11 58 13
a 11 76 11
a 11 51 18
a 11 61 10
a 11 18 15
a 11 38 12
a 11 80 11
a 11 89 18
a 11 67 2
a 11 10 12
a 11 92 1
a 11 91 9
a 11 87 1
a 11 46 2
a 11 31 12
a 12 13 9
a 12 37 15
a 12 89 17
a 12 55 17
a 12 52 18
a 12 11 10
a 12 14 19
a 12 73 5
a 12 29 18
a 12 24 10
a 12 34 15
a 12 69 1
a 12 83 3
a 12 40 19
a 12 22 17
a 12 82 8
a 12 25 3
a 12 99 18
a 12 45 4
a 13 14 7
a 13 51 19
a 13 88 11
a 13 26 5
a 13 56 19
a 13 37 14
a 13 73 5
a 13 65 1
a 13 93 17
a 13 5 12
a 13 86 11
a 13 17 9
a 13 84 11
a 13 78 17
a 13 98 1
a 13 22 4
a 13 85 2
a 13 66 11
a 14 15 14
a 14 2 13
a 14 23 5
a 14 12 17
a 14 24 4
a 14 89 13
a 14 72 15
a 14 25 8
a 14 73 16
a 14 38 18
a 14 91 11
a 14 64 4
a 14 30 12
a 14 76 19
a 14 46 17
a 14 63 14
a 14 48 2
a 14 26 12
a 15 16 15
a 15 1 1
a 15 86 10
a 15 32 6
a 15 26 17
a 15 29 3
a 15 79 16
a 15 84 13
a 15 75 3
a 15 53 8
a 15 31 2
a 15 7 5
a 15 35 14
a 15 46 7
a 15 60 8
a 15 65 15
a 15 62 15
a 15 39 1
a 15 64 9
a 16 17 2
a 16 88 14
a 16 83 18
a 16 99 3
a 16 33 18
a 16 68 1
a 16 76 14
a 16 41 11
a 16 56 10
a 16 35 5
a 16 69 12
a 16 55 19
a 16 51 10
a 16 95 19
a 16 71 9
a 16 73 7
a 16 75 11
a 17 18 17
a 17 10 11
a 17 80 12
a 17 68 18
a 17 55 19
a 17 16 17
a 17 92 5
a 17 58 3
a 17 44 10
a 17 79 14
a 17 4 13
a 17 24 1
a 17 49 2
a 17 88 6
a 17 76 17
a 17 47 1
a 17 29 17
a 18 19 12
a 18 13 12
a 18 64 12
a 18 26 10
a 18 7 11
a 18 45 10
a 18 35 12
a 18 81 13
a 18 27 17
a 18 30 13
a 18 5 16
a 18 66 5
a 18 23 17
a 18 51 7
a 18 20 13
a 18 24 5
a 18 83 11
a 18 54 14
a 18 72 1
a 18 55 9
a 18 58 3
a 18 28 16
a 18 50 2
a 19 20 1
a 19 33 16
a 19 89 7
a 19 27 15
a 19 39 12
a 19 23 18
a 19 58 5
a 19 51 10
a 19 57 15
a 19 4 15
a 19 94 15
a 19 10 18
a 19 50 13
a 19 85 5
a 19 2 8
a 19 81 10
a 19 48 2
a 19 13 8
a 20 21 15
a 20 99 8
a 20 41 19
a 20 51 9
a 20 92 2
a 20 13 17
a 20 60 7
a 20 12 9
a 20 95 10
a 20 36 4
a 20 84 2
a 20 45 3
a 20 81 19
a 20 1 15
a 20 91 12
a 20 7 4
a 20 66 11
a 20 96 9
a 20 23 6
a 20 87 3
a 20 70 4
a 20 89 16
a 20 9 4
a 21 22 19
a 21 9 15
a 21 60 7
a 21 33 14
a 21 17 18
a 21 74 5
a 21 38 18
a 21 27 7
a 21 68 6
a 21 35 17
a 21 69 10
a 21 26 5
a 21 13 6
a 22 23 12
a 22 16 8
a 22 97 17
a 22 99 7
a 22 43 14
a 22 50 17
a 22 65 13
a 22 95 6
a 22 1 4
a 22 70 17
a 22 18 10
a 22 12 10
a 22 13 16
a 22 91 14
a 22 59 6
a 22 32 13
a 22 6 14
a 22 67 18
a 22 48 9
a 22 15 16
a 22 24 10
a 22 84 3
a 22 54 14
a 22 49 8
a 22 5 16
a 22 14 18
a 22 92 1
a 22 21 11
a 23 24 11
a 23 11 6
a 23 49 14
a 23 28 4
a 23 18 5
a 23 94 5
a 23 79 4
a 23 59 3
a 23 21 16
a 23 36 18
a 23 2 1
a 23 45 4
a 23 7 19
a 23 80 11
a 23 16 11
a 23 14 9
a 23 44 19
a 23 53 17
a 23 83 1
a 23 82 4
a 23 30 10
a 23 90 11
a 23 71 6
a 24 25 18
a 24 9 13
a 24 99 10
a 24 37 9
a 24 38 13
a 24 89 19
a 24 23 7
a 24 90 19
a 24 8 14
a 24 16 1
a 24 73 5
a 24 68 13
a 24 62 13
a 24 75 18
a 24 28 12
a 24 20 4
a 24 5 14
a 24 12 18
a 24 32 18
a 24 83 15
a 24 96 10
a 24 42 8
a 24 72 10
a 24 31 7
a 24 14 17
a 24 27 13
a 25 26 6
a 25 59 8
a 25 91 9
a 25 22 6
a 25 90 15
a 25 54 13
a 25 14 14
a 25 10 19
a 25 62 19
a 25 89 6
a 25 57 1
a 25 53 9
a 25 36 8
a 25 74 2
a 25 75 4
a 25 85 18
a 25 44 4
a 25 7 2
a 25 66 8
a 25 9 2
a 26 27 5
a 26 54 12
a 26 74 14
a 26 62 9
a 26 10 17
a 26 31 1
a 26 40 8
a 26 47 13
a 26 16 12
a 26 55 10
a 26 53 16
a 26 87 5
a 26 58 15
a 26 89 11
a 26 38 8
a 26 65 1
a 26 18 16
a 26 12 9
a 26 7 13
a 26 91 8
a 26 56 17
a 27 28 6
a 27 68 16
a 27 1 4
a 27 90 2
a 27 91 10
a 27 57 16
a 27 12 6
a 27 2 8
a 27 55 3
a 27 37 1
a 27 99 17
a 27 73 7
a 27 47 19
a 27 4 15
a 27 36 7
a 27 32 16
a 27 89 5
a 27 15 15
a 27 29 3
a 27 69 5
a 27 87 10
a 27 76 2
a 27 86 11
a 27 75 11
a 28 29 19
a 28 95 2
a 28 36 15
a 28 1 8
a 28 25 8
a 28 22 10
a 28 49 2
a 28 62 10
a 28 74 3
a 28 88 14
a 28 52 10
a 28 30 11
a 28 23 14
a 28 69 17
a 28 45 17
a 28 46 16
a 28 97 6
a 28 47 6
a 28 4 2
a 28 42 1
a 28 90 8
a 28 37 18
a 28 71 5
a 28 26 6
a 28 82 17
a 28 61 6
a 28 10 10
a 28 89 1
a 28 9 13
a 29 30 1
a 29 4 2
a 29 83 3
a 29 51 6
a 29 71 18
a 29 46 8
a 29 76 6
a 29 50 6
a 29 99 9
a 29 62 6
a 29 53 18
a 29 68 6
a 29 91 4
a 29 88 11
a 29 2 8
a 29 57 16
a 29 98 7
a 30 31 19
a 30 99 2
a 30 29 3
a 30 79 9
a 30 24 19
a 30 93 8
a 30 33 18
a 30 82 1
a 30 43 15
a 30 89 13
a 30 16 14
a 30 38 10
a 30 74 14
a 30 21 13
a 30 11 13
a 30 45 10
a 30 85 19
a 30 60 8
a 30 53 11
a 30 50 13
a 30 78 15
a 30 26 3
a 30 62 4
a 30 22 18
a 30 80 18
a 30 81 8
a 31 32 5
a 31 78 4
a 31 29 1
a 31 25 19
a 31 41 14
a 31 33 7
a 31 73 6
a 31 17 11
a 31 80 16
a 31 39 1
a 31 47 13
a 31 98 12
a 31 18 12
a 31 67 14
a 31 1 4
a 31 86 19
a 31 55 1
a 31 6 19
a 31 62 10
a 31 40 6
a 31 48 2
a 31 75 6
a 31 68 4
a 31 45 8
a 31 11 11
a 32 33 6
a 32 43 6
a 32 69 4
a 32 29 14
a 32 6 4
a 32 40 8
a 32 66 4
a 32 57 14
a 32 82 14
a 32 83 9
a 32 21 10
a 32 70 10
a 32 59 2
a 32 87 10
a 32 77 19
a 32 93 7
a 33 34 16
a 33 98 16
a 33 20 7
a 33 67 10
a 33 77 9
a 33 30 13
a 33 5 11
a 33 1 9
a 33 28 13
a 33 47 12
a 33 62 9
a 33 52 17
a 33 81 15
a 33 15 10
a 34 35 10
a 34 66 15
a 34 21 11
a 34 58 17
a 34 52 16
a 34 90 12
a 34 71 6
a 34 43 11
a 34 79 7
a 34 1 3
a 34 93 4
a 34 83 15
a 34 87 15
a 34 50 14
a 34 14 18
a 34 19 16
a 34 9 11
a 34 81 4
a 34 37 9
a 34 82 11
a 34 17 17
a 34 23 1
a 34 60 15
a 34 62 12
a 34 40 7
a 34 20 5
a 34 80 5
a 35 36 16
a 35 70 15
a 35 2 10
a 35 88 8
a 35 89 12
a 35 10 16
a 35 34 9
a 35 74 17
a 35 6 8
a 35 14 7
a 35 55 4
a 35 25 10
a 35 64 18
a 35 90 5
a 35 30 19
a 35 98 12
a 35 13 16
a 35 5 2
a 35 99 14
a 35 54 9
a 35 91 8
a 35 39 10
a 35 50 5
a 35 84 18
a 35 53 9
a 36 37 11
a 36 25 7
a 36 8 11
a 36 6 4
a 36 62 13
a 36 21 7
a 36 68 6
a 36 48 9
a 36 34 13
a 36 46 13
a 36 56 11
a 36 27 15
a 36 19 7
a 36 51 12
a 36 24 14
a 36 64 17
a 36 7 5
a 36 83 18
a 36 42 14
a 36 29 2
a 36 88 10
a 36 90 8
a 36 30 17
a 37 38 11
a 37 5 12
a 37 71 14
a 37 76 1
a 37 45 19
a 37 99 14
a 37 40 18
a 37 62 15
a 37 42 6
a 37 91 9
a 37 55 14
a 37 95 12
a 37 75 15
a 37 79 1
a 37 12 13
a 37 6 1
a 37 46 5
a 37 53 14
a 37 33 8
a 37 51 9
a 37 84 19
a 37 66 7
a 37 60 8
a 37 2 18
a 37 8 11
a 38 39 18
a 38 49 7
a 38 4 3
a 38 61 6
a 38 75 12
a 38 43 7
a 38 70 7
a 38 9 8
a 38 66 15
a 38 89 12
a 38 28 8
a 38 25 17
a 38 45 7
a 38 58 14
a 38 73 19
a 38 46 2
a 38 22 7
a 38 72 13
a 38 67 18
a 38 83 10
a 38 35 8
a 38 13 18
a 39 40 7
a 39 27 19
a 39 73 9
a 39 96 12
a 39 58 15
a 39 47 5
a 39 50 8
a 39 22 1
a 39 59 14
a 39 4 15
a 39 85 10
a 39 10 14
a 39 88 1
a 39 55 5
a 39 29 17
a 39 25 4
a 39 72 9
a 39 16 13
a 39 30 8
a 39 26 2
a 39 66 9
a 39 89 16
a 39 84 15
a 39 45 18
a 40 41 2
a 40 96 16
a 40 49 12
a 40 10 5
a 40 93 12
a 40 19 3
a 40 8 3
a 40 15 12
a 40 23 8
a 40 89 9
a 40 56 6
a 40 36 9
a 40 77 1
a 40 6 12
a 40 87 14
a 40 98 7
a 40 33 17
a 40 2 18
a 40 50 17
a 40 57 9
a 40 68 19
a 40 79 12
a 40 9 3
a 40 45 9
a 40 64 9
a 41 42 16
a 41 97 2
a 41 21 3
a 41 31 10
a 41 9 5
a 41 45 18
a 41 55 5
a 41 40 15
a 41 49 3
a 41 22 4
a 41 71 2
a 42 43 12
a 42 31 2
a 42 52 9
a 42 65 9
a 42 88 13
a 42 32 18
a 42 99 14
a 42 71 6
a 42 93 17
a 42 53 3
a 42 25 17
a 42 14 2
a 42 75 1
a 42 9 10
a 42 63 5
a 43 44 16
a 43 11 12
a 43 99 9
a 43 39 13
a 43 35 10
a 43 79 1
a 43 80 15
a 43 37 17
a 43 72 10
a 43 30 6
a 43 55 19
a 43 10 15
a 43 42 2
a 43 77 3
a 43 93 11
a 43 18 10
a 43 4 7
a 43 24 12
a 43 68 10
a 43 94 5
a 43 27 2
a 43 97 17
a 43 16 16
a 43 51 13
a 44 45 18
a 44 51 14
a 44 53 8
a 44 49 3
a 44 33 11
a 44 97 2
a 44 64 2
a 44 29 2
a 44 47 19
a 44 32 7
a 44 61 16
a 44 84 9
a 44 50 15
a 45 46 18
a 45 49 15
a 45 81 9
a 45 8 8
a 45 34 6
a 45 63 19
a 45 88 6
a 45 51 6
a 45 93 4
a 45 70 15
a 45 21 8
a 45 24 12
a 45 59 18
a 45 77 17
a 45 78 5
a 45 69 9
a 45 31 11
a 45 39 17
a 45 60 9
a 46 47 1
a 46 30 13
a 46 25 18
a 46 73 18
a 46 48 10
a 46 65 11
a 46 84 7
a 46 58 2
a 46 88 19
a 46 27 5
a 46 78 14
a 46 91 2
a 46 98 9
a 46 57 11
a 46 17 18
a 46 37 3
a 46 9 5
a 46 72 8
a 47 48 7
a 47 44 1
a 47 80 6
a 47 66 19
a 47 39 9
a 47 22 17
a 47 50 6
a 47 26 3
a 47 11 10
a 47 99 16
a 47 58 5
a 47 27 19
a 47 33 12
a 47 67 8
a 47 94 15
a 47 88 16
a 47 57 4
a 47 34 6
a 47 78 12
a 48 49 6
a 48 26 3
a 48 75 8
a 48 72 8
a 48 41 11
a 48 50 15
a 48 81 11
a 48 55 11
a 48 35 17
a 48 8 7
a 48 12 8
a 48 86 12
a 48 28 8
a 48 90 3
a 48 61 18
a 48 25 5
a 48 9 6
a 48 31 3
a 48 82 6
a 48 23 14
a 49 50 16
a 49 93 9
a 49 35 13
a 49 25 15
a 49 39 10
a 49 91 4
a 49 37 2
a 49 36 5
a 49 2 5
a 49 53 15
a 49 66 15
a 49 57 5
a 49 8 19
a 49 11 9
a 49 51 19
a 49 61 14
a 49 9 5
a 50 51 18
a 50 96 10
a 50 55 8
a 50 11 6
a 50 61 3
a 50 79 10
a 50 53 18
a 50 46 3
a 50 90 2
a 50 94 18
a 50 43 14
a 50 14 9
a 50 35 7
a 50 75 8
a 50 36 4
a 50 81 15
a 50 56 1
a 51 52 11
a 51 78 17
a 51 56 1
a 51 69 2
a 51 32 5
a 51 44 8
a 51 80 8
a 51 12 2
a 51 6 9
a 51 92 2
a 51 55 2
a 51 62 8
a 51 26 8
a 51 72 6
a 51 14 12
a 51 68 13
a 51 25 8
a 51 42 3
a 51 82 19
a 51 86 6
a 51 22 15
a 52 53 17
a 52 5 19
a 52 96 17
a 52 6 12
a 52 21 11
a 52 82 1
a 52 27 10
a 52 25 10
a 52 50 14
a 52 18 8
a 52 67 7
a 52 39 17
a 52 34 15
a 53 54 19
a 53 92 3
a 53 32 6
a 53 6 9
a 53 86 7
a 53 38 16
a 53 15 2
a 53 5 11
a 53 48 7
a 53 55 6
a 53 16 16
a 53 17 16
a 53 18 15
a 53 83 4
a 53 8 11
a 53 60 8
a 54 55 10
a 54 84 1
a 54 20 10
a 54 5 12
a 54 1 3
a 54 83 7
a 54 60 9
a 54 16 13
a 54 51 15
a 54 64 1
a 54 66 10
a 54 61 3
a 54 63 15
a 54 86 17
a 54 8 2
a 54 40 11
a 54 28 9
a 55 56 8
a 55 43 4
a 55 47 1
a 55 66 7
a 55 62 14
a 55 24 1
a 55 15 17
a 55 70 8
a 55 89 7
a 55 10 9
a 55 1 6
a 55 49 16
a 55 68 15
a 55 75 17
a 55 93 2
a 55 20 14
a 55 28 1
a 55 12 6
a 55 13 6
a 56 57 1
a 56 52 10
a 56 22 14
a 56 55 4
a 56 32 11
a 56 47 14
a 56 64 15
a 56 49 12
a 56 11 9
a 56 53 2
a 56 4 10
a 56 21 2
a 56 23 3
a 56 83 9
a 56 54 5
a 56 69 17
a 56 75 6
a 56 29 6
a 56 88 19
a 56 93 17
a 56 78 10
a 56 42 2
a 56 17 8
a 56 59 19
a 56 10 12
a 57 58 8
a 57 12 17
a 57 59 3
a 57 73 19
a 57 25 6
a 57 38 10
a 57 71 3
a 57 9 9
a 57 15 8
a 57 65 19
a 57 96 11
a 57 98 14
a 57 31 14
a 57 74 16
a 57 20 9
a 57 45 4
a 57 72 9
a 57 56 3
a 57 16 3
a 57 61 16
a 57 92 2
a 58 59 3
a 58 66 19
a 58 12 18
a 58 39 8
a 58 27 17
a 58 48 13
a 58 2 2
a 58 69 7
a 58 71 14
a 58 42 16
a 58 3 10
a 58 76 19
a 58 16 17
a 58 52 8
a 58 77 18
a 58 8 11
a 58 73 12
a 58 22 2
a 58 49 3
a 58 54 17
a 58 26 10
a 58 33 19
a 58 43 16
a 58 23 10
a 59 60 15
a 59 90 17
a 59 96 7
a 59 49 7
a 59 61 8
a 59 42 5
a 59 43 16
a 59 81 11
a 59 51 4
a 59 57 19
a 59 18 13
a 59 38 15
a 59 6 10
a 59 97 13
a 59 93 10
a 59 54 19
a 59 44 5
a 59 82 15
a 59 39 19
a 59 20 2
a 60 61 14
a 60 33 9
a 60 27 17
a 60 9 15
a 60 87 15
a 60 8 12
a 60 80 12
a 60 36 1
a 60 47 1
a 60 53 10
a 60 71 18
a 60 59 17
a 60 50 8
a 60 5 8
a 60 57 8
a 60 83 3
a 60 54 2
a 60 37 17
a 60 42 5
a 60 74 8
a 61 62 4
a 61 48 1
a 61 25 16
a 61 64 13
a 61 49 19
a 61 46 8
a 61 32 1
a 61 82 2
a 61 85 3
a 61 2 2
a 61 72 8
a 61 47 15
a 61 18 6
a 61 15 1
a 61 42 10
a 61 29 1
a 61 93 1
a 61 31 9
a 61 20 19
a 61 7 16
a 61 65 10
a 61 33 4
a 61 67 18
a 61 22 4
a 61 90 9
a 61 92 6
a 62 63 2
a 62 21 17
a 62 94 14
a 62 18 19
a 62 73 9
a 62 51 16
a 62 54 3
a 62 93 13
a 62 39 15
a 62 59 6
a 62 85 12
a 62 58 12
a 62 52 10
a 62 90 19
a 62 3 17
a 62 31 5
a 62 36 5
a 62 53 16
a 63 64 17
a 63 15 7
a 63 65 1
a 63 62 16
a 63 85 10
a 63 38 3
a 63 97 7
a 63 16 4
a 63 17 19
a 63 71 17
a 63 46 17
a 63 99 14
a 63 94 8
a 63 44 3
a 63 67 1
a 63 86 9
a 63 88 6
a 63 24 5
a 63 31 5
a 64 65 13
a 64 57 13
a 64 53 16
a 64 85 11
a 64 94 5
a 64 81 6
a 64 26 3
a 64 8 10
a 64 10 19
a 64 59 16
a 64 11 5
a 64 61 6
a 64 66 13
a 64 12 15
a 64 22 17
a 64 92 4
a 64 86 8
a 64 18 2
a 64 47 7
a 64 49 16
a 64 62 10
a 64 7 15
a 64 52 15
a 64 72 4
a 65 66 2
a 65 3 11
a 65 6 11
a 65 98 18
a 65 93 8
a 65 5 1
a 65 87 19
a 65 91 4
a 65 26 13
a 65 84 15
a 65 23 19
a 65 25 12
a 65 19 12
a 65 60 18
a 65 81 5
a 65 83 16
a 65 63 5
a 65 53 12
a 65 97 19
a 65 69 2
a 65 55 18
a 65 21 13
a 66 67 5
a 66 85 2
a 66 80 17
a 66 94 17
a 66 26 2
a 66 89 6
a 66 71 1
a 66 5 10
a 66 78 6
a 66 69 15
a 66 63 6
a 66 16 16
a 66 42 6
a 66 17 3
a 66 41 4
a 66 6 4
a 66 56 15
a 66 44 6
a 66 39 4
a 66 48 10
a 67 68 5
a 67 23 6
a 67 70 3
a 67 42 6
a 67 28 8
a 67 44 1
a 67 16 3
a 67 71 19
a 67 13 11
a 67 6 4
a 67 69 6
a 67 40 6
a 67 25 12
a 67 35 16
a 67 37 12
a 67 95 19
a 67 1 3
a 67 26 16
a 67 56 9
a 67 79 12
a 67 36 7
a 67 38 18
a 67 54 3
a 67 66 17
a 67 20 14
a 68 69 12
a 68 83 16
a 68 80 4
a 68 9 4
a 68 20 2
a 68 15 4
a 68 48 14
a 68 59 3
a 68 42 6
a 68 90 10
a 68 95 15
a 68 70 9
a 68 8 8
a 68 78 11
a 68 23 19
a 68 43 12
a 68 33 13
a 68 14 15
a 69 70 17
a 69 86 7
a 69 89 16
a 69 77 4
a 69 31 10
a 69 40 1
a 69 33 17
a 69 87 18
a 69 24 6
a 69 64 9
a 69 90 17
a 69 78 2
a 69 38 3
a 69 56 6
a 69 74 15
a 69 13 18
a 69 55 3
a 69 21 4
a 69 76 9
a 69 85 10
a 69 97 2
a 69 57 16
a 69 4 10
a 69 45 3
a 70 71 7
a 70 10 17
a 70 91 12
a 70 96 10
a 70 85 11
a 70 79 2
a 70 87 18
a 70 54 2
a 70 37 11
a 70 6 8
a 70 44 6
a 70 47 13
a 70 67 3
a 70 74 1
a 70 30 19
a 70 27 2
a 70 88 5
a 70 76 14
a 70 82 15
a 70 99 18
a 70 3 1
a 70 81 3
a 70 53 17
a 70 20 1
a 70 52 14
a 70 57 14
a 70 18 7
a 71 72 16
a 71 78 2
a 71 76 6
a 71 89 16
a 71 9 8
a 71 52 17
a 71 34 10
a 71 31 11
a 71 53 10
a 71 54 12
a 71 14 1
a 71 97 3
a 71 22 4
a 71 79 11
a 71 20 2
a 71 92 6
a 71 69 12
a 71 2 8
a 71 11 3
a 71 88 5
a 71 19 2
a 71 65 9
a 71 94 1
a 71 3 14
a 71 46 18
a 71 63 9
a 71 87 12
a 72 73 1
a 72 24 16
a 72 50 3
a 72 14 17
a 72 28 10
a 72 21 6
a 72 42 6
a 72 76 18
a 72 51 13
a 72 11 2
a 72 41 4
a 72 22 1
a 72 74 13
a 72 44 12
a 72 29 7
a 72 81 10
a 72 10 17
a 72 65 16
a 72 31 14
a 72 27 11
a 72 88 11
a 72 54 4
a 73 74 10
a 73 59 14
a 73 90 11
a 73 4 9
a 73 22 15
a 73 62 12
a 73 31 4
a 73 55 7
a 73 79 12
a 73 51 5
a 73 95 10
a 73 46 8
a 73 39 16
a 73 28 17
a 73 48 3
a 73 7 18
a 73 41 12
a 73 88 11
a 74 75 4
a 74 15 14
a 74 65 12
a 74 92 19
a 74 70 5
a 74 67 17
a 74 59 17
a 74 86 9
a 74 16 6
a 74 36 3
a 74 96 6
a 74 34 9
a 74 39 11
a 74 64 12
a 74 30 19
a 74 24 3
a 75 76 13
a 75 40 7
a 75 82 5
a 75 37 8
a 75 18 14
a 75 90 1
a 75 52 8
a 75 7 19
a 75 65 11
a 75 47 4
a 75 29 12
a 75 66 16
a 75 24 18
a 75 83 5
a 75 85 15
a 75 15 9
a 75 53 12
a 75 81 15
a 75 38 4
a 75 99 6
a 75 50 6
a 75 78 3
a 76 77 2
a 76 25 15
a 76 12 9
a 76 93 13
a 76 87 7
a 76 74 15
a 76 83 7
a 76 86 9
a 76 5 6
a 76 35 17
a 76 57 3
a 76 95 11
a 76 99 19
a 76 85 3
a 76 37 16
a 77 78 5
a 77 83 2
a 77 17 10
a 77 51 1
a 77 1 10
a 77 20 17
a 77 49 14
a 77 75 15
a 77 31 9
a 77 45 6
a 77 24 4
a 77 61 9
a 77 85 3
a 78 79 1
a 78 44 14
a 78 94 8
a 78 74 13
a 78 69 1
a 78 30 8
a 78 22 18
a 78 89 2
a 78 29 4
a 78 67 8
a 78 66 16
a 78 70 13
a 78 46 14
a 79 80 12
a 79 39 16
a 79 31 19
a 79 3 2
a 79 65 16
a 79 36 8
a 79 11 18
a 79 43 10
a 79 87 10
a 79 18 7
a 79 97 4
a 79 17 13
a 79 88 6
a 80 81 7
a 80 70 6
a 80 97 13
a 80 30 16
a 80 20 3
a 80 94 14
a 80 66 5
a 80 40 17
a 80 65 11
a 80 17 6
a 80 3 7
a 80 48 4
a 80 8 18
a 80 41 19
a 80 25 9
a 80 9 9
a 80 18 7
a 80 45 5
a 80 88 4
a 80 60 10
a 80 67 15
a 80 69 3
a 81 82 13
a 81 23 12
a 81 61 3
a 81 10 11
a 81 75 14
a 81 59 3
a 81 14 5
a 81 18 15
a 81 46 4
a 81 47 8
a 81 17 12
a 81 79 14
a 81 58 18
a 81 62 5
a 81 86 13
a 82 83 3
a 82 54 11
a 82 58 1
a 82 64 9
a 82 34 18
a 82 37 8
a 82 23 6
a 82 26 8
a 82 98 7
a 82 6 10
a 82 66 5
a 82 87 19
a 82 46 6
a 82 11 6
a 82 62 3
a 82 75 16
a 82 31 12
a 83 84 5
a 83 95 11
a 83 69 9
a 83 3 13
a 83 67 19
a 83 23 11
a 83 82 2
a 83 72 18
a 83 10 14
a 83 61 9
a 83 22 16
a 83 5 6
a 83 35 4
a 83 45 15
a 83 17 2
a 83 28 10
a 83 87 14
a 83 91 9
a 84 85 12
a 84 8 8
a 84 6 16
a 84 57 6
a 84 23 3
a 84 66 14
a 84 89 2
a 84 62 3
a 84 40 15
a 84 28 9
a 84 34 16
a 84 70 11
a 84 58 12
a 84 71 13
a 84 51 15
a 84 11 10
a 84 61 16
a 84 98 19
a 84 93 10
a 84 68 13
a 84 48 18
a 84 29 14
a 84 81 6
a 85 86 13
a 85 32 5
a 85 3 12
a 85 16 5
a 85 27 11
a 85 31 18
a 85 37 1
a 85 51 4
a 85 24 15
a 85 49 3
a 85 78 17
a 85 17 10
a 85 80 11
a 85 23 17
a 85 35 19
a 85 45 1
a 85 21 7
a 85 43 17
a 85 13 4
a 85 7 13
a 85 8 19
a 86 87 17
a 86 71 7
a 86 69 2
a 86 49 13
a 86 23 1
a 86 29 17
a 86 74 15
a 86 88 14
a 86 26 11
a 86 9 15
a 86 19 5
a 86 2 2
a 86 96 2
a 86 33 9
a 86 8 14
a 86 47 4
a 86 72 13
a 86 31 17
a 86 99 18
a 87 88 12
a 87 24 3
a 87 42 17
a 87 65 10
a 87 51 1
a 87 5 6
a 87 73 9
a 87 17 15
a 87 32 19
a 87 59 7
a 87 78 7
a 87 1 4
a 87 10 7
a 87 90 19
a 88 89 10
a 88 19 12
a 88 69 9
a 88 28 13
a 88 55 14
a 88 78 11
a 88 44 6
a 88 80 15
a 88 77 14
a 88 32 13
a 88 20 9
a 88 62 16
a 88 63 9
a 88 39 5
a 88 38 11
a 88 57 13
a 88 98 3
a 88 7 2
a 88 93 16
a 88 10 6
a 88 83 14
a 88 31 11
a 89 90 8
a 89 14 17
a 89 85 6
a 89 42 8
a 89 92 2
a 89 7 6
a 89 72 14
a 89 26 11
a 89 27 5
a 89 1 13
a 89 73 3
a 89 71 2
a 89 4 17
a 89 20 10
a 89 9 15
a 89 74 17
a 90 91 7
a 90 66 4
a 90 26 5
a 90 29 9
a 90 10 19
a 90 97 3
a 90 34 12
a 90 12 11
a 90 4 15
a 90 37 6
a 90 51 13
a 90 18 9
a 90 49 12
a 90 61 16
a 90 53 10
a 90 87 13
a 90 5 1
a 90 21 17
a 90 24 9
a 90 54 4
a 90 36 16
a 90 16 12
a 90 22 2
a 91 92 17
a 91 45 16
a 91 51 5
a 91 42 7
a 91 94 1
a 91 34 2
a 91 23 2
a 91 3 1
a 91 17 3
a 91 84 2
a 91 81 2
a 91 66 9
a 91 62 14
a 91 29 16
a 91 41 4
a 91 59 19
a 91 35 5
a 91 39 1
a 91 93 12
a 91 24 2
a 91 63 17
a 91 15 5
a 91 26 16
a 91 83 18
a 92 93 15
a 92 18 1
a 92 47 17
a 92 56 14
a 92 64 7
a 92 4 4
a 92 53 2
a 92 76 3
a 92 88 11
a 92 15 16
a 92 5 11
a 92 12 13
a 92 21 15
a 92 85 5
a 92 61 10
a 92 28 7
a 92 19 17
a 92 6 17
a 92 26 19
a 92 59 17
a 92 60 12
a 92 83 5
a 93 94 13
a 93 85 11
a 93 65 6
a 93 54 8
a 93 29 11
a 93 45 14
a 93 36 11
a 93 53 14
a 93 92 10
a 93 72 5
a 93 98 3
a 93 55 15
a 93 84 3
a 93 62 19
a 93 11 19
a 93 80 18
a 93 4 14
a 93 38 6
a 93 81 11
a 93 87 19
a 93 3 4
a 93 59 9
a 93 86 2
a 93 28 8
a 94 95 14
a 94 30 17
a 94 23 14
a 94 75 15
a 94 88 16
a 94 41 3
a 94 9 12
a 94 2 17
a 94 76 1
a 94 34 17
a 94 48 3
a 94 37 5
a 94 20 11
a 94 11 11
a 94 98 10
a 94 46 7
a 94 56 16
a 94 40 2
a 94 6 9
a 94 55 18
a 94 85 2
a 94 54 13
a 94 21 18
a 95 96 12
a 95 8 6
a 95 94 5
a 95 33 11
a 95 7 19
a 95 10 15
a 95 45 8
a 95 61 3
a 95 68 18
a 95 12 1
a 95 79 19
a 95 54 12
a 95 62 3
a 95 80 4
a 95 88 18
a 95 40 12
a 95 38 1
a 95 71 2
a 95 92 13
a 95 28 10
a 95 36 16
a 95 19 16
a 96 97 8
a 96 90 5
a 96 33 13
a 96 83 11
a 96 71 9
a 96 76 9
a 96 85 9
a 96 48 16
a 96 10 1
a 96 2 19
a 96 47 11
a 96 66 11
a 96 1 6
a 96 4 15
a 96 65 4
a 96 54 15
a 96 59 14
a 96 39 3
a 96 80 16
a 96 79 3
a 97 98 12
a 97 30 6
a 97 91 16
a 97 55 7
a 97 60 13
a 97 76 15
a 97 70 3
a 97 68 3
a 97 23 6
a 97 54 7
a 97 4 14
a 97 12 13
a 97 99 14
a 97 79 9
a 98 99 18
a 98 47 9
a 98 4 4
a 98 6 18
a 98 66 14
a 98 45 15
a 98 5 17
a 98 53 12
a 98 75 16
a 98 11 3
a 98 12 1
a 98 93 11
a 98 62 5
a 98 57 7
a 98 84 6
a 98 73 5
a 98 38 8
c 37 12 2 46 26
c 36 21 38 66 34
c 68 80 72 73 121
c 23 11 40 77 29
c 67 44 98 73 50
c 12 73 15 84 82
c 47 57 45 8 99
c 17 68 58 71 81
c 35 53 9 97 81
c 4 93 61 48 100
c 31 75 71 54 47
c 46 47 53 5 119
c 44 51 48 28 28
c 96 66 9 66 123
c 6 66 27 47 96
c 85 51 80 97 118
c 66 78 3 41 72
c 62 51 20 13 48
c 23 79 89 72 61
c 20 13 9 98 53
c 98 84 85 16 108
c 23 79 26 89 57
c 34 20 98 62 92
c 37 45 76 85 44
c 21 68 70 3 30
c 90 29 36 29 58
c 80 48 55 49 95
c 44 61 93 65 98
c 85 23 88 69 113
c 45 88 34 62 120
c 77 75 4 8 49
c 70 57 30 74 51
c 49 35 34 50 118
c 69 64 53 38 29
c 34 43 31 41 43
c 96 85 83 17 115
c 73 95 41 40 106
c 25 85 53 83 41
c 40 50 8 9 104
c 42 88 93 54 44
c 65 21 58 23 103
c 70 96 50 11 71
c 4 47 22 48 75
c 2 67 31 33 102
c 42 31 78 22 87
c 35 13 74 75 88
c 14 2 78 66 100
c 24 83 95 80 36
c 37 95 17 80 67
c 90 61 70 67 93
c 92 6 17 76 119
c 64 22 75 37 60
c 46 65 31 98 101
c 76 37 54 28 58
c 83 87 66 71 51
c 11 51 91 24 66
c 20 92 59 93 79
c 90 24 98 45 56
c 65 87 84 8 108
c 61 2 10 54 83
c 37 8 91 26 110
c 42 99 29 2 120
c 34 90 7 72 116
c 14 15 0 64 64
c 51 6 12 24 40
c 55 49 98 99 101
c 63 67 88 69 59
c 26 10 62 94 95
c 2 67 0 25 54
c 23 18 48 8 114
c 38 22 39 55 60
c 48 12 75 50 99
c 1 2 50 35 46
c 57 15 35 64 78
c 49 91 71 63 32
c 7 26 66 63 53
c 37 62 28 90 27
c 94 2 44 29 83
c 83 84 73 22 53
c 5 23 59 49 88
c 17 79 12 52 57
c 12 89 67 79 27
c 69 87 28 71 110
c 85 37 17 16 64
c 85 13 10 14 63
c 2 91 1 58 70
c 20 92 43 77 116
c 6 66 98 53 80
c 88 89 35 88 41
c 17 44 56 57 25
c 38 70 58 59 104
c 37 76 64 11 54
c 14 76 8 51 110
c 60 54 75 82 116
c 6 98 6 63 100
c 92 28 18 51 90
c 28 22 71 87 58
c 82 31 93 53 27
c 95 79 72 42 31
c 33 1 79 65 65
c 18 81 83 87 88
c 92 56 47 99 99
c 61 29 91 84 112
c 33 5 88 31 69
c 65 3 43 55 65
c 27 37 56 54 68
c 4 88 18 27 100
c 46 72 32 87 91
c 70 54 24 72 39
c 4 99 60 61 84
c 3 98 93 36 62
c 70 6 86 29 95
c 94 21 73 51 57
c 29 53 2 80 55
c 87 10 2 48 41
c 95 79 98 47 70
c 96 85 64 22 26
c 67 40 60 61 40
c 55 62 91 17 56
c 20 9 80 3 115
c 0 25 84 85 43
c 69 40 68 42 57
c 2 80 29 83 113
c 30 33 75 47 86
c 47 78 31 68 50
c 48 81 86 99 119
c 21 60 22 5 35
c 34 1 59 57 45
c 83 35 93 94 62
c 85 43 32 69 44
c 37 95 63 97 57
c 70 57 20 51 107
c 1 2 37 76 120
c 1 93 1 62 122
c 32 43 38 39 28
c 19 50 91 59 37
c 66 44 38 43 81
c 48 75 23 82 95
c 13 5 67 42 83
c 47 44 63 16 80
c 98 12 29 68 92
c 85 3 46 25 109
c 71 92 56 29 111
c 70 44 59 57 81
c 58 69 8 7 51
c 63 97 7 72 97
c 56 52 39 4 110
c 82 11 6 11 96
c 42 31 6 42 85
c 56 59 64 7 70
c 32 66 47 80 84
c 80 18 74 15 33
c 12 14 64 49 30
c 57 73 59 54 92
c 1 38 89 14 70
c 1 28 57 38 25
c 51 6 24 20 59
c 97 4 98 66 114
c 68 48 57 96 116
c 56 32 87 73 79
c 84 68 57 73 73
c 6 7 13 37 37
c 16 83 56 64 113
c 19 10 55 28 80
c 28 23 39 22 82
c 37 79 25 75 117
c 64 22 16 75 71
c 26 58 12 45 93
c 84 11 24 37 37
c 18 23 37 62 30
c 93 92 84 85 49
c 23 7 20 89 48
c 88 63 50 35 30
c 35 70 97 30 116
c 60 42 93 53 72
c 88 39 54 64 78
c 18 20 12 45 74
c 67 56 36 90 72
c 15 46 65 23 63
c 95 54 5 16 106
c 85 13 40 50 31
c 28 52 60 36 82
c 0 62 35 88 94
c 95 68 46 9 123
c 20 81 13 78 93
c 23 59 88 44 46
c 66 17 15 46 74
c 34 58 32 33 25
c 29 71 22 16 70
c 9 8 15 60 80
c 8 28 74 92 26
c 39 26 90 4 78
c 30 78 39 30 94
c 70 6 58 12 105
c 36 24 16 17 94
c 9 53 27 15 55
c 5 61 51 6 102
c 33 52 37 60 102
c 23 21 71 54 76
c 58 12 16 88 51
c 30 38 12 73 70
c 61 48 44 47 60
c 9 75 63 97 78
c 44 51 76 87 110
c 94 6 91 39 26
c 30 81 5 16 77
c 79 39 84 57 55
c 51 55 10 49 48
c 30 81 88 38 107
c 22 24 2 67 30
c 58 71 25 74 53
c 55 62 40 79 32
c 27 68 30 78 102
c 38 45 5 32 62
c 75 29 63 15 44
c 45 21 31 62 79
c 69 57 12 99 98
c 9 75 91 62 109
c 25 57 9 61 63
c 5 44 20 1 94
c 62 54 51 22 31
c 72 81 74 86 97
c 54 51 93 81 124
c 28 90 31 17 115
c 91 15 80 66 109
c 48 50 4 38 107
c 85 80 40 49 71
c 55 10 20 99 112
c 36 24 75 66 102
c 97 98 69 21 66
c 25 22 93 53 87
c 9 61 42 71 54
c 53 17 39 88 90
c 95 88 42 93 82
c 36 6 95 80 77
c 94 23 35 89 47
c 67 28 64 72 37
c 62 53 91 45 115
c 37 8 49 66 97
c 27 29 12 82 124
c 48 9 5 6 118
c 84 70 65 5 66
c 35 25 91 41 46
c 32 70 43 11 90
c 78 66 96 83 41
c 1 62 24 5 115
c 63 16 64 53 113
c 71 89 94 76 44
c 27 89 89 27 102
c 69 90 43 35 104
c 66 17 41 31 118
c 63 86 28 47 25
c 75 53 98 45 40
c 9 53 45 81 122
c 28 95 11 1 29
c 93 53 20 60 78
c 25 74 42 32 103
c 79 3 92 19 71
c 94 75 17 55 109
c 39 26 5 61 29
c 19 20 11 12 47
c 46 84 45 78 80
c 45 51 22 49 43
c 70 96 68 8 96
c 63 38 12 11 42
c 76 25 65 25 102
c 81 14 12 40 32
c 46 88 39 10 49
c 70 87 87 88 120
c 71 69 76 5 39
c 24 23 14 72 66
c 6 66 43 80 121
c 71 63 80 45 28
c 87 32 57 73 70
c 28 23 70 37 39
c 86 69 27 69 47
c 26 27 3 56 82
c 33 15 36 27 62
c 70 81 29 88 36
c 33 20 78 79 58
c 48 23 67 1 101
c 73 39 30 50 51
c 28 52 30 21 100
c 46 57 25 36 119
c 34 71 38 39 79
c 8 44 94 6 34
c 83 23 53 83 62
c 1 11 20 45 90
c 63 16 44 64 60
c 4 89 35 53 66
c 36 62 59 54 57
c 33 67 36 88 110
c 45 8 65 97 25
c 47 80 8 85 104
c 31 29 40 45 71
c 70 99 87 73 57
c 47 34 35 89 81
c 92 59 15 32 68
c 63 65 90 34 74
c 73 51 20 41 83
c 31 68 54 60 49
c 12 13 62 21 89
c 50 43 90 37 97
c 70 79 59 39 29
c 56 10 95 54 97
c 57 59 33 15 74
c 92 88 79 88 87
c 22 92 95 94 111
c 36 27 40 9 124
c 69 90 74 67 100
c 21 26 18 51 30
c 53 17 98 38 51
c 90 49 62 85 35
c 83 3 33 77 121
c 5 61 32 77 83
c 39 47 51 25 103
c 95 54 28 97 56
c 40 98 18 23 56
c 3 48 37 62 68
c 51 82 58 77 63
c 83 10 70 53 83
c 96 4 28 82 110
c 6 91 94 48 72
c 11 1 28 30 80
c 8 74 79 11 74
c 36 29 88 39 64
c 38 46 54 1 70
c 68 48 14 64 71
c 26 65 65 3 107
c 40 68 45 8 64
c 5 23 45 46 43
c 75 24 20 95 49
c 94 85 86 23 103
c 71 31 22 70 29
c 88 20 20 9 51
c 57 73 78 69 123
c 79 17 2 25 99
c 97 98 38 43 122
c 22 65 56 54 76
c 23 82 50 81 64
c 25 36 47 33 107
c 79 17 94 55 66
c 25 7 19 50 113
c 84 81 1 22 73
c 70 30 69 74 82
c 39 4 9 75 68
c 37 46 75 15 122
c 34 52 85 31 91
c 52 96 28 62 68
c 23 49 48 49 67
c 89 7 72 24 99
c 72 31 34 50 54
c 31 62 79 18 88
c 63 62 48 25 83
c 58 43 62 94 62
c 56 57 21 69 67
c 80 17 25 90 83
c 64 94 93 87 108
c 89 26 59 57 84
c 21 9 87 51 33
c 41 40 10 45 53
c 67 69 36 42 68
c 86 31 83 3 41
c 90 37 32 29 65
c 61 42 51 72 84
c 69 40 3 83 83
c 73 39 61 65 96
c 14 30 17 16 67
c 30 38 92 4 79
c 10 69 98 57 106
c 78 74 0 71 60
c 46 78 25 22 92
c 31 39 76 74 107
c 18 7 71 97 48
c 9 16 77 20 97
c 55 20 11 21 113
c 72 21 71 11 41
c 53 15 87 78 62
c 70 10 39 30 92
c 91 23 37 91 53
c 45 77 34 81 81
c 91 51 15 75 82
c 87 78 11 89 98
c 78 67 50 36 112
c 5 85 60 54 70
c 90 51 71 22 91
c 35 89 46 98 85
c 76 35 86 31 60
c 27 47 12 99 107
c 88 78 52 5 65
c 74 65 5 23 108
c 24 25 57 98 95
c 13 88 30 89 84
c 90 29 92 56 25
c 93 4 52 50 71
c 18 20 3 98 85
c 17 47 52 82 124
c 14 73 70 3 98
c 92 4 23 59 55
c 29 50 86 33 57
c 56 78 53 92 47
c 80 94 19 39 31
c 33 30 35 84 83
c 40 8 91 62 117
c 70 96 66 6 63
c 77 61 75 66 100
c 19 81 3 17 35
c 60 37 72 29 84
c 27 69 57 16 93
c 37 66 7 20 99
c 41 97 31 67 96
c 0 64 29 88 50
c 70 88 16 76 43
c 60 87 89 20 75
c 59 97 72 24 99
c 27 89 80 41 78
c 43 10 35 6 64
c 74 39 24 8 56
c 68 69 19 51 103
c 72 42 83 35 81
c 34 37 73 41 34
c 59 57 11 18 45
c 75 47 58 8 73
c 93 84 75 52 124
c 6 98 47 78 73
c 15 35 15 65 53
c 43 24 35 6 92
c 22 50 72 11 104
c 84 23 87 10 106
c 42 32 88 69 90
c 77 17 9 36 89
c 92 19 19 20 108
c 49 35 22 50 43
c 93 55 50 14 58
c 76 57 10 56 83
c 10 34 72 44 53
c 42 32 97 60 60
c 68 8 86 74 25
c 43 27 30 11 26
c 82 62 62 54 72
c 92 53 11 46 81
c 37 76 27 4 116
c 66 94 91 26 90
c 43 93 73 41 112
c 72 41 12 29 65
c 64 59 19 27 117
c 10 33 56 47 115
c 35 84 83 17 46
c 12 82 2 26 62
c 75 85 37 45 117
c 23 28 80 30 122
c 22 50 25 22 119
c 13 78 84 70 106
c 58 73 86 99 41
c 95 7 63 16 94
c 95 88 12 40 58
c 91 66 48 90 121
c 54 1 82 34 87
c 34 19 36 19 122
c 84 85 71 46 71
c 49 39 25 74 43
c 15 64 55 10 84
c 56 11 2 48 66
c 70 57 50 53 52
c 84 57 54 16 28
c 87 32 77 78 119
c 23 28 73 46 31
c 43 94 21 9 32
c 66 42 70 88 79
c 61 93 36 19 120
c 52 21 91 42 120
c 57 12 65 26 105
c 27 87 12 14 39
c 28 36 3 83 100
c 70 10 96 48 35
c 80 88 39 50 40
c 69 74 42 52 122
c 56 69 54 28 114
c 39 50 88 20 39
c 92 28 66 63 27
c 0 64 18 5 36
c 97 76 32 69 26
c 90 97 89 90 55
c 1 38 75 82 120
c 38 61 29 68 100
c 12 99 22 18 73
c 89 27 36 42 118
c 5 12 23 14 86
c 70 91 89 20 60
c 29 71 11 80 63
c 58 66 11 87 44
c 88 80 3 17 30
c 64 72 91 24 42
c 43 37 67 44 50
c 73 95 67 42 98
c 43 80 8 2 31
c 46 72 46 84 113
c 48 55 43 18 101
c 15 79 31 33 72
c 74 75 96 85 83
c 17 49 49 57 87
c 5 61 91 24 67
c 14 15 33 77 71
c 17 16 77 31 79
c 62 85 59 81 83
c 87 10 10 45 101
c 19 89 6 7 124
c 96 80 8 28 58
c 57 72 90 61 57
c 14 26 66 6 58
c 59 18 70 91 44
c 51 56 87 17 70
c 31 33 46 9 62
c 49 39 63 65 39
c 3 98 47 67 45
c 45 88 19 4 108
c 24 5 50 36 65
c 95 94 18 66 118
c 72 65 37 38 47
c 71 52 7 8 89
c 4 71 32 87 93
c 29 99 91 62 38
c 60 71 37 84 67
c 79 80 39 66 93
c 36 6 56 11 39
c 83 17 32 33 46
c 31 1 72 42 78
c 14 15 30 16 42
c 36 83 82 37 79
c 32 66 4 71 103
c 67 79 22 32 59
c 21 13 49 2 94
c 67 20 65 66 71
c 83 67 40 87 119
c 83 28 38 67 73
c 38 46 67 66 66
c 30 33 43 24 38
c 56 42 94 95 47
c 24 28 72 29 62
c 70 30 38 67 65
c 81 79 55 12 42
c 35 64 71 89 111
c 85 16 57 96 43
c 73 55 52 5 37
c 15 35 10 37 53
c 93 92 61 90 92
c 92 83 39 84 114
c 16 33 22 6 41
c 96 48 97 68 105
c 6 15 3 90 93
c 59 49 91 81 73
c 32 57 28 26 34
c 17 55 52 53 38
c 43 18 91 17 121
c 97 79 76 35 96
c 7 50 30 62 116
c 88 93 34 83 85
c 80 67 72 22 77
c 57 38 85 27 54
c 89 7 58 49 38
c 75 52 47 50 87
c 35 64 37 60 62
c 65 66 65 91 106
c 65 84 79 80 45
c 81 75 43 18 73
c 80 81 22 6 26
c 71 14 20 12 49
c 48 23 11 46 70
c 95 71 36 88 73
c 18 20 58 39 101
c 56 11 58 76 101
c 39 72 88 63 28
c 2 65 65 63 31
c 97 54 2 90 106
c 22 16 27 1 117
c 71 3 58 71 85
c 92 93 8 52 40
c 95 36 48 9 96
c 10 45 21 35 50
c 3 17 58 27 77
c 49 8 5 6 97
c 24 8 58 66 76
c 30 24 59 49 121
c 64 7 78 89 102
c 69 70 89 74 54
c 59 6 76 37 31
c 58 3 66 80 39
c 5 91 72 14 54
c 93 92 67 13 54
c 43 51 77 24 95
c 11 21 66 69 36
c 98 12 59 38 116
c 21 35 93 81 37
c 67 28 56 49 122
c 41 71 86 87 75
c 4 93 57 9 28
c 88 69 16 56 57
c 84 8 11 31 44
c 90 49 54 64 73
c 72 41 67 68 66
c 24 14 37 51 94
c 5 12 10 69 78
c 47 48 91 66 104
c 34 66 3 83 54
c 2 46 38 22 63
c 92 47 49 50 80
c 35 70 68 59 26
c 55 28 60 80 41
c 38 70 91 66 51
c 98 47 37 5 67
c 43 55 18 30 25
c 93 87 58 33 47
c 37 42 48 28 122
c 15 75 97 70 28
c 33 15 35 54 96
c 47 33 45 93 95
c 74 96 46 65 96
c 18 23 15 64 73
c 79 43 69 76 40
c 72 88 83 67 102
c 33 67 25 36 82
c 9 24 75 78 35
c 57 73 80 25 110
c 28 82 22 48 122
c 4 58 80 65 74
c 63 46 0 84 44
c 69 24 38 49 81
c 10 12 28 62 43
c 89 26 4 38 112
c 96 80 72 51 65
c 37 84 9 74 94
c 5 85 67 42 108
c 84 85 12 89 30
c 77 61 54 16 123
c 93 62 33 5 41
c 46 57 98 6 116
c 89 1 56 75 111
c 37 71 27 32 28
c 34 20 43 44 61
c 6 30 93 28 80
c 84 71 0 1 53
c 47 34 46 72 26
c 43 16 30 85 121
c 40 96 84 71 81
c 35 36 84 93 124
c 23 45 34 43 112
c 79 18 36 21 92
c 37 5 34 66 37
c 94 55 58 42 84
c 69 89 40 2 81
c 61 49 53 8 60
c 31 11 50 11 37
c 80 30 79 65 48
c 28 69 53 18 115
c 76 95 48 9 43
c 18 58 73 62 101
c 25 59 36 25 26
c 35 64 62 63 70
c 40 45 82 98 82
c 74 65 3 43 68
c 29 62 58 8 32
c 37 79 51 86 90
c 78 22 26 62 124
c 77 61 80 41 122
c 8 76 25 57 75
c 20 95 68 33 118
c 69 33 39 45 51
c 51 92 35 74 78
c 10 56 61 32 116
c 2 22 97 99 78
c 69 89 34 60 86
c 67 79 68 90 57
c 3 90 53 8 110
c 97 79 35 36 69
c 20 45 58 48 63
c 67 79 19 50 118
c 84 28 63 67 71
c 35 13 27 28 78
c 50 61 9 36 114
c 59 20 33 30 95
c 50 35 35 10 81
c 7 50 10 12 49
c 5 63 55 20 71
c 33 5 17 10 26
c 17 10 19 20 89
c 57 15 35 36 55
c 2 7 44 32 40
c 58 12 94 98 58
c 36 90 66 56 64
c 27 4 78 46 58
c 94 20 81 59 116
c 75 76 27 2 103
c 1 87 52 18 121
c 23 45 7 32 110
c 9 61 33 62 88
c 31 48 61 47 50
c 20 89 63 88 57
c 70 10 63 31 65
c 48 26 84 28 61
c 72 54 84 23 89
c 96 80 22 16 52
c 45 21 16 35 74
c 61 25 72 73 25
c 76 86 56 53 37
c 70 99 46 72 111
c 38 73 3 46 31
c 28 90 60 8 47
c 19 81 72 27 102
c 44 47 73 48 72
c 44 53 22 12 51
c 91 94 59 60 73
c 80 17 37 76 88
c 65 91 46 30 121
c 20 99 28 29 27
c 69 77 14 63 63
c 95 12 13 93 36
c 92 15 20 89 50
c 68 90 9 97 93
c 44 97 84 81 33
c 91 34 6 78 107
c 61 85 91 41 29
c 97 99 84 28 83
c 81 18 51 62 101
c 88 55 16 76 108
c 85 16 84 23 98
c 37 40 38 75 90
c 65 53 45 63 108
c 85 3 0 17 92
c 47 50 76 12 38
c 86 74 13 14 98
c 46 17 51 32 101
c 60 83 60 36 91
c 61 42 54 84 48
c 80 97 46 17 49
c 34 35 4 85 117
c 75 78 19 13 61
c 79 97 24 83 90
c 22 43 7 8 89
c 48 61 24 75 65
c 54 61 40 23 30
c 53 17 11 76 66
c 92 85 98 73 116
c 33 34 65 6 35
c 4 85 18 13 67
c 56 29 94 2 41
c 0 84 34 90 114
c 13 65 66 85 95
c 91 3 64 59 70
c 55 12 56 23 118
c 60 71 55 49 32
c 59 18 63 16 117
c 81 14 54 63 55
c 10 34 58 59 89
c 11 68 85 37 73
c 97 54 52 5 59
c 27 99 33 62 54
c 9 46 12 22 109
c 32 77 85 23 35
c 90 61 96 2 124
c 65 55 34 58 28
c 34 90 49 51 93
c 48 23 64 47 120
c 60 47 82 54 80
c 7 8 21 68 37
c 8 54 79 18 38
c 41 22 72 65 57
c 89 74 22 97 67
c 48 26 23 11 120
c 90 24 34 52 66
c 89 71 71 46 59
c 15 7 96 66 118
c 37 62 9 64 91
c 30 43 26 31 86
c 68 80 43 79 96
c 2 3 44 97 25
c 53 83 67 95 84
c 16 88 49 11 69
c 72 24 20 12 79
c 61 18 67 28 113
c 59 18 47 99 40
c 58 22 95 94 102
c 27 1 40 87 51
c 19 20 43 35 39
c 94 21 28 10 45
c 55 13 47 58 53
c 54 60 88 98 111
c 34 60 52 34 55
c 30 22 49 66 58
c 28 52 60 53 82
c 33 1 28 69 32
c 22 13 65 26 75
c 25 26 80 8 84
c 58 16 68 78 76
c 42 93 53 5 86
c 16 33 47 58 87
c 12 14 48 55 37
c 47 26 6 55 117
c 56 10 55 89 115
c 84 58 18 19 26
c 31 48 40 79 83
c 45 8 3 20 57
c 24 32 76 74 97
c 95 71 87 10 91
c 61 72 3 65 110
c 68 14 73 88 111
c 34 19 64 66 103
c 81 17 36 64 25
c 35 36 94 46 43
c 25 91 76 57 57
c 3 56 69 90 106
c 95 33 19 58 106
c 75 47 92 83 112
c 41 31 91 3 26
c 95 92 60 8 54
c 72 88 7 89 40
c 37 6 55 1 122
c 70 67 36 7 82
c 67 71 46 9 52
c 2 3 65 97 43
c 46 84 85 35 50
c 73 88 46 57 108
c 91 17 70 96 99
c 74 70 53 83 115
c 93 38 29 98 95
c 74 67 92 83 38
c 76 74 92 28 118
c 79 18 49 93 83
c 45 70 22 15 112
c 83 67 40 77 84
c 2 23 0 64 123
c 27 68 17 68 31
c 61 62 27 99 74
c 68 33 13 78 66
c 38 43 7 50 108
c 23 36 85 17 88
c 6 61 9 75 105
c 30 22 59 20 123
c 45 93 26 65 84
c 58 3 61 31 89
c 55 89 18 54 73
c 12 24 46 30 76
c 12 52 61 72 72
c 78 22 81 86 105
c 37 45 48 12 27
c 70 87 28 61 88
c 21 13 67 70 107
c 77 85 56 21 100
c 48 49 11 31 92
c 66 44 6 81 121
c 9 68 98 93 61
c 94 9 1 93 109
c 49 57 49 36 99
c 30 62 32 40 78
c 79 39 94 46 28
c 20 51 93 72 56
c 65 26 89 90 92
c 18 26 9 61 99
c 71 63 58 33 30
c 37 33 95 28 48
c 67 23 14 76 101
c 2 62 31 47 70
c 83 10 80 60 35
c 30 29 56 54 86
c 29 91 43 93 105
c 32 59 53 17 60
c 51 80 23 30 124
c 18 23 24 37 29
c 91 93 58 12 120
c 72 50 48 61 107
c 34 79 9 10 110
c 95 38 70 30 38
c 38 13 70 10 27
c 9 48 70 81 115
c 5 6 64 52 81
c 69 77 42 75 49
c 90 37 37 53 34
c 8 2 35 30 75
c 37 75 69 87 28
c 82 6 74 96 82
c 31 6 75 47 37
c 25 44 9 74 103
c 90 24 57 72 101
c 38 72 73 31 30
c 91 94 87 42 82
c 35 99 22 91 34
c 26 65 33 15 73
c 52 82 43 79 50
c 92 83 2 70 106
c 95 45 98 99 86
c 80 67 8 56 89
c 24 75 59 39 53
c 46 91 57 58 91
c 43 55 95 40 100
c 82 34 2 80 83
c 61 49 90 91 106
c 84 23 71 94 92
c 23 2 83 5 87
c 43 42 23 82 84
c 22 65 30 16 120
c 89 85 69 13 87
c 29 50 27 55 101
c 10 49 89 42 71
c 61 7 12 29 114
c 71 9 89 85 40
c 91 3 47 11 74
c 37 12 49 51 50
c 83 10 94 6 70
c 95 38 45 24 42
c 76 25 75 82 34
c 75 50 89 73 94
c 2 67 27 32 87
c 78 67 80 18 68
c 38 83 11 31 72
c 54 83 90 91 116
c 29 57 42 52 44
c 92 83 79 65 78
c 78 94 55 68 94
c 21 13 50 51 92
c 67 38 52 5 118
c 94 55 67 20 124
c 37 51 4 10 47
c 58 27 38 43 78
c 86 33 51 72 48
c 54 83 10 49 109
c 61 2 71 78 118
c 77 31 83 22 105
c 16 51 0 17 112
c 5 12 8 52 49
c 91 45 9 10 70
c 40 33 61 42 118
c 50 53 9 6 76
c 10 33 65 97 114
c 47 11 67 38 59
c 74 24 68 48 27
c 10 31 35 64 65
c 89 92 22 18 119
c 87 10 59 49 52
c 47 99 30 79 28
c 57 38 82 34 60
c 20 23 30 53 106
c 91 45 6 30 29
c 64 12 56 47 36
c 57 20 71 89 121
c 86 2 38 70 74
c 90 5 51 12 61
c 62 59 47 99 62
c 52 67 6 63 92
c 56 4 9 22 30
c 77 75 91 24 84
c 65 63 43 93 25
c 58 2 10 37 25
c 30 33 46 9 38
c 58 16 98 38 80
c 38 73 27 32 67
c 22 21 33 15 45
c 54 16 30 60 26
c 94 9 82 11 119
c 90 53 46 37 54
c 61 92 22 12 71
c 61 33 88 38 91
c 82 64 28 90 53
c 11 20 32 70 114
c 73 28 75 66 64
c 12 14 92 26 79
c 16 56 82 98 80
c 90 66 56 23 77
c 91 45 28 36 64
c 17 16 88 32 51
c 31 41 35 53 57
c 75 76 22 67 77
c 61 31 60 87 110
c 64 62 91 63 111
c 45 93 27 12 91
c 31 1 70 74 100
c 97 79 64 92 97
c 73 59 85 35 47
c 21 9 66 26 110
c 19 23 45 69 58
c 29 98 84 71 77
c 29 76 68 20 113
c 34 43 17 49 26
c 14 15 39 72 119
c 59 60 55 49 59
c 45 39 59 42 41
c 56 32 60 42 104
c 90 61 16 56 73
c 31 40 32 93 113
c 2 65 56 29 77
c 85 16 55 66 49
c 0 84 39 25 109
c 58 48 10 29 62
c 12 13 5 40 56
c 6 91 92 6 113
c 53 17 84 81 99
c 65 83 22 95 61
c 93 81 64 86 70
c 30 53 97 91 41
c 67 70 62 93 46
c 22 15 61 48 74
c 4 49 50 56 75
c 64 66 35 34 39
c 34 93 94 48 118
c 53 5 61 2 57
c 24 72 51 56 48
c 88 10 34 83 28
c 35 2 94 56 110
c 61 47 52 50 26
c 49 36 71 53 40
c 58 66 24 83 90
c 96 66 65 63 88
c 83 95 31 67 97
c 18 13 15 1 39
c 11 89 94 20 46
c 60 59 27 73 41
c 55 49 55 62 94
c 80 45 17 16 95
c 28 82 31 41 122
c 94 11 61 85 113
c 24 28 66 44 89
c 80 94 10 45 61
c 45 34 61 47 25
c 82 11 42 88 44
c 37 2 72 54 75
c 93 3 65 98 45
c 24 23 51 80 80
c 90 61 66 94 84
c 9 99 29 51 67
c 92 56 22 49 42
c 12 22 22 6 107
c 35 64 27 12 57
c 32 83 75 85 105
c 86 31 79 3 27
c 64 53 3 17 104
c 50 55 31 47 49
c 13 78 14 2 99
c 78 66 11 80 117
c 95 92 84 93 49
c 88 10 93 55 52
c 92 83 50 75 82
c 26 74 10 51 75
c 53 17 92 83 43
c 91 93 4 9 124
c 0 3 37 76 102
c 66 63 70 52 103
c 69 40 68 80 117
c 37 60 80 25 101
c 40 93 50 96 91
c 93 4 95 88 39
c 68 59 83 95 90
c 58 42 65 19 70
c 51 56 86 47 71
c 46 73 0 23 27
c 15 75 58 54 96
c 65 21 77 83 34
c 71 2 62 31 46
c 96 71 11 61 58
c 6 61 80 69 117
c 81 10 35 30 51
c 32 33 31 40 40
c 87 1 57 15 46
c 23 59 70 57 30
c 17 49 19 27 56
c 77 31 13 17 63
c 14 48 68 9 59
c 84 48 33 81 68
c 25 9 76 93 59
c 46 73 73 22 81
c 32 29 3 56 74
c 36 7 37 2 39
c 30 74 3 97 27
c 34 60 96 39 99
c 51 78 65 23 70
c 68 9 66 67 57
c 69 57 78 66 45
c 88 80 90 53 26
c 84 51 23 59 74
c 5 18 21 9 46
c 83 45 23 79 33
c 65 5 38 70 78
c 82 37 93 85 84
c 48 25 53 55 53
c 83 35 18 13 75
c 85 7 51 14 108
c 16 41 73 48 60
c 18 23 44 61 67
c 56 59 25 74 25
c 3 79 71 92 48
c 90 24 12 40 122
c 11 38 55 89 58
c 35 34 25 7 112
c 54 86 34 43 32
c 38 83 9 22 110
c 96 79 91 3 25
c 91 63 79 18 48
c 98 53 28 22 90
c 35 10 52 6 38
c 44 29 25 26 62
c 71 19 0 87 116
c 61 22 61 82 92
c 72 65 94 6 115
c 45 81 43 68 85
c 58 48 36 34 61
c 16 51 91 84 43
c 56 49 21 13 111
c 76 93 48 72 84
c 58 42 92 4 25
c 88 10 15 53 37
c 4 33 72 11 80
c 80 88 61 18 35
c 68 42 81 10 30
c 31 18 40 68 63
c 7 84 11 18 49
c 9 68 38 58 90
c 49 91 39 89 104
c 14 15 32 69 88
c 23 53 4 93 113
c 42 65 87 32 88
c 36 51 95 36 94
c 71 52 10 25 121
c 81 59 71 88 66
c 84 89 50 55 97
c 66 17 45 34 57
c 47 66 67 38 55
c 9 3 58 2 102
c 44 53 80 48 77
c 2 45 50 11 35
c 32 82 90 16 82
c 98 99 60 50 54
c 94 37 30 11 65
c 43 30 55 28 72
c 10 54 42 65 94
c 79 31 53 17 106
c 52 39 36 48 103
c 75 99 66 85 78
c 4 12 49 35 47
c 5 46 40 49 119
c 4 10 48 72 97
c 0 56 57 96 38
c 48 26 40 10 106
c 78 22 15 16 90
c 73 46 78 89 63
c 4 38 72 28 45
c 44 33 85 32 35
c 82 98 16 68 75
c 61 93 48 8 79
c 58 73 86 8 90
c 76 12 51 86 41
c 30 24 8 44 84
c 37 76 26 10 91
c 21 38 4 76 109
c 3 18 8 85 90
c 61 93 46 9 39
c 91 81 22 21 54
c 49 25 80 48 59
c 21 27 25 85 108
c 59 81 75 65 102
c 11 80 53 18 101
c 25 66 17 79 26
c 58 66 29 62 114
c 79 88 58 59 123
c 38 49 49 36 60
c 67 66 6 66 45
c 54 51 28 61 33
c 42 43 65 21 75
c 23 80 14 63 57
c 20 45 95 19 103
c 30 50 77 83 37
c 92 64 14 63 71
c 92 21 71 79 84
c 86 26 62 85 123
c 36 51 34 35 36
c 74 34 73 51 78
c 89 26 75 82 123
c 59 39 90 26 50
c 50 53 35 55 83
c 67 66 12 29 111
c 15 75 40 68 27
c 52 6 61 22 57
c 85 51 50 36 45
c 51 55 56 64 48
c 47 66 13 17 58
c 11 20 40 57 41
c 52 96 31 39 114
c 77 17 24 9 110
c 10 46 56 42 80
c 48 86 40 36 90
c 24 32 55 13 43
c 87 90 7 32 62
c 79 65 20 92 71
c 43 77 63 24 74
c 68 14 90 21 112
c 74 34 63 31 77
c 80 9 15 35 104
c 3 17 55 28 76
c 72 10 36 64 42
c 64 12 48 49 29
c 69 70 22 91 48
c 94 11 52 34 119
c 3 42 98 99 118
c 38 46 55 75 31
c 71 78 69 55 44
c 98 75 22 23 55
c 27 76 52 53 91
c 63 15 91 39 67
c 38 89 74 39 85
c 14 26 6 91 61
c 38 39 23 7 28
c 26 56 39 72 91
c 18 35 4 5 43
c 74 59 12 45 109
c 62 3 72 88 54
c 11 46 66 17 58
c 28 89 45 34 43
c 31 6 59 61 92
c 98 11 66 44 31
c 79 65 64 22 113
c 1 58 28 9 111
c 31 86 93 29 53
c 18 66 14 73 60
c 32 82 66 5 64
c 69 74 22 5 26
c 13 73 94 46 35
c 21 33 9 75 43
c 22 21 10 79 100
c 2 91 57 98 96
c 58 2 70 82 80
c 18 72 53 86 59
c 44 33 10 33 90
c 40 56 34 62 87
c 71 87 38 75 81
c 5 72 79 11 56
c 87 32 14 38 110
c 98 4 97 55 59
c 58 22 14 73 111
c 74 65 57 56 29
c 47 11 87 24 35
c 82 98 96 97 94
c 50 35 12 69 49
c 70 81 58 23 96
c 18 64 71 20 27
c 28 69 62 63 69
c 34 40 24 96 61
c 79 39 78 46 47
c 56 52 24 62 88
c 38 13 60 57 109
c 12 22 52 34 71
c 30 45 70 85 62
c 62 51 2 97 54
c 30 74 93 98 53
c 39 10 75 18 109
c 50 51 82 11 107
c 95 80 64 12 120
c 88 55 80 65 52
c 68 15 6 91 76
c 31 55 9 69 83
c 5 25 14 25 99
c 37 66 35 89 110
c 91 23 61 93 38
c 35 5 39 58 61
c 98 45 27 57 85
c 8 28 76 87 34
c 9 16 69 55 41
c 92 4 93 80 92
c 69 97 65 97 33
c 54 61 29 51 122
c 10 14 34 66 42
c 24 37 25 26 86
c 65 87 65 84 43
c 96 48 49 11 83
c 91 29 29 91 107
c 80 40 33 34 87
c 51 12 28 22 65
c 96 59 56 93 41
c 73 31 87 73 108
c 57 74 38 28 59
c 50 11 86 87 39
c 93 54 29 98 42
c 90 18 73 55 38
c 42 88 39 55 25
c 30 99 60 8 100
c 2 97 12 14 105
c 37 40 46 9 94
c 59 97 32 77 119
c 53 55 36 24 85
c 49 35 30 26 121
c 72 50 97 76 41
c 36 6 59 54 83
c 36 25 81 14 31
c 97 79 20 96 76
c 48 26 71 89 91
c 91 62 71 69 68
c 68 9 77 75 47
c 16 68 77 24 41
c 65 69 45 93 76
c 81 75 28 23 49
c 13 22 47 22 33
c 49 9 81 61 28
c 0 25 8 56 33
c 12 55 34 9 87
c 85 35 81 79 75
c 56 49 68 90 46
c 90 91 82 58 34
c 51 22 2 66 120
c 35 13 28 22 119
c 82 11 59 54 100
c 37 62 5 31 46
c 1 87 3 41 85
c 67 16 61 20 119
c 63 86 34 81 78
c 16 71 67 26 99
c 41 9 96 66 120
c 57 56 60 80 52
c 12 55 2 3 64
c 0 56 91 59 116
c 70 87 21 33 101
c 50 61 43 68 89
c 34 20 40 45 98
c 75 99 85 45 75
c 18 66 40 23 114
c 47 67 93 59 57
c 12 22 4 76 120
c 14 89 59 61 75
c 3 43 30 80 74
c 51 55 13 51 124
c 18 58 58 69 100
c 37 51 12 73 74
c 38 4 62 85 65
c 65 5 95 45 73
c 6 77 67 40 38
c 24 89 92 18 68
c 22 13 21 26 121
c 20 89 11 46 119
c 42 52 95 80 114
c 49 57 38 73 115
c 89 27 68 42 108
c 95 19 7 89 72
c 36 51 59 54 69
c 79 97 56 23 98
c 30 60 60 33 102
c 79 39 7 16 78
c 26 38 15 39 50
c 14 30 15 75 77
c 61 2 3 18 47
c 15 86 51 26 94
c 71 22 60 8 86
c 61 7 56 21 52
c 40 23 9 68 81
c 66 26 25 9 104
c 44 50 81 86 117
c 68 83 65 84 115
c 96 85 55 20 45
c 95 71 28 42 44
c 94 40 31 29 109
c 37 12 17 44 100
c 86 33 79 88 32
c 71 92 6 98 107
c 28 47 98 6 103
c 23 7 29 57 99
c 69 78 68 48 58
c 2 7 33 77 26
c 58 59 76 83 39
c 80 70 92 85 69
c 69 33 42 65 90
c 51 22 72 24 82
c 69 77 98 62 27
c 59 51 42 14 67
c 88 63 10 34 38
c 53 60 28 61 114
c 38 58 60 71 118
c 77 45 23 59 79
c 11 51 16 99 85
c 31 73 20 89 66
c 6 30 73 39 55
c 31 75 88 20 56
c 22 48 33 5 59
c 71 88 3 41 68
c 57 20 29 30 80
c 62 58 24 68 80
c 72 28 62 21 97
c 89 73 61 42 107
c 98 38 12 11 58
c 27 75 61 67 54
c 9 22 94 98 36
c 94 98 34 93 50
c 49 11 6 30 124
c 19 89 59 93 87
c 30 43 44 61 26
c 57 16 19 33 38
c 66 63 61 49 124
c 8 47 40 9 84
c 60 5 98 62 116
c 31 67 2 16 32
c 28 95 1 88 29
c 72 28 12 69 62
c 97 98 96 66 31
c 52 67 81 46 48
c 5 61 11 68 36
c 7 89 10 33 61
c 26 18 75 38 123
c 1 5 24 73 28
c 20 81 14 26 46
c 40 45 2 48 30
c 11 80 90 61 89
c 46 48 95 88 84
c 34 81 32 83 30
c 29 57 74 75 80
c 38 73 50 61 56
c 45 49 0 71 123
c 32 93 46 72 106
c 63 64 67 36 50
c 10 11 45 59 86
c 53 55 35 99 56
c 54 66 26 56 93
c 3 79 68 33 74
c 92 85 32 29 114
c 44 97 28 9 31
c 14 64 53 5 78
c 10 54 87 32 65
c 82 37 95 62 85
c 22 70 33 77 49
c 39 40 96 80 32
c 58 2 43 37 99
c 12 45 37 46 73
c 18 7 1 5 90
c 31 62 88 55 101
c 52 50 70 99 65
c 97 99 56 47 61
c 18 28 13 85 26
c 81 14 49 53 93
c 48 31 76 95 96
c 54 16 10 51 93
c 10 34 73 51 59
c 46 17 70 30 64
c 82 64 59 54 78
c 0 53 17 18 93
c 17 4 15 64 38
c 78 70 57 73 38
c 35 84 62 63 27
c 2 25 4 58 97
c 31 40 94 9 41
c 94 98 43 51 37
c 28 69 30 60 122
c 89 71 24 5 90
c 53 18 16 73 54
c 24 25 54 66 107
c 15 65 4 88 65
c 56 54 57 61 88
c 23 36 84 89 100
c 23 83 34 17 70
c 38 13 89 14 102
c 59 96 24 9 106
c 46 47 37 66 117
c 53 32 95 88 31
c 26 38 59 42 67
c 59 18 38 72 71
c 59 54 74 70 79
c 30 33 49 39 120
c 65 91 33 81 51
c 71 87 59 39 96
c 69 76 44 45 111
c 49 36 38 35 114
c 39 45 87 17 30
c 91 66 11 87 59
c 53 5 70 44 68
c 27 87 57 56 29
c 71 79 20 41 78
c 9 66 9 20 37
c 66 94 85 27 33
c 48 61 96 83 55
c 53 5 90 53 39
c 37 46 8 76 82
c 90 91 65 19 111
c 26 74 55 1 39
c 21 68 69 87 100
c 51 62 22 99 84
c 65 26 57 38 92
c 55 15 38 35 74
c 49 36 11 18 98
c 63 38 28 89 63
c 18 26 22 59 46
c 56 29 27 12 116
c 48 26 95 40 45
c 47 44 71 79 116
c 26 53 42 14 48
c 55 62 46 78 31
c 66 89 35 91 53
c 6 91 13 14 83
c 92 28 8 7 83
c 39 25 53 55 113
c 28 49 28 82 85
c 43 39 9 97 33
c 50 79 28 36 40
c 32 6 51 80 61
c 17 4 61 15 31
c 90 16 9 68 27
c 73 31 61 42 39
c 11 68 16 35 75
c 26 55 13 93 90
c 86 31 42 71 72
c 83 5 2 90 82
c 91 59 37 33 107
c 84 62 24 16 89
c 38 43 69 90 106
c 82 6 16 83 102
c 26 40 15 53 25
c 64 52 55 62 73
c 72 50 29 4 63
c 59 42 95 28 73
c 68 80 1 58 25
c 20 1 37 55 77
c 53 17 34 83 62
c 26 47 57 71 101
c 56 52 57 59 85
c 75 90 33 52 114
c 24 25 23 16 46
c 6 98 84 89 117
c 27 15 22 50 32
c 61 15 58 73 45
c 8 97 0 25 111
c 77 85 5 31 98
c 95 62 59 44 120
c 98 66 58 16 120
c 40 33 85 37 80
c 21 38 71 31 57
c 85 23 73 31 104
c 73 48 31 75 50
c 9 10 48 8 102
c 96 97 48 72 104
c 86 74 2 22 113
c 29 53 75 78 57
c 92 21 25 91 65
c 86 2 18 66 91
c 36 30 81 10 101
c 15 62 93 4 63
c 6 42 82 46 124
c 98 11 24 23 92
c 58 26 25 90 83
c 72 50 48 75 58
c 57 20 27 36 94
c 47 80 5 72 99
c 12 34 36 37 71
c 50 11 40 87 86
c 0 27 19 85 97
c 59 61 71 9 73
c 84 58 23 53 84
c 91 51 21 38 25
c 6 62 36 8 78
c 20 81 67 28 40
c 88 93 90 66 118
c 67 1 38 28 33
c 58 8 72 73 41
c 51 26 46 98 117
c 76 83 12 40 118
c 30 89 48 75 30
c 43 18 48 41 29
c 67 71 14 72 34
c 50 53 76 85 62
c 74 67 24 16 112
c 16 69 69 76 76
c 39 96 68 15 46
c 72 44 86 72 80
c 96 54 64 26 28
c 17 44 1 87 30
c 61 49 88 19 102
c 39 45 81 47 54
c 40 77 86 9 71
c 69 97 11 58 86
c 11 80 97 54 78
c 25 14 72 11 61
c 68 15 22 32 28
c 90 53 46 58 32
c 2 10 72 74 26
c 46 57 82 87 108
c 61 90 27 57 100
c 4 10 69 76 68
c 22 67 9 8 90
c 13 78 20 51 68
c 93 36 6 77 36
c 30 21 90 18 110
c 58 71 52 82 49
c 38 58 34 19 92
c 73 59 58 71 61
c 96 1 69 38 58
c 51 12 56 69 115
c 11 20 75 53 98
c 69 74 86 8 49
c 43 44 37 2 106
c 67 68 84 85 86
c 73 31 70 74 56
c 97 98 59 39 82
c 8 51 9 36 88
c 66 89 14 73 40
c 96 79 9 3 67
c 47 67 54 16 33
c 63 86 43 44 117
c 98 66 26 74 105
c 4 38 51 12 58
c 68 69 88 89 50
c 28 36 94 41 118
c 62 53 13 22 58
c 42 65 28 1 64
c 41 40 74 75 105
c 61 31 4 38 123
c 74 59 27 29 79
c 46 37 83 91 46
c 86 33 89 20 61
c 83 67 58 16 116
c 60 59 38 22 79
c 60 61 11 80 36
c 65 87 93 62 28
c 73 90 44 53 124
c 25 85 68 33 80
c 6 81 75 99 59
c 29 53 0 71 69
c 94 9 71 76 83
c 39 72 57 65 45
c 26 87 98 66 69
c 36 90 36 30 111
c 17 29 70 18 77
c 9 99 43 72 40
c 17 55 77 75 63
c 67 37 23 11 49
c 28 74 72 11 112
c 62 21 27 47 50
c 63 17 49 2 37
c 25 89 83 45 103
c 90 66 65 6 121
c 70 87 34 66 58
c 76 12 85 37 71
c 39 73 73 62 101
c 56 64 14 30 81
c 43 51 93 36 50
c 4 33 2 25 101
c 23 36 42 99 93
c 91 84 58 73 42
c 62 53 62 52 99
c 86 47 85 8 44
c 69 13 51 62 68
c 35 13 50 36 36
c 33 5 94 55 81
c 95 28 46 47 76
c 60 71 9 66 32
c 55 47 27 76 87
c 71 46 92 60 96
c 65 66 11 80 94
c 78 67 21 35 43
c 31 32 20 21 42
c 12 40 77 24 104
c 49 35 6 11 77
c 75 90 39 66 35
c 82 62 95 62 75
c 18 72 43 97 115
c 85 32 34 66 71
c 66 71 84 28 62
c 48 8 57 38 75
c 72 31 15 7 28
c 96 79 37 33 113
c 11 10 60 53 98
c 67 42 92 26 123
c 57 65 84 98 87
c 22 12 57 25 98
c 53 38 95 68 103
c 2 16 62 51 92
c 81 62 54 86 68
c 20 99 19 20 75
c 22 43 73 62 45
c 66 41 28 1 114
c 91 63 8 51 60
c 86 19 65 83 62
c 73 90 38 22 67
c 28 45 37 76 45
c 24 99 35 55 40
c 88 55 60 5 55
c 28 47 81 58 39
c 24 27 98 93 112
c 53 86 90 49 33
c 77 83 10 25 92
c 35 91 35 34 81
c 46 25 12 40 40
c 43 35 8 44 50
c 35 91 22 16 82
c 12 45 30 60 44
c 22 16 23 30 41
c 51 82 15 7 97
c 0 27 17 16 84
c 60 80 83 22 73
c 88 57 61 46 68
c 49 8 39 29 111
c 46 9 71 9 124
c 86 99 4 93 59
c 80 25 48 61 113
c 42 32 66 5 35
c 16 56 74 15 59
c 61 29 69 78 110
c 37 91 91 34 91
c 30 93 69 78 48
c 15 46 51 44 112
c 87 32 49 37 68
c 2 12 43 93 34
c 10 51 41 31 86
c 9 66 13 22 90
c 25 91 23 80 100
c 10 54 67 56 51
c 66 48 75 38 65
c 81 82 62 54 120
c 64 92 79 65 35
c 53 83 77 51 122
c 29 30 86 33 115
c 58 12 65 3 78
c 96 1 9 66 26
c 59 61 91 17 84
c 74 16 24 72 72
c 47 58 5 12 108
c 19 20 82 75 52
c 10 49 16 99 111
c 88 78 7 8 100
c 42 52 87 5 43
c 63 31 70 79 106
c 39 88 39 55 33
c 62 58 35 13 84
c 91 42 5 86 101
c 51 72 94 6 52
c 22 23 88 83 121
c 35 6 70 85 54
c 40 96 85 7 85
c 72 22 59 49 75
c 24 32 95 19 89
c 11 1 51 62 58
c 47 66 88 10 74
c 39 40 96 39 73
c 2 65 19 57 92
c 82 58 93 81 110
c 16 41 56 78 59
c 54 66 77 31 59
c 56 42 60 33 50
c 69 74 2 90 64
c 5 40 26 74 69
c 13 78 78 70 102
c 50 51 97 55 66
c 56 10 96 39 60
c 43 55 63 24 47
c 37 51 81 10 27
c 48 50 36 42 119
c 35 54 4 71 104
c 70 44 83 84 120
c 29 62 63 15 47
c 43 27 88 57 28
c 30 74 6 15 39
c 80 48 84 40 117
c 95 80 71 19 82
c 40 45 14 89 39
c 31 17 31 78 43
c 9 75 30 80 61
c 53 5 9 8 57
c 87 73 6 78 66
c 22 50 97 98 50
c 90 61 55 1 86
c 13 66 65 81 79
c 14 48 22 5 44
c 12 45 91 29 109
c 55 66 70 47 48
c 26 40 74 64 62
c 96 80 2 95 60
c 30 29 38 46 104
c 18 23 68 69 109
c 66 17 24 75 69
c 9 22 81 18 114
c 29 51 79 97 104
c 65 26 93 62 59
c 5 63 49 39 54
c 92 4 8 2 106
c 0 52 62 3 120
c 87 5 36 34 108
c 39 4 48 49 79
c 2 10 26 12 81
c 92 76 22 16 87
c 86 31 3 17 89
c 33 15 63 15 108
c 78 66 74 65 106
c 39 26 51 52 65
c 69 38 71 20 93
c 97 55 11 58 48
c 10 34 87 78 46
c 66 94 19 2 41
c 49 35 75 52 88
c 36 24 3 65 44
c 64 62 21 13 46
c 8 45 31 45 123
c 3 98 65 87 57
c 37 6 25 9 25
c 4 52 72 22 47
c 84 28 40 79 49
c 34 37 86 19 50
c 63 99 9 36 102
c 80 17 39 55 57
c 14 63 85 78 37
c 5 86 20 91 56
c 75 78 48 8 50
c 95 71 15 1 38
c 40 77 28 47 124
c 5 85 26 55 41
c 78 94 93 38 119
c 78 67 98 75 29
c 49 11 61 92 84
c 10 12 75 53 81
c 59 20 89 90 30
c 39 96 77 49 119
c 84 34 0 25 87
c 95 38 0 1 98
c 62 3 75 66 115
c 22 95 28 22 124
c 7 16 36 8 77
c 30 21 46 9 61
c 29 4 71 92 56
c 32 57 71 89 110
c 48 28 15 1 102
c 68 70 24 90 112
c 42 93 18 58 51
c 95 12 75 82 120
c 6 55 51 56 109
c 6 14 70 52 84
c 87 59 87 5 48
c 87 24 16 83 105
c 30 53 26 54 108
c 9 26 11 58 108
c 4 49 5 91 26
c 85 21 23 59 68
c 3 17 18 24 29
c 41 42 61 49 86
c 45 21 33 52 122
c 65 53 14 76 41
c 57 65 37 95 39
c 16 56 75 65 70
c 12 22 45 60 118
c 4 89 39 47 89
c 14 76 43 11 25
c 80 81 64 22 101
c 24 37 91 35 58
c 53 16 4 36 70
c 30 21 38 13 68
c 55 70 89 72 88
c 44 97 27 1 74
c 2 25 20 81 114
c 4 10 60 37 41
c 92 21 48 25 96
c 98 4 27 4 67
c 12 83 91 41 92
c 69 74 92 6 46
c 27 86 28 26 34
c 52 50 10 45 78
c 12 37 42 63 90
c 65 26 91 35 58
c 17 47 57 98 120
c 4 85 92 59 90
c 40 19 18 55 28
c 26 74 35 25 36
c 60 80 35 74 82
c 43 79 78 89 34
c 74 70 41 49 62
c 54 55 1 93 32
c 36 46 2 80 27
c 82 31 25 89 72
c 39 59 98 57 50
c 85 21 24 89 80
c 58 49 61 49 59
c 17 58 58 77 92
c 67 42 78 79 32
c 35 14 54 64 96
c 82 46 64 62 81
c 20 89 37 60 97
c 84 6 89 1 67
c 55 66 57 74 105
c 83 3 35 55 33
c 56 53 15 29 111
c 38 67 89 20 59
c 85 8 30 24 41
c 22 5 23 21 65
c 71 11 43 24 89
c 24 73 41 45 77
c 0 62 6 77 98
c 35 64 22 50 87
c 63 17 10 12 27
c 43 51 71 88 82
c 61 29 63 64 47
c 97 12 33 98 42
c 57 25 8 47 69
c 45 31 22 84 100
c 91 92 22 23 117
c 25 59 12 69 117
c 81 59 39 10 102
c 61 64 13 86 90
c 93 84 31 68 93
c 55 43 2 5 101
c 24 8 96 59 33
c 44 49 72 65 91
c 24 42 40 68 39
c 73 46 4 78 106
c 61 72 46 84 102
c 30 38 83 67 47
c 53 8 87 24 75
c 44 29 69 87 97
c 39 27 76 74 70
c 91 29 60 42 52
c 49 93 9 8 32
c 1 58 32 21 97
c 55 10 79 39 94
c 16 41 91 93 95
c 67 38 8 2 42
c 42 53 81 47 70
c 73 62 10 79 49
c 88 10 76 86 112
c 20 70 62 59 78
c 50 43 35 90 90
c 11 67 23 36 75
c 81 17 46 84 87
c 92 4 68 8 121
c 36 42 50 55 30
c 4 47 96 97 89
c 37 51 67 44 32
c 18 50 69 57 60
c 11 58 71 76 115
c 5 85 82 83 35
c 69 77 88 62 31
c 3 83 18 55 113
c 70 3 31 62 50
c 34 71 3 20 68
c 38 66 94 88 58
c 71 22 42 14 63
c 93 4 44 51 104
c 93 28 86 29 92
c 10 51 93 4 63
c 83 67 97 55 122
c 88 28 73 48 100
c 33 30 50 46 71
c 83 69 70 76 66
c 75 82 24 42 32
c 23 28 69 78 72
c 24 38 84 98 54
c 31 40 7 36 120
c 42 71 40 8 75
c 29 30 24 8 49
c 59 49 3 43 114
c 30 79 65 93 101
c 45 93 91 92 59
c 22 6 66 39 35
c 91 62 49 2 107
c 85 27 31 62 99
c 36 19 8 52 53
c 55 75 22 99 87
c 36 64 10 12 122
c 62 36 46 30 36
c 50 53 6 30 45
c 11 46 26 31 40
c 71 53 30 85 26
c 34 71 78 74 60
c 6 77 34 14 88
c 70 74 63 62 110
c 27 57 15 65 106
c 52 18 59 61 101
