notes: n=100, m=990, elb=1, eub=20, density=0.1, conf_density=0.002, clb=100, cub= 200, seed= 1631
p spec 100 990 979
s 0
t 99
a 0 1 8
a 0 71 17
a 0 57 13
a 0 49 4
a 0 22 15
a 0 43 11
a 0 3 13
a 0 17 5
a 0 10 10
a 0 41 18
a 1 2 7
a 1 77 12
a 1 23 16
a 1 15 19
a 1 41 17
a 1 39 4
a 1 82 12
a 1 34 8
a 2 3 15
a 2 87 9
a 2 76 19
a 2 32 17
a 2 10 16
a 2 84 5
a 2 77 6
a 2 73 17
a 3 4 12
a 3 50 4
a 3 1 8
a 3 28 9
a 3 6 6
a 3 40 10
a 3 60 9
a 3 85 14
a 3 48 1
a 3 36 4
a 3 46 18
a 3 45 19
a 3 32 11
a 3 47 19
a 4 5 8
a 4 24 4
a 4 12 17
a 4 87 14
a 4 75 5
a 4 51 8
a 4 22 4
a 4 52 9
a 4 8 7
a 4 2 7
a 5 6 7
a 5 82 12
a 5 41 4
a 5 67 17
a 5 69 14
a 5 2 15
a 5 37 12
a 6 7 7
a 6 37 18
a 6 62 1
a 6 51 16
a 6 64 6
a 6 48 8
a 6 63 9
a 6 52 1
a 7 8 15
a 7 24 18
a 7 99 1
a 7 42 2
a 7 94 7
a 7 81 7
a 7 80 3
a 7 74 17
a 7 43 9
a 7 11 4
a 7 46 1
a 7 25 1
a 8 9 1
a 8 20 6
a 8 32 3
a 8 21 6
a 8 37 14
a 8 49 15
a 8 17 17
a 8 28 5
a 8 53 17
a 8 40 4
a 8 78 10
a 8 99 9
a 8 14 8
a 8 19 5
a 8 94 2
a 8 43 14
a 8 51 7
a 8 47 12
a 8 16 11
a 8 84 9
a 8 62 2
a 9 10 2
a 9 43 15
a 9 40 4
a 9 84 8
a 9 72 14
a 9 90 4
a 9 82 2
a 9 44 17
a 10 11 2
a 10 22 5
a 10 6 12
a 10 35 17
a 10 83 2
a 10 97 10
a 10 50 9
a 11 12 8
a 11 17 8
a 11 68 4
a 11 62 4
a 11 28 10
a 11 69 2
a 11 24 8
a 11 81 19
a 11 23 13
a 11 84 13
a 11 2 1
a 11 49 9
a 11 72 3
a 11 13 5
a 11 77 6
a 11 89 18
a 12 13 10
a 12 26 12
a 12 23 12
a 12 4 6
a 12 38 4
a 12 11 2
a 12 33 11
a 12 9 18
a 12 25 10
a 12 84 16
a 12 46 10
a 12 63 11
a 13 14 11
a 13 71 9
a 13 48 3
a 13 23 14
a 13 64 9
a 13 18 17
a 13 37 13
a 13 73 15
a 13 2 17
a 14 15 3
a 14 19 9
a 14 9 17
a 14 31 10
a 14 97 1
a 14 42 18
a 14 25 1
a 14 24 4
a 14 63 17
a 14 57 5
a 14 28 4
a 14 62 1
a 15 16 5
a 15 6 18
a 15 74 7
a 15 8 5
a 15 53 17
a 15 60 11
a 15 35 10
a 15 65 13
a 16 17 16
a 16 36 13
a 16 2 19
a 16 31 13
a 16 46 17
a 16 89 5
a 16 97 17
a 16 5 12
a 16 19 15
a 17 18 15
a 17 76 14
a 17 54 5
a 17 4 16
a 17 75 2
a 17 86 18
a 17 7 3
a 17 14 17
a 17 84 8
a 17 67 19
a 17 23 11
a 17 3 8
a 18 19 1
a 18 25 13
a 18 50 19
a 18 35 17
a 18 74 17
a 18 52 19
a 18 79 11
a 18 89 5
a 19 20 4
a 19 6 1
a 19 81 9
a 19 4 6
a 19 61 1
a 19 91 11
a 19 22 5
a 19 62 19
a 19 43 10
a 20 21 14
a 20 88 13
a 20 38 13
a 20 79 8
a 20 29 5
a 20 78 3
a 20 83 12
a 20 9 10
a 20 53 6
a 21 22 2
a 21 12 9
a 21 89 18
a 21 15 19
a 21 62 14
a 21 58 16
a 21 28 7
a 21 40 4
a 21 80 1
a 21 85 11
a 21 45 12
a 22 23 11
a 22 94 5
a 22 58 15
a 22 81 1
a 22 6 2
a 22 79 1
a 22 45 16
a 22 42 7
a 22 88 5
a 22 13 19
a 22 66 16
a 22 97 13
a 23 24 19
a 23 2 4
a 23 27 13
a 23 39 19
a 23 53 11
a 23 94 16
a 23 49 10
a 24 25 10
a 24 43 2
a 24 36 8
a 24 15 5
a 25 26 2
a 25 34 16
a 25 68 15
a 25 84 18
a 25 56 13
a 25 6 11
a 25 76 8
a 25 71 3
a 25 8 9
a 25 43 7
a 25 69 10
a 25 15 16
a 25 16 18
a 25 99 13
a 26 27 2
a 26 79 13
a 26 96 12
a 26 94 3
a 26 74 11
a 26 45 1
a 26 7 2
a 26 89 3
a 26 39 1
a 26 62 14
a 26 59 19
a 26 10 15
a 26 48 8
a 26 29 3
a 27 28 9
a 27 60 5
a 27 19 12
a 27 74 11
a 27 40 17
a 27 46 15
a 27 32 16
a 27 73 16
a 27 2 9
a 27 30 16
a 27 88 11
a 28 29 8
a 28 64 9
a 28 88 16
a 28 81 2
a 28 82 11
a 28 90 4
a 28 63 2
a 28 31 4
a 28 71 12
a 28 22 18
a 28 41 8
a 28 94 13
a 29 30 17
a 29 9 5
a 29 36 5
a 29 64 1
a 29 90 9
a 29 82 5
a 29 65 3
a 29 11 1
a 29 3 18
a 29 1 4
a 30 31 3
a 30 62 17
a 30 46 18
a 30 95 16
a 30 88 7
a 30 9 5
a 30 2 11
a 30 16 16
a 31 32 19
a 31 73 7
a 31 61 5
a 31 57 8
a 31 56 9
a 31 86 10
a 31 90 18
a 32 33 10
a 32 75 10
a 32 55 6
a 32 17 10
a 32 35 1
a 32 83 17
a 32 76 6
a 32 15 2
a 32 69 6
a 32 6 15
a 32 94 2
a 32 24 17
a 33 34 8
a 33 19 2
a 33 48 17
a 33 14 6
a 33 96 11
a 33 24 17
a 33 18 2
a 33 30 1
a 34 35 9
a 34 75 4
a 34 9 7
a 34 46 1
a 34 47 16
a 34 72 6
a 34 97 13
a 34 84 8
a 34 45 7
a 34 2 19
a 34 94 3
a 35 36 16
a 35 63 8
a 35 57 11
a 35 23 6
a 35 49 2
a 35 68 6
a 35 51 8
a 35 45 13
a 36 37 1
a 36 52 1
a 36 20 19
a 36 80 10
a 36 79 18
a 36 81 17
a 36 70 12
a 36 22 12
a 36 3 7
a 37 38 10
a 37 28 9
a 37 27 12
a 37 73 2
a 37 14 4
a 37 57 8
a 37 44 15
a 37 74 7
a 37 9 15
a 38 39 6
a 38 76 14
a 38 97 6
a 38 31 14
a 38 1 9
a 38 57 10
a 38 93 6
a 38 13 12
a 38 74 8
a 38 25 3
a 38 58 10
a 38 60 1
a 39 40 19
a 39 69 2
a 39 33 12
a 39 83 3
a 39 14 4
a 39 11 10
a 39 47 1
a 40 41 19
a 40 90 3
a 40 34 3
a 40 85 13
a 40 49 12
a 40 83 3
a 40 62 4
a 40 79 13
a 40 63 17
a 40 81 14
a 40 92 9
a 40 74 10
a 40 23 8
a 40 84 12
a 40 20 9
a 40 78 16
a 40 51 12
a 41 42 17
a 41 72 12
a 41 35 11
a 41 30 15
a 41 33 3
a 41 20 13
a 41 15 17
a 42 43 12
a 42 65 5
a 42 47 16
a 42 40 13
a 42 50 5
a 42 1 10
a 42 34 7
a 42 84 13
a 42 15 19
a 43 44 7
a 43 73 6
a 43 49 10
a 43 98 10
a 43 89 4
a 43 27 2
a 43 78 10
a 43 80 1
a 43 91 2
a 43 90 9
a 43 33 2
a 43 92 4
a 43 22 12
a 43 1 17
a 43 55 2
a 43 31 4
a 44 45 14
a 44 79 1
a 44 1 9
a 44 87 15
a 44 18 3
a 44 11 14
a 44 26 3
a 44 31 8
a 44 81 14
a 44 65 3
a 44 80 3
a 44 7 15
a 44 15 2
a 44 4 4
a 45 46 2
a 45 59 9
a 45 94 15
a 45 12 5
a 45 10 3
a 45 44 11
a 45 66 6
a 45 91 4
a 45 74 1
a 45 13 9
a 46 47 12
a 46 83 16
a 46 2 15
a 46 45 13
a 46 33 4
a 46 28 15
a 46 60 7
a 46 17 3
a 46 97 17
a 46 58 17
a 46 52 12
a 47 48 19
a 47 7 15
a 47 59 4
a 47 53 2
a 47 54 13
a 47 39 12
a 47 42 18
a 47 2 4
a 47 63 6
a 47 95 17
a 47 51 15
a 47 9 14
a 48 49 5
a 48 66 12
a 48 40 19
a 48 13 5
a 48 37 8
a 48 64 15
a 48 94 4
a 48 3 18
a 48 14 2
a 48 26 7
a 48 28 8
a 48 27 15
a 48 43 7
a 48 86 1
a 49 50 12
a 49 59 5
a 49 2 3
a 49 25 13
a 49 22 13
a 49 93 4
a 49 36 2
a 49 71 7
a 49 48 13
a 49 18 17
a 49 72 8
a 50 51 17
a 50 62 17
a 50 79 18
a 50 1 8
a 50 34 10
a 50 94 18
a 50 10 11
a 50 30 11
a 51 52 17
a 51 22 5
a 51 92 1
a 51 21 14
a 51 86 1
a 51 39 16
a 51 50 13
a 51 98 7
a 51 19 5
a 51 54 16
a 51 59 2
a 52 53 5
a 52 73 14
a 52 49 13
a 52 92 10
a 52 13 19
a 52 41 5
a 52 28 8
a 52 55 18
a 53 54 15
a 53 64 17
a 53 24 18
a 53 38 2
a 53 44 14
a 53 30 11
a 53 28 4
a 53 2 1
a 53 8 16
a 54 55 3
a 54 13 19
a 54 91 12
a 54 3 10
a 54 34 16
a 54 97 13
a 55 56 8
a 55 44 8
a 55 71 5
a 55 13 12
a 55 22 9
a 55 20 6
a 55 11 7
a 56 57 12
a 56 91 18
a 56 97 9
a 56 78 5
a 56 75 19
a 56 82 7
a 56 46 17
a 56 79 11
a 56 37 19
a 56 34 13
a 56 41 14
a 57 58 10
a 57 7 19
a 57 68 11
a 57 85 5
a 57 36 9
a 57 32 1
a 57 51 17
a 57 46 7
a 57 96 1
a 57 94 5
a 58 59 10
a 58 15 10
a 58 60 7
a 58 26 12
a 58 69 1
a 58 1 16
a 58 92 10
a 58 35 3
a 58 7 17
a 58 97 11
a 58 46 8
a 58 23 3
a 58 63 9
a 58 13 11
a 59 60 13
a 59 57 9
a 59 50 1
a 59 29 2
a 59 83 5
a 59 61 13
a 59 21 13
a 59 93 7
a 59 10 9
a 59 34 12
a 60 61 14
a 60 22 6
a 60 85 10
a 60 21 6
a 60 40 5
a 60 18 6
a 60 23 7
a 60 83 3
a 60 88 13
a 61 62 11
a 61 16 9
a 61 28 13
a 61 5 2
a 61 73 2
a 61 82 8
a 62 63 8
a 62 13 17
a 62 10 11
a 62 30 1
a 62 98 17
a 62 34 14
a 62 80 1
a 62 96 1
a 62 11 3
a 62 3 15
a 62 36 14
a 62 64 18
a 62 93 2
a 63 64 1
a 63 2 10
a 63 24 19
a 63 55 14
a 63 32 18
a 63 77 6
a 63 31 3
a 63 38 3
a 63 80 18
a 63 97 3
a 64 65 5
a 64 5 16
a 64 61 5
a 64 93 16
a 64 15 17
a 64 59 2
a 64 67 11
a 64 38 10
a 64 26 15
a 64 3 1
a 64 30 4
a 64 89 18
a 65 66 17
a 65 78 11
a 65 33 15
a 65 38 9
a 65 28 1
a 65 42 4
a 65 40 13
a 65 34 13
a 65 84 2
a 65 93 16
a 65 98 1
a 66 67 6
a 66 49 4
a 66 28 11
a 66 25 19
a 66 65 15
a 66 57 19
a 66 78 19
a 66 1 17
a 66 41 2
a 66 85 19
a 66 7 15
a 67 68 9
a 67 15 17
a 67 12 2
a 67 25 5
a 67 13 11
a 67 8 8
a 67 93 16
a 67 2 13
a 67 35 13
a 68 69 15
a 68 38 3
a 68 96 9
a 68 72 5
a 68 48 6
a 68 53 2
a 68 18 16
a 68 33 2
a 68 23 10
a 69 70 11
a 69 64 17
a 69 48 7
a 69 27 18
a 69 5 2
a 69 16 4
a 69 40 5
a 69 42 18
a 69 15 8
a 70 71 17
a 70 95 1
a 70 24 14
a 70 49 15
a 70 15 3
a 70 40 10
a 70 52 15
a 70 62 8
a 70 27 11
a 70 75 15
a 70 46 4
a 70 59 13
a 70 91 13
a 71 72 11
a 71 78 4
a 71 28 6
a 71 32 12
a 71 51 9
a 71 31 17
a 71 76 8
a 71 29 12
a 71 39 1
a 71 52 6
a 71 46 3
a 71 87 18
a 71 25 4
a 71 40 13
a 72 73 9
a 72 90 10
a 72 68 10
a 72 54 12
a 72 47 7
a 72 43 19
a 72 20 17
a 72 74 4
a 72 53 4
a 72 32 7
a 72 52 13
a 72 2 5
a 73 74 3
a 73 9 13
a 73 54 5
a 73 52 5
a 73 63 4
a 73 90 13
a 73 57 14
a 73 35 5
a 73 55 4
a 73 82 13
a 73 44 15
a 73 92 3
a 73 39 10
a 74 75 9
a 74 63 6
a 74 39 11
a 74 66 7
a 74 34 4
a 74 95 17
a 74 58 14
a 75 76 15
a 75 98 1
a 75 35 6
a 75 45 3
a 76 77 12
a 76 12 3
a 76 47 15
a 76 80 4
a 76 69 14
a 76 67 12
a 76 45 1
a 76 39 7
a 76 24 6
a 76 57 13
a 76 93 8
a 77 78 15
a 77 23 2
a 77 71 18
a 77 82 14
a 77 32 16
a 77 98 19
a 77 89 5
a 78 79 16
a 78 66 5
a 78 88 1
a 78 19 8
a 78 37 12
a 78 72 10
a 78 68 11
a 78 1 14
a 78 84 9
a 78 98 3
a 78 41 3
a 78 2 18
a 78 60 19
a 78 77 2
a 78 27 6
a 78 81 15
a 79 80 14
a 79 75 6
a 79 1 4
a 79 13 10
a 79 65 2
a 79 60 14
a 79 45 6
a 79 84 3
a 79 64 13
a 79 90 1
a 79 70 5
a 79 58 14
a 79 95 3
a 80 81 18
a 80 95 3
a 80 94 15
a 80 88 12
a 80 78 11
a 80 8 5
a 80 30 18
a 80 97 13
a 80 90 18
a 80 71 17
a 80 66 10
a 80 86 15
a 80 57 18
a 80 14 4
a 80 29 7
a 80 67 16
a 80 5 2
a 81 82 14
a 81 17 19
a 81 59 16
a 81 67 2
a 81 63 10
a 81 80 7
a 82 83 7
a 82 91 17
a 82 90 1
a 82 98 19
a 82 7 12
a 83 84 15
a 83 71 17
a 83 11 18
a 83 17 13
a 84 85 17
a 84 20 14
a 84 10 13
a 84 4 17
a 84 51 18
a 84 56 14
a 84 79 11
a 84 80 1
a 84 50 15
a 84 77 3
a 84 7 6
a 85 86 3
a 85 47 8
a 85 17 15
a 85 65 4
a 85 98 12
a 85 83 7
a 85 10 14
a 85 16 16
a 85 30 9
a 86 87 6
a 86 5 11
a 86 82 15
a 86 91 3
a 86 33 9
a 86 24 1
a 86 85 6
a 86 48 5
a 87 88 14
a 87 84 8
a 87 13 19
a 87 44 13
a 87 54 3
a 87 30 14
a 87 90 12
a 87 38 18
a 88 89 18
a 88 7 14
a 88 61 4
a 88 41 3
a 88 87 5
a 88 29 5
a 88 92 15
a 88 17 13
a 89 90 11
a 89 35 9
a 89 9 19
a 89 12 8
a 90 91 15
a 90 12 12
a 90 93 2
a 90 72 3
a 90 51 4
a 91 92 11
a 91 1 18
a 91 39 5
a 91 36 5
a 91 14 12
a 91 48 4
a 91 30 11
a 91 87 14
a 91 54 10
a 91 29 10
a 91 81 3
a 92 93 9
a 92 81 4
a 92 49 6
a 92 62 2
a 92 3 7
a 92 13 6
a 92 94 17
a 92 96 1
a 92 34 4
a 92 80 19
a 92 10 9
a 92 24 10
a 92 15 1
a 92 52 8
a 93 94 12
a 93 39 5
a 93 31 4
a 93 81 14
a 93 46 5
a 94 95 1
a 94 9 3
a 94 96 18
a 94 17 3
a 94 37 12
a 94 59 13
a 94 61 2
a 94 92 16
a 94 30 15
a 94 38 15
a 95 96 19
a 95 81 6
a 95 72 16
a 95 69 19
a 95 80 13
a 95 22 19
a 95 88 14
a 95 42 18
a 95 85 6
a 95 14 16
a 95 90 3
a 96 97 14
a 96 14 4
a 96 57 12
a 96 98 10
a 96 27 12
a 96 79 14
a 96 12 16
a 97 98 11
a 97 40 6
a 97 42 15
a 97 53 15
a 97 61 5
a 97 4 2
a 97 32 10
a 97 81 4
a 97 94 6
a 97 89 17
a 97 73 14
a 98 99 10
a 98 29 9
a 98 40 3
a 98 1 8
a 98 90 19
a 98 96 4
a 98 51 15
a 98 72 9
a 98 70 12
c 93 31 5 37 195
c 36 37 15 60 124
c 79 64 37 14 120
c 40 51 32 24 101
c 40 41 3 40 190
c 80 67 55 20 187
c 8 94 65 84 181
c 2 73 4 5 145
c 66 7 28 88 174
c 76 93 66 1 157
c 53 38 6 64 101
c 66 41 65 40 182
c 76 47 73 9 152
c 22 88 60 22 154
c 93 94 88 17 131
c 34 35 71 40 116
c 73 9 46 33 194
c 67 15 27 60 106
c 94 95 30 9 160
c 41 42 62 64 188
c 3 6 65 84 114
c 66 85 19 61 195
c 11 62 80 88 180
c 12 23 45 59 151
c 97 42 48 94 117
c 98 1 36 20 168
c 85 17 19 81 104
c 39 83 74 34 103
c 63 31 92 13 157
c 15 6 6 37 115
c 48 28 11 12 173
c 59 61 93 31 159
c 44 81 5 2 135
c 5 67 8 51 195
c 78 37 48 64 128
c 78 68 22 88 104
c 51 59 28 90 134
c 66 7 26 10 172
c 81 59 59 93 100
c 59 93 84 56 178
c 92 49 29 3 184
c 2 32 77 82 100
c 9 40 78 37 119
c 49 48 55 71 180
c 15 8 11 72 130
c 62 13 76 69 166
c 72 68 78 98 184
c 32 55 84 4 111
c 57 96 6 7 131
c 33 19 46 45 191
c 32 35 77 71 188
c 38 25 48 37 164
c 66 25 16 89 108
c 65 78 20 38 135
c 76 69 16 31 117
c 37 38 21 12 145
c 36 70 21 22 105
c 56 46 56 41 150
c 18 50 34 2 176
c 45 59 32 17 177
c 2 84 9 43 171
c 98 70 32 69 179
c 18 89 46 45 161
c 37 74 66 28 168
c 52 49 22 6 152
c 60 40 21 89 142
c 15 53 87 88 107
c 68 18 1 77 173
c 17 18 43 1 109
c 41 15 49 72 170
c 63 24 48 14 159
c 86 82 32 94 195
c 51 21 45 91 142
c 37 74 40 41 197
c 14 31 25 16 177
c 30 62 32 94 199
c 66 85 92 81 139
c 70 15 63 55 164
c 0 17 23 49 194
c 40 83 34 45 171
c 19 81 26 45 182
c 1 23 81 59 196
c 37 57 74 63 190
c 74 34 71 76 125
c 55 44 13 71 179
c 70 71 10 6 144
c 28 31 81 80 183
c 96 98 62 80 128
c 11 17 56 97 112
c 96 97 53 54 105
c 76 45 43 91 168
c 78 27 70 15 142
c 63 77 32 17 110
c 25 68 33 48 113
c 88 17 25 68 138
c 92 81 32 17 133
c 3 1 91 54 163
c 7 8 60 83 196
c 64 5 66 41 125
c 64 59 40 63 173
c 70 59 91 48 100
c 4 12 17 54 180
c 56 57 70 49 115
c 66 85 71 39 147
c 98 29 51 39 119
c 35 36 46 45 144
c 22 66 13 71 104
c 51 86 48 94 162
c 9 82 30 62 124
c 25 34 92 80 101
c 29 82 79 60 184
c 23 2 63 64 118
c 85 65 21 12 151
c 57 36 25 76 115
c 17 4 87 84 129
c 9 40 94 30 159
c 14 19 39 40 127
c 27 73 96 98 184
c 39 14 80 78 121
c 20 83 11 62 160
c 76 47 35 45 168
c 84 80 17 54 156
c 0 10 21 89 199
c 26 29 74 58 123
c 95 81 82 90 114
c 65 98 18 50 197
c 33 18 68 72 162
c 66 67 46 2 102
c 93 46 54 91 133
c 70 62 8 40 185
c 25 16 27 60 146
c 15 74 23 27 165
c 16 31 48 26 145
c 62 64 84 7 165
c 46 97 67 93 141
c 20 29 88 29 121
c 88 89 79 45 105
c 35 51 78 66 160
c 11 13 90 72 125
c 64 93 94 96 188
c 77 89 97 32 155
c 58 35 59 34 149
c 91 36 82 98 165
c 14 97 19 20 109
c 9 82 9 72 151
c 8 32 31 32 145
c 78 84 7 81 177
c 68 72 10 50 140
c 42 84 70 15 116
c 5 37 40 84 119
c 60 83 95 80 136
c 11 17 2 3 148
c 47 63 51 39 115
c 60 88 90 51 111
c 29 36 67 12 184
c 39 33 97 53 185
c 77 78 75 45 121
c 58 15 39 33 194
c 80 94 26 27 183
c 1 82 56 78 198
c 46 28 3 47 143
c 62 36 38 58 173
c 64 67 91 92 170
c 60 85 52 41 189
c 74 34 45 12 130
c 42 40 55 13 141
c 78 77 28 88 145
c 61 73 37 28 155
c 41 72 92 15 101
c 10 6 17 4 104
c 10 11 22 13 163
c 60 23 25 26 129
c 41 42 25 34 131
c 45 10 53 54 193
c 93 31 44 1 173
c 6 51 0 71 191
c 37 73 92 13 139
c 80 95 54 34 116
c 58 46 67 12 163
c 72 43 90 12 101
c 77 32 63 2 167
c 72 52 57 94 150
c 7 42 92 3 186
c 9 40 91 48 169
c 77 89 38 76 187
c 94 96 44 1 131
c 82 90 73 90 121
c 20 29 10 22 122
c 50 94 31 61 186
c 47 7 22 79 175
c 70 91 29 30 139
c 64 5 11 23 169
c 40 81 47 53 142
c 60 23 97 73 132
c 62 80 7 81 131
c 62 80 14 31 164
c 9 44 88 41 144
c 97 4 84 10 196
c 8 47 79 13 181
c 70 52 11 24 116
c 61 28 46 2 192
c 88 29 67 2 106
c 46 58 59 29 130
c 25 16 49 72 143
c 76 12 65 34 122
c 52 73 31 90 182
c 97 32 42 15 120
c 41 72 36 22 192
c 81 17 52 49 131
c 59 61 79 45 132
c 43 44 25 26 125
c 46 45 85 16 176
c 14 63 53 24 115
c 29 82 65 33 128
c 79 80 15 6 169
c 7 25 14 31 170
c 73 63 21 12 142
c 88 17 41 33 177
c 26 39 90 51 162
c 68 38 10 50 194
c 80 71 30 31 158
c 7 25 79 58 138
c 63 77 80 8 136
c 2 84 79 60 165
c 47 42 27 73 121
c 80 5 25 56 172
c 78 98 6 62 128
c 94 30 46 33 110
c 96 57 45 12 147
c 4 24 95 22 105
c 32 76 57 51 168
c 6 64 25 16 160
c 13 64 78 1 190
c 4 22 25 15 112
c 85 47 13 73 129
c 65 38 3 36 171
c 71 87 92 49 108
c 21 12 42 65 156
c 51 21 67 15 161
c 59 60 53 54 144
c 37 27 96 12 172
c 17 3 48 64 175
c 47 7 11 89 159
c 50 79 49 50 177
c 12 4 51 92 102
c 56 78 49 72 160
c 94 30 0 49 152
c 2 77 97 32 160
c 54 13 58 26 162
c 94 59 3 36 116
c 76 77 7 25 123
c 43 44 68 33 117
c 18 74 88 92 105
c 14 9 7 46 180
c 58 13 6 48 174
c 51 92 94 30 107
c 12 25 80 8 103
c 73 39 16 36 146
c 73 82 25 16 145
c 40 74 32 35 128
c 11 49 57 32 165
c 32 55 3 50 146
c 54 55 25 56 182
c 94 37 96 14 198
c 97 42 70 59 108
c 45 94 10 22 147
c 84 85 66 65 144
c 58 97 47 51 158
c 85 83 36 70 126
c 79 64 25 43 127
c 76 47 4 24 101
c 38 74 84 20 127
c 11 13 17 67 179
c 40 63 94 17 194
c 51 52 85 10 161
c 71 72 83 17 125
c 49 48 85 47 109
c 71 28 26 29 140
c 40 23 14 62 108
c 77 89 48 26 193
c 32 69 18 52 191
c 23 53 51 50 185
c 47 63 78 41 151
c 87 84 11 12 126
c 94 30 49 50 168
c 7 80 49 22 110
c 11 81 76 39 112
c 38 74 94 92 161
c 46 58 43 22 161
c 91 14 78 66 196
c 63 64 89 35 142
c 19 6 16 5 195
c 39 40 48 37 183
c 62 64 71 39 197
c 95 81 61 16 108
c 33 30 7 11 145
c 46 58 32 17 197
c 14 19 65 34 148
c 52 53 14 25 188
c 32 24 9 44 192
c 48 14 70 52 173
c 32 76 52 41 149
c 55 11 4 22 111
c 25 76 73 9 110
c 65 34 97 32 182
c 88 17 40 84 153
c 83 84 60 23 111
c 98 99 30 62 159
c 2 84 84 7 184
c 0 17 42 40 148
c 59 93 40 41 171
c 37 73 54 91 106
c 63 2 28 63 169
c 53 28 22 97 169
c 26 45 28 82 102
c 8 40 43 98 138
c 34 2 66 78 193
c 58 63 56 97 155
c 85 10 60 21 179
c 59 83 56 46 195
c 15 65 3 85 179
c 71 46 71 25 127
c 48 26 39 33 101
c 14 57 32 6 177
c 92 81 51 50 119
c 37 9 26 79 157
c 61 73 87 13 102
c 2 76 24 25 145
c 66 7 74 66 174
c 8 9 63 38 104
c 80 78 76 12 103
c 73 74 34 94 107
c 64 30 37 38 180
c 63 31 98 29 115
c 15 74 37 73 123
c 3 60 15 65 115
c 93 31 58 13 138
c 96 12 56 75 179
c 16 5 52 92 175
c 39 14 8 78 119
c 83 84 3 6 157
c 80 94 64 15 145
c 97 73 57 85 179
c 70 75 95 90 160
c 0 22 71 78 138
c 8 84 8 40 165
c 64 30 14 62 141
c 34 47 59 10 175
c 80 97 51 98 107
c 40 92 63 97 168
c 64 93 57 96 181
c 91 54 60 18 154
c 84 4 72 32 168
c 8 47 84 20 100
c 40 78 5 82 141
c 72 32 65 84 111
c 96 27 94 9 181
c 56 82 46 97 134
c 69 48 8 84 141
c 21 85 62 63 188
c 81 63 72 74 195
c 75 45 0 1 162
c 63 55 63 24 111
c 20 88 38 1 193
c 0 10 11 77 107
c 97 98 97 40 132
c 26 79 14 19 144
c 20 83 46 2 121
c 30 16 12 11 188
c 41 20 57 51 160
c 70 75 37 27 103
c 54 91 62 63 120
c 15 6 17 18 129
c 71 29 78 77 180
c 26 27 65 93 118
c 42 40 68 23 179
c 14 24 62 64 161
c 70 71 46 83 162
c 16 19 53 64 168
c 62 36 12 63 143
c 8 19 76 24 118
c 80 57 96 57 164
c 55 11 64 38 127
c 28 81 95 80 117
c 70 24 16 97 199
c 43 90 8 62 133
c 68 18 70 24 170
c 79 70 43 92 108
c 98 70 57 68 103
c 50 62 95 88 126
c 25 76 79 58 187
c 54 91 76 67 149
c 28 64 25 34 119
c 45 12 94 9 173
c 21 40 10 35 152
c 66 1 66 7 119
c 62 36 45 66 178
c 34 2 41 35 114
c 79 70 66 41 129
c 66 85 20 78 110
c 15 6 18 89 140
c 34 84 50 1 117
c 16 19 14 24 192
c 30 95 62 63 154
c 7 8 34 75 137
c 13 71 51 92 158
c 67 15 69 16 179
c 81 17 36 37 147
c 81 63 40 78 142
c 3 48 98 96 131
c 46 28 35 63 104
c 22 42 65 93 106
c 17 4 62 93 184
c 33 24 13 18 198
c 14 15 52 28 152
c 26 29 64 93 132
c 57 58 15 60 142
c 32 55 10 22 179
c 22 58 23 24 158
c 27 2 40 81 170
c 21 28 26 10 180
c 95 85 26 39 177
c 65 42 52 53 170
c 26 59 70 46 150
c 56 75 66 28 128
c 8 43 35 51 159
c 42 84 63 97 149
c 79 84 27 88 137
c 8 28 62 3 139
c 26 94 78 2 173
c 30 16 76 39 157
c 57 58 91 92 116
c 58 1 11 28 179
c 34 72 19 62 189
c 40 34 43 1 164
c 23 53 92 94 156
c 56 82 21 85 119
c 44 26 65 33 166
c 11 24 32 15 135
c 54 3 30 88 156
c 47 95 16 46 111
c 85 65 75 45 141
c 94 9 80 97 142
c 34 47 7 8 196
c 95 90 34 75 188
c 36 52 70 59 108
c 6 52 22 66 125
c 31 61 85 65 106
c 53 44 34 45 174
c 44 31 18 25 186
c 11 13 84 10 185
c 79 58 79 60 109
c 56 91 88 41 172
c 28 88 69 40 190
c 68 96 7 81 148
c 40 84 69 48 134
c 72 90 40 78 179
c 56 78 66 28 148
c 98 1 64 3 170
c 60 61 32 75 121
c 43 55 64 5 154
c 21 12 63 31 130
c 36 81 91 81 139
c 55 56 78 27 112
c 66 7 36 22 133
c 76 80 29 65 120
c 4 24 94 59 114
c 22 13 47 39 157
c 68 48 68 53 137
c 70 95 53 64 155
c 47 42 73 54 183
c 51 54 44 31 153
c 70 46 29 64 133
c 7 74 69 27 111
c 86 87 40 20 143
c 27 40 73 39 147
c 7 94 51 19 169
c 41 30 48 40 165
c 63 31 47 54 139
c 91 30 22 88 180
c 55 13 55 20 117
c 7 81 70 15 192
c 93 39 36 22 147
c 65 40 47 54 158
c 66 25 12 9 175
c 25 43 80 90 109
c 63 2 84 56 136
c 33 24 21 40 128
c 11 49 26 48 179
c 83 71 24 43 112
c 67 8 14 24 139
c 37 44 58 60 144
c 18 74 98 29 146
c 25 68 98 90 112
c 49 59 23 53 160
c 37 27 41 20 187
c 57 58 49 36 115
c 95 80 63 32 128
c 40 90 26 62 153
c 78 68 73 57 148
c 49 48 59 93 196
c 81 63 44 15 199
c 42 84 66 67 121
c 7 94 29 65 154
c 67 68 95 81 157
c 30 16 56 34 177
c 74 39 57 68 108
c 2 87 58 26 102
c 63 38 98 29 121
c 34 45 78 88 198
c 73 54 12 25 152
c 77 89 28 82 182
c 69 64 56 34 108
c 64 30 50 10 130
c 63 24 46 58 188
c 60 85 8 17 186
c 25 76 20 9 127
c 92 34 86 5 177
c 28 82 52 73 140
c 7 25 16 97 106
c 85 16 16 17 180
c 79 60 59 29 147
c 11 23 32 83 144
c 43 27 15 74 127
c 74 34 63 32 182
c 8 84 95 88 108
c 67 25 62 93 128
c 56 46 45 66 185
c 32 17 42 15 106
c 13 2 69 15 139
c 77 78 62 98 104
c 28 88 27 74 119
c 77 23 39 69 143
c 42 84 2 76 170
c 11 68 27 30 169
c 34 94 78 79 179
c 44 81 63 24 114
c 14 62 12 4 150
c 45 91 82 90 129
c 10 83 39 11 138
c 94 17 91 29 170
c 3 40 40 79 164
c 59 57 3 50 133
c 81 82 95 80 121
c 33 34 80 57 124
c 32 55 25 56 116
c 68 33 26 74 171
c 63 80 88 17 145
c 68 69 9 40 116
c 64 15 27 88 183
c 27 40 53 30 106
c 35 36 71 40 177
c 5 2 80 57 142
c 92 94 57 46 111
c 80 95 14 15 165
c 30 16 60 18 111
c 20 53 3 4 195
c 48 37 47 7 129
c 97 61 14 31 185
c 94 96 80 97 178
c 73 57 4 87 100
c 92 96 69 48 171
c 6 7 28 71 171
c 36 37 27 74 187
c 14 97 17 3 185
c 97 53 84 7 132
c 13 71 45 94 189
c 26 94 29 3 187
c 91 48 69 5 196
c 18 35 44 79 153
c 69 5 98 29 161
c 48 66 25 26 104
c 45 91 7 24 145
c 68 69 7 8 168
c 80 88 26 94 110
c 25 56 26 29 179
c 18 74 2 32 100
c 23 53 73 52 163
c 91 87 48 14 138
c 95 90 51 52 125
c 59 29 73 82 117
c 44 31 55 11 197
c 14 15 58 59 101
c 4 51 26 96 145
c 76 93 2 73 105
c 80 88 69 40 127
c 85 83 66 67 189
c 73 39 18 79 197
c 9 72 62 30 116
c 29 65 35 68 135
c 15 6 78 2 137
c 97 81 62 11 110
c 3 47 6 48 107
c 17 18 65 42 124
c 27 74 2 73 118
c 43 44 7 43 199
c 94 9 78 2 196
c 45 46 13 73 120
c 46 45 19 81 145
c 81 59 60 61 110
c 11 81 33 18 103
c 28 31 83 71 153
c 78 68 26 96 133
c 80 95 60 83 112
c 22 13 34 45 173
c 79 84 34 2 122
c 29 82 29 9 171
c 92 13 44 26 130
c 13 14 52 55 125
c 7 99 56 34 129
c 13 23 77 82 136
c 29 36 83 11 107
c 55 20 19 81 195
c 87 44 41 33 161
c 35 51 66 65 179
c 40 84 51 19 117
c 23 49 60 88 182
c 25 43 75 45 173
c 11 69 83 17 164
c 76 45 21 58 127
c 74 66 62 34 168
c 0 41 65 78 100
c 35 63 87 90 145
c 51 92 9 10 129
c 42 34 44 79 106
c 41 20 44 80 131
c 41 72 3 60 156
c 27 28 38 58 154
c 30 62 71 52 177
c 40 81 40 90 174
c 12 38 28 64 172
c 76 47 53 64 130
c 60 83 61 73 191
c 14 19 97 89 149
c 11 68 10 35 111
c 92 62 40 78 169
c 98 1 8 43 139
c 24 36 71 52 174
c 58 26 78 68 154
c 64 59 46 45 153
c 29 3 29 65 169
c 16 17 19 81 181
c 5 82 28 41 110
c 31 57 28 81 102
c 97 61 92 13 109
c 76 77 5 67 101
c 9 40 12 25 168
c 70 71 47 53 125
c 37 14 33 14 157
c 89 35 34 45 169
c 0 49 45 59 141
c 84 79 7 43 185
c 59 60 19 6 128
c 50 94 30 88 165
c 54 13 87 88 138
c 60 83 57 32 198
c 4 87 34 72 173
c 81 67 65 93 131
c 68 23 7 46 153
c 27 28 38 31 126
c 4 52 44 1 174
c 52 53 78 27 129
c 86 33 16 19 189
c 60 23 40 84 129
c 46 45 13 37 173
c 26 74 97 81 159
c 60 88 59 61 198
c 46 97 15 6 120
c 0 1 44 7 179
c 30 9 36 3 196
c 44 79 71 31 102
c 86 87 95 42 117
c 31 61 80 94 182
c 9 84 16 2 131
c 14 24 74 58 166
c 10 35 92 15 139
c 84 56 80 8 193
c 30 31 8 94 189
c 46 33 33 96 142
c 81 17 25 84 195
c 51 19 82 98 107
c 94 92 41 30 120
c 84 10 14 25 141
c 93 31 40 20 175
c 39 83 29 36 169
c 55 22 86 85 155
c 45 46 43 78 145
c 0 22 80 57 109
c 43 92 96 12 189
c 70 62 59 57 119
c 60 85 28 82 106
c 20 29 14 25 120
c 3 46 55 13 120
c 3 60 98 51 141
c 61 82 38 60 141
c 83 84 62 13 141
c 87 30 46 45 189
c 44 45 3 85 122
c 46 33 5 41 195
c 2 32 65 78 136
c 92 15 35 49 106
c 77 71 14 63 157
c 61 62 80 78 160
c 90 12 48 64 108
c 48 40 6 37 129
c 42 50 90 12 187
c 68 53 59 29 123
c 58 15 46 58 147
c 76 39 96 98 194
c 6 48 51 54 132
c 38 93 57 85 159
c 81 63 43 92 118
c 10 83 4 51 184
c 58 69 76 93 134
c 70 75 12 84 175
c 64 30 54 91 132
c 43 80 21 15 146
c 68 33 41 72 163
c 29 64 14 62 127
c 68 23 66 1 147
c 10 11 66 49 125
c 43 89 22 97 197
c 40 51 97 81 105
c 11 69 9 90 192
c 58 92 78 84 168
c 9 43 8 99 195
c 56 91 13 18 185
c 0 22 8 51 189
c 28 31 17 67 130
c 67 35 14 63 120
c 88 92 10 83 106
c 69 64 92 80 150
c 50 79 66 57 152
c 11 49 14 63 199
c 93 94 79 75 169
c 58 69 13 14 119
c 29 82 92 24 166
c 85 83 64 59 184
c 31 86 67 2 157
c 77 98 43 91 136
c 49 50 25 34 107
c 34 45 52 53 197
c 12 46 97 81 197
c 8 78 11 28 184
c 45 66 52 55 187
c 56 57 11 17 124
c 12 38 64 65 185
c 48 37 66 49 109
c 46 97 27 60 147
c 57 96 67 93 140
c 11 28 85 98 150
c 78 41 11 62 123
c 75 45 87 54 117
c 5 67 80 88 141
c 22 45 55 22 195
c 40 92 51 19 139
c 5 41 25 15 144
c 62 64 1 41 193
c 11 77 78 81 155
c 10 83 38 25 179
c 11 2 64 89 173
c 52 49 78 88 118
c 80 57 37 57 168
c 12 23 20 53 110
c 97 98 43 33 157
c 86 33 88 61 193
c 40 20 66 41 117
c 17 4 11 72 197
c 42 84 83 11 120
c 58 92 44 65 111
c 67 93 19 91 146
c 50 1 87 90 182
c 77 23 7 46 107
c 25 26 32 69 142
c 10 35 11 69 179
c 34 72 6 7 121
c 64 65 17 54 119
c 98 90 80 94 186
c 21 58 1 77 147
c 13 23 65 93 103
c 79 90 70 95 160
c 4 2 65 34 183
c 92 80 94 59 110
c 43 91 79 1 172
c 96 14 14 24 124
c 20 9 32 75 152
c 58 97 41 20 111
c 0 49 70 75 197
c 87 90 61 62 163
c 27 19 79 13 132
c 26 29 18 74 166
c 91 54 73 9 164
c 30 46 32 24 170
c 53 8 38 76 118
c 44 18 95 96 176
c 90 51 97 61 124
c 71 52 92 96 165
c 21 45 48 26 111
c 7 11 72 53 124
c 79 60 43 49 172
c 84 80 94 96 127
c 78 60 93 81 114
c 2 76 95 85 152
c 8 47 34 94 177
c 88 89 22 23 144
c 43 90 0 17 106
c 97 4 86 82 157
c 97 73 33 30 170
c 58 92 56 79 139
c 34 45 29 3 109
c 80 95 91 48 171
c 26 59 92 34 129
c 33 48 56 79 195
c 30 95 2 76 170
c 77 78 6 7 178
c 34 45 88 61 176
c 65 40 76 80 189
c 95 81 21 89 188
c 15 74 25 15 145
c 95 14 67 8 101
c 91 36 46 2 113
c 29 36 98 70 166
c 58 97 79 70 187
c 34 75 22 23 165
c 43 80 45 13 173
c 21 62 26 79 145
c 3 32 91 30 186
c 84 10 8 21 103
c 91 30 22 23 142
c 64 67 8 51 151
c 30 2 69 15 134
c 59 60 18 50 183
c 64 15 11 77 171
c 59 34 90 93 159
c 53 38 72 52 164
c 22 79 68 23 165
c 57 96 45 94 123
c 13 73 76 12 133
c 8 28 31 73 140
c 4 22 93 39 180
c 16 19 78 84 182
c 8 16 2 76 154
c 37 14 65 78 153
c 72 52 38 31 173
c 16 89 86 33 143
c 7 43 51 86 160
c 7 94 19 6 161
c 94 96 8 16 151
c 29 64 34 45 145
c 73 44 17 54 177
c 22 97 57 51 171
c 87 84 96 79 134
c 11 24 81 82 102
c 58 69 91 92 170
c 3 32 91 92 192
c 23 2 45 94 167
c 56 91 70 52 135
c 81 82 48 28 111
c 97 73 97 94 110
c 21 28 21 89 155
c 20 29 65 42 124
c 4 87 19 61 148
c 51 98 9 84 146
c 33 24 15 8 148
c 25 8 15 8 198
c 63 97 45 74 152
c 22 66 37 9 153
c 92 15 98 40 118
c 31 32 85 10 168
c 54 55 27 32 197
c 95 69 96 14 157
c 62 63 13 73 114
c 71 76 87 38 174
c 40 63 45 66 165
c 76 12 44 4 174
c 92 52 10 83 157
c 88 7 90 91 181
c 7 8 14 24 146
c 12 4 86 91 156
c 15 16 71 32 145
c 36 70 38 76 156
c 63 24 8 40 110
c 62 3 48 13 181
c 29 64 91 87 126
c 91 1 11 13 108
c 67 68 68 38 182
c 74 34 0 17 114
c 48 40 78 77 112
c 17 3 9 72 118
c 45 94 27 19 131
c 77 23 51 50 163
c 51 22 80 67 118
c 38 57 69 5 168
c 36 79 91 92 171
c 66 85 37 28 174
c 66 78 64 5 160
c 19 20 88 87 118
c 67 2 28 64 136
c 58 63 59 57 105
c 54 3 60 40 104
c 76 80 23 24 142
c 93 46 84 56 162
c 63 32 55 71 104
c 31 86 80 66 167
c 95 69 44 7 119
c 27 88 32 69 142
c 33 34 62 13 122
c 55 22 25 99 111
c 16 89 49 50 146
c 53 28 2 87 101
c 13 37 91 29 159
c 6 64 26 10 157
c 5 6 92 81 132
c 79 80 75 76 110
c 79 90 38 1 174
c 27 30 3 40 146
c 86 91 26 74 111
c 78 79 6 62 142
c 56 91 52 55 188
c 47 48 49 71 160
c 80 86 11 81 186
c 63 32 34 72 144
c 65 93 96 14 179
c 38 76 78 79 123
c 26 62 15 65 115
c 94 38 76 69 130
c 9 72 71 32 171
c 22 58 7 74 119
c 31 61 79 75 198
c 65 40 83 71 104
c 69 16 47 53 133
c 12 13 66 7 170
c 12 13 9 43 147
c 43 22 18 79 157
c 70 75 71 40 111
c 56 82 11 68 159
c 58 7 63 38 191
c 37 14 16 97 100
c 56 79 18 52 170
c 45 59 46 60 156
c 17 18 51 21 114
c 7 11 8 43 169
c 59 57 71 51 173
c 25 99 67 35 164
c 39 33 49 22 121
c 26 39 12 25 115
c 27 46 27 60 166
c 43 49 92 62 185
c 9 44 12 25 175
c 74 66 53 28 161
c 39 69 60 85 123
c 10 6 62 10 109
c 13 18 78 41 119
c 69 15 20 9 193
c 50 51 75 98 115
c 49 22 35 63 194
c 76 93 23 49 161
c 35 57 44 7 131
c 7 8 96 98 142
c 46 2 50 51 134
c 32 24 27 32 108
c 66 25 72 2 154
c 58 15 97 81 136
c 14 9 39 14 144
c 81 67 63 97 194
c 5 69 45 91 197
c 92 10 43 73 134
c 84 51 97 98 133
c 80 30 59 83 190
c 43 49 23 94 186
c 31 61 55 11 192
c 8 94 97 94 157
c 12 46 62 80 139
c 39 33 57 58 194
c 41 30 70 49 169
c 76 93 59 34 160
c 28 64 63 55 132
c 76 24 21 22 117
c 53 30 84 50 162
