notes: n=200, m=3980, elb=1, eub=20, density=0.1, conf_density=0.0003, clb=75, cub= 175, seed= 9758
p spec 200 3980 2375
s 0
t 199
a 0 1 19
a 0 199 19
a 0 136 17
a 0 12 17
a 0 166 4
a 0 50 5
a 0 6 13
a 0 59 14
a 0 151 8
a 0 97 2
a 0 156 14
a 0 42 14
a 0 25 1
a 0 152 6
a 0 23 10
a 0 124 10
a 0 79 14
a 0 193 14
a 0 65 18
a 0 113 6
a 0 192 6
a 0 116 11
a 0 194 13
a 0 86 9
a 1 2 9
a 1 84 17
a 1 29 1
a 1 188 7
a 1 50 11
a 1 169 1
a 1 126 14
a 1 45 12
a 1 175 9
a 1 182 3
a 1 114 1
a 1 185 1
a 1 52 9
a 2 3 18
a 2 36 13
a 2 133 3
a 2 138 3
a 2 20 4
a 2 85 13
a 2 198 2
a 2 145 17
a 2 135 8
a 2 37 8
a 2 41 18
a 2 77 9
a 2 79 19
a 2 35 1
a 2 190 15
a 2 140 16
a 2 69 11
a 2 144 9
a 2 66 9
a 2 62 9
a 2 184 8
a 2 93 11
a 2 170 12
a 2 59 15
a 2 98 6
a 2 12 10
a 3 4 2
a 3 36 18
a 3 24 10
a 3 187 17
a 3 61 7
a 3 150 10
a 3 26 8
a 3 75 2
a 3 7 6
a 3 180 6
a 3 2 16
a 3 82 16
a 3 155 19
a 3 107 18
a 4 5 7
a 4 121 9
a 4 45 16
a 4 131 9
a 4 52 19
a 4 12 2
a 4 116 9
a 4 112 6
a 4 104 15
a 4 177 9
a 4 77 9
a 4 139 14
a 4 115 5
a 4 191 7
a 4 25 9
a 4 78 3
a 4 105 14
a 4 108 1
a 4 19 18
a 4 135 2
a 4 113 7
a 4 13 1
a 4 70 13
a 5 6 15
a 5 62 8
a 5 95 2
a 5 167 2
a 5 88 10
a 5 199 19
a 5 187 15
a 5 107 1
a 5 61 11
a 5 38 15
a 5 13 18
a 5 110 9
a 5 154 17
a 5 148 6
a 5 73 15
a 5 32 5
a 5 106 12
a 5 68 1
a 5 152 2
a 5 146 17
a 5 185 1
a 6 7 12
a 6 46 14
a 6 159 4
a 6 19 5
a 6 114 3
a 6 81 15
a 6 124 7
a 6 104 6
a 6 53 12
a 6 144 14
a 6 113 1
a 6 118 14
a 6 175 14
a 6 83 17
a 6 10 13
a 6 177 17
a 6 141 18
a 6 20 16
a 6 98 3
a 6 54 19
a 6 134 6
a 6 91 2
a 6 196 14
a 6 18 10
a 6 58 15
a 7 8 2
a 7 167 9
a 7 24 4
a 7 44 16
a 7 68 11
a 7 22 6
a 7 26 5
a 7 180 4
a 7 140 14
a 7 186 12
a 7 129 4
a 7 174 11
a 7 141 17
a 7 108 9
a 7 151 6
a 7 14 13
a 7 135 10
a 8 9 18
a 8 194 3
a 8 13 4
a 8 45 14
a 8 187 5
a 8 106 10
a 8 38 19
a 8 141 10
a 8 196 9
a 8 35 4
a 8 29 16
a 8 91 8
a 8 74 4
a 8 23 12
a 9 10 5
a 9 33 16
a 9 69 17
a 9 188 17
a 9 171 5
a 9 57 18
a 9 166 19
a 9 181 2
a 9 81 19
a 9 96 10
a 9 21 10
a 9 53 3
a 9 105 8
a 9 176 14
a 9 40 5
a 9 16 11
a 9 25 18
a 9 8 13
a 9 48 2
a 9 101 15
a 9 4 16
a 9 195 13
a 9 144 11
a 9 182 15
a 9 88 19
a 10 11 1
a 10 92 10
a 10 133 19
a 10 120 16
a 10 43 5
a 10 14 16
a 10 71 14
a 10 110 9
a 10 8 17
a 10 94 1
a 10 37 16
a 10 42 3
a 10 21 15
a 10 153 14
a 10 168 13
a 10 155 13
a 10 160 1
a 11 12 14
a 11 192 7
a 11 162 18
a 11 35 15
a 11 111 14
a 11 82 11
a 11 180 14
a 11 45 2
a 11 77 6
a 11 167 9
a 11 103 4
a 11 129 4
a 11 89 11
a 11 31 8
a 11 153 10
a 11 17 11
a 11 148 19
a 11 106 9
a 11 109 4
a 11 74 12
a 11 110 18
a 11 75 17
a 11 159 4
a 11 59 2
a 11 195 6
a 11 25 11
a 11 19 1
a 11 173 19
a 12 13 16
a 12 43 3
a 12 135 2
a 12 140 19
a 12 152 14
a 12 4 2
a 12 156 10
a 12 95 1
a 12 5 3
a 12 128 4
a 12 102 14
a 12 131 6
a 12 194 1
a 12 70 5
a 12 60 8
a 12 107 16
a 12 199 5
a 12 2 14
a 12 105 13
a 12 23 13
a 12 57 4
a 13 14 7
a 13 83 12
a 13 181 2
a 13 132 2
a 13 118 17
a 13 20 15
a 13 4 5
a 13 177 9
a 13 110 17
a 13 73 14
a 13 111 19
a 13 44 9
a 13 91 18
a 13 105 5
a 13 155 9
a 13 53 12
a 13 21 6
a 14 15 3
a 14 180 4
a 14 193 10
a 14 32 2
a 14 16 13
a 14 95 1
a 14 173 4
a 14 28 12
a 14 158 14
a 14 121 15
a 14 3 4
a 14 24 14
a 14 194 18
a 14 175 15
a 14 166 12
a 14 78 9
a 14 102 2
a 14 51 4
a 14 70 19
a 14 159 7
a 14 41 18
a 15 16 13
a 15 12 8
a 15 162 14
a 15 35 2
a 15 62 12
a 15 92 3
a 15 150 2
a 15 129 18
a 15 67 2
a 15 46 1
a 15 107 9
a 15 19 4
a 15 115 14
a 15 18 18
a 15 22 11
a 15 116 9
a 15 1 14
a 15 76 13
a 15 30 8
a 15 131 6
a 15 9 13
a 15 20 19
a 16 17 2
a 16 22 14
a 16 126 10
a 16 155 8
a 16 163 10
a 16 138 2
a 16 181 16
a 16 55 16
a 16 108 5
a 16 75 14
a 16 53 12
a 16 177 9
a 16 162 13
a 16 72 8
a 16 24 2
a 16 99 16
a 16 10 3
a 16 131 17
a 16 32 14
a 16 25 11
a 16 178 4
a 16 78 10
a 16 1 19
a 16 74 5
a 16 183 4
a 16 21 1
a 17 18 9
a 17 59 6
a 17 167 16
a 17 83 6
a 17 104 13
a 17 118 4
a 17 40 1
a 17 35 3
a 17 2 11
a 17 69 2
a 17 192 13
a 17 78 5
a 17 10 19
a 18 19 3
a 18 13 9
a 18 79 13
a 18 138 10
a 18 49 14
a 18 92 2
a 18 56 12
a 18 35 7
a 18 162 9
a 18 3 18
a 18 82 18
a 18 196 11
a 18 94 16
a 18 53 15
a 18 125 16
a 18 178 16
a 19 20 14
a 19 165 9
a 19 69 12
a 19 112 3
a 19 155 11
a 19 44 18
a 19 96 14
a 19 151 14
a 19 116 6
a 19 104 5
a 19 99 14
a 19 40 19
a 19 60 10
a 19 67 4
a 19 81 17
a 19 59 9
a 19 109 1
a 19 56 11
a 19 129 10
a 19 80 11
a 19 27 16
a 19 48 13
a 19 150 7
a 19 171 14
a 19 124 16
a 19 175 15
a 19 18 10
a 20 21 3
a 20 107 15
a 20 114 19
a 20 98 18
a 20 194 2
a 20 133 17
a 20 169 9
a 20 177 16
a 20 152 15
a 20 93 2
a 20 71 3
a 20 72 6
a 20 46 7
a 20 73 3
a 20 3 11
a 21 22 6
a 21 98 16
a 21 43 6
a 21 139 16
a 21 132 6
a 21 193 2
a 21 108 12
a 21 129 5
a 21 183 6
a 21 106 12
a 21 66 17
a 21 192 15
a 21 196 7
a 21 163 10
a 21 140 9
a 21 97 11
a 21 45 14
a 21 92 9
a 22 23 16
a 22 54 7
a 22 157 16
a 22 191 13
a 22 26 17
a 22 174 4
a 22 148 15
a 22 3 9
a 22 145 1
a 22 125 2
a 22 142 15
a 22 97 8
a 22 29 6
a 22 25 1
a 22 58 19
a 22 82 10
a 22 140 15
a 22 114 17
a 22 72 12
a 22 120 13
a 22 177 8
a 22 162 6
a 22 107 2
a 22 123 10
a 22 173 6
a 23 24 18
a 23 162 19
a 23 10 13
a 23 152 3
a 23 37 16
a 23 179 9
a 23 4 13
a 23 159 9
a 23 111 4
a 23 31 3
a 23 18 15
a 23 120 15
a 23 29 2
a 23 20 19
a 23 42 9
a 23 119 12
a 24 25 14
a 24 140 7
a 24 159 18
a 24 174 3
a 24 75 1
a 24 56 11
a 24 172 6
a 24 112 7
a 24 96 11
a 24 107 7
a 24 136 16
a 24 52 11
a 24 18 1
a 24 137 6
a 24 88 18
a 24 189 6
a 24 46 16
a 24 16 5
a 24 51 3
a 24 17 5
a 24 81 4
a 24 42 10
a 25 26 16
a 25 189 1
a 25 37 1
a 25 143 9
a 25 164 14
a 25 141 3
a 25 77 12
a 25 11 15
a 25 59 15
a 25 131 3
a 25 111 19
a 25 72 7
a 25 89 8
a 25 134 3
a 25 12 10
a 25 138 13
a 25 171 1
a 25 136 8
a 25 42 6
a 25 104 13
a 25 128 14
a 26 27 19
a 26 109 2
a 26 38 8
a 26 29 16
a 26 68 15
a 26 14 2
a 26 48 8
a 26 168 12
a 26 73 5
a 26 51 15
a 26 187 5
a 26 54 16
a 26 183 14
a 26 118 2
a 26 182 3
a 26 6 2
a 26 99 14
a 26 53 7
a 26 8 17
a 26 125 2
a 26 151 15
a 27 28 15
a 27 44 19
a 27 47 4
a 27 82 1
a 27 164 4
a 27 172 19
a 27 26 5
a 27 46 6
a 27 116 6
a 27 173 3
a 27 130 17
a 27 141 10
a 27 147 11
a 27 168 3
a 27 183 2
a 27 50 8
a 28 29 17
a 28 81 16
a 28 79 7
a 28 127 10
a 28 85 10
a 28 40 2
a 28 193 15
a 28 120 2
a 28 48 2
a 28 30 18
a 28 67 18
a 29 30 14
a 29 98 2
a 29 52 3
a 29 46 4
a 29 10 15
a 29 65 4
a 29 37 18
a 29 72 9
a 29 24 7
a 29 115 1
a 29 174 3
a 29 20 6
a 29 105 2
a 29 58 10
a 29 137 7
a 29 93 18
a 29 191 4
a 29 190 11
a 30 31 4
a 30 113 8
a 30 149 11
a 30 50 5
a 30 170 7
a 30 26 17
a 30 9 4
a 30 100 8
a 30 119 18
a 30 10 19
a 30 143 3
a 30 32 16
a 30 124 8
a 30 64 6
a 30 12 18
a 30 156 12
a 30 184 10
a 30 73 12
a 30 27 12
a 30 13 10
a 30 182 18
a 30 180 2
a 30 187 12
a 30 179 19
a 31 32 9
a 31 177 19
a 31 78 1
a 31 64 6
a 31 55 15
a 31 148 7
a 31 134 11
a 31 61 5
a 31 122 8
a 31 163 4
a 31 125 17
a 31 18 2
a 31 167 4
a 31 63 2
a 31 58 16
a 32 33 16
a 32 76 6
a 32 178 15
a 32 97 10
a 32 147 15
a 32 106 13
a 32 194 17
a 32 35 14
a 32 2 18
a 32 182 6
a 32 197 1
a 32 114 2
a 32 129 3
a 32 115 17
a 32 63 5
a 32 134 6
a 32 104 16
a 32 42 6
a 33 34 4
a 33 110 17
a 33 38 13
a 33 51 17
a 33 91 6
a 33 163 2
a 33 82 6
a 33 24 15
a 33 180 14
a 33 90 15
a 33 143 12
a 33 147 11
a 33 78 5
a 33 118 6
a 33 4 1
a 33 35 7
a 33 196 15
a 34 35 11
a 34 85 8
a 34 37 4
a 34 51 14
a 34 134 15
a 34 41 17
a 34 103 15
a 34 107 1
a 34 155 19
a 34 127 15
a 34 162 17
a 34 144 12
a 34 182 4
a 34 152 9
a 34 87 17
a 34 20 8
a 34 77 19
a 34 188 14
a 34 18 10
a 34 104 14
a 34 54 8
a 34 97 11
a 34 101 15
a 34 36 1
a 35 36 10
a 35 129 3
a 35 72 3
a 35 81 19
a 35 156 10
a 35 193 1
a 35 38 7
a 35 192 11
a 35 60 17
a 35 171 1
a 35 153 11
a 35 152 14
a 35 71 5
a 35 147 9
a 35 169 6
a 35 90 17
a 35 34 1
a 35 95 16
a 35 12 14
a 35 63 19
a 35 189 14
a 36 37 4
a 36 197 12
a 36 157 15
a 36 92 11
a 36 78 15
a 36 140 10
a 36 89 1
a 36 88 10
a 36 13 2
a 36 162 6
a 36 198 5
a 36 54 9
a 36 110 4
a 36 35 14
a 36 15 6
a 36 30 8
a 36 49 7
a 36 22 6
a 36 3 2
a 36 8 12
a 36 149 18
a 36 182 1
a 36 50 13
a 36 85 15
a 37 38 11
a 37 141 5
a 37 126 18
a 37 75 7
a 37 189 7
a 37 50 8
a 37 49 5
a 37 90 13
a 37 62 6
a 37 45 11
a 37 174 15
a 37 68 3
a 37 85 3
a 37 61 8
a 37 80 4
a 37 5 19
a 37 81 15
a 37 10 7
a 38 39 12
a 38 179 16
a 38 28 16
a 38 46 4
a 38 111 19
a 38 154 15
a 38 145 14
a 38 48 4
a 38 58 13
a 38 162 2
a 38 8 15
a 38 70 15
a 38 16 14
a 38 68 1
a 38 73 14
a 38 64 19
a 38 194 15
a 38 32 16
a 38 96 7
a 38 190 16
a 38 197 6
a 38 149 6
a 39 40 3
a 39 161 9
a 39 123 4
a 39 96 13
a 39 192 9
a 39 170 18
a 39 185 3
a 39 59 16
a 39 155 11
a 39 83 5
a 39 9 10
a 39 177 12
a 39 78 17
a 39 74 16
a 39 156 9
a 39 27 18
a 39 101 4
a 39 111 7
a 39 57 15
a 39 199 17
a 39 182 8
a 39 112 14
a 39 194 19
a 40 41 11
a 40 152 10
a 40 70 5
a 40 189 5
a 40 170 5
a 40 162 17
a 40 194 13
a 40 37 18
a 40 73 1
a 40 33 14
a 40 151 10
a 40 164 10
a 40 87 15
a 40 155 17
a 40 197 15
a 40 76 7
a 40 62 14
a 40 74 9
a 41 42 19
a 41 98 18
a 41 82 17
a 41 124 11
a 41 90 10
a 41 6 18
a 41 17 4
a 41 121 10
a 41 154 10
a 41 128 8
a 41 172 17
a 41 33 3
a 41 109 14
a 41 197 14
a 41 72 18
a 41 26 1
a 41 91 7
a 41 97 18
a 41 8 4
a 41 93 8
a 42 43 14
a 42 118 10
a 42 44 10
a 42 25 4
a 42 89 4
a 42 164 11
a 42 135 11
a 42 172 8
a 42 124 19
a 42 98 15
a 42 23 18
a 42 153 9
a 42 133 11
a 42 171 3
a 42 176 14
a 42 199 7
a 42 158 19
a 42 132 10
a 42 106 3
a 42 192 2
a 42 128 1
a 42 197 6
a 42 136 8
a 42 183 19
a 42 48 9
a 42 148 13
a 42 50 19
a 42 163 14
a 42 195 6
a 42 63 18
a 42 79 2
a 43 44 10
a 43 68 1
a 43 88 7
a 43 141 12
a 43 11 8
a 43 121 6
a 43 168 13
a 43 111 5
a 43 174 8
a 43 142 13
a 43 70 9
a 43 181 9
a 44 45 13
a 44 107 10
a 44 14 10
a 44 60 7
a 44 104 14
a 44 30 7
a 44 43 13
a 44 191 6
a 44 93 6
a 44 79 18
a 44 9 6
a 44 153 1
a 44 21 12
a 44 39 4
a 44 110 9
a 44 82 5
a 44 91 10
a 44 151 17
a 44 69 18
a 44 170 13
a 44 150 7
a 44 105 19
a 44 167 10
a 44 113 8
a 44 130 14
a 44 189 19
a 45 46 15
a 45 178 19
a 45 169 14
a 45 61 7
a 45 81 6
a 45 22 13
a 45 96 4
a 45 4 15
a 45 64 19
a 45 137 16
a 45 118 15
a 45 2 13
a 45 163 12
a 45 11 13
a 45 71 14
a 45 101 11
a 46 47 3
a 46 28 13
a 46 169 16
a 46 180 11
a 46 125 17
a 46 51 1
a 46 155 19
a 46 86 13
a 46 79 18
a 46 62 15
a 46 132 9
a 46 179 16
a 46 44 18
a 46 135 6
a 46 199 19
a 46 171 16
a 46 55 14
a 46 197 14
a 46 13 17
a 46 116 2
a 46 173 9
a 47 48 1
a 47 97 14
a 47 11 9
a 47 110 9
a 47 82 12
a 47 68 4
a 47 118 9
a 47 70 11
a 47 4 1
a 47 15 11
a 47 106 2
a 47 180 1
a 47 21 6
a 47 6 15
a 47 98 5
a 47 193 6
a 48 49 15
a 48 18 10
a 48 135 4
a 48 100 14
a 48 14 10
a 48 104 1
a 48 45 12
a 48 35 7
a 48 92 19
a 48 146 3
a 48 181 5
a 48 25 18
a 48 134 16
a 48 86 15
a 48 167 2
a 48 112 13
a 48 101 15
a 48 46 18
a 48 193 15
a 48 87 12
a 48 166 19
a 48 102 16
a 48 83 7
a 48 195 2
a 49 50 10
a 49 76 11
a 49 167 8
a 49 117 8
a 49 74 3
a 49 19 1
a 49 193 3
a 49 138 5
a 49 151 6
a 49 68 12
a 49 112 9
a 49 166 10
a 49 199 14
a 49 53 2
a 49 43 9
a 49 78 12
a 49 179 16
a 50 51 13
a 50 60 3
a 50 140 13
a 50 187 12
a 50 165 3
a 50 141 9
a 50 116 15
a 50 12 7
a 50 170 1
a 50 19 9
a 50 126 16
a 50 177 3
a 50 10 15
a 50 58 16
a 50 88 2
a 50 194 3
a 50 8 7
a 50 150 9
a 50 61 8
a 51 52 14
a 51 44 17
a 51 128 6
a 51 8 10
a 51 70 6
a 51 65 11
a 51 64 1
a 51 42 3
a 51 126 2
a 51 157 5
a 51 109 1
a 51 183 1
a 51 140 3
a 51 26 17
a 51 94 18
a 51 129 18
a 51 73 11
a 51 134 16
a 51 190 12
a 52 53 6
a 52 148 3
a 52 78 17
a 52 198 5
a 52 5 8
a 52 150 4
a 52 191 14
a 52 149 19
a 52 97 13
a 52 101 12
a 52 171 4
a 52 125 19
a 52 23 7
a 52 179 4
a 52 30 16
a 52 145 16
a 52 130 6
a 52 141 2
a 52 161 14
a 52 6 7
a 52 169 9
a 52 90 16
a 52 182 7
a 52 181 10
a 52 102 12
a 52 43 12
a 52 13 7
a 52 69 6
a 53 54 5
a 53 99 15
a 53 51 17
a 53 70 10
a 53 140 5
a 53 13 14
a 53 1 12
a 53 94 18
a 53 189 9
a 53 29 8
a 53 174 18
a 53 48 4
a 53 32 6
a 53 199 16
a 53 57 9
a 53 61 13
a 53 72 3
a 53 30 14
a 53 52 11
a 53 21 13
a 53 89 13
a 53 197 12
a 53 90 4
a 54 55 7
a 54 116 3
a 54 180 12
a 54 59 15
a 54 142 2
a 54 8 7
a 54 137 7
a 54 37 10
a 54 191 2
a 54 194 5
a 54 16 17
a 54 74 3
a 54 151 1
a 54 19 3
a 54 40 19
a 54 30 9
a 54 98 9
a 54 6 4
a 54 130 13
a 54 14 18
a 54 18 15
a 54 193 11
a 55 56 13
a 55 9 10
a 55 127 5
a 55 108 12
a 55 156 5
a 55 92 8
a 55 182 8
a 55 89 14
a 55 111 8
a 55 163 4
a 55 187 16
a 55 154 16
a 56 57 16
a 56 36 10
a 56 77 12
a 56 101 3
a 56 190 1
a 56 31 7
a 56 14 19
a 56 80 15
a 56 72 17
a 56 114 2
a 56 118 6
a 56 89 1
a 56 150 12
a 56 78 12
a 56 137 12
a 56 94 2
a 56 10 18
a 56 173 5
a 56 82 4
a 57 58 5
a 57 60 3
a 57 16 2
a 57 138 7
a 57 146 3
a 57 125 8
a 57 120 4
a 57 108 10
a 57 116 8
a 57 30 1
a 57 136 11
a 57 98 7
a 57 105 19
a 57 18 6
a 57 114 13
a 57 157 6
a 57 192 9
a 57 170 15
a 57 182 14
a 57 132 1
a 57 26 3
a 57 101 18
a 57 80 14
a 57 107 6
a 58 59 9
a 58 183 15
a 58 41 6
a 58 4 5
a 58 145 17
a 58 70 11
a 58 177 12
a 58 100 8
a 58 2 8
a 58 185 13
a 58 95 6
a 58 8 6
a 58 123 12
a 58 21 8
a 58 198 19
a 58 82 13
a 58 26 16
a 58 196 13
a 58 192 12
a 58 16 1
a 58 106 5
a 59 60 16
a 59 126 1
a 59 70 15
a 59 180 17
a 59 62 13
a 59 143 3
a 59 171 5
a 59 82 5
a 59 14 18
a 59 38 15
a 59 158 1
a 59 173 17
a 59 147 3
a 59 130 4
a 59 140 6
a 59 99 9
a 59 88 19
a 59 32 8
a 59 33 13
a 59 145 6
a 59 146 18
a 59 150 11
a 60 61 15
a 60 143 6
a 60 194 9
a 60 15 10
a 60 142 8
a 60 172 5
a 60 191 16
a 60 50 5
a 60 131 11
a 60 141 17
a 60 121 2
a 60 86 6
a 60 114 2
a 60 16 8
a 60 47 18
a 60 97 10
a 60 9 19
a 60 135 19
a 60 112 6
a 60 185 14
a 60 78 5
a 60 90 13
a 61 62 8
a 61 168 2
a 61 188 18
a 61 64 4
a 61 103 16
a 61 99 5
a 61 47 18
a 61 185 2
a 61 29 13
a 61 1 17
a 61 8 15
a 61 169 14
a 61 172 4
a 61 70 5
a 61 157 6
a 61 83 18
a 61 4 5
a 61 20 4
a 61 46 10
a 61 151 6
a 61 105 18
a 61 27 14
a 61 101 7
a 61 6 17
a 61 138 14
a 61 100 15
a 61 85 9
a 61 52 3
a 61 137 15
a 61 152 5
a 61 56 1
a 61 182 3
a 61 39 13
a 61 122 11
a 61 65 10
a 61 170 14
a 61 75 4
a 61 146 19
a 62 63 8
a 62 10 6
a 62 173 5
a 62 104 19
a 62 23 14
a 62 105 14
a 62 9 17
a 62 168 15
a 62 28 4
a 62 121 10
a 62 53 16
a 62 35 6
a 62 119 14
a 62 66 14
a 62 178 16
a 62 134 14
a 62 133 5
a 62 144 2
a 62 149 12
a 62 102 14
a 62 191 12
a 62 87 17
a 62 42 17
a 62 163 5
a 63 64 11
a 63 174 19
a 63 89 15
a 63 34 19
a 63 79 14
a 63 154 9
a 63 191 8
a 63 21 13
a 63 120 5
a 63 102 15
a 63 163 4
a 63 140 7
a 63 108 18
a 63 195 8
a 63 66 19
a 63 162 2
a 63 43 15
a 63 103 13
a 63 15 1
a 63 115 8
a 63 175 1
a 63 46 3
a 63 125 8
a 63 10 4
a 63 88 17
a 63 70 16
a 63 105 9
a 63 78 7
a 64 65 5
a 64 73 17
a 64 62 13
a 64 163 15
a 64 52 9
a 64 184 9
a 64 10 13
a 64 32 2
a 64 42 4
a 64 76 18
a 64 141 11
a 64 105 2
a 64 87 3
a 64 127 13
a 64 106 2
a 64 148 17
a 64 144 8
a 65 66 6
a 65 111 1
a 65 79 14
a 65 3 17
a 65 134 11
a 65 32 16
a 65 163 13
a 65 53 4
a 65 178 11
a 65 181 12
a 65 169 13
a 65 35 14
a 65 133 5
a 65 39 18
a 65 168 9
a 65 104 13
a 66 67 16
a 66 106 12
a 66 183 3
a 66 176 4
a 66 79 5
a 66 11 2
a 66 31 1
a 66 152 7
a 66 120 14
a 66 74 4
a 66 104 8
a 66 21 10
a 67 68 15
a 67 147 12
a 67 77 5
a 67 53 19
a 67 122 2
a 67 64 13
a 67 61 16
a 67 10 15
a 67 116 14
a 67 186 9
a 67 30 5
a 67 158 7
a 67 144 17
a 67 51 14
a 67 151 13
a 68 69 7
a 68 193 4
a 68 129 6
a 68 32 13
a 68 48 2
a 68 23 14
a 68 55 9
a 68 12 11
a 68 194 16
a 68 52 10
a 68 36 19
a 68 117 2
a 68 112 16
a 68 198 1
a 68 140 1
a 68 13 17
a 68 71 9
a 68 169 9
a 69 70 8
a 69 29 19
a 69 48 11
a 69 36 10
a 69 102 4
a 69 108 11
a 69 124 14
a 69 160 17
a 69 10 16
a 69 30 9
a 69 190 11
a 69 140 6
a 69 130 4
a 69 49 3
a 70 71 12
a 70 90 9
a 70 58 8
a 70 11 7
a 70 64 6
a 70 10 19
a 70 51 10
a 70 99 19
a 70 39 4
a 70 20 12
a 70 97 17
a 70 168 16
a 70 94 17
a 70 83 14
a 70 30 17
a 70 163 5
a 70 125 6
a 70 185 16
a 70 181 10
a 70 173 9
a 71 72 18
a 71 61 9
a 71 95 6
a 71 127 2
a 71 47 19
a 71 83 3
a 71 158 16
a 71 19 7
a 71 106 18
a 71 9 13
a 71 28 17
a 71 74 10
a 71 185 12
a 71 11 1
a 71 56 6
a 71 170 17
a 71 168 15
a 71 52 10
a 71 150 13
a 71 58 7
a 71 26 3
a 71 70 17
a 71 3 19
a 71 125 15
a 71 89 19
a 71 91 5
a 71 147 2
a 71 46 3
a 72 73 2
a 72 161 2
a 72 83 14
a 72 81 1
a 72 172 18
a 72 7 11
a 72 181 4
a 72 85 19
a 72 35 8
a 72 191 4
a 72 60 10
a 72 1 14
a 72 67 10
a 72 93 12
a 73 74 14
a 73 165 13
a 73 49 6
a 73 71 17
a 73 99 2
a 73 199 7
a 73 60 9
a 73 23 15
a 73 81 6
a 73 174 2
a 73 92 6
a 73 17 15
a 73 118 14
a 73 185 16
a 73 22 12
a 73 117 19
a 73 128 19
a 73 19 7
a 73 168 10
a 73 123 7
a 73 30 12
a 73 189 19
a 73 1 2
a 74 75 19
a 74 168 14
a 74 129 13
a 74 22 19
a 74 187 10
a 74 68 19
a 74 172 19
a 74 167 4
a 74 56 4
a 74 32 19
a 74 92 13
a 74 79 8
a 74 122 19
a 74 155 10
a 74 186 4
a 74 58 3
a 74 45 2
a 74 73 5
a 74 163 18
a 74 113 18
a 74 95 2
a 74 83 17
a 75 76 12
a 75 103 10
a 75 146 2
a 75 174 7
a 75 117 3
a 75 52 3
a 75 104 17
a 75 187 3
a 75 9 6
a 75 10 10
a 75 67 3
a 75 41 19
a 75 74 15
a 75 152 18
a 75 42 7
a 75 72 17
a 76 77 13
a 76 106 19
a 76 124 6
a 76 110 2
a 76 165 11
a 76 53 3
a 76 33 5
a 76 29 15
a 76 150 6
a 76 133 1
a 76 178 16
a 76 17 5
a 76 160 17
a 76 81 15
a 76 138 16
a 77 78 18
a 77 3 8
a 77 15 3
a 77 132 1
a 77 53 10
a 77 71 10
a 77 180 7
a 77 144 1
a 77 170 1
a 77 130 1
a 77 8 6
a 77 83 3
a 77 56 1
a 77 103 9
a 77 151 14
a 77 76 5
a 77 80 17
a 77 159 11
a 77 40 3
a 77 189 7
a 78 79 4
a 78 185 2
a 78 95 16
a 78 68 3
a 78 46 3
a 78 159 16
a 78 88 18
a 78 142 8
a 78 65 7
a 78 167 13
a 78 51 10
a 78 57 14
a 78 107 4
a 78 138 2
a 78 48 11
a 78 37 4
a 78 34 15
a 78 135 6
a 78 83 14
a 78 192 10
a 78 26 15
a 78 84 11
a 78 140 7
a 79 80 11
a 79 118 15
a 79 106 19
a 79 199 18
a 79 86 8
a 79 176 16
a 79 188 12
a 79 185 3
a 79 190 13
a 79 81 18
a 79 91 6
a 80 81 17
a 80 194 1
a 80 51 3
a 80 27 6
a 80 148 15
a 80 8 13
a 80 86 16
a 80 107 11
a 80 183 6
a 80 153 1
a 80 83 2
a 80 106 16
a 80 56 17
a 80 122 9
a 81 82 4
a 81 188 16
a 81 179 19
a 81 172 6
a 81 125 6
a 81 184 11
a 81 129 15
a 81 48 8
a 81 197 8
a 81 25 5
a 81 185 8
a 81 67 12
a 81 159 9
a 81 147 9
a 81 51 8
a 82 83 19
a 82 44 15
a 82 36 13
a 82 158 2
a 82 79 4
a 82 102 17
a 82 54 17
a 82 60 10
a 82 115 14
a 82 163 18
a 82 45 5
a 82 89 2
a 82 146 11
a 82 9 16
a 82 177 11
a 82 100 3
a 82 6 16
a 82 95 12
a 82 171 2
a 83 84 2
a 83 170 19
a 83 63 12
a 83 194 4
a 83 158 17
a 83 75 3
a 83 18 10
a 83 95 4
a 83 195 14
a 83 148 13
a 83 139 9
a 83 94 8
a 83 188 11
a 83 3 4
a 83 164 12
a 83 175 19
a 83 102 8
a 83 44 7
a 83 136 5
a 83 8 11
a 83 152 6
a 83 110 13
a 83 65 2
a 83 165 3
a 84 85 17
a 84 157 10
a 84 29 11
a 84 51 10
a 84 21 13
a 84 1 11
a 84 72 4
a 84 86 9
a 84 93 13
a 84 130 7
a 84 138 13
a 84 2 17
a 84 42 14
a 84 80 6
a 84 189 8
a 84 154 13
a 84 143 3
a 84 11 2
a 84 87 2
a 84 156 1
a 85 86 16
a 85 28 13
a 85 136 2
a 85 161 19
a 85 56 10
a 85 147 5
a 85 154 3
a 85 137 14
a 85 40 1
a 85 60 19
a 85 82 7
a 85 98 9
a 85 169 6
a 85 25 13
a 85 173 13
a 85 99 19
a 85 146 6
a 85 185 14
a 85 80 16
a 86 87 5
a 86 78 2
a 86 74 14
a 86 35 13
a 86 53 4
a 86 5 12
a 86 6 19
a 86 131 9
a 86 152 14
a 86 106 19
a 86 107 1
a 86 93 2
a 86 72 11
a 87 88 2
a 87 23 2
a 87 62 2
a 87 168 14
a 87 105 6
a 87 36 16
a 87 118 11
a 87 180 19
a 87 177 8
a 87 37 16
a 87 56 4
a 87 8 18
a 87 98 13
a 87 55 17
a 88 89 5
a 88 144 18
a 88 106 12
a 88 71 1
a 88 194 5
a 88 84 18
a 88 161 18
a 88 105 1
a 88 158 11
a 88 54 16
a 88 133 6
a 88 137 14
a 88 104 7
a 88 171 3
a 88 29 18
a 88 188 17
a 88 112 18
a 88 167 11
a 88 78 6
a 88 131 13
a 88 36 2
a 88 26 7
a 88 45 18
a 88 110 15
a 88 55 8
a 89 90 4
a 89 63 13
a 89 84 3
a 89 104 11
a 89 172 14
a 89 44 18
a 89 169 6
a 89 66 3
a 89 150 8
a 89 160 16
a 89 182 3
a 89 132 18
a 89 146 6
a 89 93 13
a 90 91 6
a 90 66 12
a 90 58 13
a 90 93 15
a 90 139 8
a 90 190 13
a 90 70 3
a 90 102 12
a 90 75 2
a 90 126 7
a 90 166 13
a 90 134 12
a 90 198 17
a 90 73 10
a 90 64 2
a 90 88 5
a 90 37 11
a 90 98 8
a 90 130 7
a 90 38 12
a 90 125 13
a 90 148 6
a 91 92 15
a 91 148 14
a 91 81 9
a 91 95 11
a 91 85 16
a 91 199 5
a 91 76 4
a 91 110 2
a 91 46 12
a 91 44 1
a 91 174 18
a 91 84 9
a 91 108 4
a 91 71 4
a 91 113 11
a 91 99 17
a 91 17 15
a 91 158 5
a 91 129 1
a 92 93 13
a 92 156 16
a 92 60 7
a 92 103 12
a 92 91 12
a 92 81 16
a 92 112 2
a 92 78 13
a 92 33 19
a 92 133 1
a 92 175 4
a 92 57 5
a 92 190 2
a 92 30 14
a 92 153 1
a 92 52 3
a 92 50 1
a 93 94 19
a 93 123 3
a 93 167 4
a 93 68 18
a 93 125 2
a 93 148 15
a 93 18 5
a 93 174 18
a 93 88 6
a 93 137 8
a 93 157 8
a 93 171 8
a 93 17 7
a 93 196 11
a 93 33 13
a 93 89 10
a 93 72 14
a 93 12 14
a 93 119 5
a 93 183 7
a 94 95 5
a 94 119 14
a 94 175 12
a 94 65 7
a 94 79 8
a 94 104 14
a 94 180 18
a 94 135 18
a 94 143 13
a 94 15 14
a 94 49 10
a 94 172 13
a 94 100 8
a 94 53 7
a 94 2 12
a 94 120 13
a 94 196 16
a 94 174 19
a 94 98 7
a 94 60 19
a 95 96 11
a 95 128 2
a 95 48 16
a 95 108 9
a 95 184 12
a 95 38 14
a 95 176 1
a 95 50 19
a 95 161 18
a 95 7 14
a 95 6 7
a 95 172 13
a 95 85 19
a 95 132 16
a 96 97 8
a 96 108 4
a 96 84 10
a 96 163 15
a 96 75 15
a 96 133 5
a 96 12 6
a 96 86 17
a 96 145 11
a 96 88 3
a 96 25 3
a 96 15 14
a 96 183 16
a 96 3 18
a 96 149 10
a 96 136 6
a 96 185 3
a 96 124 6
a 96 83 8
a 96 65 4
a 96 68 13
a 97 98 17
a 97 129 9
a 97 36 7
a 97 6 7
a 97 62 8
a 97 163 1
a 97 9 10
a 97 130 17
a 97 30 10
a 97 158 11
a 97 35 12
a 97 74 18
a 97 121 8
a 97 63 2
a 97 177 12
a 98 99 5
a 98 168 19
a 98 155 7
a 98 112 19
a 98 105 2
a 98 108 1
a 98 52 11
a 98 34 17
a 98 135 18
a 98 82 16
a 98 36 5
a 98 147 1
a 98 4 9
a 98 141 15
a 98 162 15
a 98 167 17
a 99 100 2
a 99 117 10
a 99 181 1
a 99 39 13
a 99 123 5
a 99 178 6
a 99 162 4
a 99 8 15
a 99 194 13
a 99 65 15
a 99 71 1
a 99 155 11
a 99 133 1
a 99 139 17
a 99 197 16
a 99 44 7
a 99 31 15
a 99 22 12
a 99 54 16
a 99 88 19
a 99 118 17
a 99 140 13
a 99 105 17
a 99 83 7
a 99 138 11
a 99 125 18
a 100 101 11
a 100 63 5
a 100 95 2
a 100 109 19
a 100 146 17
a 100 169 19
a 100 140 3
a 100 13 16
a 100 172 11
a 100 141 9
a 100 32 6
a 100 97 3
a 100 148 9
a 100 85 7
a 100 72 4
a 101 102 18
a 101 78 12
a 101 191 6
a 101 195 4
a 101 183 9
a 101 125 11
a 101 156 14
a 101 50 2
a 101 126 13
a 101 122 8
a 101 139 9
a 101 24 17
a 101 133 2
a 101 32 4
a 101 123 10
a 101 7 17
a 101 9 4
a 101 48 14
a 101 65 1
a 101 148 11
a 101 113 17
a 102 103 13
a 102 26 3
a 102 145 11
a 102 25 8
a 102 185 14
a 102 181 17
a 102 68 10
a 102 108 2
a 102 14 10
a 102 153 17
a 102 130 5
a 102 71 9
a 102 96 3
a 102 114 19
a 102 17 8
a 102 80 19
a 102 186 14
a 102 21 15
a 103 104 19
a 103 130 9
a 103 60 4
a 103 141 13
a 103 19 1
a 103 64 16
a 103 150 6
a 103 198 13
a 103 121 5
a 103 114 14
a 103 87 4
a 103 57 16
a 103 113 19
a 103 178 8
a 103 148 18
a 103 94 17
a 103 188 14
a 103 185 1
a 103 167 18
a 103 6 11
a 103 68 16
a 104 105 15
a 104 118 7
a 104 134 11
a 104 179 19
a 104 67 10
a 104 42 7
a 104 158 15
a 104 21 12
a 104 55 3
a 104 11 18
a 104 44 17
a 104 90 12
a 104 110 16
a 104 17 3
a 104 77 8
a 104 103 16
a 104 167 19
a 104 64 5
a 104 196 11
a 104 168 7
a 105 106 19
a 105 107 15
a 105 119 1
a 105 178 12
a 105 129 16
a 105 180 12
a 105 80 4
a 105 74 18
a 105 42 6
a 105 21 15
a 105 78 5
a 105 40 16
a 105 143 18
a 105 26 17
a 106 107 12
a 106 130 14
a 106 118 8
a 106 127 13
a 106 43 18
a 106 174 5
a 106 101 5
a 106 119 19
a 106 158 7
a 106 97 2
a 106 108 7
a 106 152 13
a 106 58 2
a 106 157 3
a 106 92 11
a 106 67 5
a 106 128 7
a 106 39 5
a 106 11 15
a 106 85 2
a 106 137 13
a 106 60 15
a 106 154 14
a 106 100 16
a 106 89 12
a 106 104 16
a 107 108 4
a 107 121 16
a 107 7 1
a 107 171 6
a 107 154 1
a 107 175 19
a 107 176 3
a 107 196 1
a 107 52 4
a 107 99 19
a 107 83 6
a 108 109 17
a 108 197 2
a 108 145 6
a 108 146 4
a 108 112 15
a 108 15 9
a 108 152 9
a 108 148 11
a 108 24 8
a 108 23 3
a 108 31 13
a 108 156 8
a 108 119 12
a 108 102 7
a 108 8 14
a 108 141 2
a 108 132 16
a 108 95 16
a 108 170 12
a 108 17 14
a 109 110 9
a 109 31 9
a 109 199 6
a 109 197 6
a 109 15 9
a 109 117 18
a 109 11 18
a 109 50 18
a 109 77 2
a 109 102 10
a 109 93 2
a 109 152 15
a 109 66 9
a 109 16 17
a 109 142 16
a 109 186 17
a 109 19 16
a 109 17 17
a 109 78 9
a 109 5 14
a 109 71 4
a 109 184 5
a 109 136 4
a 109 179 14
a 109 168 13
a 109 41 5
a 109 24 11
a 110 111 5
a 110 54 7
a 110 117 2
a 110 114 5
a 110 140 19
a 110 5 3
a 110 79 2
a 110 188 15
a 110 71 10
a 110 37 3
a 110 90 1
a 110 100 4
a 110 197 12
a 110 27 1
a 110 156 10
a 110 149 19
a 110 145 12
a 110 112 15
a 110 163 13
a 110 181 7
a 110 104 18
a 110 4 3
a 110 1 8
a 111 112 3
a 111 155 4
a 111 130 6
a 111 89 17
a 111 9 5
a 111 150 5
a 111 190 10
a 111 58 15
a 111 193 4
a 111 117 18
a 111 91 14
a 111 109 13
a 111 148 3
a 111 156 4
a 111 161 9
a 111 84 19
a 111 128 17
a 111 160 16
a 111 174 3
a 111 108 6
a 111 192 14
a 111 143 3
a 112 113 6
a 112 7 16
a 112 131 10
a 112 25 14
a 112 148 5
a 112 55 12
a 112 116 8
a 112 174 16
a 112 78 12
a 112 142 2
a 112 168 17
a 112 163 10
a 112 29 1
a 112 126 2
a 112 175 10
a 112 124 11
a 113 114 17
a 113 173 9
a 113 10 5
a 113 13 9
a 113 76 5
a 113 94 17
a 113 177 6
a 113 152 7
a 113 57 18
a 113 142 15
a 113 15 7
a 113 50 15
a 113 99 12
a 113 119 15
a 113 5 6
a 113 187 13
a 113 64 9
a 113 43 17
a 113 3 6
a 113 78 17
a 114 115 2
a 114 117 3
a 114 176 12
a 114 75 13
a 114 10 9
a 114 12 13
a 114 139 4
a 114 101 7
a 114 151 17
a 114 143 13
a 114 93 9
a 114 43 7
a 114 28 8
a 114 46 14
a 114 50 11
a 114 65 19
a 114 154 7
a 114 110 17
a 114 34 14
a 114 41 4
a 114 144 18
a 114 196 7
a 114 112 3
a 114 40 3
a 114 14 7
a 115 116 8
a 115 32 13
a 115 181 8
a 115 162 3
a 115 180 3
a 115 199 14
a 115 61 3
a 115 73 17
a 115 79 16
a 115 77 18
a 115 58 10
a 115 89 4
a 115 128 4
a 115 49 11
a 115 76 13
a 115 46 18
a 115 25 11
a 115 38 3
a 115 178 1
a 115 70 7
a 115 144 4
a 115 101 18
a 115 105 11
a 115 35 11
a 115 80 12
a 115 120 16
a 115 107 6
a 116 117 9
a 116 184 14
a 116 38 5
a 116 198 15
a 116 22 13
a 116 86 3
a 116 150 13
a 116 191 5
a 116 178 17
a 116 158 19
a 116 81 9
a 116 126 4
a 116 19 19
a 116 78 8
a 116 74 12
a 116 163 4
a 116 129 14
a 116 58 11
a 116 147 14
a 116 172 11
a 116 153 5
a 116 4 3
a 116 139 9
a 117 118 3
a 117 113 7
a 117 44 10
a 117 195 17
a 117 194 2
a 117 67 2
a 117 32 10
a 117 130 4
a 117 161 10
a 117 5 15
a 117 111 12
a 117 85 12
a 117 146 1
a 117 20 9
a 117 173 14
a 117 11 13
a 117 39 9
a 117 17 14
a 118 119 11
a 118 78 11
a 118 129 6
a 118 50 2
a 118 146 6
a 118 152 1
a 118 196 16
a 118 144 18
a 118 199 14
a 118 13 17
a 118 188 18
a 118 140 2
a 118 180 17
a 118 94 8
a 118 113 10
a 118 23 12
a 118 122 13
a 118 70 1
a 118 55 7
a 118 5 8
a 118 60 12
a 119 120 11
a 119 193 9
a 119 56 6
a 119 19 4
a 119 116 12
a 119 185 19
a 119 90 4
a 119 68 13
a 119 26 2
a 119 105 8
a 119 2 11
a 119 111 19
a 119 184 4
a 119 43 4
a 119 20 14
a 119 15 19
a 120 121 3
a 120 196 4
a 120 33 4
a 120 126 16
a 120 81 7
a 120 37 1
a 120 61 9
a 120 181 14
a 120 97 13
a 120 85 14
a 120 2 4
a 120 34 11
a 120 127 17
a 120 161 19
a 120 69 8
a 120 199 17
a 120 8 10
a 120 27 3
a 120 32 13
a 120 160 11
a 120 47 4
a 121 122 14
a 121 80 8
a 121 38 3
a 121 44 13
a 121 62 16
a 121 61 15
a 121 22 3
a 121 74 6
a 121 100 5
a 121 75 17
a 121 139 1
a 121 97 9
a 121 19 5
a 121 31 16
a 121 170 7
a 121 37 1
a 121 87 2
a 122 123 6
a 122 171 2
a 122 77 15
a 122 21 3
a 122 116 12
a 122 166 3
a 122 39 4
a 122 162 4
a 122 157 13
a 122 173 3
a 122 156 5
a 122 159 12
a 122 113 11
a 122 120 18
a 122 176 2
a 122 32 11
a 122 31 10
a 122 52 17
a 122 85 9
a 122 41 11
a 122 100 11
a 123 124 14
a 123 168 11
a 123 15 8
a 123 128 8
a 123 171 19
a 123 61 16
a 123 79 16
a 123 153 12
a 123 184 19
a 123 175 2
a 123 23 9
a 123 144 3
a 123 85 8
a 123 82 18
a 123 27 9
a 123 179 2
a 123 59 15
a 123 6 18
a 123 160 5
a 123 50 3
a 123 131 5
a 123 12 17
a 124 125 10
a 124 162 2
a 124 119 4
a 124 38 11
a 124 11 13
a 124 85 18
a 124 197 13
a 124 8 12
a 124 22 19
a 124 104 9
a 124 59 11
a 124 143 11
a 124 88 13
a 124 75 9
a 124 148 11
a 124 27 14
a 124 167 13
a 124 86 10
a 124 130 10
a 125 126 2
a 125 92 4
a 125 82 12
a 125 79 4
a 125 164 15
a 125 114 14
a 125 81 6
a 125 36 13
a 125 176 19
a 125 85 7
a 125 23 10
a 125 183 5
a 125 111 7
a 125 157 14
a 125 6 5
a 125 16 2
a 125 135 6
a 125 33 9
a 125 98 8
a 125 89 6
a 126 127 19
a 126 170 5
a 126 82 3
a 126 105 4
a 126 148 9
a 126 154 5
a 126 106 14
a 126 158 11
a 126 13 15
a 126 17 5
a 126 100 5
a 126 9 12
a 126 136 6
a 126 58 1
a 126 150 13
a 126 120 9
a 126 57 8
a 126 138 17
a 126 132 14
a 126 67 4
a 126 50 11
a 126 19 4
a 127 128 5
a 127 186 13
a 127 117 14
a 127 126 17
a 127 2 10
a 127 14 16
a 127 157 12
a 127 61 3
a 127 79 19
a 127 95 15
a 127 189 13
a 127 58 5
a 127 190 12
a 127 50 3
a 127 10 12
a 127 66 4
a 127 72 2
a 127 78 4
a 127 83 5
a 127 133 10
a 127 73 18
a 127 198 8
a 127 75 6
a 127 130 5
a 127 144 16
a 128 129 13
a 128 43 8
a 128 73 19
a 128 84 16
a 128 106 13
a 128 182 18
a 128 74 10
a 128 195 7
a 128 139 1
a 128 97 1
a 128 157 14
a 128 102 15
a 128 186 6
a 128 68 16
a 128 193 4
a 128 146 2
a 128 93 18
a 128 32 4
a 128 29 14
a 128 155 7
a 128 147 13
a 128 12 4
a 128 90 6
a 129 130 10
a 129 6 9
a 129 174 17
a 129 61 9
a 129 161 12
a 129 143 11
a 129 117 2
a 129 11 8
a 129 75 4
a 129 87 11
a 129 131 11
a 129 12 8
a 129 36 2
a 129 65 1
a 129 20 2
a 129 121 2
a 129 175 14
a 129 199 10
a 129 154 12
a 129 101 6
a 129 147 15
a 129 90 19
a 130 131 9
a 130 146 15
a 130 48 10
a 130 10 10
a 130 107 3
a 130 61 11
a 130 51 5
a 130 140 13
a 130 23 18
a 130 184 3
a 130 46 19
a 130 20 9
a 130 24 15
a 130 150 2
a 130 112 1
a 130 110 1
a 130 4 12
a 131 132 14
a 131 162 3
a 131 81 13
a 131 119 16
a 131 61 8
a 131 86 6
a 131 24 10
a 131 161 13
a 131 72 11
a 131 143 2
a 131 30 19
a 131 158 1
a 131 90 5
a 131 98 19
a 131 88 1
a 131 5 7
a 131 32 16
a 131 77 5
a 131 49 11
a 131 155 2
a 131 186 17
a 132 133 3
a 132 111 3
a 132 173 14
a 132 16 14
a 132 172 2
a 132 149 13
a 132 92 8
a 132 118 16
a 132 68 8
a 132 37 1
a 132 62 9
a 132 30 17
a 132 181 11
a 132 110 4
a 132 77 4
a 132 100 1
a 132 192 5
a 132 65 5
a 132 47 4
a 132 4 6
a 132 180 10
a 132 107 2
a 132 190 11
a 132 156 9
a 132 177 6
a 132 120 8
a 133 134 5
a 133 50 17
a 133 135 12
a 133 37 16
a 133 180 2
a 133 188 14
a 133 58 10
a 133 107 4
a 133 100 9
a 133 42 2
a 133 118 2
a 133 40 2
a 133 117 8
a 133 82 10
a 133 89 11
a 133 161 8
a 133 157 10
a 133 101 15
a 133 136 18
a 133 132 12
a 134 135 10
a 134 61 6
a 134 146 3
a 134 148 1
a 134 62 19
a 134 127 12
a 134 78 6
a 134 56 11
a 134 79 10
a 134 168 5
a 134 77 5
a 134 155 4
a 134 166 4
a 134 178 3
a 134 183 9
a 135 136 3
a 135 84 8
a 135 99 14
a 135 169 5
a 135 53 9
a 135 14 12
a 135 123 2
a 135 172 5
a 135 128 9
a 135 112 14
a 135 64 9
a 135 78 18
a 135 196 15
a 135 10 2
a 135 121 1
a 135 190 4
a 135 5 13
a 135 184 1
a 135 147 8
a 135 186 6
a 135 130 11
a 135 100 15
a 135 96 5
a 135 88 18
a 135 160 19
a 135 34 17
a 135 143 8
a 135 197 19
a 135 116 1
a 135 131 16
a 136 137 13
a 136 192 18
a 136 78 18
a 136 3 8
a 136 141 2
a 136 53 7
a 136 81 9
a 136 190 12
a 136 1 8
a 136 106 6
a 136 180 8
a 136 12 15
a 136 31 4
a 136 35 12
a 136 69 10
a 136 193 11
a 136 88 3
a 136 62 14
a 136 154 14
a 136 121 13
a 136 44 3
a 137 138 8
a 137 117 5
a 137 146 4
a 137 64 10
a 137 36 16
a 137 43 16
a 137 112 6
a 137 160 17
a 137 100 14
a 137 85 15
a 137 161 6
a 137 82 6
a 137 156 12
a 137 177 8
a 137 38 17
a 137 172 8
a 137 197 19
a 137 56 2
a 137 111 1
a 137 50 8
a 137 61 11
a 137 39 7
a 138 139 2
a 138 142 7
a 138 5 13
a 138 121 13
a 138 125 3
a 138 104 16
a 138 17 15
a 138 149 6
a 138 176 2
a 138 74 6
a 138 77 12
a 138 38 16
a 138 1 15
a 138 193 7
a 138 136 12
a 138 159 4
a 138 97 14
a 138 37 17
a 139 140 19
a 139 44 8
a 139 20 1
a 139 108 15
a 139 87 5
a 139 15 4
a 139 107 6
a 139 35 19
a 139 73 2
a 139 91 13
a 139 75 14
a 139 19 15
a 139 40 13
a 139 112 15
a 139 70 3
a 139 66 1
a 139 65 14
a 139 115 3
a 139 156 10
a 139 195 6
a 139 39 1
a 139 27 19
a 139 92 16
a 139 165 16
a 140 141 14
a 140 173 10
a 140 37 4
a 140 66 5
a 140 112 13
a 140 11 7
a 140 31 15
a 140 43 16
a 140 60 10
a 140 167 9
a 140 40 10
a 140 188 9
a 140 137 1
a 140 113 12
a 140 26 14
a 140 53 7
a 140 17 4
a 140 5 6
a 140 19 6
a 140 83 9
a 141 142 9
a 141 9 4
a 141 126 16
a 141 99 12
a 141 58 6
a 141 72 1
a 141 27 17
a 141 45 12
a 141 120 3
a 141 128 10
a 141 59 16
a 141 177 7
a 141 115 3
a 141 38 11
a 141 83 13
a 141 98 16
a 141 10 16
a 141 24 11
a 142 143 3
a 142 88 2
a 142 177 1
a 142 164 7
a 142 124 8
a 142 152 3
a 142 112 3
a 142 197 2
a 142 161 13
a 142 46 16
a 142 87 3
a 142 84 16
a 142 58 15
a 142 79 8
a 142 91 3
a 142 126 18
a 143 144 5
a 143 54 6
a 143 106 3
a 143 99 5
a 143 42 9
a 143 177 2
a 143 166 9
a 143 149 9
a 143 176 5
a 143 65 11
a 143 170 1
a 143 38 18
a 143 53 3
a 143 57 15
a 143 97 14
a 143 66 4
a 143 30 5
a 143 110 14
a 143 127 12
a 143 189 4
a 143 136 9
a 143 114 16
a 144 145 16
a 144 2 8
a 144 157 4
a 144 1 7
a 144 37 11
a 144 177 11
a 144 100 15
a 144 134 14
a 144 17 5
a 144 47 16
a 144 111 7
a 144 147 5
a 144 49 5
a 144 64 6
a 144 28 2
a 144 167 5
a 144 114 10
a 144 67 9
a 144 125 2
a 144 97 3
a 144 66 5
a 144 35 13
a 144 74 7
a 144 57 15
a 144 88 18
a 144 193 3
a 144 93 3
a 144 80 19
a 145 146 15
a 145 102 18
a 145 48 19
a 145 167 6
a 145 32 8
a 145 94 19
a 145 100 10
a 145 170 1
a 145 22 12
a 145 178 9
a 145 91 13
a 145 141 18
a 145 192 8
a 145 112 10
a 145 20 8
a 145 101 13
a 145 25 3
a 145 80 5
a 145 163 12
a 145 162 8
a 146 147 7
a 146 38 13
a 146 194 11
a 146 141 4
a 146 61 18
a 146 45 3
a 146 25 1
a 146 138 9
a 146 27 18
a 146 172 5
a 146 161 13
a 146 4 11
a 146 20 13
a 146 184 15
a 146 129 16
a 146 143 19
a 146 34 3
a 146 196 11
a 146 187 10
a 146 60 19
a 147 148 17
a 147 31 4
a 147 16 9
a 147 130 4
a 147 100 15
a 147 150 15
a 147 2 15
a 147 58 12
a 147 180 3
a 147 132 10
a 147 142 7
a 147 29 12
a 147 12 9
a 147 136 1
a 147 184 8
a 147 59 3
a 147 75 19
a 148 149 13
a 148 109 8
a 148 115 19
a 148 116 2
a 148 103 19
a 148 144 3
a 148 11 5
a 148 28 8
a 148 156 16
a 148 153 17
a 148 101 14
a 148 5 5
a 148 155 1
a 148 158 10
a 148 133 4
a 148 117 12
a 148 164 13
a 148 88 1
a 148 50 17
a 148 60 13
a 148 42 19
a 149 150 19
a 149 165 2
a 149 159 7
a 149 114 5
a 149 143 12
a 149 164 4
a 149 126 5
a 149 136 6
a 149 92 1
a 149 42 13
a 150 151 5
a 150 82 19
a 150 34 6
a 150 62 1
a 150 110 16
a 150 144 9
a 150 176 6
a 150 162 15
a 150 42 7
a 150 103 10
a 150 109 15
a 150 64 9
a 150 127 6
a 150 193 4
a 150 46 11
a 150 111 9
a 150 10 12
a 150 189 1
a 151 152 16
a 151 150 17
a 151 155 15
a 151 187 6
a 151 28 9
a 151 130 11
a 151 115 11
a 151 193 18
a 151 162 9
a 151 96 10
a 151 82 10
a 151 55 3
a 151 32 15
a 151 64 18
a 151 114 13
a 151 50 8
a 151 142 19
a 151 139 6
a 151 141 16
a 151 35 15
a 151 48 13
a 151 67 9
a 151 194 4
a 152 153 15
a 152 76 17
a 152 82 6
a 152 174 6
a 152 133 9
a 152 93 11
a 152 187 11
a 152 121 5
a 152 4 7
a 152 79 6
a 152 159 11
a 152 171 2
a 152 126 11
a 153 154 8
a 153 91 16
a 153 140 11
a 153 130 1
a 153 129 9
a 153 147 16
a 153 149 13
a 153 39 18
a 153 85 13
a 153 74 6
a 153 33 11
a 153 127 6
a 153 58 6
a 153 53 3
a 153 184 18
a 153 75 1
a 153 21 19
a 153 118 10
a 153 54 12
a 153 95 9
a 154 155 9
a 154 194 12
a 154 199 9
a 154 55 15
a 154 142 18
a 154 4 17
a 154 46 16
a 154 161 11
a 154 97 13
a 154 3 5
a 154 102 16
a 154 140 13
a 154 105 4
a 154 175 13
a 154 85 19
a 154 68 10
a 154 36 12
a 154 74 1
a 154 78 7
a 154 108 16
a 154 192 15
a 154 52 15
a 154 138 17
a 154 95 1
a 154 117 5
a 155 156 14
a 155 116 6
a 155 66 7
a 155 166 3
a 155 121 14
a 155 181 4
a 155 165 19
a 155 14 10
a 155 40 16
a 155 118 18
a 155 132 8
a 155 185 12
a 155 111 6
a 155 168 18
a 155 78 14
a 155 187 18
a 155 27 10
a 155 97 1
a 155 131 19
a 156 157 10
a 156 120 10
a 156 65 11
a 156 84 14
a 156 29 15
a 156 53 3
a 156 97 11
a 156 132 16
a 156 122 11
a 156 133 16
a 156 119 7
a 156 70 10
a 156 86 3
a 156 173 3
a 156 28 4
a 156 50 17
a 156 190 5
a 156 102 5
a 156 129 14
a 156 107 2
a 157 158 15
a 157 20 6
a 157 61 17
a 157 4 3
a 157 21 8
a 157 15 18
a 157 9 9
a 157 116 18
a 157 46 19
a 157 199 7
a 157 100 6
a 157 67 17
a 157 7 19
a 157 177 5
a 157 72 4
a 157 69 7
a 157 193 16
a 157 129 6
a 157 184 7
a 157 187 1
a 157 98 10
a 158 159 2
a 158 72 13
a 158 59 4
a 158 70 14
a 158 162 10
a 158 4 2
a 158 164 7
a 158 167 12
a 158 189 11
a 158 146 17
a 158 115 19
a 158 51 2
a 158 179 1
a 158 69 4
a 158 99 4
a 158 94 1
a 158 140 17
a 158 88 6
a 158 5 9
a 158 96 14
a 158 89 12
a 158 191 15
a 159 160 16
a 159 96 14
a 159 192 19
a 159 72 12
a 159 45 18
a 159 12 11
a 159 118 2
a 159 104 6
a 159 169 11
a 159 86 16
a 159 8 6
a 159 133 17
a 159 68 19
a 159 30 16
a 159 195 5
a 159 67 18
a 159 197 16
a 159 126 18
a 159 196 17
a 159 189 14
a 159 145 8
a 159 149 10
a 160 161 18
a 160 121 1
a 160 119 7
a 160 71 13
a 160 63 12
a 160 16 3
a 160 53 1
a 160 114 17
a 160 28 4
a 160 38 7
a 160 166 18
a 160 100 16
a 160 156 17
a 160 72 6
a 160 187 3
a 160 106 19
a 160 65 6
a 160 17 4
a 161 162 15
a 161 7 3
a 161 39 2
a 161 163 1
a 161 136 14
a 161 4 17
a 161 199 12
a 161 16 9
a 161 191 7
a 161 148 1
a 161 135 5
a 161 71 4
a 161 142 14
a 161 102 3
a 161 128 19
a 161 96 9
a 161 149 12
a 161 93 1
a 161 168 16
a 161 124 9
a 161 138 6
a 161 86 12
a 161 153 10
a 161 131 16
a 162 163 17
a 162 67 18
a 162 159 8
a 162 127 14
a 162 5 10
a 162 34 13
a 162 94 17
a 162 99 11
a 162 68 4
a 162 64 19
a 162 101 6
a 162 49 9
a 162 89 13
a 162 122 1
a 162 42 14
a 162 113 4
a 162 31 3
a 162 79 15
a 162 179 4
a 162 12 10
a 162 47 11
a 162 143 14
a 162 134 5
a 163 164 10
a 163 191 14
a 163 180 14
a 163 113 6
a 163 27 16
a 163 75 9
a 163 18 17
a 163 85 2
a 163 53 4
a 163 181 18
a 163 80 7
a 163 111 14
a 163 162 15
a 163 153 3
a 163 47 8
a 163 136 7
a 163 30 15
a 163 119 18
a 163 16 14
a 163 127 11
a 163 118 3
a 163 96 2
a 164 165 19
a 164 14 1
a 164 18 19
a 164 50 15
a 164 6 7
a 164 73 13
a 164 37 15
a 164 58 7
a 164 127 18
a 164 107 17
a 164 47 16
a 164 80 18
a 164 94 7
a 164 103 4
a 164 124 7
a 164 4 11
a 164 21 8
a 164 64 1
a 164 113 1
a 164 115 17
a 164 189 18
a 164 46 15
a 164 84 3
a 164 53 10
a 165 166 10
a 165 189 15
a 165 68 2
a 165 146 18
a 165 54 9
a 165 5 16
a 165 51 12
a 165 167 9
a 165 100 12
a 165 62 2
a 165 105 18
a 165 32 14
a 165 46 15
a 165 111 4
a 166 167 13
a 166 170 14
a 166 68 9
a 166 23 15
a 166 19 2
a 166 117 10
a 166 79 13
a 166 60 11
a 166 33 3
a 166 12 8
a 166 13 14
a 166 77 4
a 166 198 2
a 166 160 19
a 166 22 4
a 166 144 10
a 166 89 6
a 166 97 9
a 166 135 1
a 166 29 7
a 166 101 14
a 166 70 6
a 166 50 16
a 166 168 14
a 166 191 5
a 166 136 1
a 166 185 8
a 166 119 12
a 167 168 14
a 167 128 5
a 167 65 2
a 167 107 3
a 167 152 15
a 167 47 3
a 167 105 3
a 167 1 17
a 167 163 17
a 167 144 2
a 167 104 5
a 167 189 7
a 167 175 3
a 167 141 7
a 167 97 8
a 167 58 1
a 167 151 3
a 167 112 1
a 167 161 6
a 167 179 18
a 167 172 3
a 167 68 7
a 167 150 3
a 167 165 3
a 167 196 19
a 167 13 8
a 167 124 17
a 167 162 3
a 167 39 11
a 168 169 12
a 168 94 6
a 168 44 6
a 168 33 7
a 168 61 16
a 168 25 9
a 168 52 4
a 168 117 8
a 168 45 17
a 168 18 9
a 168 149 17
a 168 172 2
a 168 22 5
a 168 38 4
a 168 190 1
a 168 155 11
a 168 158 16
a 168 107 3
a 168 80 5
a 169 170 10
a 169 38 4
a 169 65 5
a 169 72 4
a 169 61 17
a 169 8 19
a 169 14 17
a 169 28 4
a 169 167 10
a 169 13 6
a 169 87 7
a 169 41 6
a 169 63 14
a 169 198 16
a 169 83 17
a 169 54 15
a 169 34 5
a 169 23 15
a 169 18 8
a 170 171 4
a 170 77 17
a 170 100 19
a 170 114 12
a 170 160 10
a 170 79 14
a 170 153 6
a 170 151 4
a 170 147 16
a 170 199 14
a 170 150 3
a 170 26 5
a 170 17 18
a 170 8 3
a 170 69 7
a 170 118 14
a 171 172 1
a 171 121 5
a 171 31 1
a 171 194 19
a 171 75 14
a 171 103 1
a 171 99 10
a 171 51 2
a 171 176 17
a 171 85 8
a 171 94 18
a 171 67 4
a 171 82 16
a 171 72 12
a 171 141 4
a 171 23 13
a 171 63 13
a 171 138 15
a 171 188 1
a 171 20 19
a 171 5 10
a 171 196 16
a 172 173 18
a 172 133 17
a 172 20 1
a 172 127 10
a 172 182 10
a 172 12 4
a 172 110 9
a 172 164 10
a 172 155 1
a 172 107 2
a 172 17 18
a 172 161 8
a 172 98 15
a 172 183 14
a 172 18 6
a 173 174 6
a 173 198 4
a 173 123 17
a 173 194 4
a 173 129 12
a 173 102 8
a 173 97 15
a 173 180 9
a 173 147 19
a 173 101 14
a 173 15 2
a 173 189 15
a 173 113 17
a 173 96 12
a 173 78 18
a 173 139 1
a 173 66 11
a 173 52 13
a 173 85 12
a 173 176 2
a 173 190 11
a 173 116 5
a 174 175 9
a 174 55 7
a 174 154 7
a 174 80 7
a 174 4 4
a 174 149 5
a 174 26 5
a 174 132 7
a 174 126 9
a 174 181 13
a 174 45 17
a 174 127 8
a 174 10 13
a 174 31 6
a 174 86 12
a 174 46 1
a 174 135 19
a 174 33 1
a 174 141 10
a 174 24 16
a 174 52 13
a 174 173 13
a 174 155 11
a 174 107 10
a 174 74 12
a 174 113 13
a 175 176 19
a 175 31 9
a 175 49 12
a 175 145 12
a 175 114 15
a 175 127 8
a 175 185 2
a 175 121 12
a 175 154 2
a 175 193 8
a 175 195 16
a 175 92 15
a 175 167 11
a 175 103 17
a 175 139 19
a 175 130 12
a 175 119 2
a 175 57 4
a 176 177 9
a 176 185 18
a 176 175 15
a 176 95 7
a 176 78 13
a 176 129 4
a 176 52 15
a 176 178 7
a 176 101 18
a 176 168 3
a 176 26 19
a 176 75 19
a 176 174 19
a 176 163 7
a 176 88 17
a 176 147 13
a 177 178 18
a 177 112 13
a 177 24 1
a 177 68 2
a 177 70 16
a 177 136 15
a 177 81 6
a 177 22 11
a 177 175 16
a 177 36 11
a 177 193 3
a 177 37 3
a 177 105 13
a 177 34 13
a 177 149 18
a 177 30 8
a 177 54 16
a 177 129 10
a 177 21 15
a 177 166 9
a 177 90 8
a 177 135 9
a 177 45 17
a 177 103 16
a 178 179 14
a 178 53 12
a 178 32 17
a 178 131 18
a 178 143 17
a 178 193 18
a 178 134 12
a 178 45 4
a 178 26 5
a 178 184 18
a 178 148 3
a 178 87 2
a 178 132 1
a 178 6 5
a 178 151 6
a 178 37 10
a 178 42 17
a 179 180 11
a 179 106 14
a 179 98 3
a 179 31 8
a 179 13 2
a 179 177 7
a 179 96 2
a 179 57 9
a 179 90 3
a 179 157 10
a 179 74 12
a 179 107 3
a 179 162 5
a 179 49 3
a 179 118 6
a 179 137 17
a 179 149 19
a 179 154 8
a 179 54 19
a 179 134 5
a 179 151 4
a 179 140 12
a 179 170 18
a 179 197 2
a 179 191 19
a 180 181 6
a 180 185 7
a 180 71 7
a 180 187 3
a 180 172 6
a 180 153 10
a 180 56 16
a 180 173 19
a 180 152 15
a 180 183 11
a 180 102 1
a 180 159 11
a 180 131 16
a 180 46 8
a 181 182 10
a 181 136 6
a 181 34 6
a 181 41 3
a 181 132 18
a 181 154 7
a 181 99 19
a 181 59 7
a 181 1 9
a 181 187 1
a 181 164 10
a 181 166 2
a 181 60 15
a 181 113 11
a 181 158 13
a 181 197 2
a 181 173 18
a 181 185 9
a 181 139 7
a 182 183 9
a 182 72 1
a 182 118 14
a 182 82 5
a 182 27 15
a 182 151 7
a 182 36 2
a 182 154 7
a 182 31 18
a 182 65 7
a 182 131 1
a 182 62 17
a 182 2 3
a 182 156 11
a 182 106 10
a 183 184 12
a 183 74 8
a 183 124 13
a 183 157 18
a 183 195 19
a 183 80 7
a 183 35 18
a 183 57 4
a 183 118 14
a 183 144 3
a 183 113 2
a 183 112 4
a 183 12 18
a 183 58 15
a 183 76 16
a 183 165 14
a 183 147 15
a 183 41 7
a 183 34 11
a 184 185 14
a 184 35 7
a 184 155 2
a 184 73 5
a 184 64 5
a 184 37 3
a 184 53 13
a 184 141 19
a 184 105 1
a 184 58 3
a 184 108 19
a 184 181 2
a 184 180 12
a 184 61 11
a 184 159 19
a 184 45 1
a 184 160 13
a 184 186 13
a 184 11 8
a 184 116 7
a 184 40 8
a 184 110 15
a 185 186 11
a 185 199 16
a 185 148 11
a 185 42 18
a 185 99 8
a 185 19 13
a 185 178 10
a 185 157 12
a 185 31 1
a 185 30 18
a 185 101 14
a 185 169 3
a 185 93 9
a 185 79 4
a 185 86 18
a 186 187 10
a 186 102 15
a 186 19 3
a 186 72 11
a 186 154 15
a 186 188 15
a 186 148 8
a 186 138 18
a 186 177 13
a 186 46 3
a 186 33 8
a 186 191 4
a 186 182 6
a 186 9 19
a 186 131 8
a 186 192 10
a 187 188 13
a 187 95 5
a 187 83 15
a 187 88 11
a 187 38 18
a 187 62 19
a 187 196 16
a 187 138 4
a 187 81 6
a 187 164 3
a 187 97 2
a 187 60 3
a 187 112 14
a 187 45 9
a 187 53 4
a 187 143 15
a 187 137 11
a 187 193 6
a 187 34 10
a 187 129 11
a 187 136 1
a 187 2 12
a 187 132 7
a 187 171 17
a 187 101 16
a 187 120 7
a 187 4 12
a 188 189 6
a 188 127 14
a 188 46 9
a 188 33 11
a 188 115 5
a 188 184 1
a 188 114 17
a 188 58 16
a 188 125 13
a 188 160 13
a 188 34 12
a 188 68 12
a 188 133 7
a 188 144 15
a 188 124 2
a 188 137 13
a 188 106 18
a 188 50 5
a 188 45 8
a 189 190 2
a 189 159 3
a 189 5 17
a 189 6 19
a 189 60 5
a 189 8 2
a 189 169 16
a 189 33 16
a 189 153 11
a 189 125 5
a 189 2 11
a 189 130 7
a 189 98 15
a 189 144 1
a 190 191 8
a 190 63 18
a 190 116 16
a 190 138 12
a 190 101 19
a 190 34 14
a 190 32 11
a 190 168 16
a 190 143 6
a 190 110 11
a 190 80 10
a 190 130 2
a 190 178 7
a 190 16 15
a 190 10 17
a 190 159 17
a 190 92 3
a 190 28 13
a 190 185 15
a 190 127 11
a 190 85 5
a 191 192 11
a 191 56 6
a 191 193 8
a 191 38 18
a 191 101 11
a 191 140 7
a 191 137 8
a 191 133 6
a 191 57 10
a 191 84 7
a 191 135 19
a 191 109 9
a 191 82 12
a 191 120 9
a 191 146 3
a 191 195 17
a 191 178 9
a 191 99 6
a 191 41 13
a 192 193 3
a 192 157 19
a 192 148 11
a 192 110 15
a 192 143 3
a 192 172 2
a 192 115 14
a 192 51 18
a 192 195 18
a 192 30 8
a 192 22 9
a 192 104 19
a 192 162 4
a 192 109 2
a 192 117 13
a 192 194 7
a 192 59 19
a 192 138 7
a 192 54 3
a 192 35 8
a 192 126 14
a 192 77 18
a 192 15 2
a 192 8 12
a 192 74 13
a 192 111 3
a 192 79 4
a 193 194 1
a 193 145 1
a 193 91 17
a 193 103 18
a 193 175 16
a 193 46 9
a 193 197 6
a 193 105 18
a 193 38 19
a 193 1 7
a 193 89 11
a 193 147 12
a 193 39 2
a 193 43 3
a 193 153 10
a 193 126 2
a 193 10 14
a 193 179 19
a 193 198 6
a 193 139 3
a 193 16 12
a 193 69 11
a 193 129 3
a 193 127 7
a 193 92 17
a 193 61 4
a 193 113 12
a 193 171 15
a 193 37 19
a 193 83 4
a 194 195 4
a 194 34 18
a 194 46 7
a 194 116 15
a 194 18 9
a 194 117 7
a 194 123 4
a 194 160 1
a 194 86 1
a 194 135 11
a 194 5 16
a 194 50 17
a 194 53 16
a 194 119 7
a 194 188 2
a 194 105 9
a 195 196 13
a 195 176 11
a 195 92 8
a 195 53 11
a 195 19 1
a 195 159 14
a 195 45 11
a 195 73 7
a 195 147 18
a 195 22 19
a 195 129 16
a 195 80 9
a 195 59 2
a 195 68 4
a 195 155 18
a 195 9 15
a 196 197 19
a 196 198 13
a 196 171 9
a 196 101 6
a 196 182 15
a 196 36 17
a 196 158 6
a 196 199 17
a 196 145 4
a 196 60 14
a 196 3 13
a 196 102 5
a 196 34 16
a 196 1 7
a 196 126 6
a 196 133 2
a 197 198 4
a 197 56 12
a 197 149 5
a 197 57 13
a 197 189 6
a 197 154 10
a 197 179 12
a 197 181 18
a 197 148 18
a 197 111 16
a 197 115 1
a 197 130 2
a 197 185 12
a 197 110 2
a 197 86 11
a 197 42 16
a 197 168 14
a 197 141 3
a 198 199 7
a 198 150 11
a 198 165 4
a 198 144 3
a 198 23 1
a 198 3 8
a 198 98 10
a 198 66 2
a 198 113 12
a 198 48 12
a 198 73 7
a 198 31 11
a 198 167 14
a 198 156 13
a 198 21 2
a 198 32 2
a 198 83 17
a 198 20 15
a 198 149 12
c 78 95 57 60 132
c 172 182 92 156 168
c 23 159 179 96 115
c 61 100 52 181 163
c 156 122 78 95 137
c 143 53 115 80 80
c 111 143 134 62 94
c 114 143 61 99 105
c 18 178 189 153 141
c 20 194 127 198 134
c 164 127 95 108 122
c 83 95 102 186 91
c 164 37 73 92 90
c 147 58 47 106 93
c 78 79 80 8 75
c 62 9 113 76 106
c 58 196 174 149 171
c 144 1 123 79 159
c 148 88 176 78 84
c 14 173 108 109 139
c 158 179 82 158 101
c 99 88 157 129 121
c 10 43 53 48 140
c 1 182 144 111 123
c 54 8 197 179 123
c 184 37 59 33 146
c 108 23 123 128 157
c 33 38 166 117 87
c 19 44 50 126 153
c 111 58 94 49 82
c 103 94 57 80 92
c 166 29 101 122 118
c 170 17 93 148 89
c 143 170 193 147 164
c 161 148 170 8 167
c 97 63 135 53 75
c 140 37 15 76 150
c 186 188 162 163 75
c 175 103 60 97 114
c 12 152 172 107 158
c 187 45 40 87 92
c 65 133 9 105 173
c 34 51 163 47 141
c 159 45 104 11 143
c 2 98 48 193 104
c 68 12 121 80 117
c 183 41 144 177 134
c 119 26 48 18 116
c 68 52 173 123 95
c 78 167 86 6 135
c 0 166 181 173 164
c 74 56 181 113 154
c 63 89 129 75 125
c 74 45 15 19 143
c 3 7 127 126 152
c 158 115 71 3 89
c 144 1 163 181 136
c 52 13 61 39 114
c 149 150 149 136 89
c 83 65 88 36 158
c 26 73 156 84 154
c 26 27 158 72 169
c 62 105 48 135 109
c 155 131 120 37 111
c 115 89 134 77 116
c 85 161 198 48 165
c 83 84 82 54 166
c 160 119 189 169 94
c 68 112 37 80 165
c 152 126 82 163 121
c 13 155 84 11 157
c 74 129 68 71 102
c 96 133 112 25 137
c 164 189 37 68 171
c 94 175 116 126 166
c 152 76 173 101 126
c 182 2 48 49 172
c 85 169 17 2 103
c 31 148 72 161 83
c 93 137 73 60 173
c 197 185 176 163 112
c 49 193 131 30 168
c 10 94 154 85 127
c 61 6 106 118 119
c 60 172 161 124 81
c 131 61 163 111 82
c 168 94 173 66 81
c 64 144 31 125 134
c 179 98 192 15 146
c 112 174 120 196 140
c 51 42 12 140 99
c 14 24 156 129 155
c 58 95 42 148 112
c 92 57 67 30 96
c 105 80 22 145 106
c 154 3 41 124 103
c 59 88 151 35 97
c 6 20 171 82 161
c 34 20 89 84 146
c 16 155 61 56 173
c 180 159 193 43 90
c 18 35 173 101 154
c 9 181 159 12 84
c 39 74 167 1 95
c 136 190 184 37 116
c 120 160 60 47 130
c 167 150 46 173 81
c 78 135 21 163 128
c 184 64 66 106 156
c 196 133 42 133 96
c 140 37 19 175 123
c 30 143 99 133 121
c 49 78 191 140 132
c 137 50 128 74 174
c 30 64 71 70 135
c 91 108 112 163 164
c 125 85 110 1 89
c 18 125 169 14 137
c 114 43 147 148 100
c 133 100 175 57 107
c 33 35 14 102 160
c 40 73 4 78 173
c 70 173 42 25 138
c 51 183 38 48 104
c 60 131 115 162 166
c 143 99 171 5 129
c 72 60 114 43 166
c 147 130 49 112 88
c 66 120 100 85 120
c 72 67 82 45 84
c 160 119 86 93 134
c 115 80 70 173 133
c 9 81 167 68 163
c 44 113 147 16 92
c 194 34 121 44 92
c 146 38 174 33 153
c 74 58 173 78 79
c 11 167 167 128 101
c 80 51 196 36 125
c 159 126 189 8 159
c 103 141 115 144 131
c 183 165 77 3 149
c 169 18 52 130 144
c 37 10 90 37 145
c 35 12 127 198 101
c 140 31 121 97 170
c 68 140 29 24 127
c 37 45 179 140 118
c 57 107 195 73 115
c 0 152 57 146 111
c 194 50 91 158 169
c 1 114 81 159 78
c 101 24 45 22 80
c 103 185 148 116 134
c 58 2 78 140 130
c 95 96 198 144 148
c 64 141 162 31 125
c 90 91 121 170 117
c 34 37 103 141 85
c 172 164 51 8 153
c 31 61 33 38 105
c 79 81 45 64 110
c 90 75 162 94 142
c 132 177 102 145 101
c 58 21 186 9 157
c 44 79 129 6 89
c 185 178 15 1 160
c 154 117 169 13 114
c 76 133 113 13 134
c 107 52 35 12 150
c 103 68 150 189 117
c 198 83 38 68 80
c 125 157 24 52 162
c 39 199 194 105 171
c 117 173 66 152 163
c 109 110 88 144 119
c 158 179 138 121 119
c 166 135 190 28 136
c 197 111 115 32 95
c 162 163 190 127 131
c 2 145 153 75 91
c 37 80 142 88 172
c 83 136 70 20 77
c 143 30 100 85 120
c 180 172 99 83 114
c 35 36 110 100 162
c 56 77 36 22 147
c 22 162 26 183 110
c 61 75 160 16 101
c 18 196 56 89 157
c 197 181 198 66 154
c 13 177 38 162 156
c 17 83 31 61 99
c 12 102 177 30 163
c 113 50 157 72 106
c 120 2 113 173 76
c 5 199 48 83 99
c 45 96 158 4 110
c 42 136 106 101 159
c 156 102 50 58 107
c 166 168 17 10 79
c 39 27 165 5 113
c 154 3 37 80 153
c 58 95 122 162 102
c 30 187 154 4 113
c 30 31 169 61 119
c 11 173 67 64 119
c 96 25 48 195 130
c 58 192 93 183 148
c 151 55 163 30 81
c 0 42 26 8 96
c 2 198 102 80 153
c 50 165 131 72 101
c 181 113 2 36 156
c 164 107 165 54 105
c 104 11 180 56 96
c 158 162 196 102 164
c 89 172 7 186 83
c 195 159 1 45 104
c 167 58 82 79 158
c 93 33 41 98 147
c 74 75 179 96 173
c 152 76 84 93 168
c 24 174 96 83 118
c 145 32 124 59 98
c 196 101 124 11 127
c 88 89 125 92 89
c 111 174 42 106 96
c 110 5 122 41 160
c 7 8 45 64 174
c 167 179 57 120 82
c 91 95 137 82 157
c 192 15 53 70 145
c 101 133 42 63 155
c 21 193 187 4 87
c 17 192 71 56 154
c 189 5 87 55 82
c 54 40 144 2 77
c 5 187 52 171 97
c 110 140 108 23 139
c 146 141 195 196 134
c 108 17 191 140 96
c 92 78 156 70 138
c 89 90 8 141 150
c 177 135 17 18 125
c 9 96 160 166 112
c 66 79 155 181 115
c 98 52 151 115 156
c 78 79 129 65 126
c 124 22 78 185 150
c 116 86 178 134 112
c 141 45 24 140 130
c 183 12 88 167 126
c 66 11 181 136 174
c 93 174 45 2 93
c 125 126 182 72 83
c 137 146 133 180 123
c 109 50 197 130 146
c 46 44 109 11 122
c 116 184 9 195 106
c 131 88 99 8 84
c 170 17 33 82 135
c 168 107 53 174 153
c 49 112 156 97 120
c 78 65 31 61 118
c 38 197 3 155 167
c 152 133 63 43 166
c 9 176 135 5 132
c 198 144 59 173 79
c 38 96 90 64 159
c 174 74 183 57 89
c 19 48 137 161 138
c 184 37 145 20 133
c 92 81 38 149 124
c 140 19 20 93 117
c 64 148 71 47 104
c 37 75 156 120 90
c 70 11 113 5 112
c 193 83 101 122 119
c 139 112 101 195 127
c 125 92 20 114 127
c 158 72 0 199 103
c 126 82 44 93 171
c 129 87 171 63 170
c 129 121 65 66 98
c 104 158 164 165 116
c 99 194 49 179 87
c 54 137 3 180 142
c 181 60 99 139 107
c 177 129 90 198 78
c 190 127 117 146 116
c 51 140 138 125 170
c 30 180 198 167 76
c 139 165 40 76 143
c 134 166 51 65 99
c 94 65 42 98 135
c 129 61 174 181 96
c 176 52 64 184 161
c 132 16 48 166 125
c 7 14 194 86 98
c 125 16 194 105 164
c 110 5 118 55 128
c 40 152 76 77 174
c 163 119 177 90 118
c 197 181 125 79 128
c 41 98 190 101 170
c 182 65 42 106 88
c 77 130 137 36 114
c 194 5 94 2 88
c 113 94 37 45 151
c 141 10 89 104 153
c 177 37 75 67 111
c 132 110 120 61 153
c 20 46 133 132 162
c 106 89 82 44 106
c 5 61 115 180 161
c 130 10 123 50 136
c 91 85 193 43 101
c 173 101 114 46 91
c 129 117 11 74 129
c 132 30 18 19 79
c 46 44 179 134 148
c 14 16 1 114 171
c 73 199 154 105 153
c 86 131 198 21 146
c 61 47 22 173 145
c 153 147 145 167 169
c 195 73 191 41 119
c 72 81 144 17 87
c 68 71 101 7 150
c 108 8 63 46 159
c 144 88 64 105 105
c 174 26 154 46 103
c 23 42 4 121 79
c 52 148 48 25 85
c 59 126 27 82 145
c 54 19 141 9 113
c 73 30 74 56 144
c 157 158 184 116 135
c 59 70 50 60 174
c 139 92 197 189 174
c 91 84 9 16 145
c 187 138 196 198 163
c 109 19 0 86 93
c 172 12 122 39 110
c 146 143 109 15 130
c 52 145 138 193 84
c 148 50 40 76 82
c 166 191 122 176 131
c 11 111 110 79 102
c 39 83 79 176 157
c 164 6 29 52 108
c 21 183 153 184 123
c 126 127 2 62 165
c 132 172 152 159 97
c 158 89 164 14 99
c 62 173 36 35 142
c 51 26 128 90 91
c 139 87 25 59 88
c 114 10 29 52 87
c 23 31 161 162 156
c 168 149 152 4 89
c 146 143 74 83 81
c 158 59 74 113 126
c 155 116 15 115 136
c 27 26 36 89 101
c 173 85 169 54 147
c 11 109 0 116 103
c 73 71 163 111 93
c 88 158 118 152 111
c 144 167 156 97 111
c 78 138 198 73 90
c 138 74 78 159 130
c 154 192 48 166 154
c 178 26 24 88 91
c 131 88 94 143 123
c 144 80 193 39 144
c 39 59 73 81 171
c 54 59 140 141 141
c 21 22 22 125 76
c 135 131 10 168 113
c 150 110 187 53 153
c 19 18 5 73 132
c 163 85 168 33 112
c 84 85 47 97 106
c 66 176 5 199 140
c 28 120 177 37 122
c 149 150 86 152 162
c 192 195 128 74 106
c 106 152 44 91 137
c 12 152 38 39 77
c 117 67 97 158 77
c 195 147 175 121 171
c 135 64 71 91 115
c 147 12 156 28 96
c 2 135 118 23 92
c 102 145 106 67 85
c 125 23 95 6 149
c 113 5 73 81 120
c 58 95 18 138 75
c 133 89 190 127 161
c 100 172 146 27 173
c 179 170 110 1 99
c 102 26 130 51 156
c 73 99 112 25 105
c 88 137 70 125 78
c 68 71 57 60 134
c 51 73 57 132 137
c 136 81 176 95 95
c 109 50 140 83 144
c 25 128 81 51 98
c 112 175 46 13 145
c 70 83 74 73 162
c 133 135 152 4 92
c 2 62 36 140 123
c 43 121 163 80 169
c 179 106 60 114 76
c 186 131 81 48 131
c 56 94 9 53 100
c 72 1 126 17 109
c 115 89 157 184 147
c 99 138 5 187 167
c 149 114 111 174 164
c 193 103 143 149 167
c 122 21 66 67 148
c 139 65 171 63 127
c 9 171 135 186 151
c 54 19 115 144 116
c 117 194 0 124 90
c 97 63 12 23 149
c 71 127 24 18 149
c 14 173 112 29 76
c 29 20 95 7 75
c 92 112 182 2 158
c 142 152 132 156 118
c 116 129 36 30 83
c 192 193 101 125 168
c 115 128 109 179 125
c 157 21 129 130 121
c 193 198 57 138 104
c 139 107 117 118 165
c 118 94 37 10 96
c 61 103 88 104 155
c 109 17 71 125 138
c 164 80 125 89 79
c 172 107 115 80 97
c 73 168 124 85 173
c 131 5 113 94 76
c 157 187 123 12 107
c 89 84 120 126 163
c 124 167 5 73 85
c 152 153 24 140 125
c 49 78 122 77 118
c 45 137 143 30 107
c 58 4 144 100 149
c 179 162 194 34 126
c 133 180 44 153 154
c 14 166 30 187 109
c 90 38 146 143 83
c 170 118 132 68 147
c 136 31 0 199 119
c 150 176 79 86 85
c 85 60 187 60 151
c 71 91 54 151 135
c 127 117 138 37 91
c 44 153 75 72 77
c 187 81 91 84 83
c 188 45 105 42 152
c 196 158 96 145 125
c 114 65 35 193 111
c 131 77 162 5 147
c 17 167 63 66 169
c 10 43 168 61 160
c 38 39 132 107 96
c 117 195 45 96 94
c 36 89 182 106 136
c 136 121 5 88 107
c 93 17 152 187 160
c 0 6 172 107 126
c 51 8 150 10 118
c 115 58 179 13 75
c 133 118 81 159 99
c 61 1 161 128 117
c 122 113 166 191 143
c 148 156 128 73 127
c 146 196 110 117 120
c 159 96 112 142 143
c 183 12 98 36 118
c 137 100 132 120 103
c 106 39 172 17 91
c 29 30 179 151 148
c 152 187 127 83 86
c 49 167 184 110 170
c 63 64 137 111 160
c 177 112 163 127 127
c 145 101 91 84 109
c 22 140 154 95 97
c 144 97 167 105 93
c 156 190 165 100 158
c 128 147 18 53 122
c 65 39 156 102 107
c 6 46 43 44 107
c 60 141 132 133 128
c 122 100 132 77 163
c 131 143 98 167 75
c 108 148 11 19 142
c 187 101 57 116 106
c 155 166 60 135 144
c 62 35 53 1 75
c 104 103 47 4 103
c 2 62 77 144 94
c 179 49 156 97 146
c 71 158 108 15 116
c 168 33 5 32 90
c 61 168 72 181 141
c 117 195 40 70 144
c 148 117 143 97 99
c 42 163 197 148 81
c 101 139 62 121 142
c 50 165 129 131 144
c 42 79 118 60 85
c 180 173 74 32 98
c 156 190 93 33 148
c 157 158 46 135 86
c 80 56 59 60 149
c 92 50 52 145 163
c 126 170 180 153 75
c 158 94 151 82 104
c 173 189 196 34 150
c 184 64 146 129 140
c 198 149 147 2 82
c 125 98 167 179 80
c 157 98 128 129 148
c 37 189 164 47 133
c 16 10 36 110 106
c 18 125 95 96 144
c 2 135 174 31 116
c 37 90 66 74 146
c 142 197 21 139 135
c 19 165 3 2 77
c 81 172 178 132 144
c 114 139 45 178 160
c 138 149 145 22 168
c 198 167 124 162 109
c 146 20 46 28 160
c 34 127 4 45 136
c 149 114 188 144 117
c 89 104 58 145 116
c 70 11 137 61 162
c 138 5 75 76 78
c 61 29 181 185 158
c 67 77 194 119 80
c 75 103 90 91 123
c 106 119 56 89 151
c 161 191 166 117 99
c 74 95 148 155 127
c 128 43 137 172 75
c 33 78 35 171 106
c 38 58 159 169 118
c 160 63 137 85 147
c 66 183 68 112 130
c 42 163 191 192 119
c 158 179 139 75 115
c 0 25 174 26 95
c 193 89 181 1 84
c 150 10 48 86 147
c 48 86 13 83 83
c 11 31 134 166 98
c 72 73 159 160 139
c 111 156 44 110 83
c 135 112 186 154 82
c 81 129 111 84 97
c 65 39 126 67 127
c 142 143 33 143 90
c 16 74 81 159 139
c 2 66 77 15 85
c 196 199 145 170 112
c 194 119 111 117 94
c 12 13 47 180 157
c 36 13 151 142 121
c 194 46 186 192 160
c 83 165 136 154 126
c 121 80 134 148 129
c 132 172 115 38 121
c 83 84 183 112 131
c 120 121 24 75 117
c 175 103 71 46 112
c 101 125 61 157 119
c 188 50 168 18 90
c 25 59 103 94 129
c 174 135 24 81 123
c 97 30 19 104 102
c 5 110 124 143 118
c 19 44 5 88 115
c 105 143 36 140 133
c 58 21 190 143 123
c 43 174 132 180 147
c 142 164 128 102 167
c 97 158 42 136 84
c 71 158 180 46 89
c 123 153 76 110 105
c 32 178 72 93 151
c 64 184 61 70 110
c 67 144 177 193 98
c 112 142 4 116 86
c 101 78 159 67 166
c 5 68 107 154 156
c 154 97 58 70 133
c 112 116 141 128 151
c 159 67 85 161 103
c 115 80 3 24 151
c 28 29 174 173 162
c 98 112 194 119 105
c 25 164 96 145 80
c 158 99 181 60 111
c 57 98 57 146 169
c 65 104 34 36 90
c 114 43 23 24 151
c 99 83 154 46 160
c 169 54 5 73 148
c 49 53 18 94 153
c 29 72 118 196 147
c 119 43 156 157 98
c 136 190 184 64 136
c 58 185 157 15 133
c 166 119 177 136 126
c 89 150 24 107 145
c 30 9 94 98 88
c 47 180 143 54 166
c 161 71 61 65 170
c 99 133 189 190 154
c 111 193 143 65 138
c 2 20 124 11 151
c 109 102 71 170 159
c 43 11 191 57 164
c 132 149 127 189 105
c 171 23 114 34 159
c 197 198 173 190 157
c 87 56 147 75 93
c 157 61 91 129 90
c 176 95 8 196 166
c 39 9 70 20 88
c 100 169 29 65 145
c 35 95 31 122 100
c 143 176 52 6 84
c 172 182 113 152 123
c 49 76 17 192 153
c 4 70 194 117 119
c 136 190 167 105 130
c 108 197 133 37 173
c 129 6 170 77 139
c 92 33 55 108 173
c 47 106 108 145 157
c 101 133 97 163 98
c 62 53 120 196 96
c 177 90 26 168 84
c 155 131 14 166 81
c 150 34 56 80 111
c 121 38 187 132 81
c 21 22 113 187 144
c 166 89 83 94 149
c 177 81 161 96 103
c 26 8 60 90 130
c 20 152 126 148 153
c 23 162 173 174 79
c 196 145 62 28 113
c 187 53 10 11 119
c 130 23 17 83 120
c 196 36 59 143 129
c 161 168 173 176 103
c 25 111 124 125 80
c 113 119 175 119 98
c 174 132 166 70 98
c 129 147 2 198 114
c 128 193 9 96 151
c 161 135 11 148 106
c 54 55 68 117 84
c 147 180 97 129 159
c 170 160 99 194 101
c 196 133 159 145 151
c 94 143 82 9 153
c 104 21 43 68 143
c 162 163 188 144 133
c 42 176 53 21 91
c 69 124 83 75 115
c 18 82 34 182 119
c 108 148 31 58 144
c 184 73 3 2 170
c 41 98 173 78 97
c 99 65 26 29 93
c 188 125 104 134 104
c 12 2 61 185 110
c 77 170 136 137 140
c 198 20 123 175 75
c 88 131 189 159 116
c 107 7 162 67 94
c 153 118 137 82 172
c 121 97 62 134 75
c 113 187 22 26 172
c 88 89 104 158 128
c 147 184 15 46 85
c 67 77 99 155 76
c 69 108 99 65 147
c 112 124 57 125 100
c 2 66 71 89 124
c 169 28 139 156 160
c 127 78 50 61 120
c 128 32 86 106 85
c 189 159 39 27 130
c 148 115 112 142 133
c 177 30 116 153 104
c 117 194 136 106 157
c 187 136 64 184 165
c 72 60 31 18 89
c 193 92 44 14 127
c 53 140 139 19 102
c 54 16 5 6 89
c 123 59 136 12 113
c 24 81 173 176 129
c 37 10 135 172 171
c 174 175 109 77 115
c 139 27 73 23 90
c 35 95 71 150 98
c 16 10 48 87 97
c 12 152 49 166 151
c 178 45 168 149 154
c 187 4 128 195 110
c 39 9 42 164 89
c 63 105 173 52 163
c 73 81 4 191 77
c 93 12 16 75 152
c 138 139 99 162 84
c 156 122 25 104 166
c 20 46 140 11 76
c 29 190 145 80 159
c 108 119 88 45 128
c 154 161 4 70 169
c 72 181 59 146 137
c 83 148 100 141 144
c 151 32 104 44 108
c 153 74 86 5 98
c 51 52 44 107 171
c 159 196 181 113 142
c 32 106 83 102 134
c 72 85 151 114 75
c 91 108 89 66 76
c 132 4 0 12 98
c 48 166 97 30 115
c 114 196 33 180 168
c 42 136 104 196 135
c 69 36 184 37 114
c 170 160 115 178 172
c 187 171 190 191 76
c 107 121 190 127 163
c 73 92 148 115 159
c 72 181 119 15 154
c 80 56 141 59 105
c 150 82 155 166 159
c 38 68 140 113 169
c 55 89 93 33 136
c 86 131 140 113 76
c 146 194 198 31 163
c 64 106 113 119 86
c 122 116 159 169 128
c 176 88 102 145 105
c 127 95 30 32 155
c 78 95 113 13 86
c 113 50 22 114 114
c 83 158 127 130 107
c 22 140 128 12 87
c 146 25 159 12 75
c 161 96 58 82 114
c 6 175 78 140 75
c 154 161 146 187 143
c 15 67 54 30 172
c 74 129 58 177 132
c 139 195 9 182 163
c 145 162 6 159 100
c 111 91 48 49 136
c 181 185 49 78 78
c 100 32 132 16 90
c 37 62 30 170 146
c 7 24 120 37 152
c 178 131 53 197 80
c 37 141 174 181 107
c 66 106 115 178 96
c 82 36 187 136 127
c 140 83 39 182 76
c 95 6 110 114 108
c 154 85 170 150 142
c 17 10 99 178 129
c 46 125 125 79 104
c 43 68 72 35 131
c 148 156 69 140 171
c 134 183 164 53 96
c 159 126 106 130 105
c 127 95 137 138 132
c 88 110 10 160 119
c 149 126 1 114 107
c 186 187 47 106 111
c 176 129 172 98 123
c 131 186 2 145 127
c 82 163 147 132 114
c 144 145 97 35 172
c 166 50 162 159 91
c 128 68 160 63 132
c 136 154 121 61 163
c 121 170 37 85 128
c 147 184 16 21 149
c 7 135 37 174 116
c 170 26 118 119 119
c 80 8 13 4 117
c 167 68 188 58 163
c 76 160 144 157 157
c 105 129 152 93 168
c 166 79 122 41 147
c 122 52 24 137 114
c 165 189 134 127 149
c 36 37 96 68 157
c 1 126 148 155 129
c 83 139 114 144 82
c 13 177 164 189 145
c 48 83 0 42 76
c 167 124 174 181 116
c 121 44 99 39 164
c 197 56 140 31 97
c 173 176 192 157 106
c 80 194 107 121 104
c 11 148 74 168 140
c 155 118 169 18 110
c 96 68 61 185 127
c 91 76 52 181 148
c 116 19 74 83 81
c 37 61 0 65 100
c 115 162 111 108 98
c 167 152 148 164 110
c 50 141 132 120 140
c 53 52 18 3 78
c 78 159 161 93 102
c 12 156 107 108 126
c 81 67 125 157 118
c 153 21 187 34 105
c 134 166 24 189 94
c 39 185 36 54 165
c 89 172 123 179 80
c 83 175 108 102 93
c 165 166 56 89 79
c 64 62 41 90 158
c 49 68 47 82 146
c 99 22 61 52 113
c 130 51 190 92 171
c 5 88 96 145 93
c 26 118 129 20 129
c 94 135 20 152 95
c 144 17 128 102 102
c 129 147 183 113 91
c 135 160 105 80 134
c 94 172 88 144 89
c 169 61 184 181 165
c 106 137 182 156 79
c 12 102 1 188 122
c 137 156 56 101 75
c 148 153 85 80 169
c 87 55 185 101 117
c 74 79 53 72 115
c 164 4 105 180 91
c 184 61 13 4 111
c 31 177 57 80 89
c 147 180 10 71 76
c 12 131 126 9 139
c 25 131 173 113 119
c 120 127 146 161 157
c 93 72 120 97 160
c 151 139 194 123 124
c 42 172 166 135 115
c 181 99 10 153 151
c 179 154 156 122 151
c 160 106 147 16 160
c 68 140 110 5 145
c 8 9 61 182 121
c 99 31 109 179 148
c 192 54 4 25 129
c 142 79 139 75 161
c 151 193 171 72 105
c 92 30 79 86 80
c 127 130 41 128 98
c 102 68 162 79 88
c 6 7 30 179 110
c 56 173 59 126 165
c 130 20 2 85 156
c 76 33 61 103 163
c 71 46 169 34 156
c 40 70 25 77 76
c 177 105 110 145 129
c 177 175 90 58 161
c 13 181 99 138 95
c 132 62 174 45 163
c 124 197 99 117 151
c 121 139 167 168 131
c 132 16 85 146 119
c 52 182 31 125 124
c 59 99 94 180 169
c 115 101 43 168 102
c 95 6 74 129 125
c 198 156 144 111 162
c 38 28 6 104 139
c 121 19 174 107 148
c 143 66 30 50 167
c 25 77 117 85 166
c 79 190 67 151 117
c 168 107 7 151 123
c 153 74 103 57 174
c 26 182 9 4 125
c 71 74 111 84 139
c 158 162 13 91 174
c 138 121 98 4 157
c 31 177 150 144 117
c 173 180 155 111 169
c 61 85 97 158 118
c 29 65 99 133 122
c 168 18 25 111 135
c 39 185 63 78 122
c 35 192 41 8 142
c 190 168 9 105 84
c 123 12 149 136 149
c 168 38 147 142 101
c 127 10 7 129 80
c 5 13 118 180 77
c 4 108 167 97 80
c 86 106 110 90 167
c 110 90 154 117 98
c 61 172 102 185 143
c 93 123 25 89 109
c 65 169 141 98 134
c 38 190 143 42 76
c 15 1 156 50 116
c 6 114 65 35 148
c 0 194 88 131 111
c 103 188 64 163 172
c 78 26 9 33 158
c 68 52 127 144 77
c 2 35 141 10 85
c 57 132 88 71 108
c 137 111 109 102 172
c 54 180 75 52 128
c 71 52 35 189 104
c 145 22 121 37 76
c 177 37 28 48 155
c 147 16 59 180 130
c 59 14 126 136 94
c 180 152 135 10 149
c 155 97 33 118 95
c 109 15 69 10 169
c 137 111 8 187 82
c 179 134 182 118 144
c 4 116 89 160 158
c 102 145 128 97 102
c 166 119 161 191 100
c 59 130 106 60 77
c 59 70 173 174 81
c 15 150 166 23 76
c 11 82 118 188 86
c 54 55 100 32 146
c 128 146 155 118 104
c 48 135 139 27 82
c 83 102 153 39 131
c 178 148 167 150 171
c 98 167 106 118 80
c 168 18 157 184 117
c 44 30 143 149 77
c 139 66 189 169 89
c 193 46 174 74 165
c 83 194 76 33 126
c 171 63 85 28 98
c 190 159 98 155 95
c 68 169 22 125 126
c 26 27 191 140 127
c 62 178 133 58 120
c 197 198 57 120 121
c 107 154 94 104 135
c 42 23 12 135 85
c 152 4 178 143 162
c 154 55 141 83 102
c 148 164 144 193 130
c 90 139 157 187 137
c 155 78 29 65 162
c 5 13 151 82 102
c 135 131 59 145 75
c 194 116 194 123 102
c 56 101 154 68 161
c 149 150 144 145 166
c 147 16 190 85 80
c 96 97 55 9 122
c 92 156 104 64 106
c 127 144 139 112 89
c 116 38 174 132 112
c 166 12 184 45 135
c 88 131 150 46 131
c 13 14 119 43 153
c 86 53 143 38 86
c 166 198 165 5 82
c 24 96 88 105 77
c 119 184 183 41 103
c 29 98 17 192 123
c 192 15 179 137 93
c 127 117 158 70 145
c 84 11 9 81 94
c 50 58 167 165 150
c 135 112 107 108 158
c 181 187 89 150 154
c 16 24 41 72 155
c 98 167 151 130 121
c 132 100 189 190 111
c 3 4 192 162 122
c 147 132 175 139 91
c 150 144 137 82 160
c 41 124 168 44 90
c 30 10 162 89 164
c 163 118 182 154 157
c 126 100 56 101 126
c 162 34 154 138 144
c 183 112 115 79 172
c 126 132 166 191 83
c 73 74 181 60 171
c 140 141 64 52 100
c 173 52 139 156 157
c 0 116 104 118 153
c 166 60 87 37 126
c 184 37 46 135 128
c 29 174 101 48 110
c 120 121 78 51 100
c 105 26 94 95 92
c 141 177 114 151 125
c 111 84 0 65 118
c 49 76 22 23 144
c 161 168 124 27 101
c 170 199 0 194 121
c 76 160 114 139 90
c 170 151 78 37 166
c 188 34 46 51 95
c 145 100 74 73 75
c 5 110 36 182 169
c 7 135 118 55 117
c 12 152 20 73 114
c 54 116 21 22 105
c 71 26 34 37 113
c 35 36 166 29 143
c 104 105 97 163 114
c 193 46 125 33 158
c 17 18 57 18 76
c 74 167 187 101 113
c 163 180 7 151 160
c 30 13 154 140 161
c 16 138 142 88 94
c 128 90 87 8 122
c 36 3 57 107 92
c 180 159 62 149 140
c 61 65 76 110 145
c 163 27 153 118 170
c 147 132 194 86 91
c 137 39 61 100 122
c 52 198 8 9 152
c 114 75 157 193 116
c 133 180 139 35 155
c 174 10 156 70 156
c 139 44 125 33 75
c 104 90 179 98 113
c 61 182 79 185 162
c 111 109 19 69 123
c 188 133 0 124 94
c 119 184 24 25 107
c 26 48 68 140 153
c 54 40 16 163 163
c 179 13 150 193 170
c 124 167 80 51 130
c 139 66 33 118 125
c 74 168 2 133 121
c 11 77 14 159 97
c 198 31 148 109 118
c 42 50 12 70 172
c 14 158 15 92 124
c 0 116 90 58 174
c 98 141 93 171 148
c 3 82 106 157 78
c 123 27 141 177 125
c 134 183 70 83 128
c 118 5 22 145 85
c 113 119 137 82 116
c 89 93 121 74 99
c 3 7 110 197 142
c 88 84 81 25 140
c 115 35 71 83 153
c 63 70 29 10 128
c 69 70 11 129 119
c 155 27 37 45 84
c 11 111 121 170 77
c 195 45 32 33 100
c 149 143 65 168 140
c 9 166 197 148 121
c 145 112 162 49 81
c 2 59 38 197 92
c 12 102 165 5 97
c 137 82 12 105 82
c 36 198 5 148 165
c 140 113 27 47 159
c 108 119 61 99 123
c 150 34 60 114 174
c 49 151 149 159 135
c 109 117 13 110 108
c 19 109 92 190 138
c 16 131 189 60 132
c 99 88 167 47 172
c 136 1 81 179 164
c 189 33 77 170 119
c 125 82 121 19 95
c 47 98 106 101 149
c 196 60 106 89 104
c 34 36 9 16 80
c 172 98 196 171 122
c 34 101 114 46 164
c 41 17 127 79 111
c 63 88 3 2 108
c 95 172 193 10 115
c 173 123 47 15 152
c 2 59 169 14 101
c 54 191 179 57 137
c 164 165 116 58 154
c 167 179 157 15 76
c 111 148 159 145 129
c 119 19 24 159 136
c 136 121 159 197 126
c 163 127 104 105 108
c 25 136 15 76 129
c 58 95 101 156 153
c 177 36 21 140 149
c 56 118 109 5 147
c 35 38 83 18 139
c 194 135 41 98 131
c 98 99 175 185 156
c 179 177 83 63 126
c 16 99 19 104 83
c 42 192 24 81 152
c 103 57 154 142 154
c 145 102 53 90 96
c 75 174 161 71 98
c 197 179 119 193 83
c 139 65 44 104 108
c 177 37 138 136 160
c 191 38 90 75 156
c 61 47 136 12 134
c 90 139 57 182 145
c 139 107 94 120 138
c 15 162 126 138 95
c 95 128 14 173 125
c 157 9 151 155 128
c 128 147 146 27 143
c 103 185 60 121 169
c 147 16 59 70 120
c 36 149 76 33 159
c 187 129 66 183 134
c 197 185 158 69 86
c 179 140 26 99 109
c 149 126 72 93 164
c 58 196 11 153 164
c 41 172 43 68 86
c 174 181 167 128 156
c 148 11 163 162 79
c 10 133 113 142 141
c 33 38 139 140 96
c 73 1 65 111 80
c 18 56 190 185 110
c 45 11 51 190 137
c 121 37 148 149 116
c 175 103 29 46 83
c 16 10 106 119 167
c 184 61 83 158 103
c 7 68 90 37 155
c 114 144 47 82 166
c 74 45 193 61 122
c 171 188 114 50 137
c 93 33 22 191 168
c 31 58 44 9 151
c 106 101 168 25 101
c 123 124 195 129 107
c 32 115 122 162 128
c 99 65 85 169 174
c 181 59 89 132 130
c 49 74 149 164 118
c 84 93 182 62 95
c 114 112 143 106 151
c 169 198 88 78 101
c 164 73 101 48 82
c 148 88 57 98 97
c 167 161 75 76 172
c 67 51 192 157 166
c 159 133 19 20 112
c 95 7 40 152 166
c 142 58 180 152 122
c 148 117 120 27 128
c 39 185 158 4 158
c 126 67 184 40 115
c 31 61 167 128 150
c 22 173 14 41 150
c 178 42 166 13 88
c 6 175 197 42 105
c 2 184 116 78 86
c 66 183 158 191 75
c 183 35 198 31 151
c 104 167 36 13 98
c 108 170 187 62 154
c 60 194 169 87 110
c 99 194 4 139 124
c 61 62 198 156 133
c 65 53 47 15 84
c 115 144 16 99 113
c 53 32 57 132 89
c 74 155 187 38 166
c 52 5 138 37 168
c 137 43 103 121 99
c 160 187 25 59 153
c 104 110 124 27 90
c 184 58 39 123 106
c 105 129 152 79 104
c 31 58 139 165 77
c 5 6 63 66 106
c 188 34 95 48 133
c 36 88 67 122 81
c 85 154 10 94 125
c 106 130 50 170 141
c 127 75 116 163 122
c 42 43 180 152 161
c 16 32 110 71 124
c 131 81 59 140 148
c 192 77 11 153 92
c 157 100 150 162 104
c 134 146 64 105 129
c 38 28 162 31 171
c 123 128 166 135 128
c 37 85 134 79 168
c 16 24 35 152 120
c 88 89 61 29 169
c 146 143 81 82 141
c 171 75 39 170 94
c 163 127 183 74 114
c 116 117 93 88 158
c 166 191 0 65 138
c 179 154 39 156 163
c 111 112 71 72 108
c 169 61 159 12 109
c 187 95 41 17 93
c 107 99 187 101 111
c 45 2 51 126 84
c 143 54 12 131 136
c 195 53 11 59 126
c 156 65 99 71 173
c 197 141 47 82 115
c 36 182 149 164 107
c 182 65 111 89 93
c 55 9 136 69 124
c 52 141 117 173 120
c 22 140 182 154 108
c 123 153 6 46 157
c 98 141 177 149 83
c 25 72 11 195 169
c 167 13 118 146 122
c 140 113 173 85 106
c 74 167 150 46 133
c 171 67 39 177 115
c 178 26 154 117 119
c 9 105 72 1 114
c 127 50 168 80 107
c 95 184 7 180 156
c 40 189 16 99 80
c 163 16 19 96 101
c 136 180 166 29 124
c 111 192 99 105 125
c 167 47 60 141 143
c 58 82 195 176 154
c 171 72 167 105 114
c 145 192 80 122 118
c 46 13 53 13 156
c 156 173 187 62 100
c 42 148 72 81 100
c 14 16 175 31 110
c 83 164 72 35 164
c 55 156 116 129 171
c 61 146 11 159 141
c 120 27 13 110 90
c 45 71 193 147 157
c 135 14 193 69 166
c 41 8 81 159 128
c 160 72 103 87 134
c 109 168 113 15 145
c 71 26 50 61 107
c 114 117 34 54 165
c 108 197 149 164 162
c 198 73 9 96 79
c 154 85 172 127 144
c 177 37 22 125 125
c 99 100 0 42 117
c 30 27 144 93 130
c 88 131 136 190 167
c 83 18 148 116 102
c 161 148 111 160 141
c 89 160 180 153 123
c 183 184 140 40 148
c 4 112 19 48 135
c 69 49 28 30 101
c 182 156 90 70 149
c 114 10 175 121 144
c 177 81 63 15 113
c 50 61 10 42 114
c 142 126 7 26 166
c 68 13 35 95 94
c 67 10 150 127 113
c 130 48 141 58 163
c 153 130 12 131 167
c 147 100 167 144 154
c 1 2 131 30 160
c 40 152 105 40 109
c 3 24 15 107 140
c 106 89 11 25 98
c 91 99 29 115 151
c 122 173 106 67 93
c 39 9 179 107 129
c 78 79 91 158 114
c 22 191 35 192 165
c 193 129 45 101 137
c 137 56 12 156 155
c 120 97 41 197 108
c 102 14 42 128 104
c 60 142 153 39 101
c 147 58 95 7 77
c 192 193 144 177 77
c 11 106 96 25 167
c 162 5 104 167 96
c 80 83 100 72 130
c 80 83 170 100 126
c 175 176 132 192 105
c 140 113 47 6 78
c 106 43 195 129 166
c 26 29 139 91 153
c 48 134 135 5 162
c 12 57 49 50 110
c 151 35 63 64 95
c 39 123 185 19 91
c 75 152 22 29 86
c 15 131 80 122 90
c 174 173 18 162 156
c 131 98 76 150 172
c 4 105 44 82 99
c 59 126 158 72 167
c 197 149 198 167 173
c 165 167 192 117 161
c 14 158 19 124 155
c 179 140 192 30 121
c 136 44 94 196 92
c 91 71 44 79 78
c 53 13 100 169 85
c 168 52 106 137 127
c 113 13 29 98 132
c 190 10 110 188 109
c 56 57 74 68 132
c 39 59 55 163 163
c 27 172 56 94 85
c 184 40 25 171 166
c 140 112 78 68 90
c 162 79 111 190 154
c 69 29 62 133 130
c 134 166 61 157 89
c 35 171 111 89 110
c 69 48 30 9 111
c 66 183 158 99 85
c 6 159 132 92 138
c 186 154 10 120 87
c 172 20 159 118 75
c 33 51 96 145 114
c 134 77 46 169 108
c 59 171 41 109 162
c 65 53 173 139 88
c 38 179 154 102 118
c 26 68 166 97 148
c 3 26 5 68 158
c 51 42 46 173 84
c 118 129 92 175 101
c 193 197 94 196 82
c 189 144 128 12 153
c 39 112 10 92 155
c 174 24 99 54 104
c 165 62 35 152 82
c 179 157 139 140 113
c 118 196 103 6 111
c 105 106 68 140 145
c 180 56 193 198 115
c 64 42 133 188 170
c 97 30 12 60 155
c 19 150 99 105 152
c 157 72 63 10 107
c 102 71 108 152 84
c 162 67 100 95 135
c 5 88 145 192 166
c 17 2 109 15 139
c 114 46 127 126 174
c 90 91 20 3 115
c 167 168 65 168 115
c 98 141 194 123 112
c 6 53 66 152 90
c 37 61 171 172 164
c 123 128 102 108 113
c 109 19 61 138 120
c 50 116 60 121 118
c 31 125 159 133 105
c 191 140 31 61 156
c 51 94 5 154 152
c 119 90 90 66 152
c 30 124 97 121 170
c 150 46 44 167 123
c 83 148 145 192 162
c 38 16 88 188 104
c 146 187 92 33 123
c 165 111 69 160 126
c 54 59 5 13 130
c 30 9 5 110 115
c 116 22 96 84 96
c 105 40 110 71 127
c 149 114 11 195 142
c 188 127 135 197 105
c 129 11 147 29 161
c 38 73 58 192 112
c 178 26 197 56 75
c 139 44 168 22 84
c 2 140 75 187 135
c 17 83 56 80 141
c 65 53 125 89 127
c 29 174 7 108 150
c 122 157 95 108 117
c 139 44 71 125 106
c 136 31 4 116 173
c 122 157 140 167 171
c 29 98 116 81 82
c 92 153 174 127 129
c 30 73 166 136 75
c 128 106 100 172 169
c 45 22 46 132 123
c 119 185 14 16 119
c 59 145 38 179 75
c 188 46 49 112 138
c 191 57 97 63 97
c 137 146 56 173 171
c 179 191 184 181 166
c 24 17 146 138 107
c 160 17 11 129 137
c 9 33 64 32 102
c 115 35 73 71 84
c 19 69 119 105 79
c 5 107 101 32 125
c 94 53 139 75 105
c 114 50 128 74 154
c 119 185 145 100 102
c 27 173 164 4 83
c 110 4 158 94 122
c 14 15 110 4 138
c 37 80 107 7 107
c 157 129 4 112 132
c 11 74 116 22 157
c 142 164 74 73 156
c 160 100 31 167 81
c 101 78 103 141 111
c 5 167 197 42 120
c 93 171 69 124 120
c 156 157 112 124 148
c 60 185 36 15 148
c 112 7 42 124 118
c 135 64 109 110 143
c 118 94 62 35 98
c 160 119 22 3 137
c 40 33 145 102 81
c 94 65 190 143 105
c 73 185 49 179 82
c 63 162 155 165 128
c 77 170 50 150 157
c 71 70 73 23 170
c 151 142 116 184 120
c 146 61 83 175 118
c 193 89 85 25 133
c 94 53 85 28 117
c 104 55 168 33 167
c 127 10 57 146 101
c 159 118 147 130 167
c 9 88 2 145 109
c 54 98 76 138 169
c 4 12 144 125 82
c 189 60 37 80 134
c 88 161 50 88 171
c 35 71 155 14 93
c 173 15 136 190 143
c 85 98 164 124 141
c 78 135 42 172 101
c 27 26 152 174 85
c 137 64 175 154 142
c 0 50 122 21 113
c 2 20 65 53 132
c 128 146 83 158 141
c 78 107 90 38 137
c 15 16 152 153 136
c 95 108 63 125 136
c 187 97 115 35 88
c 74 73 65 79 104
c 179 31 95 38 90
c 86 106 51 42 141
c 93 12 169 167 131
c 138 37 74 92 92
c 24 159 117 118 172
c 153 58 117 85 112
c 27 26 68 117 113
c 100 101 35 193 89
c 74 75 36 88 94
c 166 160 159 189 167
c 119 185 19 109 114
c 7 180 128 193 139
c 133 58 183 124 114
c 86 53 166 70 75
c 92 81 130 48 135
c 173 198 20 73 144
c 133 161 135 128 90
c 108 8 71 185 156
c 11 110 56 72 151
c 8 91 12 194 122
c 189 159 15 150 96
c 8 9 88 36 110
c 180 153 124 125 113
c 83 63 133 134 136
c 37 80 45 4 122
c 91 158 101 65 161
c 121 75 108 17 104
c 106 107 128 68 148
c 79 176 187 188 98
c 106 101 7 167 158
c 28 48 39 101 96
c 115 162 189 153 97
c 100 141 196 101 85
c 160 71 129 75 104
c 10 42 176 129 105
c 196 145 146 143 112
c 94 172 190 168 140
c 73 60 36 197 161
c 91 85 84 11 102
c 106 157 14 180 79
c 29 37 127 14 94
c 69 29 51 26 80
c 96 3 143 54 134
c 11 17 65 168 154
c 90 198 175 119 81
c 99 194 110 140 105
c 131 81 137 56 112
c 137 138 30 156 125
c 54 14 166 70 118
c 10 21 16 126 119
c 135 34 159 12 169
c 124 8 151 35 77
c 166 170 44 110 100
c 87 177 5 88 82
c 20 177 84 42 91
c 131 49 151 35 75
c 71 158 64 87 93
c 110 188 23 152 80
c 189 2 0 152 172
c 14 166 48 25 145
c 46 86 197 115 94
c 162 31 157 67 148
c 138 1 13 91 79
c 79 176 135 96 91
c 127 72 111 84 77
c 4 25 187 53 85
c 185 31 6 54 86
c 110 111 35 147 117
c 164 127 50 140 114
c 32 197 192 162 120
c 177 166 54 16 105
c 61 103 162 143 158
c 7 186 167 58 103
c 49 193 91 92 93
c 162 94 154 108 136
c 71 91 159 86 141
c 111 161 43 88 149
c 19 27 58 21 101
c 192 54 82 45 111
c 190 185 129 20 157
c 14 175 46 44 110
c 167 65 39 27 146
c 9 101 82 115 78
c 126 58 142 112 108
c 134 79 151 96 88
c 67 68 170 153 131
c 73 49 103 121 109
c 37 90 27 82 167
c 123 50 184 64 79
c 102 14 46 173 122
c 173 139 123 82 102
c 186 33 181 166 171
c 78 83 87 8 104
c 183 58 173 97 162
c 37 189 29 98 77
c 166 50 36 30 170
c 111 148 78 65 144
c 197 168 181 136 91
c 98 105 18 79 94
c 2 20 186 177 169
c 170 153 47 180 172
c 59 62 186 188 101
c 182 151 167 175 85
c 12 43 61 169 121
c 132 111 40 152 104
c 181 166 75 146 167
c 60 78 188 33 115
c 11 162 134 62 163
c 197 189 93 125 165
c 57 182 39 83 127
c 135 136 18 125 113
c 5 185 10 168 158
c 22 148 144 88 153
c 193 61 7 24 168
c 99 178 173 113 137
c 9 88 47 110 111
c 156 102 76 138 104
c 45 96 174 155 91
c 56 77 73 1 139
c 151 162 185 31 118
c 188 133 64 127 95
c 94 180 192 157 106
c 10 160 48 83 135
c 166 144 127 133 99
c 103 185 15 116 76
c 134 62 171 31 81
c 15 1 19 60 127
c 9 195 135 128 173
c 167 151 55 127 128
c 38 8 50 140 132
c 3 36 76 106 86
c 93 89 84 138 118
c 80 51 190 185 99
c 150 46 6 141 149
c 195 159 4 25 102
c 6 10 173 101 113
c 60 114 30 179 120
c 52 78 128 32 98
c 24 107 10 110 108
c 39 83 87 180 162
c 154 95 1 126 145
c 169 170 157 158 84
c 175 167 139 91 132
c 171 141 128 129 133
c 106 43 177 36 151
c 47 110 158 146 84
c 62 104 17 59 117
c 158 89 125 79 159
c 127 117 118 188 99
c 155 97 137 43 120
c 58 198 27 147 168
c 8 194 144 145 92
c 151 82 127 61 160
c 161 7 179 177 160
c 142 177 127 157 132
c 94 175 198 199 115
c 141 99 11 59 117
c 159 45 198 20 119
c 43 11 139 65 174
c 123 61 33 90 98
c 73 174 118 70 123
c 3 82 94 60 136
c 183 118 158 96 123
c 111 161 2 198 130
c 78 68 39 40 155
c 53 70 128 43 107
c 172 173 111 174 125
c 133 40 163 27 104
c 153 53 104 167 85
c 4 77 181 158 113
c 172 183 81 188 173
c 155 185 61 83 139
c 92 78 43 141 168
c 54 19 37 5 85
c 68 169 140 53 160
c 131 155 136 106 96
c 83 3 107 171 151
c 58 198 128 157 138
c 23 29 164 127 147
c 4 191 190 101 172
c 155 40 39 199 167
c 151 139 197 110 76
c 143 30 150 103 79
c 173 97 120 37 143
c 5 146 2 77 99
c 160 71 170 160 99
c 166 160 83 63 172
c 75 76 127 83 75
c 36 30 166 70 100
c 77 78 182 72 160
c 166 198 119 90 109
c 144 97 170 151 135
c 183 112 152 82 134
c 173 189 50 165 107
c 180 183 40 33 135
c 191 140 135 116 129
c 75 72 198 21 129
c 164 107 44 150 142
c 166 60 194 5 78
c 145 163 71 19 161
c 77 144 46 86 107
c 128 106 61 157 129
c 104 64 77 8 119
c 82 158 5 61 91
c 121 80 139 27 144
c 180 183 143 166 117
c 167 144 185 19 160
c 44 60 52 150 81
c 48 45 115 70 101
c 112 175 77 71 163
c 169 41 58 70 113
c 90 70 140 43 154
c 162 31 146 45 145
c 176 101 77 130 97
c 119 15 198 199 158
c 102 114 61 138 165
c 43 11 143 38 172
c 8 74 79 118 169
c 70 58 20 71 172
c 54 55 133 82 75
c 68 117 57 132 137
c 111 91 69 10 162
c 37 126 40 151 132
c 83 44 52 171 158
c 36 35 121 75 104
c 71 47 132 120 87
c 160 156 20 177 149
c 26 109 79 118 168
c 71 185 160 166 144
c 7 26 184 11 139
c 133 117 118 5 79
c 33 24 49 19 88
c 86 152 193 83 133
c 36 198 149 136 147
c 5 68 62 134 119
c 157 46 80 51 150
c 95 108 167 124 168
c 112 29 198 3 155
c 159 196 65 178 124
c 59 33 44 21 88
c 173 129 109 11 100
c 41 128 32 182 78
c 148 116 42 171 123
c 147 29 5 73 117
c 140 112 26 73 112
c 60 47 175 119 95
c 125 85 74 75 94
c 136 106 56 94 156
c 150 62 92 81 122
c 44 79 10 168 148
c 195 45 18 56 117
c 66 176 61 62 92
c 193 10 123 168 76
c 175 154 67 158 99
c 154 85 24 18 151
c 162 89 96 88 96
c 11 111 168 107 166
c 145 163 36 50 134
c 134 178 33 82 111
c 95 108 7 141 155
c 5 148 94 65 93
c 110 27 155 78 168
c 197 57 150 62 89
c 161 153 137 38 118
c 30 143 56 94 122
c 75 10 123 128 101
c 22 142 158 191 87
c 120 126 143 110 79
c 159 192 102 80 154
c 127 75 114 41 169
c 24 137 74 129 98
c 16 55 159 133 160
c 122 120 138 125 169
c 21 22 132 180 97
c 87 8 100 85 99
c 81 51 91 95 170
c 7 44 189 33 166
c 188 125 45 178 122
c 51 190 2 36 135
c 163 181 108 15 108
c 49 50 3 26 103
c 152 121 163 181 110
c 176 168 39 192 88
c 88 84 46 199 147
c 115 199 17 18 109
c 83 188 175 49 108
c 64 106 158 179 80
c 174 55 42 133 133
c 31 134 163 111 171
c 30 156 116 22 138
c 163 113 191 84 130
c 123 12 139 108 162
c 5 6 14 16 139
c 133 157 77 159 130
c 193 198 129 117 113
c 118 5 194 116 168
c 71 46 140 83 81
c 93 119 28 40 136
c 1 169 146 61 148
c 153 129 173 147 116
c 36 3 179 149 97
c 32 194 184 160 143
c 126 154 6 83 75
c 23 20 168 52 140
c 4 25 15 18 143
c 118 70 168 38 139
c 26 183 26 29 89
c 167 165 141 9 172
c 28 67 40 70 85
c 124 27 21 108 128
c 125 111 118 70 174
c 88 161 68 169 101
c 29 105 177 112 153
c 136 12 188 115 145
c 121 38 108 17 142
c 128 84 109 66 142
c 121 19 137 172 78
c 56 137 145 112 94
c 144 93 54 30 171
c 183 195 182 27 96
c 47 118 8 38 167
c 59 158 191 84 144
c 127 66 163 96 106
c 80 81 121 97 158
c 196 145 56 14 162
c 2 184 174 155 138
c 174 45 36 37 119
c 40 37 158 159 168
c 101 195 78 142 119
c 157 129 98 167 77
c 41 154 183 147 95
c 62 168 105 78 112
c 182 131 156 190 104
c 119 116 15 129 86
c 48 45 47 82 139
c 176 26 6 196 146
c 60 141 45 163 144
c 194 123 180 172 87
c 2 3 42 195 135
c 174 126 111 109 169
c 167 144 30 27 146
c 174 113 163 75 124
c 193 175 23 152 115
c 150 189 84 2 136
c 110 54 62 144 106
c 92 175 61 46 87
c 182 62 90 134 147
c 151 142 124 85 161
c 61 75 170 77 135
c 55 108 146 4 128
c 138 104 108 109 174
c 183 57 170 69 173
c 21 192 154 85 167
c 120 37 162 134 118
c 25 59 67 77 79
c 193 139 11 59 92
c 196 199 133 42 76
c 116 178 33 147 76
c 84 21 124 162 84
c 21 97 12 4 174
c 52 13 189 153 173
c 65 66 129 20 131
c 173 15 145 22 163
c 94 60 68 169 109
c 77 130 45 61 123
c 120 160 14 102 138
c 60 114 68 169 143
c 42 136 153 53 132
c 52 181 49 199 104
c 150 82 154 175 143
c 42 98 114 75 80
c 186 102 78 65 131
c 16 32 180 159 105
c 168 169 151 150 138
c 106 107 126 150 89
c 129 12 64 105 164
c 80 153 12 199 125
c 54 14 144 80 98
c 7 174 150 103 97
c 193 179 193 147 125
c 39 40 24 18 174
c 132 4 27 130 96
c 110 145 162 5 104
c 163 111 154 4 77
c 101 7 65 169 95
c 5 154 127 10 83
c 41 197 84 157 107
c 139 156 47 98 142
c 173 97 174 74 134
c 142 87 78 192 172
c 197 42 116 191 139
c 22 140 46 173 130
c 9 4 71 91 120
c 110 140 175 154 90
c 26 48 145 112 111
c 29 98 153 95 101
c 180 183 121 80 154
c 157 116 169 28 111
c 16 99 166 77 127
c 94 119 72 181 82
c 52 182 170 26 108
c 158 167 92 91 166
c 27 28 40 189 157
c 45 81 59 33 134
c 19 80 106 158 107
c 61 20 49 199 145
c 35 129 168 117 133
c 54 116 115 120 95
c 157 4 166 12 114
c 99 125 108 112 139
c 115 101 170 8 161
c 24 52 115 162 141
c 90 98 101 133 94
c 132 47 31 122 142
c 163 119 24 75 141
c 49 166 147 132 153
c 174 155 176 101 123
c 138 139 153 95 146
c 48 14 72 1 156
c 6 98 136 88 85
c 55 9 97 30 89
c 129 131 20 169 106
c 31 32 128 97 115
c 44 21 76 138 147
c 118 70 89 104 93
c 127 83 194 116 138
c 142 126 134 62 90
c 55 111 117 17 144
c 148 101 186 131 126
c 189 144 72 60 140
c 6 144 21 43 89
c 82 102 126 154 148
c 77 159 37 174 85
c 4 12 176 177 99
c 59 180 112 148 134
c 42 163 86 74 152
c 175 31 121 37 149
c 43 121 96 25 90
c 136 121 173 52 151
c 85 173 19 155 120
c 176 174 139 66 125
c 138 97 4 19 160
c 152 133 64 52 102
c 124 27 49 138 134
c 91 46 179 57 93
c 73 174 59 146 155
c 125 81 162 47 117
c 114 43 24 52 133
c 2 135 155 165 76
c 114 176 111 84 121
c 114 41 88 104 163
c 195 59 122 123 173
c 141 128 156 120 160
c 8 194 169 18 119
c 161 136 170 26 84
c 129 75 32 35 124
c 168 172 128 97 104
c 44 9 110 181 129
c 119 68 27 173 157
c 3 155 39 57 127
c 188 127 53 99 130
c 6 58 108 15 130
c 114 14 23 120 145
c 183 118 104 64 165
c 121 61 60 15 113
c 130 150 115 101 164
c 14 166 151 141 115
c 129 65 17 167 123
c 75 42 99 117 120
c 15 46 139 115 152
c 161 162 113 5 142
c 62 87 174 33 107
c 113 13 115 116 112
c 102 186 99 54 134
c 101 122 23 162 156
c 109 50 100 109 90
c 131 86 153 130 147
c 150 162 166 167 131
c 159 104 160 53 107
c 112 116 58 177 154
c 103 141 17 104 170
c 65 66 153 118 94
c 108 31 122 156 130
c 119 193 112 113 169
c 189 169 182 154 78
c 51 8 14 175 112
c 34 35 144 49 127
c 196 158 59 32 125
c 103 57 11 129 78
c 0 25 186 72 91
c 61 157 21 45 79
c 137 172 170 147 92
c 171 85 88 54 76
c 92 133 144 145 90
c 165 100 42 98 117
c 192 54 48 135 168
c 94 175 120 121 151
c 74 32 17 59 153
c 113 13 98 147 150
c 79 91 151 114 135
c 180 187 56 101 90
c 25 42 109 142 135
c 61 99 88 131 99
c 63 64 109 17 126
c 77 132 139 15 117
c 124 197 136 137 107
c 164 124 178 148 172
c 101 32 96 75 113
c 73 174 163 53 139
c 131 162 153 54 91
c 36 54 18 138 168
c 107 196 59 180 80
c 52 161 83 164 77
c 16 74 86 87 94
c 78 135 165 100 117
c 185 148 77 71 173
c 21 193 134 168 125
c 27 147 139 140 88
c 1 84 184 186 127
c 49 151 141 38 138
c 128 186 108 109 136
c 78 83 134 148 89
c 186 102 40 162 95
c 150 103 19 112 82
c 11 19 133 42 140
c 62 9 36 198 137
c 163 181 99 100 114
c 72 85 63 79 132
c 128 157 89 150 166
c 165 68 80 122 116
c 12 105 181 154 103
c 112 131 16 72 102
c 163 75 54 40 159
c 63 43 10 11 139
c 126 50 26 27 109
c 6 134 53 54 80
c 88 158 6 18 167
c 161 71 26 73 126
c 173 15 54 180 143
c 119 15 145 178 120
c 166 70 126 82 160
c 126 13 74 68 165
c 42 192 37 80 163
c 196 36 151 48 103
c 57 182 184 186 93
c 63 108 0 12 133
c 81 188 113 142 142
c 63 66 88 78 107
c 9 57 101 156 78
c 186 182 193 16 108
c 121 37 121 87 100
c 99 178 185 99 138
c 59 14 41 93 96
c 42 148 113 142 101
c 89 104 176 178 166
c 15 46 14 193 168
c 34 41 3 187 108
c 182 183 87 37 113
c 138 1 155 132 131
c 75 104 139 40 155
c 146 138 198 167 106
c 122 120 94 79 170
c 32 147 117 20 146
c 103 121 166 160 115
c 135 78 78 46 140
c 39 199 194 86 97
c 27 164 156 129 88
c 25 104 45 61 76
c 86 72 10 21 145
c 170 114 98 141 135
c 46 116 174 135 150
c 109 71 123 59 129
c 15 22 117 113 120
c 173 15 131 186 129
c 23 4 12 70 129
c 99 39 84 130 173
c 59 126 48 46 116
c 125 85 74 22 103
c 108 170 169 28 158
c 166 136 0 42 162
c 7 108 122 116 77
c 22 58 90 93 144
c 26 27 57 18 137
c 151 50 31 134 138
c 112 168 21 192 159
c 82 83 145 20 106
c 166 160 61 188 148
c 74 167 39 194 137
c 178 143 170 17 86
c 57 18 189 190 153
c 44 189 104 21 77
c 163 127 104 44 159
c 174 132 25 131 83
c 32 182 51 140 163
c 73 49 153 21 111
c 139 87 115 89 145
c 44 167 153 39 104
c 54 8 164 94 157
c 174 52 197 185 84
c 171 23 2 198 83
c 59 173 16 24 160
c 114 117 93 12 117
c 81 25 97 177 87
c 110 149 170 160 123
c 191 193 44 167 139
c 36 110 0 50 90
c 52 69 61 182 137
c 83 158 17 35 138
c 37 61 53 32 170
c 6 18 146 143 81
c 183 113 110 140 94
c 132 47 179 137 113
c 169 167 181 164 89
c 143 65 151 35 102
c 9 33 131 32 144
c 181 187 61 46 141
c 85 98 189 60 144
c 163 162 47 180 108
c 52 23 50 61 143
c 179 180 116 150 129
c 30 26 153 130 119
c 103 185 62 66 114
c 185 31 59 99 145
c 32 115 166 29 89
c 67 147 138 37 135
c 50 150 22 107 162
c 22 162 101 48 97
c 144 74 90 98 122
c 143 127 77 56 134
c 11 35 91 44 158
c 18 138 62 23 83
c 108 197 24 140 87
c 171 85 147 31 155
c 145 192 57 116 106
c 61 47 128 84 77
c 84 87 25 131 117
c 82 100 103 94 115
c 190 168 125 111 104
c 171 51 151 67 125
c 96 108 0 124 112
c 69 48 39 111 93
c 90 73 159 197 145
c 147 136 30 180 92
c 101 122 60 97 122
c 169 61 94 60 161
c 134 61 37 68 87
c 97 98 84 154 84
c 75 146 148 144 141
c 62 119 54 130 160
c 112 29 103 185 103
c 184 160 139 40 148
c 96 133 169 65 119
c 135 112 149 164 153
c 135 34 57 108 139
c 198 149 62 173 167
c 35 192 139 44 99
c 153 54 7 44 81
c 194 105 111 89 139
c 45 71 104 105 128
c 114 65 19 60 85
c 78 84 61 70 82
c 115 70 108 15 117
c 168 149 39 27 153
c 162 68 162 31 158
c 77 180 140 66 145
c 136 121 44 69 169
c 12 152 178 37 158
c 77 56 61 52 98
c 176 178 142 58 127
c 82 54 0 50 154
c 191 120 6 54 141
c 85 86 112 142 135
c 54 18 186 154 107
c 28 79 185 31 123
c 97 63 16 74 106
c 56 72 53 57 145
c 145 25 41 17 107
c 123 175 145 178 104
c 59 158 15 46 91
c 33 118 4 25 90
c 172 182 154 199 133
c 136 62 47 6 84
c 182 156 132 118 142
c 39 112 55 9 158
c 159 189 18 82 127
c 174 24 177 70 79
c 158 140 139 19 146
c 158 94 173 176 173
c 96 75 89 90 80
c 25 143 173 190 163
c 74 187 121 97 127
c 141 177 51 52 92
c 198 113 145 170 147
c 94 49 13 118 146
c 46 86 189 8 95
c 101 32 75 41 80
c 152 82 55 156 160
c 32 76 82 115 164
c 174 181 23 18 126
c 49 78 2 138 155
c 30 119 123 179 164
c 102 103 80 86 132
c 185 31 39 57 82
c 113 173 175 119 118
c 50 60 136 141 110
c 14 121 29 30 138
c 39 182 48 193 89
c 100 95 137 43 145
c 135 14 30 100 145
c 167 151 25 89 172
c 153 129 46 51 174
c 153 58 48 135 131
c 0 97 198 98 134
c 152 76 134 178 114
c 28 127 165 189 103
c 26 29 184 64 102
c 138 5 131 162 147
c 98 34 101 148 92
c 9 81 149 164 128
c 81 179 160 161 136
c 72 191 82 102 107
c 128 102 36 182 92
c 91 76 107 83 162
c 4 78 43 111 147
c 60 16 45 64 164
c 124 75 57 26 137
c 33 196 129 121 144
c 127 83 91 46 134
c 73 118 144 35 80
c 103 94 26 118 139
c 37 126 114 93 86
c 136 31 5 62 79
c 166 117 19 40 92
c 52 198 25 111 139
c 156 157 134 148 101
c 191 57 2 62 142
c 140 40 165 166 76
c 172 110 146 60 169
c 183 12 150 110 148
c 157 158 98 4 105
c 26 48 154 36 85
c 48 49 133 89 98
c 58 95 28 29 146
c 192 148 70 90 154
c 66 79 39 27 108
c 141 59 88 36 154
c 48 104 61 170 167
c 123 59 128 84 85
c 113 152 150 111 111
c 25 134 125 81 85
c 178 184 179 191 154
c 135 116 130 150 100
c 76 110 20 107 163
c 26 183 123 79 144
c 32 147 99 133 77
c 139 39 95 172 82
c 13 132 99 140 155
c 106 158 140 17 107
c 190 16 49 151 89
c 114 14 16 1 162
c 137 146 22 140 140
c 187 101 39 27 141
c 171 20 123 27 79
c 174 175 91 110 149
c 133 42 181 41 132
c 144 74 118 140 153
c 192 110 83 194 125
c 173 198 195 53 107
c 7 174 108 95 170
c 9 40 141 38 103
c 42 136 52 171 162
c 189 60 155 132 91
c 45 61 11 153 88
c 179 49 4 19 105
c 145 48 111 112 100
c 47 82 133 180 121
c 19 96 100 32 120
c 102 108 93 196 122
c 5 154 155 185 148
c 174 126 12 152 162
c 103 178 108 119 148
c 174 31 169 65 166
c 9 57 140 167 77
c 131 49 78 138 77
c 89 172 138 142 106
c 114 151 7 140 170
c 193 179 181 59 161
c 42 153 69 48 140
c 192 77 157 184 140
c 74 168 18 56 120
c 12 128 84 42 128
c 177 166 1 188 169
c 191 101 47 15 152
c 54 194 24 112 94
c 70 30 90 88 142
c 17 167 195 176 167
c 164 37 91 17 80
c 177 24 167 168 85
c 181 34 46 51 173
c 142 126 153 33 134
c 8 141 154 161 105
c 157 177 22 157 83
c 12 95 138 74 162
c 16 183 77 170 86
c 147 31 195 68 106
c 79 176 151 35 172
c 139 39 140 112 173
c 113 114 3 61 101
c 64 148 144 100 144
c 129 12 195 22 88
c 106 97 122 173 157
c 88 105 67 158 155
c 162 79 192 195 148
c 22 145 54 98 135
c 183 80 187 132 102
c 159 30 179 191 99
c 109 78 50 170 153
c 37 141 84 72 85
c 65 163 106 104 129
c 176 147 36 22 152
c 136 190 140 60 166
c 92 60 78 107 173
c 83 165 172 173 142
c 181 113 140 188 129
c 99 44 196 182 93
c 164 124 167 196 147
c 44 30 4 25 137
c 16 75 102 145 141
c 13 105 177 36 109
c 30 187 120 199 150
c 11 82 119 116 152
c 124 85 2 140 136
c 159 189 13 181 173
c 172 183 144 80 98
c 93 123 80 86 108
c 21 129 84 85 116
c 53 57 154 4 106
c 88 112 38 58 174
c 123 79 61 101 78
c 22 3 24 46 85
c 4 105 21 108 135
c 48 49 66 104 127
c 138 149 50 61 76
c 4 52 63 15 150
c 11 167 130 4 172
c 178 148 184 108 170
c 138 142 194 119 148
c 25 11 18 49 103
c 51 65 91 44 135
c 54 8 41 128 102
c 21 196 78 140 106
c 73 128 57 157 137
c 117 113 42 132 118
c 159 104 75 9 108
c 150 144 166 167 109
c 120 61 101 148 144
c 173 129 109 31 86
c 87 98 21 196 132
c 92 156 32 129 137
c 106 92 63 89 78
c 33 34 142 46 131
c 174 107 66 106 132
c 23 18 24 137 76
c 13 132 10 42 174
c 198 149 138 97 132
c 73 165 3 61 112
c 70 97 10 11 130
