notes: n=100, m=1980, elb=1, eub=20, density=0.2, conf_density=0.002, clb=75, cub= 175, seed= 7062
p spec 100 1980 3918
s 0
t 99
a 0 1 19
a 0 83 8
a 0 66 11
a 0 11 18
a 0 49 12
a 0 4 3
a 0 20 14
a 0 39 6
a 0 65 16
a 0 25 7
a 0 7 19
a 0 32 9
a 0 81 4
a 0 61 19
a 0 51 1
a 0 37 7
a 0 33 4
a 1 2 9
a 1 15 3
a 1 60 3
a 1 91 19
a 1 96 12
a 1 65 18
a 1 78 15
a 1 53 9
a 1 99 17
a 1 5 12
a 1 28 8
a 1 71 1
a 1 57 18
a 1 42 3
a 1 24 3
a 1 10 8
a 1 20 8
a 1 48 13
a 1 23 2
a 1 97 10
a 1 40 14
a 1 52 17
a 2 3 1
a 2 91 19
a 2 66 7
a 2 65 6
a 2 96 19
a 2 12 6
a 2 9 5
a 2 33 8
a 2 16 9
a 2 19 7
a 2 28 19
a 2 88 19
a 2 4 12
a 2 82 8
a 2 40 14
a 2 30 13
a 2 68 5
a 2 57 2
a 2 31 1
a 2 56 13
a 2 72 4
a 2 54 3
a 2 92 6
a 2 32 11
a 2 79 14
a 2 8 7
a 2 69 13
a 3 4 6
a 3 85 19
a 3 53 8
a 3 88 18
a 3 96 8
a 3 10 18
a 3 22 13
a 3 24 10
a 3 75 11
a 3 20 10
a 3 47 17
a 3 37 9
a 3 81 13
a 3 58 7
a 3 36 13
a 3 87 9
a 3 84 9
a 4 5 2
a 4 94 11
a 4 99 6
a 4 25 3
a 4 28 5
a 4 44 4
a 4 43 5
a 4 33 8
a 4 76 15
a 4 31 15
a 4 12 4
a 4 78 13
a 4 46 18
a 4 19 1
a 4 92 10
a 4 53 18
a 4 56 16
a 4 83 5
a 4 50 10
a 4 74 16
a 4 20 16
a 4 63 14
a 4 38 15
a 4 98 4
a 5 6 17
a 5 89 5
a 5 66 10
a 5 3 16
a 5 68 7
a 5 2 5
a 5 93 9
a 5 13 19
a 5 46 13
a 5 59 13
a 5 23 10
a 5 19 9
a 5 75 1
a 5 30 8
a 5 69 10
a 5 18 14
a 5 64 14
a 5 82 18
a 5 38 15
a 5 72 4
a 5 37 17
a 5 50 1
a 5 99 2
a 5 98 18
a 5 15 17
a 6 7 7
a 6 74 14
a 6 62 15
a 6 19 6
a 6 3 17
a 6 66 6
a 6 39 10
a 6 56 12
a 6 54 6
a 6 31 2
a 6 75 11
a 6 93 15
a 6 67 16
a 6 35 12
a 6 14 5
a 6 29 5
a 6 89 12
a 6 68 17
a 7 8 4
a 7 21 19
a 7 92 13
a 7 80 15
a 7 48 17
a 7 83 11
a 7 84 2
a 7 1 7
a 7 68 17
a 7 38 13
a 7 35 18
a 7 75 5
a 7 3 16
a 7 79 5
a 7 46 13
a 7 88 3
a 7 23 16
a 8 9 17
a 8 83 13
a 8 81 12
a 8 37 6
a 8 26 15
a 8 82 2
a 8 58 15
a 8 89 11
a 8 25 17
a 8 31 14
a 8 54 6
a 8 11 3
a 8 87 9
a 8 6 16
a 8 33 17
a 8 15 16
a 8 64 12
a 8 32 3
a 8 40 10
a 8 85 10
a 8 4 7
a 9 10 19
a 9 61 10
a 9 46 3
a 9 85 1
a 9 97 15
a 9 79 12
a 9 44 5
a 9 64 7
a 9 82 8
a 9 41 10
a 9 23 17
a 9 72 11
a 9 63 13
a 9 89 9
a 9 94 16
a 9 25 14
a 9 84 7
a 9 76 16
a 10 11 7
a 10 21 7
a 10 29 16
a 10 31 10
a 10 92 3
a 10 24 13
a 10 37 12
a 10 28 14
a 10 93 9
a 10 9 19
a 10 65 13
a 10 84 15
a 10 99 12
a 10 40 1
a 10 97 18
a 10 54 17
a 10 7 12
a 10 69 2
a 10 41 14
a 10 1 13
a 10 4 8
a 10 87 9
a 10 53 17
a 10 96 1
a 11 12 11
a 11 4 14
a 11 81 2
a 11 16 11
a 11 84 12
a 11 79 3
a 11 97 19
a 11 31 2
a 11 24 16
a 11 7 19
a 11 56 1
a 11 13 13
a 11 87 7
a 11 61 5
a 11 21 2
a 11 52 5
a 11 98 5
a 11 71 6
a 11 92 6
a 12 13 8
a 12 88 11
a 12 68 5
a 12 17 7
a 12 8 13
a 12 96 3
a 12 38 7
a 12 76 15
a 12 35 19
a 12 90 11
a 12 2 6
a 12 71 19
a 12 49 11
a 12 67 4
a 12 19 2
a 12 59 17
a 12 1 15
a 12 89 5
a 12 41 7
a 12 54 15
a 12 36 8
a 13 14 6
a 13 43 12
a 13 96 3
a 13 24 1
a 13 56 8
a 13 81 6
a 13 39 6
a 13 35 15
a 13 67 8
a 13 76 11
a 13 30 6
a 13 78 3
a 13 59 19
a 13 71 10
a 13 98 15
a 13 40 1
a 13 46 3
a 13 80 10
a 14 15 15
a 14 48 18
a 14 65 8
a 14 50 12
a 14 78 12
a 14 84 15
a 14 61 2
a 14 17 2
a 14 69 15
a 14 98 10
a 14 89 10
a 14 99 16
a 14 27 10
a 14 44 11
a 14 40 13
a 14 53 5
a 14 77 7
a 14 2 9
a 14 72 3
a 14 45 14
a 14 73 17
a 14 37 2
a 15 16 9
a 15 82 19
a 15 46 10
a 15 21 16
a 15 95 14
a 15 96 6
a 15 62 7
a 15 4 1
a 15 12 19
a 15 73 1
a 15 20 13
a 15 55 5
a 15 66 17
a 15 22 12
a 15 78 3
a 15 54 19
a 15 40 5
a 15 86 17
a 15 26 19
a 15 71 15
a 15 52 6
a 16 17 3
a 16 24 6
a 16 45 1
a 16 18 7
a 16 61 19
a 16 35 3
a 16 80 6
a 16 87 15
a 16 79 2
a 16 99 11
a 16 15 10
a 16 51 5
a 16 19 9
a 16 67 17
a 17 18 7
a 17 47 16
a 17 33 13
a 17 12 13
a 17 78 5
a 17 63 10
a 17 4 17
a 17 88 16
a 17 71 11
a 17 51 13
a 17 85 19
a 17 24 14
a 17 16 15
a 17 22 2
a 17 14 7
a 17 44 18
a 17 38 7
a 17 54 19
a 18 19 8
a 18 62 10
a 18 30 1
a 18 92 4
a 18 29 14
a 18 10 1
a 18 36 3
a 18 34 13
a 18 70 8
a 18 95 18
a 18 66 2
a 18 49 6
a 18 91 3
a 18 86 3
a 18 97 10
a 18 9 14
a 18 93 3
a 18 46 11
a 18 38 14
a 18 51 2
a 18 37 15
a 18 88 8
a 18 72 12
a 18 39 1
a 18 87 13
a 18 80 11
a 18 42 7
a 18 40 19
a 19 20 2
a 19 61 8
a 19 1 5
a 19 10 18
a 19 44 15
a 19 65 2
a 19 31 11
a 19 33 14
a 19 48 18
a 19 7 10
a 19 78 6
a 19 21 15
a 19 63 16
a 19 60 16
a 19 86 10
a 19 56 3
a 19 12 13
a 19 28 4
a 19 5 17
a 19 47 5
a 19 88 4
a 19 25 3
a 20 21 16
a 20 6 14
a 20 17 15
a 20 69 19
a 20 28 17
a 20 42 3
a 20 36 19
a 20 77 5
a 20 30 8
a 20 39 14
a 20 49 9
a 20 86 18
a 20 99 3
a 20 85 6
a 20 2 1
a 20 78 19
a 20 56 6
a 20 52 3
a 20 8 5
a 20 97 6
a 21 22 17
a 21 11 14
a 21 48 18
a 21 39 8
a 21 8 2
a 21 16 3
a 21 61 13
a 21 82 9
a 21 3 11
a 21 17 18
a 21 67 4
a 21 32 11
a 21 81 18
a 21 9 16
a 21 70 12
a 21 28 11
a 21 86 4
a 22 23 18
a 22 82 17
a 22 15 13
a 22 53 16
a 22 70 15
a 22 77 8
a 22 49 11
a 22 41 2
a 22 95 9
a 22 50 8
a 22 44 7
a 22 28 18
a 22 93 18
a 22 30 11
a 22 18 13
a 22 40 11
a 22 75 10
a 22 20 10
a 22 86 14
a 22 83 13
a 22 85 16
a 22 9 11
a 22 91 18
a 22 97 10
a 22 21 17
a 23 24 6
a 23 86 10
a 23 74 12
a 23 31 1
a 23 72 16
a 23 14 12
a 23 93 13
a 23 34 15
a 23 28 16
a 23 38 18
a 23 33 1
a 23 15 5
a 23 71 1
a 23 49 11
a 23 32 19
a 23 64 5
a 23 62 18
a 24 25 4
a 24 95 19
a 24 69 12
a 24 99 4
a 24 6 2
a 24 96 5
a 24 23 3
a 24 14 3
a 24 27 13
a 24 3 9
a 24 81 17
a 24 91 5
a 24 16 16
a 24 83 13
a 24 84 1
a 24 42 12
a 24 77 6
a 24 18 1
a 25 26 8
a 25 80 2
a 25 92 19
a 25 67 16
a 25 76 12
a 25 79 13
a 25 85 7
a 25 36 11
a 25 83 18
a 25 77 1
a 25 6 8
a 25 17 13
a 25 87 10
a 25 30 18
a 25 1 11
a 25 89 9
a 25 65 14
a 25 70 16
a 25 86 2
a 25 73 16
a 25 29 11
a 26 27 12
a 26 55 6
a 26 84 15
a 26 60 15
a 26 5 15
a 26 83 7
a 26 44 6
a 26 11 9
a 26 35 2
a 26 30 6
a 26 45 12
a 26 96 11
a 26 88 13
a 26 13 15
a 26 20 17
a 26 14 10
a 26 68 9
a 26 86 8
a 26 87 17
a 26 23 3
a 26 47 3
a 26 52 12
a 26 25 7
a 26 39 16
a 27 28 16
a 27 71 5
a 27 77 10
a 27 45 13
a 27 6 9
a 27 50 12
a 27 53 19
a 27 24 19
a 27 73 19
a 27 72 19
a 27 18 5
a 27 88 17
a 27 82 8
a 27 41 6
a 27 76 5
a 27 68 16
a 27 33 17
a 27 48 18
a 27 43 11
a 27 4 11
a 27 95 18
a 27 38 10
a 28 29 15
a 28 92 18
a 28 94 2
a 28 34 10
a 28 8 3
a 28 73 11
a 28 10 14
a 28 60 7
a 28 7 13
a 28 21 15
a 28 2 5
a 28 86 12
a 28 88 1
a 28 55 15
a 28 61 10
a 28 11 5
a 28 33 3
a 28 18 15
a 28 52 5
a 28 12 14
a 29 30 4
a 29 20 5
a 29 80 3
a 29 44 14
a 29 61 19
a 29 3 18
a 29 47 17
a 29 40 9
a 29 2 19
a 29 67 15
a 29 60 5
a 29 28 17
a 29 63 5
a 29 55 14
a 29 7 1
a 29 83 3
a 29 79 17
a 29 43 1
a 29 85 8
a 29 32 8
a 29 76 8
a 30 31 5
a 30 96 7
a 30 95 12
a 30 75 1
a 30 24 19
a 30 58 11
a 30 57 3
a 30 11 4
a 30 76 12
a 30 21 18
a 30 90 4
a 30 34 2
a 30 70 6
a 30 3 5
a 30 56 17
a 30 52 18
a 31 32 15
a 31 1 14
a 31 91 15
a 31 46 4
a 31 66 1
a 31 13 3
a 31 8 14
a 31 39 19
a 31 50 6
a 31 4 3
a 31 54 8
a 31 75 16
a 31 14 3
a 31 10 14
a 31 56 18
a 31 81 6
a 31 84 16
a 31 95 18
a 31 21 8
a 31 42 18
a 31 37 18
a 31 34 15
a 31 73 8
a 31 47 10
a 31 49 8
a 31 18 3
a 31 90 18
a 32 33 15
a 32 37 9
a 32 94 10
a 32 97 12
a 32 58 14
a 32 4 9
a 32 52 5
a 32 64 3
a 32 68 6
a 32 6 14
a 32 81 7
a 32 83 14
a 32 14 17
a 32 7 19
a 32 85 19
a 32 56 3
a 32 51 18
a 32 57 6
a 32 62 8
a 33 34 8
a 33 14 7
a 33 82 3
a 33 21 13
a 33 8 3
a 33 44 5
a 33 47 13
a 33 80 9
a 33 54 9
a 33 23 1
a 33 64 1
a 33 86 1
a 33 27 5
a 33 6 19
a 33 83 10
a 33 28 14
a 33 50 9
a 33 12 17
a 33 48 14
a 33 89 6
a 33 61 2
a 33 73 13
a 33 70 6
a 33 53 13
a 33 72 3
a 33 22 6
a 33 84 2
a 33 63 2
a 34 35 11
a 34 1 15
a 34 67 14
a 34 99 13
a 34 69 13
a 34 20 16
a 34 78 1
a 34 14 12
a 34 55 13
a 34 85 11
a 34 66 10
a 34 72 14
a 34 13 17
a 34 88 17
a 34 23 10
a 34 17 5
a 34 74 6
a 34 91 2
a 34 32 17
a 34 73 7
a 34 45 1
a 34 50 1
a 35 36 2
a 35 15 3
a 35 13 15
a 35 98 1
a 35 19 19
a 35 57 16
a 35 24 17
a 35 10 16
a 35 96 9
a 35 40 12
a 35 91 13
a 35 89 14
a 35 93 18
a 35 41 12
a 35 26 9
a 35 88 17
a 35 8 8
a 35 11 8
a 35 51 6
a 35 90 17
a 35 78 12
a 35 22 4
a 35 95 6
a 36 37 17
a 36 82 14
a 36 78 16
a 36 11 14
a 36 79 11
a 36 90 15
a 36 29 4
a 36 7 7
a 36 83 6
a 36 60 16
a 36 96 12
a 36 34 18
a 36 6 17
a 36 50 11
a 36 2 14
a 36 9 8
a 36 22 9
a 36 30 1
a 36 4 4
a 36 5 11
a 36 68 15
a 36 92 13
a 36 85 19
a 36 63 13
a 36 53 18
a 36 74 9
a 36 48 2
a 36 42 19
a 37 38 14
a 37 57 8
a 37 83 8
a 37 87 9
a 37 8 4
a 37 11 13
a 37 7 11
a 37 59 1
a 37 9 6
a 37 24 12
a 37 79 14
a 37 88 4
a 37 25 6
a 37 2 15
a 37 77 7
a 37 86 4
a 37 32 16
a 38 39 4
a 38 25 1
a 38 84 11
a 38 5 6
a 38 41 16
a 38 69 9
a 38 52 1
a 38 83 16
a 38 81 2
a 38 58 10
a 38 29 17
a 38 91 8
a 38 60 7
a 38 34 13
a 38 79 9
a 38 12 6
a 38 85 3
a 39 40 7
a 39 21 13
a 39 92 5
a 39 93 7
a 39 94 2
a 39 45 17
a 39 76 18
a 39 70 2
a 39 96 2
a 39 34 5
a 39 43 6
a 39 87 2
a 39 77 15
a 40 41 8
a 40 62 11
a 40 65 12
a 40 1 2
a 40 23 14
a 40 4 9
a 40 91 2
a 40 95 7
a 40 49 15
a 40 32 19
a 40 56 12
a 40 38 10
a 40 64 8
a 40 68 18
a 40 89 18
a 40 21 18
a 40 12 16
a 40 71 13
a 40 88 2
a 40 25 17
a 40 57 2
a 40 97 19
a 40 44 3
a 41 42 1
a 41 18 5
a 41 59 8
a 41 58 13
a 41 82 8
a 41 46 13
a 41 56 10
a 41 86 7
a 41 29 3
a 41 27 7
a 41 64 11
a 41 35 4
a 41 28 14
a 41 20 16
a 41 65 9
a 41 68 11
a 41 53 6
a 41 96 13
a 41 90 3
a 41 19 1
a 42 43 9
a 42 13 4
a 42 40 17
a 42 95 5
a 42 85 16
a 42 32 6
a 42 92 8
a 42 75 12
a 42 99 14
a 42 28 5
a 42 24 2
a 42 5 3
a 42 30 12
a 42 36 17
a 42 1 2
a 42 33 12
a 42 76 10
a 42 7 4
a 42 14 6
a 42 58 16
a 43 44 5
a 43 36 18
a 43 16 1
a 43 18 6
a 43 90 13
a 43 35 15
a 43 96 14
a 43 28 17
a 43 33 9
a 43 51 2
a 43 6 4
a 43 40 16
a 43 11 6
a 43 23 13
a 43 13 17
a 43 75 11
a 43 95 6
a 43 88 2
a 43 93 1
a 43 20 18
a 44 45 3
a 44 50 12
a 44 51 6
a 44 27 9
a 44 99 14
a 44 71 4
a 44 96 19
a 44 39 14
a 44 12 11
a 44 16 8
a 44 62 4
a 44 55 14
a 44 84 19
a 44 11 18
a 44 58 11
a 44 72 10
a 44 19 15
a 45 46 9
a 45 9 7
a 45 15 13
a 45 87 2
a 45 8 6
a 45 27 14
a 45 42 11
a 45 52 12
a 45 48 12
a 45 4 8
a 45 98 15
a 45 54 12
a 45 80 11
a 45 16 10
a 45 73 1
a 45 19 9
a 45 29 13
a 45 43 17
a 45 71 11
a 46 47 15
a 46 70 2
a 46 25 8
a 46 88 19
a 46 78 17
a 46 24 5
a 46 51 7
a 46 17 4
a 46 9 10
a 46 15 3
a 46 71 5
a 46 91 14
a 47 48 13
a 47 85 14
a 47 64 16
a 47 54 8
a 47 55 16
a 47 74 11
a 47 36 4
a 47 87 18
a 47 89 14
a 47 78 11
a 47 19 18
a 47 68 1
a 47 92 13
a 47 84 1
a 47 76 2
a 47 83 14
a 47 49 1
a 47 51 11
a 48 49 4
a 48 83 8
a 48 60 17
a 48 6 9
a 48 65 16
a 48 46 11
a 48 32 2
a 48 52 2
a 48 42 12
a 48 79 4
a 48 59 14
a 48 98 7
a 48 62 13
a 48 24 4
a 48 41 19
a 48 91 10
a 48 25 16
a 48 94 12
a 48 34 19
a 49 50 13
a 49 55 9
a 49 58 10
a 49 16 19
a 49 1 2
a 49 75 19
a 49 79 19
a 49 53 2
a 49 24 11
a 49 85 6
a 49 84 17
a 49 38 3
a 49 30 12
a 49 76 2
a 49 97 12
a 49 11 16
a 50 51 16
a 50 61 16
a 50 65 5
a 50 81 19
a 50 11 12
a 50 66 13
a 50 96 19
a 50 59 15
a 50 95 19
a 50 56 14
a 50 7 1
a 50 97 9
a 50 22 12
a 50 79 11
a 50 69 14
a 50 78 12
a 50 6 18
a 50 44 16
a 50 33 12
a 51 52 19
a 51 22 11
a 51 80 5
a 51 93 18
a 51 10 1
a 51 44 8
a 51 36 2
a 51 77 1
a 51 66 1
a 51 41 12
a 51 19 12
a 51 43 19
a 51 29 5
a 51 2 18
a 51 45 11
a 51 89 6
a 51 8 8
a 52 53 15
a 52 77 1
a 52 75 11
a 52 40 12
a 52 34 3
a 52 65 17
a 52 2 6
a 52 14 16
a 52 79 6
a 52 85 3
a 52 80 2
a 52 38 8
a 52 50 18
a 52 61 13
a 52 19 16
a 52 68 1
a 52 46 16
a 52 21 7
a 52 44 16
a 52 18 13
a 52 41 2
a 52 48 17
a 52 15 6
a 53 54 4
a 53 20 4
a 53 88 5
a 53 49 5
a 53 35 8
a 53 38 13
a 53 61 10
a 53 12 18
a 53 64 8
a 53 28 11
a 53 21 19
a 53 81 2
a 53 8 10
a 53 94 7
a 53 92 13
a 53 60 10
a 53 79 19
a 54 55 6
a 54 11 18
a 54 69 18
a 54 87 1
a 54 66 3
a 54 57 9
a 54 59 1
a 54 89 12
a 54 84 6
a 54 1 3
a 54 7 7
a 54 28 4
a 54 42 15
a 54 83 11
a 54 79 2
a 54 60 1
a 55 56 9
a 55 11 7
a 55 83 6
a 55 25 6
a 55 1 1
a 55 93 19
a 55 60 4
a 55 43 18
a 55 79 19
a 55 39 11
a 55 72 15
a 55 57 2
a 55 89 16
a 55 86 9
a 55 77 11
a 55 22 3
a 55 4 15
a 55 17 16
a 55 61 15
a 55 32 5
a 55 45 6
a 55 16 5
a 55 38 17
a 56 57 2
a 56 9 4
a 56 62 7
a 56 41 17
a 56 78 3
a 56 93 15
a 56 34 19
a 56 21 13
a 56 48 3
a 56 14 4
a 56 67 7
a 56 15 2
a 56 8 8
a 56 36 9
a 56 10 3
a 56 46 7
a 57 58 14
a 57 18 8
a 57 32 18
a 57 56 1
a 57 79 4
a 57 10 19
a 57 65 15
a 57 73 11
a 57 71 6
a 57 51 8
a 57 97 1
a 57 88 17
a 57 74 4
a 57 21 12
a 57 47 6
a 57 67 13
a 57 24 10
a 57 86 16
a 57 14 5
a 58 59 6
a 58 67 13
a 58 7 17
a 58 16 2
a 58 60 19
a 58 50 13
a 58 85 16
a 58 1 4
a 58 20 15
a 58 37 10
a 58 76 11
a 58 3 15
a 58 14 2
a 58 65 13
a 58 72 15
a 58 74 19
a 58 38 12
a 58 98 13
a 59 60 11
a 59 37 7
a 59 24 8
a 59 90 17
a 59 83 11
a 59 93 13
a 59 42 6
a 59 97 11
a 59 25 6
a 59 44 14
a 59 27 14
a 59 34 8
a 59 75 5
a 59 3 4
a 59 62 1
a 59 30 9
a 59 9 5
a 59 36 9
a 59 63 15
a 59 54 1
a 59 55 2
a 59 41 15
a 60 61 19
a 60 76 16
a 60 5 5
a 60 57 11
a 60 81 6
a 60 56 5
a 60 24 16
a 60 27 2
a 60 73 7
a 60 40 10
a 60 1 1
a 60 84 7
a 60 6 18
a 60 70 9
a 61 62 18
a 61 6 6
a 61 21 4
a 61 85 11
a 61 9 5
a 61 45 12
a 61 32 4
a 61 43 5
a 61 84 7
a 61 38 4
a 61 78 10
a 61 30 16
a 61 4 1
a 61 83 13
a 61 22 7
a 61 71 5
a 61 90 12
a 61 70 4
a 61 92 13
a 61 65 5
a 61 3 10
a 61 91 4
a 61 26 7
a 61 52 8
a 61 58 2
a 61 18 17
a 61 67 7
a 62 63 15
a 62 60 16
a 62 67 7
a 62 54 18
a 62 49 12
a 62 41 4
a 62 71 19
a 62 69 16
a 62 25 8
a 62 16 1
a 62 96 1
a 62 56 19
a 62 14 18
a 62 70 1
a 62 76 5
a 62 33 13
a 62 12 12
a 62 10 1
a 62 79 4
a 62 51 3
a 62 66 6
a 62 89 2
a 63 64 4
a 63 12 16
a 63 99 16
a 63 84 12
a 63 68 17
a 63 89 15
a 63 70 11
a 63 59 16
a 63 55 14
a 63 47 19
a 63 74 18
a 63 80 7
a 63 16 16
a 63 46 11
a 63 29 2
a 63 38 13
a 63 3 3
a 63 10 6
a 63 52 9
a 63 60 9
a 63 69 6
a 64 65 17
a 64 30 14
a 64 44 4
a 64 9 8
a 64 24 11
a 64 29 6
a 64 82 16
a 64 21 16
a 64 34 14
a 64 78 10
a 64 41 9
a 64 37 13
a 64 5 12
a 64 98 10
a 64 36 10
a 64 23 18
a 64 20 5
a 64 94 11
a 65 66 1
a 65 10 9
a 65 80 1
a 65 8 11
a 65 88 5
a 65 97 14
a 65 39 15
a 65 38 17
a 65 90 2
a 65 27 13
a 65 71 19
a 65 94 17
a 65 47 4
a 65 98 12
a 65 69 17
a 65 92 10
a 65 63 11
a 65 57 9
a 65 40 14
a 65 78 15
a 66 67 3
a 66 79 1
a 66 87 2
a 66 37 15
a 66 82 13
a 66 73 9
a 66 52 11
a 66 24 6
a 66 18 11
a 66 7 14
a 66 33 6
a 66 90 10
a 66 29 11
a 66 70 4
a 66 88 17
a 66 5 17
a 66 16 2
a 67 68 17
a 67 36 9
a 67 1 1
a 67 31 16
a 67 76 16
a 67 55 6
a 67 70 19
a 67 44 5
a 67 87 4
a 67 30 6
a 67 65 12
a 67 4 16
a 67 82 15
a 67 58 19
a 67 89 5
a 67 34 5
a 67 60 4
a 67 61 16
a 67 75 3
a 67 20 5
a 67 40 13
a 68 69 19
a 68 97 3
a 68 51 10
a 68 76 8
a 68 75 11
a 68 28 16
a 68 33 1
a 68 82 1
a 68 86 12
a 68 44 4
a 68 15 12
a 68 16 18
a 68 90 6
a 68 66 15
a 68 5 19
a 68 58 15
a 68 29 13
a 68 98 17
a 68 99 18
a 68 11 8
a 69 70 1
a 69 31 8
a 69 57 18
a 69 40 9
a 69 8 5
a 69 63 3
a 69 73 5
a 69 28 7
a 69 48 19
a 69 26 16
a 69 92 19
a 69 89 4
a 69 27 5
a 69 84 3
a 69 13 19
a 69 56 14
a 69 23 19
a 69 59 5
a 69 29 15
a 69 87 17
a 69 76 10
a 69 16 11
a 69 7 14
a 69 11 19
a 69 88 19
a 70 71 4
a 70 26 10
a 70 38 7
a 70 31 17
a 70 86 4
a 70 48 4
a 70 59 2
a 70 10 11
a 70 68 15
a 70 65 12
a 70 94 16
a 70 52 17
a 70 90 18
a 70 5 9
a 70 56 15
a 71 72 11
a 71 17 2
a 71 35 19
a 71 81 11
a 71 97 5
a 71 6 16
a 71 5 10
a 71 91 2
a 71 25 1
a 71 75 3
a 71 80 15
a 71 54 13
a 71 21 13
a 71 53 14
a 71 69 19
a 71 92 8
a 71 19 6
a 71 8 1
a 71 95 10
a 71 61 1
a 71 96 11
a 71 49 4
a 72 73 7
a 72 9 7
a 72 7 7
a 72 75 4
a 72 50 7
a 72 83 18
a 72 5 1
a 72 28 16
a 72 3 6
a 72 55 1
a 72 47 18
a 72 52 4
a 72 71 13
a 72 79 7
a 72 33 17
a 72 66 2
a 73 74 15
a 73 27 7
a 73 67 14
a 73 78 12
a 73 16 13
a 73 88 10
a 73 98 13
a 73 49 17
a 73 20 2
a 73 71 9
a 73 31 5
a 73 1 6
a 73 40 19
a 73 58 2
a 73 55 18
a 73 8 4
a 73 17 19
a 73 51 12
a 74 75 2
a 74 81 15
a 74 92 9
a 74 60 2
a 74 56 11
a 74 41 5
a 74 34 1
a 74 12 2
a 74 44 17
a 74 4 5
a 74 99 6
a 74 80 8
a 74 47 3
a 74 19 2
a 74 24 3
a 74 90 16
a 74 78 17
a 74 97 4
a 74 17 5
a 74 73 14
a 74 93 19
a 74 70 13
a 75 76 9
a 75 6 7
a 75 81 7
a 75 5 1
a 75 59 19
a 75 92 18
a 75 38 12
a 75 53 15
a 75 37 19
a 75 72 17
a 75 43 3
a 75 12 9
a 75 31 13
a 75 8 4
a 75 13 6
a 75 68 14
a 75 29 15
a 75 65 15
a 75 4 10
a 75 14 14
a 75 96 10
a 76 77 4
a 76 52 12
a 76 91 15
a 76 98 5
a 76 41 13
a 76 59 8
a 76 33 15
a 76 17 18
a 76 95 13
a 76 45 7
a 76 58 4
a 76 92 7
a 76 25 6
a 76 70 9
a 76 49 13
a 76 9 1
a 76 35 13
a 76 23 2
a 76 74 4
a 76 63 7
a 76 4 10
a 76 18 18
a 76 88 15
a 76 65 10
a 76 81 17
a 76 22 18
a 77 78 4
a 77 31 17
a 77 8 5
a 77 63 8
a 77 28 6
a 77 14 19
a 77 72 6
a 77 99 1
a 77 37 4
a 77 82 2
a 77 42 10
a 77 11 12
a 77 91 14
a 77 87 17
a 77 36 6
a 77 32 1
a 77 6 1
a 77 85 14
a 77 12 16
a 77 22 11
a 77 25 13
a 78 79 10
a 78 64 13
a 78 7 17
a 78 92 17
a 78 75 7
a 78 53 9
a 78 9 4
a 78 58 3
a 78 10 12
a 78 5 9
a 78 3 19
a 78 91 12
a 78 46 16
a 78 90 8
a 78 17 18
a 78 86 18
a 78 35 18
a 79 80 6
a 79 61 15
a 79 49 14
a 79 1 13
a 79 93 13
a 79 23 16
a 79 69 5
a 79 67 2
a 79 18 13
a 79 6 4
a 79 41 1
a 79 92 12
a 79 81 17
a 79 60 8
a 79 4 19
a 79 88 19
a 79 73 9
a 79 98 1
a 80 81 6
a 80 11 3
a 80 14 1
a 80 36 2
a 80 4 4
a 80 42 19
a 80 92 11
a 80 55 18
a 80 17 18
a 80 1 10
a 80 86 14
a 80 71 8
a 80 78 8
a 80 28 15
a 80 50 7
a 80 34 4
a 80 96 15
a 81 82 5
a 81 33 14
a 81 3 7
a 81 21 17
a 81 96 16
a 81 65 9
a 81 26 7
a 81 46 12
a 81 67 18
a 81 37 5
a 81 89 6
a 81 42 9
a 81 63 4
a 81 80 15
a 81 62 17
a 81 43 14
a 81 8 6
a 82 83 11
a 82 14 16
a 82 79 16
a 82 71 1
a 82 92 13
a 82 38 8
a 82 48 10
a 82 37 5
a 82 34 2
a 82 26 14
a 82 78 18
a 82 33 16
a 82 53 16
a 82 1 1
a 82 91 6
a 82 30 14
a 82 24 11
a 82 43 7
a 83 84 17
a 83 75 16
a 83 59 4
a 83 82 7
a 83 87 2
a 83 32 12
a 83 74 6
a 83 5 13
a 83 54 7
a 83 89 7
a 83 28 7
a 83 7 19
a 83 43 1
a 83 69 16
a 83 51 7
a 83 21 16
a 84 85 7
a 84 18 9
a 84 63 4
a 84 99 11
a 84 53 12
a 84 87 5
a 84 22 1
a 84 10 10
a 84 44 5
a 84 40 14
a 84 26 15
a 84 32 15
a 84 97 11
a 84 68 15
a 84 86 9
a 84 62 2
a 84 74 16
a 84 35 9
a 84 50 19
a 84 73 6
a 85 86 17
a 85 49 4
a 85 26 2
a 85 77 14
a 85 95 16
a 85 31 2
a 85 56 7
a 85 35 6
a 85 58 9
a 85 39 2
a 85 30 16
a 85 69 5
a 85 66 13
a 85 81 2
a 85 62 9
a 85 82 10
a 85 10 12
a 85 32 3
a 85 46 15
a 85 71 5
a 85 13 15
a 86 87 6
a 86 66 2
a 86 70 12
a 86 34 18
a 86 25 3
a 86 82 18
a 86 38 12
a 86 54 12
a 86 19 19
a 86 97 3
a 86 98 18
a 86 90 3
a 86 40 12
a 86 84 5
a 86 36 12
a 86 13 8
a 86 24 19
a 86 53 6
a 86 96 4
a 87 88 8
a 87 22 6
a 87 63 16
a 87 81 15
a 87 97 1
a 87 82 6
a 87 57 18
a 87 33 1
a 87 21 6
a 87 23 19
a 87 64 7
a 87 31 4
a 87 24 3
a 87 50 8
a 87 11 7
a 87 67 12
a 87 58 14
a 87 80 16
a 87 46 1
a 87 14 9
a 87 42 7
a 87 19 16
a 87 95 19
a 88 89 16
a 88 75 15
a 88 2 4
a 88 48 6
a 88 80 11
a 88 57 9
a 88 40 7
a 88 83 19
a 88 61 3
a 88 99 16
a 88 39 18
a 88 72 1
a 88 94 10
a 88 16 1
a 88 79 4
a 88 50 2
a 88 14 7
a 88 24 4
a 89 90 7
a 89 76 8
a 89 52 18
a 89 75 8
a 89 1 14
a 89 32 12
a 89 56 14
a 89 34 4
a 89 5 13
a 89 2 8
a 89 15 18
a 89 57 2
a 89 23 9
a 89 59 5
a 89 84 5
a 89 41 19
a 89 48 6
a 89 95 3
a 89 30 5
a 89 86 11
a 89 66 11
a 89 67 8
a 89 51 2
a 90 91 13
a 90 16 1
a 90 70 12
a 90 35 4
a 90 21 17
a 90 26 11
a 90 62 7
a 90 59 8
a 90 34 1
a 90 88 6
a 90 95 5
a 90 50 1
a 90 53 6
a 90 3 2
a 90 71 8
a 90 31 8
a 90 72 15
a 90 78 14
a 90 94 5
a 90 30 5
a 90 24 3
a 90 66 18
a 90 60 2
a 90 27 15
a 90 25 5
a 91 92 13
a 91 96 2
a 91 76 9
a 91 62 16
a 91 82 16
a 91 29 11
a 91 63 14
a 91 52 7
a 91 42 19
a 91 61 15
a 91 87 4
a 91 84 14
a 91 64 6
a 91 85 17
a 91 41 17
a 91 83 8
a 92 93 15
a 92 75 11
a 92 38 16
a 92 97 2
a 92 5 17
a 92 87 11
a 92 46 3
a 92 13 4
a 92 77 16
a 92 96 15
a 92 84 11
a 92 26 8
a 92 52 10
a 92 21 12
a 92 76 7
a 92 14 19
a 92 22 14
a 92 47 7
a 93 94 10
a 93 10 2
a 93 72 19
a 93 48 17
a 93 20 6
a 93 36 19
a 93 18 17
a 93 44 11
a 93 34 6
a 93 4 17
a 93 60 6
a 93 81 18
a 93 86 16
a 93 32 12
a 93 17 1
a 93 13 17
a 93 70 15
a 93 59 18
a 93 46 18
a 93 91 19
a 93 16 6
a 93 23 12
a 93 78 6
a 94 95 15
a 94 55 14
a 94 68 12
a 94 39 19
a 94 64 5
a 94 76 14
a 94 37 6
a 94 56 4
a 94 87 3
a 94 40 8
a 94 73 5
a 94 4 10
a 94 35 9
a 94 46 4
a 94 42 14
a 94 81 8
a 94 20 16
a 94 45 3
a 94 69 19
a 94 60 11
a 94 77 12
a 94 98 18
a 95 96 5
a 95 3 11
a 95 28 4
a 95 46 16
a 95 1 16
a 95 19 4
a 95 86 18
a 95 85 4
a 95 6 4
a 95 69 10
a 95 59 4
a 95 39 19
a 95 84 14
a 95 30 3
a 95 27 13
a 95 21 15
a 95 7 16
a 96 97 12
a 96 4 3
a 96 17 4
a 96 31 17
a 96 5 11
a 96 91 5
a 96 58 19
a 96 71 10
a 96 38 13
a 96 55 11
a 96 83 3
a 96 53 3
a 96 34 7
a 96 30 1
a 96 86 16
a 96 11 11
a 96 56 11
a 96 98 4
a 96 43 17
a 97 98 2
a 97 60 15
a 97 85 17
a 97 87 18
a 97 79 4
a 97 39 9
a 97 20 13
a 97 74 15
a 97 23 8
a 97 76 12
a 97 63 16
a 97 96 15
a 97 7 13
a 97 28 6
a 97 49 4
a 97 24 6
a 97 61 16
a 97 1 4
a 97 40 18
a 98 99 5
a 98 68 18
a 98 40 12
a 98 11 5
a 98 91 6
a 98 58 15
a 98 88 14
a 98 2 11
a 98 73 3
a 98 76 17
a 98 93 2
a 98 89 11
a 98 31 7
a 98 53 18
a 98 86 18
a 98 22 12
a 98 62 8
a 98 7 4
a 98 75 15
a 98 3 17
a 98 30 17
a 98 71 12
a 98 36 17
a 98 52 9
a 98 64 13
a 98 12 6
c 96 53 80 71 130
c 5 18 1 78 125
c 82 30 89 66 154
c 7 92 10 28 106
c 80 96 30 52 162
c 95 84 33 83 150
c 36 4 12 54 152
c 68 28 42 33 123
c 27 6 87 67 80
c 57 79 81 62 134
c 28 92 38 29 79
c 59 97 9 85 80
c 61 3 9 44 119
c 10 1 52 2 136
c 20 42 53 60 159
c 21 39 79 98 94
c 32 68 24 14 100
c 69 57 29 55 146
c 80 81 47 19 128
c 36 29 61 91 152
c 7 35 46 47 84
c 90 26 55 79 103
c 92 22 44 11 165
c 4 46 10 40 91
c 30 11 76 63 101
c 18 46 42 75 130
c 21 22 19 21 173
c 49 24 9 23 84
c 65 47 95 96 129
c 69 48 19 88 102
c 14 99 90 95 145
c 97 87 45 19 128
c 40 21 22 75 98
c 64 5 8 37 115
c 4 31 63 89 111
c 64 94 11 79 148
c 0 83 31 49 164
c 55 1 26 39 105
c 16 17 17 38 156
c 37 87 56 78 91
c 98 22 60 40 77
c 22 70 76 65 109
c 82 53 5 75 144
c 64 24 61 6 138
c 93 17 34 67 158
c 96 30 65 97 108
c 79 88 40 38 113
c 61 65 42 30 118
c 75 72 32 51 151
c 58 85 1 57 122
c 87 11 59 55 78
c 61 90 7 46 87
c 44 58 85 62 104
c 39 92 16 35 170
c 76 98 48 60 118
c 20 2 81 82 151
c 87 97 7 83 91
c 50 65 80 28 103
c 35 91 52 41 162
c 92 22 61 22 131
c 19 86 56 21 102
c 78 53 55 17 166
c 22 40 91 41 129
c 46 9 38 25 159
c 46 47 57 67 130
c 36 4 27 28 113
c 18 30 93 44 160
c 76 17 59 27 104
c 61 84 82 83 157
c 33 14 30 57 160
c 10 92 95 3 136
c 59 24 37 11 164
c 64 36 37 7 113
c 55 16 8 54 89
c 66 82 83 28 142
c 69 27 31 1 164
c 54 87 17 4 146
c 93 13 77 11 109
c 11 7 19 1 147
c 75 92 7 21 95
c 49 1 35 88 137
c 66 29 30 34 88
c 30 57 47 92 166
c 36 96 17 33 135
c 21 22 97 85 133
c 97 61 55 32 131
c 35 10 76 65 158
c 10 29 61 62 140
c 0 81 98 12 103
c 28 88 80 92 153
c 76 88 17 47 144
c 80 36 61 26 174
c 49 75 52 15 122
c 49 11 94 45 104
c 90 30 71 69 144
c 34 67 89 95 139
c 87 88 81 96 153
c 48 32 90 95 93
c 57 65 51 41 126
c 29 28 44 71 84
c 47 54 6 54 173
c 40 62 18 39 160
c 91 82 58 60 118
c 59 75 87 97 173
c 28 2 89 76 114
c 28 12 23 34 138
c 28 18 3 22 100
c 59 3 19 47 100
c 60 40 2 32 95
c 61 91 48 65 153
c 67 65 26 87 115
c 56 15 41 53 107
c 11 24 24 81 88
c 49 58 60 5 98
c 38 58 83 69 103
c 94 42 55 17 129
c 72 66 42 1 117
c 77 32 9 10 174
c 90 34 70 52 121
c 63 68 57 51 131
c 83 5 32 52 119
c 10 40 0 81 78
c 30 24 45 4 84
c 85 82 23 49 113
c 29 32 33 72 118
c 84 86 33 23 158
c 49 30 44 62 156
c 81 89 5 19 106
c 62 89 29 47 76
c 43 96 2 66 154
c 76 23 47 84 117
c 58 98 85 81 174
c 69 88 91 85 171
c 33 80 74 34 125
c 22 15 34 69 143
c 5 89 50 81 130
c 94 64 21 16 81
c 54 55 75 96 146
c 58 7 81 26 94
c 12 17 18 97 124
c 57 10 87 50 157
c 86 24 64 41 107
c 83 69 32 58 109
c 63 10 4 92 103
c 80 14 87 97 86
c 41 68 0 33 158
c 0 65 62 49 153
c 46 17 18 66 87
c 19 20 36 6 87
c 30 24 34 35 163
c 92 47 51 36 119
c 12 8 52 48 108
c 55 83 72 3 119
c 23 14 36 34 89
c 63 29 10 53 115
c 44 71 25 36 143
c 14 45 82 33 76
c 86 24 26 47 112
c 55 17 95 6 154
c 59 62 52 38 151
c 18 70 55 45 81
c 65 57 9 64 118
c 89 95 61 91 169
c 98 7 83 74 134
c 51 52 4 94 147
c 32 62 68 44 109
c 93 23 12 59 149
c 85 26 50 65 102
c 10 21 11 92 98
c 77 22 26 11 174
c 94 55 98 7 142
c 19 56 71 19 142
c 31 66 41 86 152
c 75 14 94 35 116
c 2 56 32 58 149
c 63 47 83 82 151
c 22 40 40 65 92
c 17 47 19 60 161
c 37 77 29 20 112
c 67 60 37 57 89
c 69 89 60 84 165
c 35 10 55 89 147
c 79 41 15 55 98
c 42 75 75 12 167
c 80 11 28 8 144
c 84 87 27 88 99
c 42 24 75 37 77
c 85 95 92 26 168
c 25 80 9 97 163
c 96 71 55 22 75
c 8 32 93 81 152
c 95 39 17 4 132
c 85 49 6 3 149
c 9 23 10 40 166
c 10 40 82 91 75
c 75 5 80 50 85
c 0 37 66 88 96
c 69 56 79 60 88
c 2 69 69 28 107
c 77 42 33 89 168
c 91 76 97 85 129
c 63 38 72 3 122
c 26 5 33 84 102
c 80 4 38 79 101
c 76 22 84 50 140
c 8 4 89 59 119
c 20 6 61 67 105
c 29 85 32 56 123
c 86 38 40 88 111
c 56 57 84 35 82
c 35 95 75 6 75
c 10 97 5 37 174
c 60 40 84 73 105
c 2 65 83 21 139
c 62 33 29 60 103
c 61 70 79 88 139
c 63 3 25 89 140
c 12 1 2 8 149
c 28 60 3 36 77
c 87 24 70 59 87
c 89 75 25 17 105
c 18 42 67 87 83
c 98 36 22 77 109
c 19 25 59 63 138
c 76 41 27 88 92
c 77 99 68 98 127
c 33 63 62 12 101
c 54 89 23 74 77
c 62 56 33 72 111
c 18 10 21 28 105
c 71 25 35 57 82
c 11 87 36 60 75
c 88 24 45 16 93
c 61 65 19 61 136
c 83 21 40 88 122
c 27 73 85 30 106
c 5 50 27 88 114
c 48 83 13 98 133
c 23 49 39 93 76
c 14 78 75 14 84
c 7 38 3 24 153
c 29 28 70 48 145
c 86 53 71 91 144
c 43 95 69 26 93
c 79 41 57 88 142
c 98 11 94 4 97
c 88 2 34 17 104
c 51 29 78 7 109
c 35 19 40 65 156
c 11 98 20 49 166
c 31 4 63 38 84
c 24 42 80 71 90
c 50 96 84 53 119
c 54 1 32 33 122
c 69 16 26 39 130
c 9 94 25 86 107
c 3 4 64 21 133
c 63 59 36 22 104
c 66 73 70 31 160
c 14 44 87 63 120
c 85 31 93 94 86
c 24 3 66 67 96
c 79 18 87 63 117
c 64 37 33 73 138
c 7 21 10 92 121
c 51 52 76 45 121
c 43 90 17 18 110
c 40 23 52 38 172
c 1 15 96 86 102
c 46 17 12 59 85
c 21 8 2 57 169
c 9 44 74 17 90
c 79 41 4 50 102
c 36 78 62 41 125
c 83 21 30 76 138
c 89 23 17 18 167
c 22 86 0 32 106
c 70 31 93 48 162
c 58 67 91 84 174
c 72 33 20 85 106
c 43 36 78 9 130
c 8 32 87 24 122
c 16 99 62 69 130
c 71 53 92 13 92
c 31 1 25 65 126
c 2 72 27 82 155
c 94 73 98 53 75
c 55 79 9 23 157
c 37 8 64 9 91
c 2 9 86 36 146
c 58 76 75 31 121
c 49 76 59 36 77
c 38 41 22 93 97
c 75 4 47 64 87
c 21 48 25 86 77
c 3 87 22 28 146
c 24 42 34 1 75
c 59 83 10 99 146
c 75 8 57 21 153
c 77 63 17 22 174
c 60 6 53 8 152
c 20 17 70 68 106
c 34 17 6 67 103
c 91 62 61 3 86
c 21 22 38 60 82
c 92 21 5 18 103
c 68 58 83 54 98
c 92 84 23 28 160
c 96 97 69 7 95
c 78 35 12 68 146
c 32 58 31 95 98
c 74 24 23 31 121
c 18 66 1 5 174
c 19 48 31 95 85
c 48 49 89 5 135
c 86 25 78 35 88
c 22 85 78 58 146
c 55 61 58 65 79
c 44 11 83 82 96
c 32 64 40 89 105
c 17 78 20 99 115
c 66 37 62 63 140
c 26 30 77 22 169
c 12 76 97 1 154
c 71 54 67 70 99
c 5 3 87 33 91
c 67 89 9 61 97
c 2 72 70 71 76
c 68 28 31 50 80
c 94 64 61 43 84
c 76 45 48 91 151
c 33 47 6 67 168
c 7 21 97 60 150
c 39 92 18 37 75
c 1 24 34 50 121
c 53 81 31 47 99
c 34 73 3 24 154
c 87 19 1 97 140
c 38 52 26 13 151
c 13 59 33 70 160
c 98 73 80 1 141
c 32 37 72 47 168
c 0 49 2 88 112
c 98 75 27 33 130
c 23 34 71 95 124
c 61 70 87 57 166
c 26 44 35 19 81
c 35 13 96 56 120
c 49 11 60 76 96
c 2 33 27 45 108
c 36 30 88 39 141
c 61 4 94 45 131
c 31 66 3 84 143
c 49 53 90 24 135
c 80 78 95 7 132
c 69 87 87 95 128
c 26 14 79 67 174
c 91 84 86 54 147
c 77 36 5 93 137
c 62 70 22 97 145
c 49 55 16 87 162
c 33 80 82 83 129
c 33 22 54 1 152
c 61 26 56 48 103
c 68 99 56 62 78
c 12 36 37 25 78
c 26 25 13 80 120
c 5 72 82 34 142
c 37 2 94 95 143
c 19 47 34 91 116
c 18 46 9 94 106
c 14 45 44 84 143
c 41 59 97 98 85
c 66 52 62 16 139
c 26 45 13 56 75
c 82 30 86 87 108
c 47 78 94 60 137
c 94 40 53 21 107
c 4 46 54 79 133
c 6 62 66 73 168
c 12 90 1 28 98
c 64 21 71 69 103
c 30 70 75 8 114
c 69 56 20 39 132
c 29 43 98 2 170
c 79 4 77 22 82
c 2 56 41 58 130
c 72 28 97 23 95
c 60 73 73 49 135
c 43 40 87 67 80
c 61 71 55 16 148
c 55 32 9 97 112
c 78 91 97 85 156
c 59 41 75 53 145
c 77 14 91 63 143
c 75 14 75 96 172
c 14 69 93 60 108
c 66 16 35 24 89
c 18 40 63 29 109
c 73 31 25 26 99
c 81 96 18 10 102
c 61 90 69 7 110
c 56 62 92 75 120
c 49 1 0 33 88
c 39 93 34 85 88
c 76 70 26 68 123
c 13 81 54 55 139
c 76 23 59 25 117
c 70 71 10 41 123
c 54 28 32 62 79
c 55 79 33 89 167
c 51 66 17 12 121
c 82 48 15 95 123
c 12 71 23 86 137
c 75 53 50 96 159
c 63 70 46 15 76
c 32 37 92 75 127
c 55 89 36 22 134
c 24 69 77 6 155
c 69 23 25 30 113
c 10 28 59 44 151
c 73 88 56 78 145
c 41 56 51 41 107
c 42 7 65 27 91
c 68 90 71 17 90
c 28 18 49 55 130
c 78 75 81 8 92
c 19 12 80 36 118
c 51 52 66 67 79
c 71 49 17 12 113
c 93 20 92 5 82
c 20 28 47 55 127
c 26 20 38 69 90
c 38 12 27 77 109
c 60 84 24 84 111
c 69 7 86 84 160
c 31 18 7 75 148
c 13 80 39 92 152
c 72 50 77 11 111
c 85 46 90 88 156
c 76 35 69 13 158
c 85 39 28 92 161
c 95 7 8 58 102
c 47 51 47 84 84
c 74 78 82 71 143
c 63 70 32 37 124
c 90 50 36 22 124
c 13 39 60 61 79
c 12 19 8 89 143
c 97 85 11 13 174
c 76 74 7 48 163
c 28 92 87 95 81
c 90 3 97 39 132
c 68 15 85 86 136
c 55 11 30 58 154
c 77 37 12 1 155
c 9 44 50 96 171
c 1 57 7 48 136
c 43 20 66 33 168
c 98 11 76 35 111
c 15 73 12 2 166
c 76 98 55 39 162
c 33 63 28 12 146
c 24 69 45 87 106
c 50 95 56 34 89
c 12 2 94 77 87
c 27 43 5 18 78
c 52 14 55 1 91
c 31 42 98 11 165
c 22 77 94 37 166
c 28 33 1 91 142
c 87 46 94 42 115
c 83 87 59 83 154
c 50 66 8 85 168
c 93 13 3 36 153
c 2 3 31 37 99
c 86 19 8 82 97
c 55 16 54 87 77
c 49 55 15 16 120
c 52 53 66 52 133
c 74 93 84 68 140
c 18 40 22 86 126
c 29 63 82 24 133
c 64 94 52 77 116
c 48 42 92 22 88
c 38 79 64 21 143
c 31 56 42 95 131
c 54 84 22 21 147
c 63 47 71 49 133
c 75 29 54 84 135
c 28 11 44 58 170
c 6 19 83 51 114
c 16 19 71 53 85
c 4 76 92 21 122
c 85 39 75 38 97
c 87 63 65 90 167
c 57 10 11 98 121
c 29 7 38 81 140
c 32 37 32 6 100
c 78 86 69 26 140
c 1 5 36 83 154
c 14 65 97 98 143
c 19 56 51 45 101
c 38 91 98 86 156
c 48 41 44 50 114
c 83 82 63 38 166
c 48 60 9 61 161
c 9 23 27 88 168
c 51 36 64 37 135
c 14 48 22 30 82
c 78 92 72 66 81
c 56 15 25 70 84
c 87 95 61 70 131
c 3 81 85 56 121
c 2 96 13 78 168
c 26 14 34 66 151
c 50 22 76 95 106
c 94 95 73 49 106
c 21 11 73 78 116
c 40 71 44 71 174
c 34 45 73 17 84
c 26 44 85 49 137
c 33 61 90 21 92
c 9 61 20 69 78
c 73 98 34 35 93
c 66 88 50 66 141
c 74 24 5 64 120
c 67 60 42 95 118
c 14 17 87 67 166
c 45 52 16 35 170
c 48 49 24 25 141
c 96 55 75 12 122
c 12 35 67 4 102
c 10 28 87 22 84
c 81 65 85 56 119
c 24 81 98 53 138
c 0 49 41 58 116
c 85 81 36 83 152
c 54 83 19 65 100
c 8 32 41 56 156
c 10 31 23 33 83
c 75 92 65 90 127
c 97 61 72 5 106
c 12 41 34 13 131
c 36 30 49 76 106
c 60 5 1 2 152
c 76 95 33 28 171
c 2 3 67 40 143
c 52 38 31 50 96
c 32 4 1 52 164
c 97 39 93 20 167
c 69 70 42 58 86
c 25 73 90 70 120
c 10 11 95 27 169
c 84 85 33 34 81
c 12 90 87 33 107
c 66 33 82 91 93
c 10 93 92 21 84
c 35 98 4 56 96
c 8 31 69 88 112
c 65 80 30 11 158
c 36 85 59 93 87
c 16 15 35 13 113
c 8 11 14 65 113
c 73 49 36 4 75
c 22 40 17 47 91
c 57 58 42 92 81
c 27 50 94 64 151
c 94 64 63 84 171
c 80 1 27 53 151
c 87 58 77 63 117
c 30 11 21 22 108
c 53 79 18 95 169
c 93 16 84 32 141
c 71 75 85 31 166
c 42 75 2 3 129
c 95 21 88 16 120
c 89 90 98 88 168
c 76 81 25 67 158
c 51 66 56 8 105
c 1 23 59 30 112
c 58 7 39 96 117
c 31 90 38 83 174
c 28 8 74 78 162
c 27 33 60 70 100
c 93 16 59 54 163
c 43 20 94 40 116
c 8 6 1 10 172
c 97 23 43 36 143
c 62 10 27 82 161
c 34 88 30 96 99
c 19 48 79 73 94
c 62 63 80 92 122
c 78 75 15 78 156
c 63 52 31 4 77
c 97 1 53 21 113
c 25 30 63 68 92
c 31 1 17 85 101
c 33 34 72 79 95
c 4 44 90 16 132
c 71 54 35 24 145
c 59 93 61 62 94
c 18 97 74 70 113
c 76 95 11 81 84
c 11 52 17 33 173
c 12 36 4 98 140
c 2 79 71 81 135
c 74 60 13 39 100
c 36 2 22 86 97
c 92 26 93 4 114
c 79 49 12 13 138
c 0 61 27 38 123
c 97 96 10 9 92
c 71 97 76 17 169
c 94 95 17 16 164
c 16 99 69 28 79
c 81 8 14 78 127
c 78 86 75 53 163
c 2 4 5 66 76
c 38 58 45 4 128
c 55 72 89 95 143
c 83 69 71 25 96
c 68 11 20 97 131
c 74 60 56 67 161
c 19 56 58 7 173
c 4 44 44 11 102
c 53 64 82 71 169
c 53 28 94 76 130
c 6 39 80 1 169
c 61 67 56 46 88
c 63 68 81 67 159
c 1 91 29 44 96
c 54 87 10 9 172
c 74 75 3 37 174
c 56 36 22 93 122
c 45 98 96 11 112
c 55 39 77 6 163
c 26 55 84 18 125
c 93 20 7 3 169
c 63 38 74 81 142
c 66 87 85 10 150
c 89 86 52 61 79
c 20 17 98 64 164
c 45 29 44 11 165
c 27 95 75 8 112
c 55 16 3 22 150
c 60 5 90 24 159
c 30 52 12 54 102
c 49 53 48 62 93
c 3 36 29 40 86
c 97 1 49 50 81
c 90 31 98 68 123
c 59 9 66 24 160
c 17 18 89 59 133
c 58 7 76 81 114
c 73 1 89 51 82
c 79 81 96 17 103
c 5 69 91 64 105
c 52 34 58 1 130
c 0 25 71 95 141
c 62 10 45 29 90
c 46 78 75 29 101
c 65 71 21 9 166
c 47 68 53 61 148
c 95 1 29 83 75
c 48 24 0 65 77
c 66 67 66 37 162
c 14 65 39 96 135
c 12 59 36 79 162
c 17 51 51 44 169
c 69 70 23 64 126
c 93 70 77 32 77
c 26 83 66 24 118
c 97 39 83 59 165
c 65 40 96 38 152
c 69 29 31 66 130
c 10 92 19 44 77
c 32 7 32 97 157
c 72 55 55 43 144
c 92 93 36 5 103
c 29 7 5 2 144
c 89 66 14 78 104
c 77 12 76 17 135
c 76 77 29 20 119
c 2 56 76 9 82
c 34 66 11 12 158
c 50 51 10 92 150
c 63 52 17 85 135
c 42 40 12 96 148
c 97 49 18 49 123
c 30 21 68 29 171
c 27 88 47 36 116
c 71 53 2 30 100
c 44 16 26 87 78
c 95 6 17 14 112
c 26 11 87 21 94
c 54 66 52 75 132
c 60 1 55 25 91
c 19 10 14 77 81
c 27 28 25 85 120
c 11 79 7 23 138
c 1 10 51 89 152
c 0 37 5 59 97
c 84 63 14 89 150
c 64 94 27 4 106
c 36 34 24 6 96
c 46 9 45 73 101
c 11 71 50 96 138
c 42 43 52 65 141
c 12 36 44 72 93
c 40 49 71 97 92
c 62 63 97 23 88
c 57 18 92 21 85
c 97 98 61 21 155
c 60 24 98 99 90
c 90 25 38 58 156
c 79 61 55 16 96
c 69 29 12 8 157
c 40 57 96 58 134
c 17 16 36 96 142
c 90 26 83 59 133
c 4 63 33 82 159
c 52 75 92 97 158
c 32 64 74 81 100
c 71 97 95 6 119
c 17 88 8 64 77
c 54 55 72 47 113
c 91 82 75 29 84
c 87 58 44 51 90
c 89 75 77 85 129
c 3 58 88 80 160
c 36 78 21 70 114
c 57 51 88 57 147
c 72 66 38 39 138
c 7 3 85 10 104
c 22 83 19 78 86
c 42 30 61 90 136
c 28 18 65 88 166
c 40 1 96 17 124
c 52 50 91 61 131
c 94 73 86 97 164
c 10 37 26 86 97
c 1 48 27 24 123
c 93 4 16 87 83
c 9 72 75 53 120
c 42 13 82 14 141
c 36 96 98 12 159
c 52 46 36 78 91
c 80 1 22 40 117
c 7 80 86 54 116
c 69 56 47 85 94
c 45 27 59 30 168
c 35 10 79 1 85
c 86 40 83 5 95
c 10 28 2 88 82
c 46 9 31 47 135
c 11 16 56 21 149
c 66 16 30 95 163
c 6 19 59 9 118
c 98 31 39 96 125
c 23 71 6 29 92
c 50 11 34 14 133
c 98 36 54 66 80
c 57 56 9 61 86
c 87 97 96 4 152
c 43 96 59 54 151
c 10 9 67 31 93
c 4 78 71 81 95
c 90 35 22 9 158
c 19 56 50 78 163
c 22 41 90 34 105
c 62 76 97 1 162
c 97 7 79 98 78
c 43 95 14 84 143
c 25 17 10 65 146
c 27 82 28 18 140
c 15 66 12 49 106
c 78 58 67 20 132
c 87 50 63 55 119
c 56 9 21 8 91
c 58 37 57 71 126
c 23 33 10 11 113
c 95 6 6 89 137
c 48 6 95 86 169
c 79 23 40 4 144
c 90 88 11 52 103
c 31 90 83 87 140
c 84 99 35 89 142
c 29 83 88 80 109
c 8 87 35 93 79
c 38 85 78 17 101
c 61 30 87 88 112
c 31 1 8 6 149
c 26 13 89 34 144
c 56 15 95 6 134
c 52 19 36 37 88
c 12 35 43 36 125
c 68 28 74 81 135
c 59 41 64 37 150
c 85 95 97 85 87
c 97 7 22 83 147
c 17 12 13 81 131
c 66 67 25 1 91
c 56 8 95 59 158
c 56 41 12 2 92
c 19 33 13 40 154
c 96 31 66 52 158
c 90 21 15 54 131
c 16 99 26 11 140
c 47 54 1 52 133
c 73 1 84 53 138
c 92 97 5 38 112
c 93 13 32 97 125
c 14 40 33 47 132
c 14 98 95 28 143
c 85 46 25 30 157
c 6 7 7 79 118
c 8 58 30 90 75
c 0 49 93 86 159
c 70 94 98 86 85
c 77 32 91 52 102
c 10 54 63 74 135
c 27 41 47 64 138
c 63 64 76 65 153
c 26 45 70 26 132
c 34 1 47 36 128
c 42 75 32 52 108
c 80 28 16 80 90
c 11 97 16 80 109
c 67 58 13 46 133
c 65 57 30 58 97
c 53 8 83 59 93
c 32 97 85 13 124
c 29 2 53 38 165
c 25 92 77 37 172
c 97 20 16 17 83
c 54 57 47 51 140
c 11 84 2 65 110
c 62 41 35 93 134
c 38 29 8 6 94
c 79 41 83 7 172
c 18 37 98 89 125
c 39 87 98 75 109
c 71 17 36 68 91
c 98 53 2 40 127
c 34 74 90 25 91
c 10 11 76 25 127
c 76 41 19 65 101
c 28 34 36 53 132
c 26 27 18 38 96
c 14 89 87 19 117
c 9 94 11 61 161
c 62 63 26 86 145
c 40 25 62 51 146
c 31 13 59 25 85
c 11 12 74 80 169
c 74 24 27 48 81
c 92 77 9 46 149
c 22 9 76 91 120
c 62 33 72 75 115
c 91 61 64 5 159
c 63 46 25 79 133
c 31 73 66 18 123
c 96 38 18 40 124
c 24 16 39 87 157
c 73 1 80 55 153
c 92 77 95 69 126
c 69 8 7 8 85
c 45 54 22 30 114
c 89 76 68 5 165
c 71 69 78 35 101
c 24 3 41 86 150
c 62 49 92 52 98
c 58 14 96 71 134
c 50 11 50 97 118
c 75 68 81 96 84
c 82 83 81 21 84
c 8 89 32 57 103
c 84 44 1 5 165
c 2 96 33 34 86
c 65 57 54 83 171
c 27 24 97 1 78
c 47 89 81 42 147
c 69 16 8 15 146
c 64 78 33 12 96
c 5 98 61 70 99
c 19 44 96 56 90
c 53 64 60 5 126
c 98 53 4 46 121
c 96 11 14 50 162
c 14 48 98 11 94
c 10 84 69 88 142
c 18 92 71 6 127
c 76 88 10 97 115
c 28 88 23 34 124
c 48 91 92 38 79
c 55 16 61 91 129
c 7 8 72 52 168
c 95 39 70 38 135
c 24 69 55 32 147
c 6 19 23 72 139
c 4 44 41 28 90
c 98 30 31 46 87
c 75 76 80 86 146
c 90 59 46 70 85
c 11 81 69 84 114
c 26 55 48 59 138
c 56 62 45 8 84
c 1 99 49 85 77
c 34 13 41 56 126
c 87 22 59 75 83
c 4 5 63 89 161
c 22 95 84 18 165
c 88 75 83 54 171
c 27 76 31 56 120
c 3 85 13 96 134
c 96 91 58 98 172
c 28 88 98 68 139
c 71 95 93 44 113
c 65 40 24 99 144
c 66 73 80 11 167
c 43 23 76 98 102
c 20 30 18 29 138
c 92 47 50 51 99
c 36 5 9 84 170
c 51 66 66 5 75
c 76 95 79 80 79
c 79 49 51 10 141
c 53 79 45 87 154
c 70 65 81 65 134
c 69 13 85 46 106
c 86 53 6 74 92
c 41 27 11 13 169
c 63 59 3 53 139
c 10 92 82 14 103
c 36 30 7 38 140
c 85 49 42 85 79
c 43 33 31 49 107
c 88 40 17 85 151
c 76 81 63 74 105
c 26 35 65 90 168
c 55 17 67 82 149
c 64 9 20 42 92
c 41 46 30 58 99
c 90 91 7 46 157
c 84 53 56 34 122
c 97 7 85 35 87
c 38 5 34 78 109
c 20 2 97 7 96
c 94 35 48 25 154
c 62 12 35 98 109
c 16 19 15 26 101
c 57 56 95 7 115
c 68 16 72 75 83
c 50 59 9 85 123
c 83 28 88 40 121
c 30 96 10 84 95
c 27 6 90 60 111
c 35 78 62 16 172
c 66 67 0 37 150
c 57 18 43 20 100
c 67 75 96 97 84
c 75 59 13 98 174
c 98 58 65 78 152
c 89 15 18 92 116
c 15 78 89 86 105
c 29 85 55 89 105
c 27 95 14 17 120
c 24 84 0 4 105
c 79 49 6 68 139
c 58 14 69 88 117
c 40 97 8 89 90
c 68 75 61 92 168
c 29 60 23 31 125
c 49 76 10 53 90
c 12 67 62 69 93
c 4 74 36 7 78
c 53 60 21 3 155
c 76 95 45 73 129
c 93 48 89 76 132
c 76 59 20 42 115
c 83 51 15 73 141
c 29 7 9 44 139
c 9 82 40 56 87
c 98 40 76 9 116
c 31 90 51 93 164
c 41 65 42 36 89
c 28 73 24 23 115
c 17 78 18 88 77
c 41 19 67 4 112
c 15 62 54 69 99
c 93 34 11 52 100
c 22 50 70 52 75
c 74 80 88 89 79
c 96 5 22 53 144
c 62 71 34 55 87
c 21 22 83 7 103
c 25 17 40 12 132
c 60 61 90 24 153
c 84 74 42 85 110
c 42 92 95 27 106
c 11 21 8 58 108
c 36 30 61 91 98
c 73 78 77 14 134
c 52 34 27 88 138
c 66 70 36 60 104
c 58 65 37 2 99
c 21 82 62 67 123
c 61 3 29 40 108
c 10 4 11 98 81
c 43 88 70 59 83
c 73 55 54 1 123
c 83 7 94 20 80
c 97 28 7 84 76
c 69 70 4 38 147
c 63 46 84 10 164
c 25 73 19 47 172
c 3 81 90 31 154
c 5 59 76 4 113
c 41 59 94 20 123
c 28 86 7 88 80
c 26 88 23 15 98
c 11 81 55 77 115
c 68 90 91 84 107
c 68 69 27 48 136
c 19 5 94 81 129
c 72 3 37 77 144
c 21 86 76 22 159
c 83 89 23 86 90
c 50 33 58 65 113
c 87 97 96 86 88
c 19 10 52 79 120
c 36 79 15 66 84
c 67 4 36 90 156
c 41 18 65 71 163
c 90 27 28 60 135
c 18 10 23 71 77
c 58 38 89 23 174
c 66 29 54 42 96
c 85 49 60 70 164
c 77 31 61 83 138
c 97 63 52 85 90
c 98 75 58 85 139
c 52 21 75 59 101
c 22 49 92 93 135
c 13 35 14 37 107
c 24 23 39 43 101
c 42 28 1 24 174
c 36 9 2 91 152
c 36 92 66 29 164
c 67 60 34 45 161
c 6 35 5 37 81
c 67 87 94 64 127
c 43 35 11 56 115
c 8 26 64 21 166
c 36 85 74 4 169
c 28 18 51 80 130
c 94 77 16 19 97
c 46 70 81 33 126
c 97 60 63 29 171
c 87 23 17 24 172
c 54 57 62 54 146
c 6 29 33 72 134
c 90 31 33 14 149
c 47 48 97 20 164
c 0 65 5 3 127
c 42 58 5 64 79
c 18 10 62 66 172
c 82 33 37 59 76
c 51 45 53 38 84
c 40 25 31 32 127
c 89 90 96 98 91
c 11 4 39 94 107
c 1 28 21 67 103
c 69 76 40 32 110
c 77 25 7 21 101
c 25 30 42 1 103
c 85 46 33 14 170
c 30 96 94 68 95
c 73 49 41 19 137
c 97 1 26 25 76
c 77 32 93 20 81
c 93 60 95 19 75
c 9 76 93 13 119
c 15 86 21 9 127
c 85 30 46 17 149
c 81 96 2 12 86
c 2 88 67 76 150
c 36 79 35 89 96
c 52 80 72 66 148
c 55 86 24 3 104
c 36 34 29 32 115
c 97 76 14 53 170
c 80 28 71 49 152
c 19 25 85 77 106
c 55 32 26 45 123
c 3 53 65 57 145
c 69 59 89 59 144
c 21 8 76 70 155
c 0 37 52 80 82
c 52 21 12 38 148
c 48 83 65 78 84
c 95 86 5 75 143
c 23 72 83 89 124
c 37 87 18 66 157
c 67 55 2 72 132
c 45 54 16 35 168
c 7 38 73 67 150
c 52 2 86 25 168
c 44 58 78 53 161
c 65 94 24 27 170
c 87 42 41 18 85
c 48 41 10 53 120
c 85 82 58 67 103
c 29 20 14 84 91
c 77 8 79 69 149
c 14 89 91 64 94
c 34 73 7 48 147
c 80 36 86 53 159
c 20 99 28 52 164
c 95 59 3 20 163
c 92 47 78 64 153
c 22 28 25 30 129
c 87 81 67 65 134
c 87 64 88 72 118
c 61 26 62 12 168
c 50 44 33 12 164
c 52 21 79 18 123
c 80 86 17 14 169
c 28 88 41 46 139
c 84 62 38 91 143
c 21 28 8 58 160
c 10 93 67 30 136
c 98 68 70 86 120
c 22 40 42 28 99
c 73 98 83 32 156
c 90 31 58 50 151
c 86 84 98 2 123
c 8 82 3 4 83
c 2 92 19 65 122
c 51 19 41 20 136
c 97 61 19 88 160
c 52 44 82 37 168
c 59 36 2 12 126
c 80 86 18 72 167
c 21 67 82 78 137
c 6 35 98 11 75
c 9 89 47 51 101
c 69 70 96 56 156
c 18 10 35 41 151
c 57 47 14 44 98
c 71 54 25 86 171
c 10 84 20 6 90
c 27 6 45 46 78
c 33 53 16 99 134
c 85 13 71 69 169
c 83 51 87 58 164
c 15 78 56 15 125
c 54 7 96 38 126
c 14 89 8 11 141
c 57 67 65 39 105
c 96 43 12 59 93
c 64 29 68 90 163
c 77 85 98 7 136
c 48 24 67 31 79
c 58 38 36 34 91
c 81 37 29 79 136
c 90 16 23 28 76
c 67 68 73 17 138
c 19 21 68 82 75
c 23 28 69 57 94
c 91 63 90 25 135
c 50 56 91 29 164
c 28 21 49 24 163
c 80 78 9 97 80
c 81 21 28 21 104
c 10 65 59 42 138
c 18 34 28 55 123
c 62 69 23 15 134
c 26 13 31 54 124
c 32 83 80 17 120
c 66 52 57 73 153
c 24 95 29 7 158
c 92 38 43 51 126
c 10 1 86 19 121
c 40 57 32 62 110
c 36 2 7 92 96
c 90 53 21 28 148
c 13 96 38 34 136
c 98 64 51 2 105
c 33 22 8 11 115
c 52 46 81 26 167
c 76 45 0 65 115
c 8 9 78 79 145
c 61 52 30 57 109
c 65 80 54 57 78
c 29 79 98 93 75
c 2 66 4 25 145
c 66 29 95 46 149
c 55 45 94 69 114
c 48 34 58 98 100
c 8 85 40 32 93
c 28 12 83 89 76
c 26 5 85 13 148
c 96 86 94 4 118
c 31 50 27 76 94
c 93 91 69 92 94
c 64 20 83 84 112
c 52 34 10 54 75
c 55 93 23 24 155
c 94 73 89 57 171
c 84 40 73 58 113
c 71 54 57 51 97
c 56 78 76 88 114
c 0 39 9 84 84
c 31 81 41 82 82
c 81 8 85 56 142
c 43 44 10 7 76
c 84 44 25 79 98
c 33 8 11 71 138
c 38 83 83 28 76
c 16 15 76 91 145
c 88 79 56 8 128
c 1 52 18 97 125
c 20 49 4 94 157
c 23 74 63 89 168
c 57 74 37 32 165
c 1 5 18 19 133
c 7 75 42 28 155
c 87 46 84 63 121
c 2 69 34 66 110
c 44 55 40 89 148
c 82 71 52 2 161
c 8 58 43 90 77
c 27 33 34 1 90
c 23 31 48 49 156
c 31 14 12 49 99
c 27 53 54 83 96
c 12 54 89 34 141
c 95 69 5 19 103
c 80 36 29 47 154
c 98 89 22 75 98
c 80 92 69 8 144
c 94 20 17 85 124
c 64 94 64 82 170
c 23 72 91 29 85
c 29 80 91 84 144
c 40 38 74 44 134
c 34 23 59 44 153
c 35 26 4 99 81
c 45 98 87 88 81
c 33 53 94 77 167
c 69 92 89 84 125
c 11 81 40 25 102
c 27 76 73 20 149
c 45 73 17 12 132
c 16 87 9 85 141
c 50 78 36 90 165
c 22 15 44 16 76
c 44 62 76 17 105
c 40 64 28 60 170
c 20 86 1 96 109
c 47 19 1 57 99
c 54 84 68 5 102
c 16 99 48 49 145
c 55 16 47 83 157
c 26 88 35 57 144
c 63 52 70 26 146
c 73 1 28 8 129
c 47 51 10 37 116
c 68 15 82 1 160
c 6 66 48 91 150
c 51 43 62 49 151
c 61 38 90 24 106
c 78 58 57 65 121
c 23 93 21 86 113
c 34 45 16 17 140
c 15 21 19 56 169
c 27 71 33 53 144
c 77 8 67 65 113
c 4 63 89 84 148
c 85 46 34 50 154
c 44 45 76 9 93
c 68 99 38 79 117
c 57 32 43 96 111
c 32 81 48 6 85
c 60 61 38 81 110
c 25 36 62 63 123
c 48 42 85 46 143
c 68 15 22 85 83
c 71 5 5 6 165
c 35 95 65 71 97
c 69 40 93 48 163
c 41 42 7 21 146
c 79 18 80 36 81
c 31 56 90 60 81
c 23 33 57 74 116
c 33 54 36 37 173
c 76 18 36 42 130
c 29 3 9 79 104
c 53 88 23 86 117
c 9 25 18 92 146
c 27 28 70 48 157
c 88 14 31 18 79
c 23 64 55 77 90
c 57 58 11 16 137
c 23 71 20 69 168
c 34 45 35 36 156
c 89 52 10 31 134
c 11 81 50 96 108
c 15 55 52 34 153
c 82 91 59 37 158
c 45 19 40 97 147
c 40 68 40 56 82
c 48 91 4 25 149
c 58 76 55 22 138
c 62 66 63 70 95
c 51 8 31 21 129
c 22 91 10 1 145
c 9 76 75 59 147
c 26 88 23 49 97
c 30 75 25 80 159
c 82 14 15 73 148
c 24 3 81 80 82
c 95 30 42 43 143
c 67 61 68 82 157
c 71 75 87 82 133
c 18 9 29 60 135
c 12 2 97 49 94
c 86 34 14 77 161
c 48 83 54 79 100
c 33 86 86 13 133
c 40 49 96 17 108
c 9 84 2 92 136
c 74 34 13 46 83
c 11 98 9 84 162
c 62 66 67 68 172
c 63 74 71 61 151
c 18 30 81 67 161
c 27 71 31 56 141
c 61 22 64 36 76
c 61 67 53 38 115
c 92 26 93 60 172
c 4 53 15 22 82
c 33 21 58 14 96
c 61 18 15 21 135
c 22 97 9 82 144
c 88 2 79 61 147
c 84 87 5 18 128
c 16 61 97 24 126
c 44 11 35 98 154
c 21 81 67 87 76
c 75 96 8 54 85
c 49 38 26 55 111
c 65 8 78 3 121
c 42 99 28 34 128
c 61 45 36 22 164
c 47 84 68 90 127
c 59 75 1 52 123
c 30 31 77 31 75
c 82 37 29 7 174
c 2 72 84 74 90
c 93 34 10 28 118
c 28 88 31 95 163
c 98 2 9 97 121
c 48 52 29 55 86
c 40 41 68 15 76
c 67 31 93 44 98
c 65 8 67 4 112
c 75 96 14 15 144
c 57 65 78 64 136
c 36 42 19 48 95
c 37 77 63 12 164
c 73 78 16 79 132
c 61 83 15 52 147
c 27 72 45 15 138
c 10 1 1 65 162
c 38 85 90 91 103
c 94 98 31 56 165
c 50 96 4 76 111
c 78 53 40 56 140
c 87 22 98 36 153
c 2 12 96 71 105
c 61 71 13 24 136
c 7 84 71 25 164
c 87 81 93 94 171
c 83 84 89 84 134
c 84 86 34 13 105
c 6 14 73 31 166
c 78 91 15 4 130
c 18 87 7 35 101
c 20 8 31 91 155
c 10 41 69 63 76
c 35 8 3 36 109
c 90 31 74 12 156
c 70 52 30 3 172
c 89 84 81 89 137
c 9 72 39 45 112
c 83 87 25 85 156
c 38 5 62 79 171
c 33 34 74 34 103
c 10 69 55 61 120
c 50 69 81 65 153
c 30 70 77 85 166
c 7 79 6 3 106
c 30 76 86 66 164
c 7 83 55 72 174
c 64 78 18 42 166
c 22 95 34 17 170
c 22 40 84 53 137
c 41 59 27 18 164
c 33 80 53 12 155
c 10 93 93 86 139
c 26 55 70 59 159
c 50 33 82 26 101
c 34 32 8 85 114
c 56 34 33 64 130
c 85 58 92 26 120
c 8 58 29 76 97
c 77 12 27 72 169
c 2 33 12 2 84
c 72 5 53 35 109
c 75 68 32 64 146
c 30 24 35 36 104
c 90 25 14 89 120
c 4 56 44 19 174
c 96 5 31 1 141
c 85 95 75 59 136
c 40 91 92 14 91
c 38 83 6 7 106
c 30 58 43 90 165
c 33 21 53 49 138
c 78 17 50 7 134
c 68 58 27 41 173
c 31 84 61 71 161
c 52 14 52 75 95
c 86 66 2 3 94
c 41 35 78 79 93
c 80 71 49 79 166
c 65 90 58 59 85
c 84 99 95 28 148
c 39 77 95 1 112
c 21 48 87 50 166
c 77 25 71 17 138
c 14 15 56 10 137
c 53 60 89 59 159
c 37 77 30 24 127
c 52 21 41 90 88
c 51 41 89 52 156
c 37 11 6 66 97
c 72 79 70 5 75
c 61 21 5 75 79
c 15 73 63 55 121
c 65 88 57 18 146
c 13 24 21 22 76
c 70 26 33 89 159
c 75 31 44 58 117
c 30 56 62 54 106
c 60 1 91 84 95
c 23 15 38 12 142
c 31 37 1 42 89
c 69 40 69 16 148
c 38 39 17 51 96
c 31 13 19 21 137
c 50 51 18 36 113
c 69 63 45 80 76
c 59 30 59 44 118
c 74 97 23 15 105
c 68 16 1 65 148
c 66 37 32 7 141
c 84 10 83 89 101
c 12 8 84 53 118
c 60 24 91 82 165
c 24 6 22 93 146
c 60 27 42 1 82
c 26 88 42 36 95
c 64 21 73 98 102
c 77 31 59 37 97
c 95 59 68 28 133
c 92 75 66 18 118
c 43 93 98 89 85
c 3 75 23 86 156
c 11 81 35 11 139
c 94 77 91 61 100
c 35 36 5 64 100
c 32 6 79 60 139
c 87 11 24 25 110
c 18 30 62 71 77
c 35 13 84 50 136
c 54 7 1 23 99
c 23 38 36 6 99
c 17 16 89 67 127
c 73 67 77 28 126
c 97 1 69 63 161
c 96 17 53 21 91
c 83 28 67 68 88
c 4 28 9 46 77
c 68 51 2 28 123
c 41 19 12 17 152
c 72 3 24 81 169
c 16 79 83 21 125
c 40 38 6 54 118
c 11 31 36 2 173
c 63 47 2 96 103
c 82 14 28 73 89
c 92 77 0 1 86
c 82 48 35 88 146
c 91 52 50 69 170
c 32 81 37 2 160
c 51 41 53 60 119
c 36 30 19 12 114
c 69 76 41 58 133
c 10 37 46 17 122
c 57 51 91 84 161
c 8 11 43 40 135
c 95 21 44 62 109
c 95 30 42 30 155
c 35 36 77 12 111
c 57 10 42 76 105
c 51 80 12 19 80
c 50 69 94 69 113
c 21 3 80 36 98
c 45 27 53 35 113
c 64 20 24 23 139
c 35 78 54 1 111
c 13 14 97 1 105
c 67 40 71 21 116
c 27 28 1 60 145
c 11 92 91 85 90
c 67 60 61 65 157
c 5 19 27 45 121
c 17 18 1 57 78
c 18 70 74 12 173
c 93 72 30 57 165
c 38 12 9 63 131
c 63 80 58 20 100
c 9 97 49 30 86
c 45 15 9 79 80
c 58 50 91 84 100
c 38 91 73 8 129
c 1 42 98 12 83
c 87 64 63 84 156
c 97 28 30 70 122
c 77 6 84 99 103
c 72 3 14 65 138
c 61 85 69 8 171
c 33 64 74 97 144
c 13 24 10 1 106
c 87 63 87 46 137
c 48 34 25 89 109
c 63 60 28 33 136
c 57 67 91 87 122
c 58 98 59 63 136
c 13 14 68 97 105
c 8 6 88 94 132
c 55 83 60 84 98
c 8 37 42 40 83
c 53 8 13 43 111
c 42 1 95 85 135
c 13 43 74 44 109
c 16 17 57 79 94
c 77 99 84 68 97
c 33 72 27 95 154
c 66 7 39 96 94
c 69 13 94 81 131
c 3 36 84 68 161
c 76 18 87 82 90
c 8 32 29 76 140
c 48 6 49 16 133
c 66 29 22 83 107
c 93 94 3 20 91
c 32 4 45 71 151
c 66 29 26 83 158
c 7 8 2 28 146
c 83 59 59 36 89
c 35 26 50 7 112
c 83 32 62 41 118
c 11 12 20 49 79
c 42 7 67 76 156
c 51 43 48 83 172
c 16 51 96 30 77
c 88 75 88 80 144
c 18 91 25 83 132
c 0 39 93 20 160
c 16 35 75 76 126
c 63 68 30 76 88
c 38 81 41 28 126
c 40 71 93 44 103
c 98 53 12 59 144
c 20 28 4 74 169
c 4 12 82 37 118
c 42 76 57 32 92
c 81 8 44 96 135
c 89 84 57 10 92
c 10 69 25 30 122
c 81 46 21 32 87
c 24 16 2 19 167
c 92 96 20 86 171
c 11 52 0 49 94
c 56 46 30 57 118
c 53 88 41 68 151
c 22 53 5 50 170
c 44 19 94 37 152
c 93 34 31 81 117
c 76 22 14 40 109
c 29 85 3 96 99
c 80 34 40 41 120
c 84 18 27 88 143
c 82 38 8 58 123
c 56 48 6 7 140
c 10 92 84 97 89
c 3 20 9 25 147
c 17 88 51 22 84
c 89 76 57 67 154
c 41 20 44 11 93
c 96 56 69 92 95
c 79 69 5 38 149
c 98 68 68 33 133
c 85 71 33 50 121
c 30 11 18 87 153
c 21 28 79 92 140
c 43 44 58 59 168
c 68 51 57 51 125
c 68 15 67 4 124
c 51 66 64 30 90
c 10 1 93 70 93
c 57 88 72 73 149
c 13 14 6 54 153
c 23 24 85 58 109
c 68 5 67 65 93
c 56 41 11 7 170
c 81 46 1 65 104
c 23 28 10 54 174
c 45 27 87 97 103
c 78 35 93 78 147
c 78 91 88 24 105
c 92 84 81 67 108
c 50 61 22 75 139
c 88 39 12 76 99
c 43 18 24 84 108
c 66 52 32 52 80
c 68 16 69 89 135
c 70 59 9 64 172
c 43 90 88 24 116
c 48 60 43 36 103
c 95 39 87 80 111
c 89 52 31 50 77
c 96 53 73 31 126
c 2 69 31 50 133
c 94 95 89 41 150
c 75 76 51 29 92
c 72 55 8 40 155
c 80 81 21 3 136
c 58 72 6 66 77
c 0 65 47 68 150
c 10 4 75 38 81
c 7 21 2 4 91
c 61 85 19 86 148
c 18 10 34 14 164
c 81 63 19 1 127
c 17 85 71 54 149
c 97 85 5 46 104
c 48 41 89 95 82
c 7 1 78 46 94
c 58 3 67 89 161
c 56 9 67 65 135
c 26 39 71 72 105
c 44 96 31 14 95
c 30 58 79 49 152
c 55 1 9 79 106
c 87 64 75 37 104
c 55 89 95 69 95
c 60 27 0 83 111
c 58 14 74 4 132
c 0 81 77 87 147
c 66 52 36 79 127
c 18 10 96 86 105
c 30 52 1 23 165
c 26 11 43 96 145
c 58 38 59 24 96
c 48 46 53 94 155
c 40 1 98 64 120
c 10 1 23 24 98
c 94 68 73 27 118
c 69 92 6 7 169
c 8 25 48 41 132
c 8 64 1 23 87
c 60 81 91 83 105
c 7 92 25 77 165
c 30 3 2 30 90
c 35 15 50 33 170
c 36 29 21 8 126
c 0 81 91 41 158
c 6 14 71 6 111
c 94 95 77 99 127
c 90 66 92 84 169
c 60 84 38 69 145
c 57 73 56 21 122
c 93 18 85 58 87
c 66 24 63 47 96
c 35 11 23 15 174
c 98 58 41 65 85
c 76 59 13 56 105
c 69 13 2 9 144
c 65 90 27 24 117
c 80 11 19 61 138
c 6 68 63 84 101
c 31 50 23 34 155
c 94 95 5 82 114
c 47 48 94 68 111
c 23 86 12 41 173
c 15 40 63 80 76
c 36 2 89 52 171
c 96 58 5 46 171
c 19 60 36 37 142
c 66 70 55 43 126
c 36 82 31 56 118
c 93 60 71 35 100
c 62 71 81 65 165
c 63 29 40 71 122
c 86 13 97 1 117
c 76 59 14 50 171
c 6 67 36 30 155
c 29 80 97 85 131
c 19 20 67 87 156
c 4 56 1 78 128
c 17 44 80 55 164
c 73 49 89 56 114
c 91 61 30 57 86
c 85 10 8 37 119
c 52 18 15 20 135
c 31 81 7 3 173
c 36 42 55 93 132
c 32 52 85 32 107
c 83 28 44 12 97
c 1 60 26 13 91
c 30 11 77 91 97
c 37 83 52 48 156
c 16 18 42 95 147
c 32 94 65 66 87
c 97 79 9 41 144
c 81 26 48 41 150
c 30 95 85 69 162
c 96 38 64 23 128
c 58 98 79 41 75
c 72 9 23 64 76
c 89 51 52 80 148
c 61 83 65 80 97
c 76 70 36 22 136
c 66 37 15 4 142
c 39 94 29 61 113
c 94 98 75 68 143
c 42 5 8 83 155
c 4 76 57 56 102
c 14 27 22 95 151
c 10 9 25 29 135
c 19 56 2 92 141
c 31 90 10 29 77
c 87 80 86 90 143
c 46 47 17 12 119
c 54 79 47 48 95
c 60 40 82 24 109
c 20 2 76 98 114
c 43 33 14 84 155
c 29 76 88 2 88
c 20 78 0 51 82
c 18 95 45 80 93
c 52 80 89 76 105
c 28 2 59 34 133
c 38 58 67 20 122
c 9 44 5 46 109
c 34 67 69 76 108
c 18 80 20 86 121
c 72 66 5 93 117
c 90 94 47 84 149
c 85 58 28 8 123
c 87 63 15 40 93
c 76 25 2 92 146
c 68 28 45 42 148
c 71 69 38 52 98
c 6 31 86 13 152
c 5 89 30 57 83
c 46 15 82 71 167
c 83 59 90 78 90
c 4 25 49 85 129
c 21 8 64 82 95
c 1 99 9 94 150
c 10 9 76 77 80
c 10 37 5 69 118
c 35 89 76 18 122
c 29 2 35 95 147
c 4 28 1 71 132
c 1 5 62 76 108
c 63 74 39 94 94
c 16 99 44 50 157
c 82 33 51 77 108
c 18 36 55 86 130
c 8 82 23 64 112
c 17 24 22 44 107
c 3 47 52 53 97
c 2 65 67 34 154
c 85 26 80 50 132
c 18 66 64 44 75
c 64 5 60 6 143
c 87 23 12 17 115
c 22 20 33 89 173
c 55 86 63 70 106
c 66 16 88 40 160
c 75 8 54 84 95
c 52 19 89 23 135
c 5 23 23 62 99
c 88 39 25 6 166
c 78 53 80 78 153
c 90 25 52 14 146
c 97 96 18 72 104
c 24 25 18 70 121
c 45 4 61 62 161
c 69 31 40 21 100
c 61 70 25 86 132
c 2 56 95 84 82
c 66 18 81 65 174
c 69 40 31 90 147
c 57 14 23 74 166
c 97 79 98 52 142
c 97 74 92 13 158
c 19 56 92 14 75
c 94 56 94 69 91
c 59 90 52 14 87
c 4 33 65 92 151
c 58 3 4 53 167
c 39 96 15 78 133
c 53 49 61 4 152
c 97 1 27 6 125
c 24 18 38 69 113
c 66 87 59 63 119
c 71 92 3 81 164
c 34 14 22 15 95
c 73 27 30 3 111
c 38 91 77 6 139
c 47 68 56 41 91
c 4 12 47 92 129
c 71 81 34 35 149
c 40 56 68 66 130
c 53 92 75 59 76
c 52 75 2 72 134
c 31 95 86 54 158
c 87 67 2 32 82
c 62 70 30 58 98
c 36 53 24 84 76
c 48 59 5 18 171
c 5 19 89 41 103
c 79 80 18 49 116
c 69 27 44 84 122
c 94 42 71 61 111
c 67 68 82 34 89
c 28 2 76 95 120
c 74 92 13 81 126
c 64 20 1 53 129
c 66 90 4 78 125
c 25 36 2 82 109
c 33 80 50 7 106
c 19 65 73 27 100
c 67 60 5 37 144
c 63 29 31 10 137
c 77 37 30 31 137
c 88 83 25 85 93
c 96 97 12 96 115
c 54 83 43 90 81
c 16 18 64 36 134
c 18 36 92 96 100
c 86 70 19 12 90
c 57 47 19 5 174
c 52 38 61 22 159
c 76 49 48 49 135
c 85 13 33 82 117
c 84 26 50 11 81
c 8 25 1 20 122
c 83 32 31 91 119
c 10 28 29 30 166
c 87 57 20 69 99
c 85 86 13 81 78
c 14 89 2 57 147
c 8 82 95 85 92
c 56 9 80 50 116
c 62 67 18 9 101
c 48 62 90 35 119
c 95 6 71 35 92
c 23 34 89 76 161
c 16 87 18 36 159
c 26 39 61 85 163
c 20 2 19 63 142
c 28 88 3 96 104
c 5 46 26 44 123
c 38 52 23 86 108
c 32 85 91 42 150
c 80 14 87 67 112
c 10 9 17 51 85
c 58 76 45 4 102
c 97 98 59 24 144
c 34 67 74 97 93
c 68 51 55 17 99
c 29 67 37 11 145
c 50 6 96 4 157
c 14 61 33 83 148
c 12 2 9 41 98
c 39 77 6 74 113
c 40 23 5 23 83
c 28 18 62 67 82
c 45 48 66 87 168
c 30 96 77 14 87
c 73 27 63 29 99
c 77 63 69 11 75
c 65 98 3 24 169
c 18 91 77 22 170
c 32 4 97 40 136
c 66 16 1 48 139
c 28 61 81 21 93
c 73 98 61 85 99
c 30 70 29 28 170
c 36 85 72 83 111
c 38 85 52 2 116
c 50 22 4 63 146
c 36 48 86 24 108
c 53 54 41 53 90
c 13 81 90 3 88
c 34 69 4 43 143
c 74 12 69 23 145
c 86 70 83 5 140
c 18 42 40 25 104
c 4 83 4 98 147
c 66 88 90 16 116
c 76 45 19 56 136
c 37 25 32 51 127
c 73 74 97 61 99
c 5 98 9 85 110
c 50 59 38 52 151
c 41 19 74 97 75
c 21 9 48 42 110
c 78 17 25 30 148
c 27 76 56 34 106
c 49 97 62 10 83
c 87 23 29 30 158
c 18 93 19 5 154
c 97 63 83 69 154
c 81 62 12 54 77
c 30 24 33 80 171
c 72 79 61 9 169
c 17 22 90 3 152
c 61 90 27 73 168
c 12 54 12 35 129
c 52 50 37 77 154
c 88 57 3 96 118
c 3 24 15 95 84
c 35 88 88 24 93
c 97 40 93 16 166
c 80 14 53 92 98
c 87 95 1 48 94
c 50 56 27 95 138
c 76 63 95 6 172
c 0 20 22 30 114
c 53 38 45 19 133
c 76 74 98 36 128
c 75 8 28 55 167
c 15 12 2 56 167
c 59 83 27 95 139
c 71 72 37 88 156
c 18 62 77 12 116
c 27 6 61 70 123
c 75 6 11 56 113
c 85 81 91 42 151
c 49 38 31 13 96
c 15 26 61 30 169
c 5 66 55 83 169
c 28 8 47 78 148
c 29 55 95 28 111
c 21 11 97 40 169
c 56 21 96 83 160
c 32 64 30 21 131
c 24 77 75 96 89
c 61 78 38 41 144
c 67 1 31 13 167
c 55 77 9 84 152
c 20 56 15 12 80
c 62 41 49 11 142
c 54 57 5 59 141
c 75 59 66 37 170
c 89 34 25 70 163
c 94 45 12 8 102
c 94 73 46 17 163
c 93 91 24 25 170
c 73 55 94 56 79
c 77 31 50 61 148
c 61 71 68 97 83
c 27 88 22 97 96
c 80 71 92 96 88
c 57 24 9 63 158
c 84 32 74 19 162
c 88 83 64 94 86
c 90 34 17 54 131
c 6 31 95 28 144
c 86 19 59 41 108
c 90 50 20 52 98
c 66 16 69 89 120
c 3 85 88 99 118
c 46 9 68 16 152
c 28 7 75 68 170
c 64 44 18 19 152
c 20 30 6 62 91
c 60 70 81 63 83
c 7 48 15 78 135
c 11 16 19 7 139
c 62 67 1 5 168
c 1 65 33 64 99
c 97 76 72 75 125
c 85 66 94 35 106
c 37 24 91 52 171
c 83 75 40 97 75
c 17 44 0 66 104
c 66 82 96 98 162
c 23 34 8 83 135
c 84 87 14 40 77
c 18 93 64 34 165
c 98 40 8 83 94
c 51 19 94 64 109
c 2 32 31 34 168
c 27 71 78 17 121
c 85 39 62 89 167
c 30 58 55 83 102
c 66 7 31 37 127
c 34 69 43 96 117
c 86 96 70 86 172
c 93 94 12 49 147
c 18 9 86 25 79
c 61 6 21 61 137
c 32 6 44 58 129
c 71 49 80 50 86
c 46 9 58 65 117
c 80 55 92 46 145
c 53 92 19 1 151
c 36 82 29 63 100
c 19 47 45 29 174
c 88 48 80 78 138
c 22 41 61 38 154
c 3 10 61 84 137
c 74 41 23 62 125
c 67 40 67 4 171
c 73 20 22 20 109
c 51 36 40 62 165
c 98 36 90 30 85
c 8 33 15 82 104
c 43 16 85 26 144
c 81 37 65 38 126
c 96 86 42 40 147
c 4 46 98 75 86
c 96 30 53 60 89
c 39 45 30 21 103
c 75 92 79 41 159
c 22 15 37 11 170
c 41 86 85 49 173
c 90 53 87 81 95
c 17 18 13 71 133
c 40 38 16 51 76
c 89 90 76 33 133
c 4 19 68 58 111
c 34 35 98 73 149
c 29 43 33 86 171
c 36 9 48 34 85
c 81 63 59 60 99
c 67 31 37 88 159
c 22 18 58 65 148
c 71 25 34 69 136
c 81 33 39 43 138
c 32 33 91 42 163
c 29 76 46 17 79
c 89 30 81 63 101
c 44 71 11 98 170
c 73 27 75 59 163
c 72 79 89 59 150
c 58 74 64 37 130
c 36 29 21 17 161
c 97 63 36 42 138
c 12 67 27 43 149
c 20 78 71 35 164
c 59 55 24 91 107
c 77 72 2 88 139
c 68 98 72 5 108
c 4 5 29 40 155
c 48 83 75 92 102
c 95 69 31 56 125
c 35 40 22 44 140
c 3 75 50 66 162
c 18 95 40 57 104
c 2 66 56 21 101
c 19 5 29 43 108
c 2 40 89 90 101
c 40 44 79 60 104
c 23 93 95 27 146
c 33 53 27 73 158
c 67 89 59 36 105
c 78 46 11 61 79
c 71 97 78 3 81
c 8 31 49 84 126
c 93 86 93 59 86
c 12 96 63 80 171
c 54 42 93 4 90
c 43 51 87 67 167
c 36 96 14 15 110
c 40 41 59 25 153
c 56 15 29 3 77
c 41 68 10 1 93
c 33 61 93 13 100
c 79 98 71 35 147
c 61 30 55 32 147
c 67 44 4 94 155
c 10 7 76 18 145
c 47 36 98 73 100
c 24 16 67 1 171
c 2 91 71 54 160
c 69 56 43 33 137
c 2 66 85 81 165
c 9 25 83 28 166
c 19 48 89 5 135
c 86 84 85 77 170
c 98 30 24 3 106
c 75 81 91 76 84
c 83 51 96 31 167
c 35 93 13 96 152
c 48 32 54 59 149
c 6 62 44 11 123
c 47 76 82 43 160
c 20 2 97 85 97
c 82 43 57 32 84
c 49 11 18 30 117
c 52 18 54 1 108
c 53 79 50 22 157
c 54 55 21 81 155
c 96 86 62 12 109
c 32 94 40 95 77
c 14 50 76 63 153
c 36 11 60 24 113
c 98 62 55 61 115
c 61 22 25 76 124
c 0 39 41 42 95
c 54 42 73 51 125
c 84 10 62 66 168
c 62 89 2 32 98
c 48 34 96 58 106
c 45 27 86 87 141
c 13 76 80 28 91
c 61 67 30 52 128
c 78 86 89 57 78
c 94 81 92 38 78
c 2 56 10 97 141
c 87 14 86 13 98
c 26 55 33 12 147
c 11 56 28 10 139
c 92 75 89 67 172
c 53 54 84 87 139
c 51 8 52 40 141
c 22 77 92 52 129
c 61 43 25 80 169
c 82 53 70 56 155
c 45 19 34 99 154
c 23 38 22 30 82
c 82 30 2 69 112
c 48 91 96 31 111
c 98 73 32 33 144
c 68 44 5 69 169
c 15 78 16 99 173
c 25 36 27 41 99
c 43 96 62 16 123
c 66 87 60 81 76
c 85 39 17 44 105
c 40 57 33 8 129
c 78 58 40 89 144
c 95 39 52 2 78
c 49 24 59 27 86
c 21 22 30 57 141
c 29 28 0 11 89
c 75 65 55 1 119
c 37 57 23 64 141
c 5 18 52 2 153
c 69 40 83 54 75
c 87 21 19 25 150
c 73 58 93 17 106
c 95 1 72 66 105
c 91 63 32 94 154
c 31 32 7 68 82
c 22 86 72 50 120
c 79 67 37 83 170
c 0 37 9 76 134
c 36 2 47 64 92
c 29 20 18 95 90
c 15 82 40 64 170
c 9 44 64 34 145
c 31 18 51 41 89
c 45 27 78 7 87
c 41 19 20 42 163
c 78 10 95 6 132
c 70 31 50 95 83
c 76 33 58 38 97
c 26 87 42 30 137
c 11 4 74 70 171
c 98 86 33 80 126
c 40 25 31 54 143
c 80 92 84 53 119
c 0 51 95 46 122
c 38 85 22 28 100
c 67 87 17 63 117
c 21 82 1 2 79
c 71 35 92 47 140
c 92 5 9 23 108
c 30 21 10 69 127
c 18 87 40 23 108
c 61 71 89 76 160
c 60 76 73 74 160
c 12 88 87 57 123
c 94 37 31 13 167
c 39 92 10 37 126
c 19 48 0 33 160
c 67 31 61 6 86
c 9 23 23 71 129
c 50 61 3 20 95
c 68 75 90 27 135
c 10 40 98 40 96
c 63 68 84 53 89
c 32 6 0 51 156
c 29 28 35 57 80
c 35 36 17 71 142
c 93 46 74 60 135
c 9 44 50 66 134
c 79 93 0 61 83
c 53 20 9 85 139
c 63 29 65 63 165
c 32 64 20 52 167
c 87 88 97 40 160
c 22 97 41 59 128
c 12 17 51 77 153
c 55 57 61 67 129
c 25 80 64 34 98
c 35 36 70 48 128
c 93 86 68 86 135
c 13 71 59 60 153
c 4 56 57 21 108
c 34 17 28 18 81
c 9 82 9 76 115
c 16 99 33 70 109
c 18 97 19 47 86
c 93 72 37 57 90
c 23 32 33 72 106
c 65 47 94 69 77
c 90 30 6 54 150
c 61 4 52 2 144
c 1 10 85 95 161
c 14 61 30 56 160
c 44 16 47 55 77
c 45 19 36 60 86
c 93 59 38 34 144
c 48 83 70 56 87
c 10 69 61 22 141
c 90 72 41 90 163
c 96 91 17 14 141
c 75 68 37 57 113
c 32 68 72 50 103
c 31 54 59 27 167
c 42 85 27 72 142
c 5 99 31 13 160
c 30 90 43 6 166
c 26 68 55 16 143
c 70 56 42 13 78
c 67 61 83 54 160
c 85 58 37 59 128
c 62 67 63 38 152
c 17 47 6 54 79
c 43 36 72 3 174
c 89 48 8 37 136
c 31 37 86 25 128
c 6 3 67 30 155
c 5 82 58 16 116
c 15 21 80 92 151
c 66 7 92 13 150
c 17 33 28 7 143
c 58 37 7 8 115
c 42 1 98 71 155
c 81 43 82 91 104
c 18 37 15 66 102
c 41 82 82 91 86
c 24 27 22 77 83
c 6 67 6 39 143
c 85 95 9 89 113
c 88 40 64 82 162
c 1 96 52 15 135
c 44 11 7 79 153
c 0 39 40 97 130
c 80 71 59 36 116
c 10 29 72 79 85
c 54 89 65 94 131
c 85 77 78 92 119
c 65 39 90 27 137
c 63 46 85 69 120
c 43 18 88 75 117
c 27 28 44 39 135
c 91 62 14 50 133
c 17 51 76 45 90
c 96 31 25 83 123
c 73 20 33 83 151
c 14 15 33 27 114
c 17 85 63 69 141
c 8 4 61 26 149
c 87 31 51 36 159
c 28 92 69 89 91
c 90 24 4 99 95
c 15 46 90 35 113
c 95 7 76 74 82
c 21 28 58 3 130
c 69 63 74 90 119
c 0 4 22 50 145
c 79 67 33 6 139
c 87 42 60 24 109
c 87 31 92 75 134
c 33 83 34 14 84
c 58 59 92 96 111
c 14 17 63 52 144
c 96 34 86 54 141
c 67 58 36 9 97
c 96 11 86 87 136
c 89 5 71 92 156
c 52 65 76 22 75
c 73 71 32 64 95
c 17 33 61 9 102
c 43 93 82 43 160
c 70 38 8 40 115
c 32 64 69 23 156
c 15 26 94 81 174
c 32 83 36 82 81
c 14 99 5 18 132
c 89 52 40 4 103
c 12 90 59 44 138
c 0 61 97 98 127
c 77 28 77 78 157
c 83 5 17 18 107
c 26 13 67 65 91
c 74 93 66 18 151
c 96 86 61 65 137
c 81 3 44 96 112
c 42 33 98 36 113
c 33 63 71 81 81
c 84 26 70 56 165
c 42 43 68 33 139
c 77 11 72 71 102
c 10 1 63 16 163
c 41 19 79 93 84
c 32 52 4 74 102
c 76 91 81 82 87
c 1 91 90 35 93
c 84 26 18 86 87
c 55 1 18 49 166
c 0 20 55 89 75
c 63 29 1 23 128
c 52 19 52 41 162
c 45 87 11 21 112
c 52 50 98 68 94
c 4 28 24 69 156
c 52 44 39 94 150
c 21 17 87 23 107
c 32 68 22 40 161
c 84 85 56 41 102
c 10 41 86 98 133
c 8 89 22 40 169
c 57 56 34 91 165
c 33 6 54 84 95
c 18 37 89 2 165
c 96 38 32 57 148
c 55 38 9 46 122
c 82 14 2 65 122
c 96 83 62 54 97
c 96 11 96 56 148
c 14 17 83 21 88
c 80 17 84 18 85
c 40 4 27 77 161
c 40 21 85 13 125
c 62 51 27 71 86
c 8 40 86 40 129
c 10 41 54 87 119
c 57 97 87 63 96
c 16 67 6 14 170
c 98 36 87 64 133
c 43 13 84 85 130
c 90 94 20 99 170
c 85 58 9 79 142
c 61 84 40 97 139
c 15 73 35 11 167
c 16 15 91 41 134
c 49 58 4 44 95
c 83 28 26 84 121
c 89 15 38 34 144
c 20 21 38 41 151
c 25 86 5 38 150
c 22 21 46 91 128
c 37 86 80 14 137
c 25 30 60 27 172
c 88 79 51 8 89
c 57 32 22 49 129
c 64 23 4 99 134
c 31 47 31 4 94
c 33 70 40 91 142
c 96 53 15 46 132
c 53 60 70 48 87
c 85 32 26 60 115
c 49 24 3 87 172
c 43 18 34 45 141
c 57 21 86 66 92
c 69 70 71 61 142
c 33 73 86 24 153
c 61 62 9 64 139
c 11 71 94 98 89
c 67 55 58 37 112
c 80 36 78 58 169
c 24 84 61 83 128
c 24 69 93 86 173
c 53 60 26 5 110
c 12 38 15 21 128
c 23 38 38 25 148
c 34 20 62 51 101
c 30 57 24 95 154
c 65 92 86 13 130
c 40 71 59 3 113
c 4 74 91 29 151
c 0 39 16 99 103
c 27 28 38 58 151
c 24 18 82 38 155
c 86 13 13 76 84
c 61 6 89 59 95
c 43 18 66 90 103
c 73 98 3 22 156
c 42 40 22 70 149
c 80 11 26 13 138
c 42 40 32 14 121
c 61 67 42 75 154
c 23 38 94 55 166
c 94 35 61 65 92
c 54 55 69 76 102
c 33 72 70 31 130
c 17 22 55 56 81
c 71 81 63 38 133
c 82 26 13 59 83
c 69 84 32 83 114
c 1 52 0 25 109
c 73 20 55 72 174
c 70 10 24 96 135
c 59 42 69 31 144
c 11 13 35 26 110
c 8 33 66 52 172
c 30 11 79 80 108
c 41 42 29 2 168
c 36 7 52 41 133
c 92 75 5 98 83
c 97 63 29 63 117
c 72 3 83 54 131
c 93 4 56 14 150
c 3 88 30 11 130
c 33 27 16 17 128
c 82 1 94 98 147
c 7 23 40 4 166
c 52 80 4 5 155
c 16 24 44 99 80
c 80 78 67 36 104
c 60 57 88 57 82
c 44 27 97 61 107
c 35 36 76 33 116
c 91 41 37 57 115
c 61 62 49 84 134
c 38 60 55 45 164
c 77 78 75 5 95
c 11 56 2 19 127
c 9 23 49 84 126
c 70 59 69 8 119
c 24 91 25 77 106
c 25 29 27 77 168
c 28 94 98 53 116
c 42 36 11 84 166
c 69 40 16 24 94
c 68 16 26 44 148
c 36 92 34 67 116
c 58 37 51 10 119
c 42 85 17 88 115
c 89 2 8 33 159
c 46 91 15 20 93
c 13 24 26 86 88
c 63 46 67 76 105
c 30 76 89 48 117
c 27 28 29 61 138
c 84 99 43 35 99
c 97 96 54 87 133
c 71 96 25 30 107
c 61 62 61 32 76
c 96 31 91 64 100
c 67 1 69 27 104
c 31 84 8 15 159
c 30 95 19 44 166
c 17 85 63 99 140
c 46 9 22 77 150
c 56 21 33 12 140
c 75 6 81 26 128
c 82 1 19 33 165
c 2 30 21 8 174
c 27 50 96 86 83
c 89 84 66 79 159
c 84 18 22 83 171
c 43 36 97 40 77
c 54 66 44 50 117
c 4 25 4 56 156
c 50 44 9 10 173
c 26 20 92 14 152
c 92 97 62 25 100
c 35 8 30 11 127
c 84 53 14 48 77
c 24 42 18 51 141
c 5 30 77 6 116
c 63 69 37 59 154
c 53 28 75 31 143
c 14 45 45 27 174
c 85 95 85 77 142
c 43 75 33 63 123
c 13 39 14 44 145
c 59 60 90 35 129
c 60 27 8 25 170
c 76 88 43 40 152
c 96 86 72 52 112
c 28 11 43 75 76
c 3 37 63 47 105
c 82 37 29 40 127
c 8 6 82 38 96
c 70 48 54 83 137
c 34 66 56 93 98
c 19 65 94 95 94
c 95 39 17 12 159
c 63 64 94 81 128
c 83 51 1 57 115
c 94 39 5 6 136
c 65 97 92 96 170
c 26 39 56 78 133
c 71 61 98 11 138
c 2 79 22 49 165
c 53 92 64 94 85
c 30 75 7 1 131
c 68 97 91 92 167
c 53 64 17 71 139
c 75 65 9 41 83
c 35 90 16 99 81
c 22 86 14 99 172
c 11 4 57 58 117
c 11 56 32 6 103
c 56 8 95 19 120
c 25 26 12 35 145
c 97 63 10 96 154
c 90 25 95 85 116
c 43 40 76 33 148
c 36 96 45 4 147
c 30 70 33 53 140
c 64 34 77 99 95
c 97 1 29 83 141
c 24 96 64 82 97
c 47 84 91 29 94
c 35 51 29 30 139
c 2 69 73 88 137
c 0 11 57 14 121
c 35 98 40 62 126
c 52 38 44 50 96
c 26 84 94 60 151
c 73 8 8 89 126
c 50 22 67 44 139
c 46 17 59 41 149
c 94 39 35 91 160
c 24 25 97 61 106
c 7 80 52 14 88
c 84 18 61 21 122
c 94 73 14 78 117
c 62 60 88 80 132
c 8 89 1 60 108
c 83 75 69 56 171
c 31 32 32 56 79
c 44 50 65 47 92
c 62 54 55 39 82
c 90 16 93 18 97
c 11 13 29 55 98
c 12 67 37 57 155
c 81 89 80 92 153
c 44 27 61 45 123
c 50 96 73 49 159
c 50 97 0 33 125
c 29 67 84 10 151
c 12 67 25 77 129
c 95 85 47 55 154
c 44 12 74 17 77
c 44 96 34 55 110
c 86 97 77 37 122
c 7 83 60 24 96
c 37 79 69 92 142
c 65 8 66 29 103
c 44 19 52 15 108
c 74 24 23 15 119
c 16 79 21 17 141
c 60 73 12 49 100
c 3 22 85 26 151
c 39 96 35 78 170
c 37 25 5 38 105
c 57 58 44 96 117
c 97 39 84 18 104
c 48 62 80 42 158
c 18 9 12 1 114
c 73 71 3 53 93
c 50 79 31 56 81
c 75 43 31 42 145
c 89 86 68 97 113
c 34 14 66 73 131
c 71 5 11 84 174
c 73 1 3 37 118
c 50 59 29 60 75
c 40 32 10 37 80
c 42 5 5 6 122
c 90 59 89 23 165
c 89 1 97 40 87
c 96 86 83 43 152
c 85 35 56 36 167
c 60 57 28 12 101
c 83 21 12 8 173
c 73 20 36 60 107
c 30 57 25 67 129
c 47 68 9 23 142
c 36 60 31 84 134
c 69 89 65 27 79
c 66 37 56 57 143
c 8 87 14 99 144
c 50 59 50 65 133
c 6 66 89 95 84
c 93 72 40 65 110
c 51 89 94 39 98
c 25 80 31 34 96
c 68 86 85 32 141
c 42 95 32 58 100
c 91 64 33 86 96
c 91 92 90 34 125
c 2 3 81 89 146
c 5 18 92 87 163
c 79 61 11 52 169
c 5 75 15 22 170
c 41 19 3 81 145
c 53 21 73 1 151
c 51 29 57 97 123
c 41 53 23 64 111
c 3 20 59 93 76
c 27 76 36 92 144
c 18 46 71 69 166
c 98 93 94 64 168
c 96 55 34 88 129
c 90 30 25 85 125
c 61 65 4 83 171
c 27 95 34 32 88
c 46 15 40 62 126
c 52 34 89 66 86
c 43 36 84 74 146
c 34 91 21 8 82
c 26 20 92 93 120
c 70 38 48 65 146
c 63 99 62 33 157
c 11 61 47 76 106
c 7 84 18 36 87
c 89 52 66 7 169
c 65 10 36 90 156
c 34 17 30 96 167
c 68 90 41 19 100
c 83 89 31 8 142
c 98 30 91 96 86
c 62 10 48 49 131
c 15 86 90 88 77
c 88 40 92 96 91
c 90 88 34 73 124
c 21 67 79 60 108
c 25 36 84 85 152
c 55 61 48 24 107
c 42 43 72 66 165
c 14 40 43 51 80
c 10 53 4 53 140
c 28 60 64 29 131
c 80 17 53 12 114
c 29 20 93 4 165
c 80 17 13 24 102
c 84 87 93 78 131
c 69 70 80 1 123
c 90 25 11 61 143
c 58 38 84 85 91
c 36 92 17 54 102
c 31 91 5 13 155
c 20 36 10 29 141
c 38 12 61 45 171
c 64 23 16 24 93
c 6 7 76 23 133
c 97 76 24 81 89
c 79 61 2 79 89
c 71 25 35 15 170
c 36 42 31 13 87
c 98 76 22 23 125
c 22 49 93 17 148
c 50 6 76 92 105
c 97 24 67 61 157
c 78 91 74 44 151
c 21 9 94 95 102
c 89 57 98 71 118
c 17 44 53 79 104
c 22 97 37 7 124
c 54 83 19 88 85
c 19 63 27 41 91
c 88 79 91 92 122
c 37 24 96 56 103
c 27 71 19 63 159
c 16 18 79 93 163
c 27 76 30 31 124
c 95 59 79 4 117
c 26 23 89 84 126
c 48 52 77 14 145
c 89 75 24 27 92
c 10 41 48 91 136
c 30 11 72 7 131
c 43 36 67 36 94
c 7 48 6 14 96
c 54 42 21 32 142
c 56 93 27 68 148
c 81 3 48 24 163
c 65 88 62 66 141
c 32 62 8 33 150
c 52 15 38 83 128
c 86 54 36 78 163
c 37 25 15 71 106
c 68 97 62 79 78
c 73 20 22 53 100
c 11 16 57 86 136
c 90 59 58 1 127
c 78 58 31 91 109
c 1 52 14 84 112
c 31 42 51 22 86
c 50 95 64 41 88
c 35 11 7 23 154
c 6 67 86 13 122
c 48 98 38 41 88
c 96 34 49 53 124
c 44 62 27 38 131
c 92 87 54 1 116
c 91 42 81 89 166
c 11 81 24 84 123
c 24 42 3 53 108
c 94 81 12 8 150
c 43 13 2 19 93
c 20 28 97 24 123
c 77 22 68 44 163
c 93 13 68 75 152
c 82 43 9 72 89
c 5 15 66 79 139
c 47 92 26 39 115
c 89 1 32 81 130
c 2 12 36 7 161
c 35 19 88 79 86
c 80 28 18 40 167
c 15 54 63 10 109
c 44 50 65 27 109
c 22 91 12 96 91
c 21 67 60 40 89
c 12 96 29 60 82
c 75 12 14 78 129
c 25 26 17 51 84
c 27 38 53 54 169
c 17 22 61 91 172
c 90 60 87 23 100
c 55 11 81 43 169
c 68 44 76 49 107
c 61 43 43 13 128
c 77 6 46 25 130
c 61 18 32 64 142
c 41 46 96 4 83
c 12 38 86 82 110
c 33 14 35 24 132
c 2 9 24 16 156
c 90 88 24 25 112
c 67 4 56 8 161
c 37 11 2 82 97
c 5 37 75 59 138
c 62 25 26 39 146
c 20 17 27 88 167
c 15 95 1 10 122
c 96 4 16 19 164
c 80 78 98 12 87
c 51 36 71 75 138
c 1 48 22 23 94
c 93 70 78 86 82
c 96 11 57 88 80
c 62 12 35 22 102
c 2 32 88 99 87
c 10 7 55 45 151
c 78 86 83 32 170
c 16 51 7 46 143
c 83 5 80 96 131
c 81 63 62 51 157
c 91 52 46 24 129
c 18 97 81 37 172
c 21 86 36 79 88
c 42 1 12 13 116
c 4 98 39 40 110
c 83 51 16 35 120
c 57 56 75 68 120
c 24 18 84 99 167
c 31 66 93 17 95
c 25 86 54 87 165
c 10 21 36 2 80
c 13 46 66 29 107
c 22 91 1 10 104
c 15 66 96 11 80
c 40 12 66 67 145
c 55 60 83 59 82
c 61 78 67 68 147
c 32 7 56 14 119
c 14 15 65 39 80
c 59 63 18 34 78
c 15 78 31 39 154
c 42 40 79 92 133
c 92 38 90 78 87
c 24 83 43 11 137
c 97 7 72 55 130
c 85 82 46 51 141
c 58 74 69 76 154
c 59 55 38 39 142
c 18 72 42 40 98
c 21 17 98 86 172
c 66 79 84 18 125
c 82 83 83 43 156
c 4 25 40 23 138
c 7 80 33 61 83
c 98 86 90 16 109
c 64 98 32 7 104
c 41 53 37 88 127
c 68 75 35 90 144
c 68 97 61 21 174
c 40 41 11 56 120
c 38 39 36 68 141
c 50 69 37 7 87
c 91 63 7 23 166
c 24 18 93 70 169
c 95 1 2 40 94
c 59 75 40 64 141
c 17 33 76 23 110
c 66 88 42 76 78
c 31 34 63 64 110
c 3 37 44 96 119
c 11 79 9 72 90
c 4 44 77 31 138
c 55 77 62 71 103
c 71 95 94 87 119
c 77 37 58 7 98
c 39 34 79 18 124
c 18 72 56 36 157
c 27 53 25 70 98
c 10 4 33 63 83
c 62 60 89 59 134
c 65 71 66 87 120
c 33 89 72 28 150
c 28 18 56 36 85
c 14 78 32 51 147
c 10 29 74 12 156
c 59 83 4 5 136
c 36 79 72 52 174
c 29 83 93 10 159
c 95 85 21 32 162
c 22 49 93 4 95
c 37 32 41 18 85
c 97 74 12 49 75
c 63 99 67 36 133
c 96 4 38 5 109
c 36 74 6 7 167
c 64 36 87 50 163
c 95 30 51 89 107
c 40 44 74 47 153
c 2 30 32 56 151
c 26 86 61 70 142
c 98 52 63 16 167
c 3 75 21 86 124
c 96 11 13 35 166
c 8 82 33 54 117
c 36 50 74 56 153
c 16 80 38 60 85
c 91 63 20 39 99
c 3 58 9 10 86
c 15 12 88 79 144
c 0 51 9 97 78
c 90 35 57 71 159
c 26 30 75 13 75
c 90 66 27 6 130
c 62 54 26 52 134
c 39 21 69 31 91
c 38 34 60 40 118
c 93 72 82 91 96
c 39 70 88 40 129
c 21 70 41 65 100
c 10 31 74 41 114
c 11 97 66 87 114
c 22 91 81 80 78
c 21 81 94 76 139
c 6 35 94 42 111
c 13 35 2 28 78
c 83 32 2 19 163
c 52 19 90 24 169
c 31 8 85 71 165
c 74 75 76 52 123
c 55 39 61 4 148
c 57 18 50 96 154
c 86 70 14 65 161
c 40 89 68 58 140
c 61 65 79 41 139
c 36 37 67 87 104
c 80 42 17 71 153
c 41 27 67 44 81
c 67 61 80 1 99
c 33 82 89 5 168
c 5 99 61 71 146
c 56 8 31 91 104
c 51 44 98 2 83
c 50 7 84 87 80
c 79 81 76 74 174
c 13 81 94 46 99
c 12 67 22 85 166
c 12 88 28 12 115
c 68 98 12 38 79
c 63 84 0 66 150
c 49 30 20 21 168
c 15 16 90 72 144
c 63 47 40 62 159
c 68 5 18 30 111
c 22 9 37 83 90
c 89 95 53 12 172
c 10 31 92 76 121
c 74 78 36 78 88
c 58 16 47 87 144
c 2 69 34 78 113
c 49 76 78 5 108
c 55 72 59 36 136
c 53 81 27 38 129
c 90 21 11 98 102
c 55 79 77 91 163
c 69 73 49 24 91
c 61 71 71 8 92
c 47 54 10 28 158
c 77 87 27 41 161
c 26 68 42 99 94
c 44 58 13 43 130
c 10 40 55 16 156
c 50 79 83 84 79
c 22 41 27 45 92
c 24 18 54 7 109
c 53 88 24 77 154
c 77 87 67 68 132
c 59 34 68 98 118
c 65 63 10 28 155
c 36 42 56 8 126
c 77 25 71 91 170
c 14 53 87 22 152
c 68 16 96 34 122
c 30 24 56 46 85
c 24 83 77 99 111
c 61 85 20 56 149
c 57 71 55 86 169
c 57 86 49 11 95
c 84 50 5 19 121
c 54 1 78 58 75
c 36 4 59 41 119
c 97 1 13 30 154
c 23 71 31 91 170
c 6 35 97 96 121
c 65 92 17 71 145
c 11 81 25 77 98
c 77 63 57 79 82
c 35 91 42 13 137
c 1 48 36 74 120
c 64 37 6 29 174
c 71 97 89 59 88
c 3 58 56 8 88
c 55 89 82 53 158
c 72 75 48 34 140
c 0 1 60 6 122
c 21 11 30 34 100
c 47 87 30 58 91
c 76 58 79 69 98
c 88 80 73 49 85
c 47 49 87 50 80
c 78 86 57 67 78
c 28 61 17 24 144
c 33 14 12 88 114
c 7 92 71 72 161
c 40 32 2 33 113
c 34 14 81 37 91
c 74 75 34 14 149
c 20 86 61 22 159
c 8 40 31 54 97
c 15 96 59 75 79
c 93 72 89 57 129
c 52 21 53 35 76
c 64 41 85 86 112
c 17 18 1 2 117
c 19 28 68 58 83
c 53 12 18 51 145
c 60 6 81 43 157
c 73 40 14 89 161
c 29 32 66 5 130
c 44 99 53 81 85
c 53 81 77 28 173
c 39 70 61 90 125
c 40 88 59 93 169
c 38 34 15 54 109
c 73 58 88 94 167
c 89 57 7 23 168
c 19 61 70 5 167
c 70 10 35 10 128
c 73 20 8 15 131
c 27 45 66 18 139
c 32 85 21 16 163
c 67 60 43 35 168
c 18 92 80 14 78
c 86 24 38 5 129
c 35 26 31 90 112
c 41 35 52 19 107
c 46 91 98 22 143
c 18 42 40 89 97
c 8 31 60 6 146
c 6 93 7 75 124
c 76 9 98 75 102
c 43 16 33 53 96
c 25 79 40 91 127
c 77 63 90 24 81
c 15 62 87 64 77
c 67 40 5 89 141
c 4 98 97 7 156
c 46 71 4 19 99
c 0 11 44 96 142
c 91 96 97 39 114
c 52 75 95 84 133
c 33 82 21 70 148
c 16 15 41 59 139
c 17 71 75 65 92
c 82 48 84 87 102
c 23 64 36 42 86
c 24 18 31 84 77
c 74 81 68 29 173
c 34 67 52 75 87
c 72 79 21 9 170
c 12 96 62 76 120
c 33 8 91 64 118
c 83 54 55 38 109
c 69 7 47 89 105
c 1 24 89 15 92
c 28 11 27 72 86
c 53 61 68 33 78
c 25 77 20 49 160
c 12 67 88 50 110
c 34 73 1 78 85
c 30 75 35 8 98
c 38 84 74 92 157
c 70 38 27 76 85
c 0 20 67 55 122
c 60 81 1 78 131
c 53 94 23 38 85
c 5 13 8 58 116
c 13 35 98 75 152
c 38 60 31 13 132
c 64 94 81 65 98
c 41 46 46 25 94
c 16 79 53 20 137
c 48 6 24 84 101
c 78 58 38 85 142
c 47 78 90 62 76
c 69 73 55 93 119
c 52 41 33 34 85
c 20 8 96 86 101
c 74 4 97 23 94
c 92 26 85 35 140
c 85 58 19 7 107
c 69 28 89 95 133
c 17 38 95 69 119
c 79 88 28 11 86
c 50 6 51 10 174
c 71 6 37 77 125
c 93 23 35 15 145
c 8 64 18 30 78
c 64 65 54 89 159
c 98 36 36 96 128
c 23 74 55 83 144
c 85 58 16 45 109
c 54 83 87 50 117
c 62 63 66 33 125
c 2 79 52 44 149
c 10 11 32 51 110
c 64 23 0 37 82
c 59 60 58 65 166
c 65 39 61 91 96
c 4 98 88 83 78
c 52 80 10 84 111
c 10 28 78 91 137
c 62 54 52 46 86
c 90 3 84 53 167
c 87 57 29 83 143
c 69 28 30 21 132
c 56 34 9 94 109
c 17 85 89 5 140
c 15 22 48 6 101
c 9 84 58 14 131
c 33 86 19 7 115
c 67 31 0 1 168
c 31 1 18 72 116
c 26 86 64 5 142
c 39 45 25 70 79
c 20 8 81 21 78
c 71 25 20 49 100
c 78 92 61 70 83
c 9 97 57 32 87
c 25 86 92 76 108
c 16 24 46 47 107
c 83 43 25 30 124
c 6 56 76 70 143
c 64 65 62 16 145
c 48 24 31 81 171
c 22 53 18 36 167
c 62 56 30 52 127
c 63 38 98 68 133
c 13 80 59 9 129
c 11 7 35 90 174
c 86 34 90 72 107
c 90 91 15 95 157
c 56 9 17 85 162
c 74 24 84 63 139
c 30 95 77 25 92
c 11 84 94 37 137
c 35 98 97 20 120
c 38 79 47 54 97
c 8 54 17 71 172
c 3 4 74 56 86
c 12 89 89 51 170
c 89 67 27 95 82
c 93 86 76 95 138
c 54 79 52 15 146
c 64 29 24 81 130
c 77 22 34 67 172
c 40 12 20 69 109
c 9 41 68 16 170
c 9 46 18 66 152
c 61 70 4 53 115
c 55 56 18 80 162
c 85 13 96 97 173
c 52 50 34 66 133
c 29 67 88 24 101
c 22 95 25 80 109
c 70 31 31 73 169
c 38 91 71 17 163
c 98 75 63 60 148
c 83 82 59 83 162
c 40 57 90 71 117
c 76 18 91 87 134
c 96 34 48 91 149
c 48 52 65 69 117
c 80 28 42 1 148
c 34 13 74 75 160
c 30 96 66 87 86
c 30 3 27 88 103
c 10 69 74 92 136
c 80 36 34 74 125
c 79 80 65 27 110
c 44 58 3 24 173
c 63 84 76 98 78
c 37 2 5 18 98
c 50 95 44 72 113
c 55 17 86 84 140
c 55 17 36 4 161
c 50 6 74 47 143
c 73 67 1 71 158
c 75 76 77 14 104
c 24 42 47 89 119
c 84 35 72 7 102
c 14 37 23 72 167
c 26 45 61 78 122
c 13 14 85 95 150
c 49 1 58 1 162
c 66 52 69 59 90
c 26 68 52 14 90
c 21 11 90 94 101
c 62 16 73 51 156
c 22 53 27 4 101
c 23 33 33 34 116
c 62 89 46 24 134
c 34 91 50 95 122
c 22 82 50 33 173
c 46 47 31 42 164
c 56 41 23 72 93
c 1 23 78 35 100
c 18 30 62 67 98
c 14 17 54 89 132
c 84 87 85 62 171
c 52 48 76 65 167
c 91 84 27 48 131
c 33 64 37 86 161
c 37 2 13 24 102
c 44 16 2 19 102
c 91 82 0 4 94
c 8 85 1 71 82
c 60 40 26 83 127
c 16 87 5 30 156
c 17 4 34 20 97
c 36 42 19 33 85
c 78 17 11 71 125
c 14 77 36 85 121
c 13 59 43 36 169
c 14 15 50 59 105
c 3 84 31 14 80
c 77 82 91 85 79
c 58 76 47 85 139
c 76 98 14 99 89
c 85 10 72 50 111
c 33 8 14 65 97
c 49 55 25 86 81
c 31 91 85 30 160
c 31 42 3 88 121
c 93 34 44 62 134
c 6 74 84 35 76
c 17 88 62 96 164
c 36 83 37 2 109
c 23 62 5 46 79
c 86 53 79 61 83
c 74 60 10 28 161
c 2 28 28 61 89
c 84 44 51 93 94
c 77 8 10 69 114
c 64 21 95 21 159
c 91 63 61 91 80
c 7 8 85 31 174
c 8 33 15 54 90
c 68 66 10 41 92
c 89 48 85 10 147
c 5 23 10 92 124
c 65 57 16 19 102
c 75 81 59 62 138
c 35 13 66 18 152
c 65 98 76 52 169
c 92 87 95 7 85
c 45 19 55 43 109
c 75 53 31 39 125
c 4 33 71 80 94
c 31 34 96 38 75
c 1 97 66 18 86
c 31 13 7 92 159
c 9 25 33 80 167
c 55 89 11 87 130
c 74 93 98 86 88
c 95 39 14 48 115
c 88 39 42 85 95
c 50 7 24 25 119
c 12 38 21 8 113
c 14 27 0 49 164
c 89 52 32 33 137
c 89 51 39 40 124
c 72 52 64 29 140
c 30 70 53 79 75
c 55 86 21 82 92
c 96 53 37 59 145
c 65 94 50 33 77
c 94 40 14 17 126
c 60 5 95 7 167
c 30 11 63 84 170
c 27 71 16 45 169
c 25 67 4 56 153
c 86 84 87 46 130
c 65 92 74 44 156
c 55 1 90 34 154
c 88 72 18 39 118
c 13 14 72 47 169
c 70 26 28 12 124
c 81 33 40 71 124
c 77 28 21 81 75
c 38 34 7 80 117
c 13 43 68 75 103
c 67 75 24 23 78
c 22 77 83 43 163
c 97 85 21 11 113
c 80 28 17 78 118
c 72 73 12 90 165
c 32 33 64 41 133
c 82 91 4 25 160
c 86 70 89 90 143
c 94 98 64 20 141
c 21 3 63 74 88
c 25 80 31 39 86
c 89 56 97 85 90
c 50 97 50 96 146
c 12 76 97 63 107
c 38 39 13 56 173
c 22 86 17 24 102
c 28 33 92 14 116
c 62 49 60 24 166
c 0 51 65 63 138
c 80 14 85 62 140
c 47 48 58 85 174
c 96 11 7 75 122
c 21 39 86 25 108
c 37 24 80 92 77
c 71 69 50 78 151
c 43 11 52 41 100
c 5 3 35 36 116
c 57 47 37 86 95
c 22 83 15 54 100
c 35 90 34 73 100
c 34 1 29 43 130
c 35 40 57 58 103
c 5 2 41 59 125
c 35 96 27 45 76
c 33 53 13 35 154
c 97 87 42 40 95
c 4 33 2 30 105
c 85 81 83 54 109
c 27 48 69 73 168
c 93 23 58 60 173
c 40 1 45 87 140
c 86 97 2 8 119
c 71 54 9 41 107
c 34 1 68 5 88
c 76 22 13 76 117
c 3 36 34 55 119
c 61 92 62 16 117
c 79 88 62 89 165
c 57 47 31 66 102
c 47 78 2 57 155
c 5 93 59 9 163
c 56 10 50 66 136
c 92 96 72 71 167
c 61 71 22 44 133
c 59 83 60 1 120
c 90 50 21 11 116
c 47 87 23 34 80
c 11 81 95 59 133
c 98 99 55 11 137
c 21 81 13 76 124
c 29 83 81 82 116
c 36 90 11 84 120
c 11 97 35 22 142
c 67 68 9 85 84
c 83 59 13 40 131
c 75 38 51 89 141
c 45 71 18 51 156
c 14 72 65 97 137
c 88 79 52 14 133
c 84 87 47 19 75
c 6 31 40 97 167
c 95 1 64 78 109
c 60 84 43 75 170
c 88 48 6 66 169
c 90 21 50 61 140
c 55 79 93 18 151
c 67 87 54 83 78
c 21 61 31 42 75
c 98 7 59 93 134
c 55 61 39 92 108
c 54 59 96 38 83
c 25 87 35 95 163
c 38 84 11 87 170
c 2 28 94 40 112
c 69 56 14 78 79
c 80 1 94 77 163
c 77 91 80 4 165
c 94 46 4 53 156
c 98 22 53 35 102
c 39 76 85 95 129
c 82 38 75 5 163
c 85 66 11 31 113
c 76 17 46 88 83
c 37 88 58 20 145
c 27 50 71 17 153
c 18 66 77 32 168
c 86 70 59 62 145
c 86 98 32 4 115
c 46 24 5 89 174
c 19 44 57 47 131
c 14 73 78 35 118
c 48 65 42 14 137
c 22 20 37 59 140
c 1 96 64 21 84
c 95 28 56 41 88
c 30 3 14 78 159
c 90 35 89 15 174
c 0 33 66 5 92
c 34 69 67 87 135
c 19 7 93 20 108
c 38 60 64 20 165
c 68 69 56 93 125
c 50 7 52 65 79
c 32 51 46 70 84
c 26 20 61 3 173
c 94 87 19 86 104
c 9 94 92 38 128
c 4 76 9 79 166
c 38 91 84 87 169
c 59 27 2 30 100
c 89 48 0 81 140
c 94 68 55 89 139
c 77 36 16 67 76
c 97 61 17 33 120
c 44 51 68 51 100
c 41 64 56 10 86
c 64 82 81 65 151
c 88 89 42 1 75
c 89 23 67 68 163
c 38 5 87 23 173
c 94 77 37 57 154
c 69 56 9 46 93
c 28 29 66 70 88
c 46 9 88 39 157
c 2 19 35 93 133
c 12 68 98 75 155
c 84 74 96 17 153
c 93 23 65 97 142
c 69 92 54 79 103
c 10 99 68 98 151
c 25 76 9 23 90
c 2 65 34 1 159
c 9 79 34 74 105
c 40 44 67 75 95
c 74 93 5 98 138
c 49 30 89 90 152
c 20 28 36 83 139
c 66 70 58 76 153
c 11 98 84 22 104
c 98 7 23 72 101
c 12 67 17 18 99
c 51 22 75 12 138
c 4 56 70 90 96
c 44 51 15 86 133
c 93 20 41 90 87
c 97 28 44 58 164
c 73 71 41 35 145
c 77 99 2 72 161
c 17 51 3 96 114
c 83 21 91 96 173
c 97 61 50 96 145
c 98 36 61 91 172
c 44 96 91 29 157
c 17 12 35 78 102
c 93 72 21 82 83
c 44 19 92 46 149
c 10 96 23 86 171
c 26 39 74 70 75
c 14 53 55 22 127
c 68 75 88 89 144
c 92 26 4 83 111
c 11 56 39 40 146
c 90 62 74 97 144
c 53 94 78 7 164
c 40 12 27 45 127
c 35 78 3 75 149
c 50 44 18 86 151
c 45 48 25 6 88
c 12 71 75 68 125
c 88 61 70 5 173
c 24 81 82 34 172
c 18 49 26 39 128
c 98 40 40 44 104
c 54 84 17 24 145
c 98 62 52 34 120
c 86 54 73 58 146
c 81 80 5 93 77
c 83 32 52 68 122
c 76 77 4 74 110
c 7 80 16 99 135
c 54 60 85 31 99
c 19 21 81 82 120
c 57 18 34 14 80
c 28 92 76 23 170
c 7 8 61 52 163
c 23 72 19 25 153
c 33 8 66 18 153
c 71 6 43 16 87
c 96 11 45 4 150
c 54 79 26 45 85
c 16 24 33 61 119
c 95 19 76 41 157
c 82 71 15 40 121
c 13 40 60 56 135
c 41 19 15 20 139
c 82 71 69 23 102
c 29 85 24 84 128
c 1 15 85 30 123
c 8 85 34 23 104
c 96 34 39 70 126
c 72 28 2 31 134
c 52 40 6 62 137
c 71 25 87 23 126
c 43 96 35 90 99
c 7 83 39 87 119
c 10 65 53 54 130
c 21 28 74 47 164
c 85 56 74 17 112
c 21 16 98 22 120
c 6 67 61 78 170
c 55 79 28 10 109
c 43 36 38 52 162
c 27 53 9 89 100
c 42 33 5 75 146
c 22 15 80 14 110
c 24 81 43 18 107
c 23 64 93 17 128
c 32 52 14 50 110
c 34 67 37 57 148
c 23 15 66 5 172
c 39 70 65 98 79
c 67 31 16 17 96
c 87 23 94 68 147
c 43 51 4 76 100
c 4 25 85 46 140
c 90 94 31 56 166
c 72 55 62 71 87
c 36 5 10 7 83
c 63 68 88 14 155
c 89 86 3 96 122
c 17 33 50 66 162
c 72 50 6 89 173
c 14 77 24 95 124
c 41 42 91 41 100
c 90 70 65 66 156
c 2 16 66 82 172
c 27 71 58 76 98
c 10 28 85 56 145
c 4 12 27 6 99
c 80 11 14 15 100
c 34 88 66 88 92
c 98 75 0 39 113
c 71 5 3 36 152
c 61 4 90 53 145
c 81 37 16 87 115
c 4 83 51 19 99
c 70 86 32 64 88
c 98 30 50 44 127
c 46 15 96 30 116
c 0 20 64 37 106
c 49 85 52 14 110
c 62 70 12 49 133
c 19 86 35 93 86
c 94 56 21 39 101
c 67 82 64 30 108
c 50 95 91 92 83
c 71 61 51 22 123
c 55 4 36 30 142
c 86 53 16 17 97
c 18 66 86 96 115
c 77 8 93 4 164
c 62 71 10 65 117
c 66 70 3 22 99
c 25 65 23 31 126
c 63 69 77 36 94
c 32 56 48 52 155
c 57 65 98 71 123
c 88 83 52 19 153
c 55 89 14 99 117
c 18 42 28 86 171
c 7 80 53 79 118
c 38 81 89 32 113
c 51 36 44 71 103
c 24 14 16 19 162
c 57 14 76 52 114
c 8 81 24 91 139
c 48 49 78 58 112
c 30 76 68 11 108
c 60 76 14 44 100
c 33 72 19 7 113
c 66 87 32 83 145
c 1 24 3 37 135
c 85 69 9 10 160
c 83 82 48 24 123
c 43 51 69 84 89
c 3 96 12 76 114
c 35 19 18 46 146
c 29 3 61 84 138
c 90 31 11 21 151
c 18 91 80 55 157
c 94 37 13 81 113
c 53 54 43 75 149
c 96 53 57 71 107
c 67 75 27 88 149
c 33 8 7 80 149
c 84 63 61 3 171
c 68 86 4 33 154
c 17 12 49 24 162
c 82 92 71 54 146
c 37 7 20 85 136
c 78 58 4 43 89
c 83 59 80 86 121
c 18 51 42 58 124
c 39 21 98 73 84
c 26 5 78 5 110
c 98 58 69 16 104
c 69 89 97 7 150
c 42 24 42 76 172
c 27 6 80 28 164
c 0 39 23 33 160
c 37 11 87 57 147
c 84 62 70 86 128
c 6 56 5 37 75
c 25 83 94 56 128
c 20 36 38 5 127
c 2 33 93 32 135
c 1 28 92 96 124
c 18 95 90 35 154
c 48 60 91 84 152
c 93 34 17 88 158
c 73 74 39 21 103
c 7 48 48 94 126
c 62 54 76 77 172
c 22 20 70 38 79
c 53 88 51 89 106
c 0 1 71 81 80
c 12 2 84 50 127
c 1 23 23 33 75
c 36 29 97 20 87
c 63 12 29 79 112
c 44 58 5 50 84
c 14 77 63 46 84
c 94 76 80 28 107
c 59 24 65 94 171
c 89 52 74 4 122
c 52 61 78 90 121
c 31 4 68 28 161
c 76 49 59 42 124
c 18 80 10 40 138
c 7 1 9 25 120
c 68 51 59 27 155
c 63 74 93 60 139
c 34 69 82 48 99
c 86 96 93 86 156
c 62 16 95 1 92
c 87 46 36 2 90
c 58 60 98 86 147
c 74 24 50 7 83
c 93 23 68 76 123
c 44 27 18 40 128
c 7 80 26 25 95
c 43 88 80 4 144
c 47 89 4 98 76
c 70 71 97 49 148
c 33 82 27 24 134
c 90 30 18 92 133
c 18 36 91 62 166
c 58 76 71 92 173
c 66 18 81 67 80
c 18 19 76 98 95
c 17 16 8 83 84
c 59 63 82 79 151
c 26 30 40 32 98
c 12 2 39 21 128
c 19 33 7 46 81
c 94 77 49 30 128
c 7 21 33 34 97
c 5 64 25 92 108
c 62 51 15 21 136
c 21 28 69 11 98
c 34 69 82 34 106
c 57 67 94 45 104
c 6 35 31 42 129
c 5 30 25 80 84
c 52 79 81 65 160
c 48 83 29 47 142
c 55 72 25 26 156
c 35 95 80 17 120
c 62 60 53 92 105
c 64 94 23 62 85
c 30 96 67 75 120
c 38 60 29 44 102
c 94 40 49 11 117
c 69 87 15 22 86
c 55 45 13 35 101
c 71 61 27 53 136
c 9 89 80 96 143
c 6 75 8 37 165
c 71 5 23 64 103
c 36 6 59 83 104
c 96 98 62 66 145
c 63 38 88 24 92
c 22 77 76 45 161
c 68 90 66 18 83
c 17 24 72 50 83
c 89 56 2 69 156
c 66 90 9 72 117
c 81 82 43 18 167
c 58 14 17 18 134
c 22 91 2 8 91
c 81 43 16 24 102
c 10 40 28 12 159
c 0 81 84 68 144
c 76 52 66 52 118
c 32 37 28 10 106
c 62 51 15 86 147
c 36 50 27 68 104
c 61 30 59 63 154
c 81 3 42 14 100
c 74 56 3 47 159
c 31 13 26 25 119
c 77 8 19 60 102
c 75 8 79 69 121
c 26 60 18 66 87
c 88 83 50 51 136
c 87 58 26 45 170
c 92 84 45 16 159
c 98 2 16 67 168
c 27 18 84 44 146
c 57 10 42 75 127
c 54 28 75 14 136
c 34 99 68 28 108
c 53 60 55 60 79
c 76 65 16 61 119
c 13 96 35 40 142
c 36 50 59 90 118
c 30 11 90 25 100
c 62 33 54 60 150
c 51 77 48 42 138
c 45 19 95 69 161
c 1 97 65 40 117
c 49 58 17 33 100
c 29 47 18 29 160
c 87 80 50 7 77
c 78 17 37 57 167
c 58 1 18 93 118
c 84 85 51 22 105
c 73 55 12 68 158
c 47 55 31 50 109
c 67 20 10 87 92
c 65 98 34 17 132
c 97 98 25 83 81
c 35 41 30 31 150
c 15 12 87 14 80
c 64 21 97 96 117
c 32 68 15 78 98
c 36 37 5 99 168
c 13 43 11 21 92
c 31 1 95 86 134
c 32 56 37 79 124
c 82 71 17 4 119
c 87 46 54 55 120
c 33 22 35 40 154
c 82 43 12 88 112
c 2 4 48 34 99
c 68 29 55 56 119
c 37 11 65 71 94
c 87 11 73 55 78
c 18 40 96 97 113
c 52 50 42 58 124
c 48 98 33 64 114
c 47 68 12 76 131
c 79 73 93 23 111
c 39 34 18 10 76
c 66 67 54 66 107
c 59 83 94 56 96
c 71 72 3 10 120
c 73 78 51 80 138
c 23 32 33 73 163
c 86 34 90 91 146
c 88 50 20 97 118
c 35 51 41 29 78
c 82 26 33 22 129
c 43 11 63 46 77
c 26 5 25 67 139
c 56 93 69 76 173
c 53 81 63 80 129
c 45 42 59 9 134
c 4 28 4 12 165
c 27 4 58 16 149
c 13 67 28 73 157
c 42 13 98 40 129
c 29 79 64 34 122
c 63 70 63 80 110
c 72 71 78 86 143
c 60 61 14 89 98
c 24 16 33 48 155
c 76 77 0 65 116
c 41 59 5 69 110
c 3 84 1 57 79
c 95 69 16 19 174
c 12 17 67 40 112
c 23 14 76 77 125
c 37 38 41 58 111
c 15 40 69 8 169
c 33 8 18 62 136
c 91 96 51 41 81
c 15 86 35 11 154
c 29 76 14 40 100
c 34 66 10 41 159
c 31 1 57 21 116
c 40 38 73 20 173
c 55 25 76 49 148
c 93 72 40 89 83
c 6 74 68 58 93
c 32 57 8 85 126
c 60 70 72 50 137
c 76 52 27 45 93
c 3 4 87 81 158
c 97 40 94 37 125
c 38 41 64 20 156
c 97 23 4 20 103
c 32 64 74 44 165
c 93 72 63 46 165
c 28 11 56 41 141
c 21 28 98 31 123
c 29 43 89 34 168
c 98 22 86 40 147
c 9 97 61 6 158
c 32 83 58 3 129
c 50 44 69 76 126
c 26 87 56 10 170
c 68 75 43 18 127
c 8 89 56 46 81
c 21 3 51 77 172
c 74 19 95 7 134
c 59 27 90 70 115
c 29 20 51 43 141
c 90 88 97 60 155
c 97 74 76 74 103
c 77 42 15 26 156
c 92 96 14 99 99
c 79 73 83 59 166
c 42 40 83 21 163
c 57 47 25 87 151
c 49 38 15 78 99
c 1 71 33 84 135
c 19 47 91 83 132
c 93 44 1 78 87
c 58 67 59 41 124
c 71 21 97 85 104
c 35 57 38 29 100
c 90 35 38 83 75
c 17 47 2 96 169
c 65 71 57 74 104
c 81 3 65 47 163
c 80 96 45 29 146
c 31 13 45 16 106
c 19 28 98 88 96
c 62 66 11 7 137
c 66 5 74 60 156
c 91 85 88 94 149
c 28 7 88 99 104
c 28 88 61 21 157
c 63 80 24 3 136
c 77 12 32 81 94
c 64 98 70 26 127
c 85 10 53 12 172
c 2 3 64 21 82
c 90 72 95 84 117
c 58 65 62 41 174
c 77 22 74 24 101
c 47 74 85 95 174
c 6 62 67 75 174
c 41 28 1 96 78
c 69 84 66 24 153
c 12 67 42 24 110
c 34 73 24 25 80
c 28 88 77 28 91
c 26 68 85 32 121
c 11 71 88 24 117
c 66 5 89 57 138
c 56 67 35 24 135
c 3 20 25 29 149
c 6 74 72 9 147
c 88 89 84 35 154
c 40 38 67 20 78
c 68 58 74 19 107
c 14 40 81 62 161
c 65 40 82 83 118
c 86 25 29 40 164
c 32 97 48 94 76
c 5 98 85 13 85
c 30 21 2 16 131
c 87 22 61 18 95
c 81 46 31 47 80
c 46 15 5 72 140
c 92 47 28 18 127
c 40 21 77 82 131
c 69 28 15 78 144
c 2 96 71 95 80
c 52 65 36 37 128
c 5 3 82 26 117
c 94 4 51 29 134
c 36 2 10 11 174
c 89 84 38 34 134
c 81 63 74 24 79
c 94 46 52 34 79
c 39 21 87 22 113
c 14 17 89 41 164
c 62 63 4 99 96
c 66 88 60 56 111
c 38 69 24 25 139
c 73 40 77 28 142
c 31 73 68 86 99
c 61 70 26 55 118
c 84 50 29 28 124
c 44 58 80 55 107
c 4 12 22 23 169
c 91 42 49 85 171
c 78 75 13 24 137
c 90 53 49 11 137
c 85 13 83 7 148
c 95 19 21 67 161
c 18 97 64 98 113
c 2 96 83 7 155
c 1 96 10 1 76
c 59 3 19 63 121
c 40 88 27 88 85
c 25 6 69 31 104
c 63 3 75 53 88
c 86 53 49 85 81
c 26 88 43 88 95
c 68 11 94 40 129
c 3 87 95 30 169
