notes: n=100, m=990, elb=1, eub=20, density=0.1, conf_density=0.003, clb=75, cub= 175, seed= 5924
p spec 100 990 1468
s 0
t 99
a 0 1 4
a 0 14 4
a 0 43 2
a 0 81 3
a 0 50 19
a 0 59 16
a 1 2 6
a 1 9 17
a 1 88 7
a 1 59 15
a 1 50 6
a 1 25 1
a 1 31 14
a 1 33 8
a 2 3 3
a 2 65 1
a 2 5 7
a 2 68 4
a 2 88 4
a 2 16 2
a 2 22 18
a 2 31 17
a 2 86 19
a 2 24 1
a 2 38 17
a 2 19 7
a 2 8 6
a 3 4 2
a 3 58 4
a 3 86 11
a 3 14 15
a 3 99 10
a 3 17 17
a 3 45 12
a 3 78 16
a 3 80 11
a 3 32 8
a 3 57 17
a 4 5 12
a 4 26 15
a 4 7 13
a 4 72 7
a 4 35 17
a 4 9 5
a 4 19 14
a 4 71 16
a 4 23 15
a 4 45 11
a 5 6 10
a 5 16 17
a 5 71 15
a 5 55 13
a 5 41 1
a 5 62 10
a 5 65 14
a 5 21 4
a 6 7 13
a 6 97 7
a 6 55 10
a 6 19 10
a 6 90 9
a 6 31 12
a 6 80 8
a 6 22 9
a 6 74 9
a 7 8 2
a 7 66 15
a 7 82 7
a 7 23 14
a 7 94 12
a 7 39 11
a 7 99 17
a 7 98 7
a 7 10 13
a 7 69 17
a 7 50 1
a 7 51 19
a 7 6 17
a 7 4 18
a 7 5 15
a 8 9 17
a 8 53 13
a 8 92 4
a 8 48 17
a 8 31 17
a 8 22 14
a 8 36 3
a 8 76 11
a 8 39 12
a 8 91 19
a 8 83 10
a 8 88 2
a 8 4 17
a 9 10 7
a 9 21 17
a 9 57 12
a 9 98 10
a 9 61 8
a 9 62 17
a 9 38 15
a 9 31 5
a 9 20 13
a 9 74 17
a 9 89 16
a 10 11 12
a 10 72 18
a 10 4 7
a 10 27 18
a 10 49 17
a 10 33 9
a 10 67 11
a 10 77 5
a 10 70 5
a 10 73 18
a 10 86 14
a 10 93 11
a 11 12 1
a 11 78 11
a 11 61 16
a 11 32 6
a 11 72 8
a 11 46 14
a 11 10 12
a 11 79 7
a 11 63 13
a 11 85 3
a 12 13 6
a 12 86 14
a 12 41 7
a 12 32 16
a 12 91 16
a 12 93 2
a 12 29 5
a 12 47 19
a 12 2 7
a 12 8 2
a 12 28 5
a 12 54 3
a 13 14 15
a 13 91 16
a 13 76 7
a 13 61 2
a 13 2 14
a 13 83 12
a 13 35 11
a 13 44 10
a 13 51 3
a 13 58 4
a 13 99 4
a 13 27 12
a 13 93 4
a 14 15 13
a 14 64 19
a 14 69 9
a 14 58 15
a 14 92 19
a 14 30 10
a 14 88 9
a 14 25 17
a 14 74 15
a 14 28 5
a 14 39 7
a 15 16 7
a 15 36 16
a 15 89 18
a 15 73 5
a 15 74 16
a 15 8 18
a 15 29 19
a 15 86 17
a 16 17 1
a 16 9 5
a 16 60 18
a 16 1 11
a 16 44 12
a 16 19 11
a 16 2 4
a 16 21 2
a 16 56 1
a 17 18 13
a 17 19 9
a 17 43 16
a 17 89 18
a 17 11 16
a 17 94 18
a 17 4 1
a 17 2 18
a 17 80 18
a 17 7 10
a 17 40 14
a 18 19 18
a 18 7 12
a 18 8 8
a 18 10 3
a 18 76 5
a 18 22 3
a 18 43 5
a 18 48 8
a 18 41 8
a 19 20 3
a 19 28 6
a 19 33 12
a 19 32 6
a 19 79 7
a 19 60 12
a 19 68 18
a 19 36 17
a 20 21 17
a 20 66 5
a 20 57 13
a 20 56 8
a 20 13 10
a 20 5 15
a 20 37 13
a 20 39 12
a 20 69 12
a 20 36 10
a 20 26 15
a 20 97 1
a 20 14 7
a 20 87 3
a 21 22 7
a 21 52 11
a 21 27 3
a 21 84 4
a 21 51 10
a 21 73 8
a 21 26 9
a 21 36 13
a 21 96 12
a 21 6 7
a 21 85 12
a 21 83 5
a 22 23 14
a 22 5 4
a 22 8 9
a 22 32 2
a 22 92 3
a 22 16 11
a 22 14 12
a 22 58 7
a 22 89 17
a 22 95 11
a 22 24 8
a 22 31 4
a 22 50 1
a 22 98 1
a 23 24 9
a 23 83 8
a 23 62 5
a 23 80 1
a 23 41 15
a 23 18 19
a 23 17 1
a 23 59 1
a 23 9 14
a 24 25 1
a 24 52 5
a 24 59 16
a 24 5 3
a 24 30 13
a 24 88 12
a 24 2 11
a 24 40 3
a 24 76 8
a 24 4 15
a 24 60 13
a 24 87 10
a 24 66 19
a 24 53 12
a 25 26 19
a 25 75 5
a 25 4 3
a 25 14 2
a 25 28 13
a 25 56 14
a 25 7 3
a 25 70 7
a 25 93 5
a 25 38 10
a 25 50 4
a 26 27 3
a 26 53 3
a 26 13 5
a 26 14 9
a 26 84 7
a 26 6 13
a 26 49 10
a 26 16 19
a 26 88 14
a 26 5 11
a 26 12 8
a 26 94 14
a 26 51 17
a 26 70 18
a 27 28 16
a 27 80 1
a 27 74 9
a 27 77 13
a 27 18 12
a 27 63 16
a 27 56 19
a 27 1 15
a 27 12 13
a 27 54 1
a 28 29 1
a 28 21 4
a 28 57 17
a 28 72 1
a 28 66 13
a 28 48 3
a 28 71 8
a 28 89 4
a 28 76 14
a 28 88 6
a 29 30 2
a 29 65 2
a 29 43 13
a 29 34 19
a 29 14 19
a 29 50 8
a 29 42 10
a 29 83 2
a 29 51 18
a 29 53 11
a 29 7 4
a 30 31 1
a 30 65 14
a 30 53 12
a 30 1 4
a 30 37 3
a 30 38 11
a 30 34 13
a 30 63 8
a 30 5 13
a 30 50 8
a 31 32 3
a 31 90 4
a 31 26 13
a 31 56 15
a 31 95 13
a 31 11 6
a 31 98 16
a 31 34 16
a 31 62 18
a 31 37 2
a 31 16 2
a 32 33 7
a 32 16 13
a 32 24 2
a 32 40 8
a 32 43 6
a 32 39 14
a 32 48 5
a 32 30 3
a 32 38 19
a 32 95 4
a 32 66 5
a 32 31 19
a 32 3 2
a 32 87 18
a 32 56 2
a 32 85 2
a 33 34 11
a 33 67 14
a 33 49 10
a 33 28 2
a 33 64 12
a 34 35 13
a 34 1 19
a 34 33 9
a 34 6 19
a 34 98 6
a 34 7 13
a 34 58 12
a 34 66 14
a 34 3 9
a 34 89 5
a 34 25 1
a 34 55 13
a 35 36 9
a 35 46 17
a 35 2 19
a 35 37 15
a 35 34 8
a 35 87 3
a 35 73 17
a 35 97 2
a 35 67 2
a 35 57 3
a 35 98 3
a 35 76 14
a 36 37 19
a 36 82 6
a 36 11 15
a 36 57 8
a 36 61 18
a 36 77 2
a 36 3 14
a 36 7 1
a 36 21 16
a 36 27 14
a 36 89 1
a 36 33 5
a 36 98 10
a 37 38 18
a 37 35 16
a 37 94 13
a 37 8 13
a 37 2 16
a 37 84 8
a 37 88 6
a 37 69 3
a 37 85 1
a 38 39 18
a 38 80 2
a 38 31 3
a 38 40 9
a 38 55 15
a 39 40 1
a 39 70 2
a 39 25 1
a 39 33 13
a 39 92 5
a 39 94 11
a 39 30 9
a 39 74 11
a 39 77 13
a 39 12 13
a 39 32 6
a 39 71 18
a 40 41 7
a 40 59 2
a 40 54 9
a 40 23 1
a 40 13 8
a 40 9 8
a 40 82 19
a 40 25 6
a 40 88 3
a 40 44 2
a 40 43 12
a 41 42 18
a 41 15 2
a 41 59 14
a 41 84 12
a 41 14 8
a 41 64 16
a 41 67 1
a 41 61 19
a 41 54 3
a 41 12 2
a 42 43 13
a 42 89 4
a 42 61 11
a 42 74 1
a 42 51 11
a 42 40 14
a 42 46 19
a 43 44 11
a 43 56 4
a 43 90 15
a 43 42 16
a 43 17 4
a 43 30 18
a 43 35 7
a 43 31 13
a 43 89 18
a 43 49 8
a 43 52 19
a 43 33 1
a 43 57 14
a 43 5 10
a 44 45 9
a 44 84 13
a 44 23 11
a 44 64 3
a 44 22 1
a 44 72 13
a 44 60 13
a 44 13 19
a 44 39 4
a 44 92 12
a 45 46 8
a 45 36 4
a 45 70 10
a 45 1 8
a 45 42 9
a 45 56 17
a 45 14 16
a 45 43 19
a 45 40 19
a 45 24 5
a 45 51 5
a 45 41 11
a 45 20 17
a 46 47 2
a 46 19 17
a 46 4 16
a 46 9 16
a 46 50 5
a 46 78 16
a 46 28 18
a 46 66 12
a 46 36 16
a 46 93 12
a 46 24 15
a 46 37 5
a 46 82 13
a 46 55 5
a 46 92 6
a 46 65 9
a 46 2 19
a 47 48 5
a 47 34 2
a 47 51 17
a 47 36 16
a 47 62 7
a 47 14 19
a 47 42 18
a 47 28 17
a 47 3 17
a 48 49 6
a 48 36 9
a 48 21 9
a 48 34 8
a 48 59 9
a 48 77 12
a 48 6 7
a 48 3 1
a 48 23 8
a 48 12 1
a 48 84 5
a 49 50 9
a 49 6 3
a 49 99 12
a 49 35 8
a 49 3 19
a 50 51 1
a 50 30 14
a 50 78 3
a 50 53 18
a 50 96 13
a 50 32 7
a 50 14 4
a 50 94 5
a 51 52 11
a 51 49 5
a 51 29 2
a 51 7 1
a 51 11 1
a 51 65 14
a 51 38 7
a 51 8 6
a 51 39 11
a 51 90 7
a 51 77 9
a 51 76 15
a 51 47 12
a 51 2 11
a 52 53 4
a 52 11 9
a 52 69 12
a 52 99 11
a 52 17 16
a 52 93 19
a 53 54 15
a 53 55 13
a 53 71 6
a 53 86 15
a 53 94 16
a 53 35 1
a 53 67 8
a 53 23 1
a 53 85 11
a 53 81 9
a 53 6 7
a 53 91 7
a 53 21 10
a 53 5 6
a 54 55 13
a 54 38 8
a 54 31 10
a 54 75 9
a 54 33 6
a 54 69 12
a 54 62 13
a 54 36 15
a 54 40 3
a 55 56 18
a 55 58 13
a 55 22 15
a 55 17 8
a 55 50 14
a 55 87 6
a 55 86 8
a 55 23 16
a 55 25 9
a 55 5 17
a 56 57 17
a 56 83 8
a 56 51 19
a 56 6 8
a 56 27 15
a 56 2 14
a 56 93 5
a 56 15 2
a 56 84 3
a 56 30 9
a 56 10 10
a 56 97 8
a 57 58 6
a 57 66 7
a 57 18 7
a 57 70 16
a 57 86 10
a 57 62 2
a 57 64 12
a 57 25 15
a 57 31 18
a 57 79 10
a 58 59 17
a 58 74 18
a 58 41 11
a 58 26 15
a 58 3 14
a 58 46 15
a 58 86 19
a 58 50 18
a 58 66 16
a 58 27 2
a 58 33 16
a 59 60 19
a 59 85 14
a 59 51 2
a 59 86 19
a 59 55 18
a 59 8 11
a 59 9 15
a 59 24 9
a 59 22 18
a 59 91 3
a 59 61 15
a 60 61 12
a 60 87 7
a 60 70 7
a 60 28 9
a 60 39 2
a 60 38 12
a 60 32 8
a 60 75 19
a 60 11 16
a 60 8 13
a 60 44 12
a 60 21 1
a 60 26 14
a 61 62 16
a 61 4 19
a 61 23 19
a 61 14 11
a 61 48 17
a 61 19 1
a 61 65 1
a 62 63 18
a 62 14 6
a 62 56 8
a 62 87 16
a 62 93 10
a 62 58 9
a 62 66 5
a 63 64 8
a 63 42 3
a 63 57 2
a 63 44 13
a 63 30 6
a 63 24 8
a 63 14 14
a 63 8 8
a 63 6 14
a 63 50 3
a 64 65 7
a 64 26 4
a 64 70 6
a 64 68 18
a 65 66 9
a 65 25 18
a 65 34 10
a 65 95 13
a 65 61 7
a 65 45 1
a 65 82 3
a 65 71 19
a 66 67 12
a 66 48 5
a 66 35 5
a 66 94 16
a 66 42 9
a 66 68 9
a 66 88 6
a 66 11 17
a 67 68 1
a 67 24 5
a 67 12 7
a 67 45 5
a 67 3 15
a 67 80 17
a 67 41 5
a 67 2 9
a 67 32 6
a 67 16 16
a 67 44 3
a 67 20 17
a 67 96 13
a 68 69 9
a 68 32 11
a 68 63 14
a 68 65 11
a 68 70 17
a 68 82 2
a 68 60 12
a 68 16 8
a 68 80 18
a 68 14 13
a 68 6 4
a 69 70 14
a 69 18 17
a 69 50 7
a 69 26 2
a 69 60 14
a 69 93 3
a 70 71 14
a 70 99 7
a 70 38 11
a 70 51 3
a 70 1 1
a 70 88 16
a 70 55 7
a 70 16 5
a 71 72 7
a 71 16 12
a 71 32 7
a 71 8 5
a 71 65 18
a 71 54 11
a 71 20 8
a 72 73 16
a 72 35 12
a 72 32 2
a 72 1 17
a 72 4 3
a 72 58 7
a 72 91 5
a 72 31 13
a 72 21 2
a 72 50 19
a 73 74 8
a 73 8 11
a 73 37 4
a 73 65 9
a 73 66 16
a 73 84 12
a 73 59 17
a 73 75 17
a 73 72 12
a 73 69 11
a 74 75 17
a 74 27 15
a 74 81 4
a 74 35 16
a 74 56 1
a 74 5 13
a 74 71 2
a 75 76 19
a 75 43 9
a 75 14 2
a 75 99 5
a 75 25 11
a 75 20 16
a 75 69 9
a 75 36 2
a 75 56 12
a 76 77 13
a 76 84 12
a 76 6 5
a 76 70 2
a 76 95 1
a 76 53 10
a 77 78 19
a 77 18 10
a 77 8 8
a 77 27 17
a 77 92 6
a 78 79 6
a 78 49 12
a 78 25 5
a 78 15 15
a 78 1 19
a 78 88 7
a 79 80 1
a 79 14 13
a 79 60 16
a 79 65 8
a 79 95 10
a 79 64 2
a 79 22 9
a 79 26 17
a 79 88 5
a 79 33 16
a 79 32 10
a 79 28 13
a 79 85 19
a 79 38 16
a 79 40 17
a 79 61 7
a 79 71 19
a 80 81 3
a 80 11 16
a 80 15 12
a 80 68 12
a 80 66 2
a 80 93 12
a 80 92 11
a 80 18 14
a 80 60 13
a 80 53 13
a 80 95 16
a 80 59 9
a 80 50 8
a 80 12 5
a 81 82 10
a 81 98 18
a 81 80 10
a 81 19 13
a 81 20 12
a 81 6 7
a 81 64 4
a 81 47 14
a 81 83 14
a 82 83 16
a 82 53 19
a 82 57 17
a 82 58 1
a 82 59 7
a 82 84 12
a 82 56 14
a 83 84 6
a 83 96 10
a 83 87 13
a 83 8 17
a 83 16 13
a 83 1 19
a 83 95 6
a 83 10 19
a 84 85 5
a 84 60 4
a 84 95 17
a 84 23 8
a 84 86 15
a 84 61 6
a 84 80 15
a 85 86 8
a 85 89 10
a 85 54 3
a 85 6 4
a 85 2 3
a 85 72 6
a 85 39 9
a 85 80 6
a 86 87 8
a 86 27 4
a 86 60 18
a 86 61 12
a 86 39 4
a 86 63 7
a 86 26 1
a 86 15 11
a 86 84 1
a 86 6 16
a 87 88 18
a 87 98 17
a 87 5 16
a 87 65 1
a 87 75 7
a 87 7 8
a 87 24 9
a 87 1 3
a 88 89 4
a 88 75 19
a 88 40 1
a 88 17 1
a 88 4 1
a 88 35 14
a 88 85 14
a 88 69 8
a 88 28 4
a 88 32 9
a 88 7 2
a 88 36 19
a 88 6 3
a 88 9 10
a 89 90 8
a 89 77 14
a 89 66 7
a 89 16 5
a 89 99 11
a 89 92 14
a 89 72 17
a 89 95 9
a 89 96 3
a 89 24 2
a 90 91 16
a 90 49 19
a 90 84 15
a 90 88 16
a 91 92 14
a 91 43 16
a 91 41 17
a 91 24 6
a 91 58 8
a 91 53 9
a 91 6 15
a 91 82 5
a 91 28 5
a 92 93 18
a 92 5 13
a 92 52 13
a 92 88 6
a 92 47 2
a 92 62 12
a 92 56 5
a 92 3 5
a 92 71 2
a 93 94 8
a 93 77 2
a 93 9 1
a 93 3 10
a 93 82 17
a 93 90 16
a 93 59 17
a 94 95 8
a 94 22 10
a 94 81 1
a 94 58 12
a 94 35 14
a 94 39 11
a 94 14 9
a 94 49 19
a 94 86 13
a 95 96 11
a 95 61 16
a 95 44 11
a 95 20 8
a 95 10 8
a 95 36 4
a 95 27 17
a 95 29 6
a 95 63 17
a 95 85 18
a 95 74 4
a 95 22 8
a 96 97 4
a 96 40 13
a 96 49 11
a 96 93 18
a 96 72 1
a 96 86 19
a 96 4 8
a 96 83 13
a 96 68 5
a 96 75 6
a 96 20 11
a 96 1 14
a 97 98 2
a 97 69 7
a 97 71 3
a 97 28 11
a 97 4 19
a 97 2 6
a 97 19 10
a 97 27 13
a 97 90 10
a 97 48 9
a 98 99 11
a 98 44 16
a 98 40 13
a 98 90 18
a 98 28 17
a 98 72 17
a 98 55 15
a 98 83 15
c 51 47 96 49 127
c 19 32 88 35 159
c 92 52 7 23 152
c 29 83 51 38 160
c 28 29 6 31 126
c 63 57 13 14 110
c 74 27 54 69 126
c 84 23 46 9 127
c 53 5 85 39 98
c 41 67 93 3 167
c 65 95 80 53 90
c 49 3 66 35 155
c 75 20 65 66 148
c 25 50 2 38 104
c 64 68 90 88 133
c 57 66 7 98 118
c 26 16 79 61 159
c 5 16 32 43 121
c 97 48 48 34 132
c 12 47 10 11 110
c 36 37 43 90 94
c 97 71 66 35 153
c 45 70 46 19 80
c 45 46 89 95 118
c 29 83 40 59 158
c 14 39 1 25 138
c 49 6 2 38 130
c 1 25 30 50 100
c 42 43 35 34 135
c 79 88 8 36 118
c 13 44 20 69 82
c 72 4 23 80 121
c 15 89 30 37 149
c 55 25 91 43 119
c 58 41 10 27 132
c 7 39 71 54 119
c 29 50 20 57 146
c 88 28 93 94 80
c 49 3 14 74 113
c 91 43 52 99 147
c 4 23 96 97 127
c 32 33 54 31 104
c 61 4 16 44 119
c 72 1 45 14 137
c 40 59 13 58 147
c 66 11 27 1 137
c 29 50 27 63 128
c 15 89 88 6 133
c 67 20 30 1 84
c 25 50 55 86 90
c 90 84 62 14 75
c 40 44 6 22 98
c 56 93 6 31 133
c 30 50 95 61 154
c 51 38 65 66 86
c 36 21 3 4 173
c 82 57 63 30 124
c 45 41 31 37 129
c 21 96 32 16 171
c 8 39 60 38 149
c 14 74 66 11 151
c 22 95 8 76 160
c 61 48 8 31 104
c 97 28 41 84 134
c 9 62 68 16 150
c 97 4 14 74 75
c 37 94 66 11 104
c 69 70 39 32 79
c 21 84 47 48 100
c 42 40 6 31 78
c 53 85 61 62 126
c 25 70 16 21 125
c 65 95 3 99 162
c 56 97 72 31 112
c 95 61 54 62 100
c 23 62 79 64 128
c 48 84 36 57 78
c 81 83 42 46 109
c 29 53 31 16 163
c 55 50 7 6 102
c 94 35 65 95 107
c 8 53 79 32 118
c 22 92 12 41 97
c 76 95 6 80 152
c 25 28 11 63 123
c 88 89 96 97 84
c 10 27 9 61 153
c 17 43 64 68 109
c 68 69 24 88 80
c 46 65 68 32 96
c 81 98 88 4 119
c 78 15 37 38 159
c 62 87 58 3 93
c 68 70 72 31 144
c 8 4 16 56 157
c 19 68 22 8 106
c 37 88 93 59 121
c 30 5 14 39 147
c 73 72 56 84 143
c 44 72 17 43 98
c 3 57 58 33 137
c 83 84 2 5 98
c 70 16 16 56 163
c 20 13 8 83 168
c 27 54 72 50 111
c 98 44 42 74 147
c 64 68 55 58 93
c 70 99 30 37 166
c 7 4 60 38 107
c 10 4 41 42 162
c 42 40 24 88 148
c 31 62 12 91 110
c 63 57 8 48 115
c 53 54 97 2 147
c 31 32 75 99 126
c 21 85 57 31 139
c 48 6 68 82 161
c 15 16 21 84 108
c 51 11 37 8 140
c 47 36 68 80 141
c 61 4 25 4 101
c 72 58 42 61 148
c 7 99 79 38 92
c 25 38 57 64 102
c 51 52 80 66 120
c 28 21 72 21 83
c 96 75 5 62 143
c 4 26 56 97 92
c 14 25 46 50 144
c 86 27 60 39 125
c 41 54 32 87 128
c 47 28 44 64 85
c 68 80 76 6 147
c 46 9 39 40 139
c 95 61 75 43 136
c 46 82 37 69 95
c 46 2 16 44 140
c 14 25 55 86 166
c 74 5 7 23 97
c 63 30 63 57 92
c 93 77 31 56 111
c 4 45 85 80 129
c 88 9 85 72 166
c 56 30 51 47 162
c 58 59 29 65 133
c 54 33 68 65 141
c 96 93 93 3 108
c 27 12 10 49 94
c 58 27 93 59 129
c 98 90 56 6 141
c 60 70 91 6 142
c 17 18 39 33 91
c 7 51 27 77 123
c 80 95 29 53 170
c 83 10 17 2 146
c 73 72 41 54 125
c 19 68 89 90 150
c 46 65 88 69 147
c 17 2 58 46 162
c 16 19 8 76 108
c 35 73 53 81 128
c 10 27 15 89 126
c 2 31 15 36 125
c 7 50 67 41 160
c 54 36 25 56 142
c 95 20 36 37 173
c 2 68 2 31 127
c 59 86 10 72 115
c 22 5 21 73 157
c 57 62 13 44 99
c 54 40 13 51 155
c 6 55 48 77 132
c 86 27 0 43 133
c 45 20 68 6 150
c 53 6 6 19 94
c 60 75 21 84 138
c 58 33 36 37 167
c 79 65 89 77 158
c 98 90 60 8 76
c 14 69 12 13 133
c 22 89 37 38 116
c 32 56 26 14 111
c 87 98 44 13 122
c 30 31 13 93 136
c 96 75 96 68 103
c 42 40 58 46 108
c 54 55 58 41 84
c 10 11 33 28 145
c 40 9 39 77 126
c 58 3 20 26 163
c 82 84 75 76 76
c 5 62 39 25 151
c 13 61 81 20 79
c 65 66 71 72 162
c 96 83 74 5 136
c 13 27 77 78 100
c 5 16 92 71 127
c 58 66 47 51 151
c 84 80 46 82 81
c 46 4 52 53 125
c 93 82 7 6 126
c 84 23 3 4 145
c 77 27 81 83 76
c 82 56 12 29 92
c 3 32 81 82 167
c 31 11 14 30 120
c 20 97 92 47 119
c 80 92 98 40 108
c 4 9 48 23 107
c 88 4 96 72 102
c 6 55 26 53 125
c 29 50 83 95 133
c 31 90 26 70 112
c 56 27 8 39 97
c 83 10 86 61 99
c 46 66 51 49 166
c 6 97 4 19 139
c 90 84 29 30 172
c 53 35 16 19 108
c 64 65 94 39 126
c 64 70 38 80 144
c 38 39 23 80 107
c 59 85 81 83 126
c 17 7 79 32 99
c 59 85 88 89 78
c 90 49 29 50 129
c 21 51 97 28 85
c 57 66 96 72 126
c 66 11 8 91 103
c 96 86 32 16 126
c 90 88 71 8 117
c 47 34 80 66 100
c 53 71 43 30 148
c 17 19 58 33 104
c 19 68 7 5 160
c 7 69 5 55 142
c 18 48 41 54 124
c 65 66 52 11 152
c 43 57 88 85 174
c 63 6 22 32 88
c 63 57 15 89 137
c 7 94 60 11 157
c 8 9 16 56 164
c 33 28 58 33 96
c 51 52 61 19 110
c 5 21 81 19 127
c 23 41 91 82 149
c 19 60 76 95 146
c 23 59 31 32 145
c 18 43 51 8 146
c 32 48 27 54 104
c 28 71 27 12 174
c 10 4 24 5 171
c 59 86 32 95 166
c 52 69 53 86 92
c 42 46 4 26 85
c 40 88 19 32 142
c 78 15 72 32 80
c 74 56 96 49 102
c 77 78 58 50 109
c 56 15 36 7 95
c 39 71 97 27 77
c 54 75 57 25 90
c 80 18 96 49 169
c 35 67 12 91 161
c 83 95 55 25 104
c 57 66 83 8 96
c 11 78 6 22 101
c 80 95 21 84 172
c 32 66 55 87 102
c 43 17 20 97 95
c 87 1 9 98 117
c 45 41 14 92 97
c 24 52 55 56 144
c 32 87 26 53 78
c 67 24 10 86 146
c 89 66 19 68 93
c 36 33 47 62 137
c 45 43 58 74 168
c 54 38 8 22 105
c 27 12 27 28 171
c 1 50 34 66 84
c 91 82 80 53 147
c 25 70 20 87 167
c 25 70 10 33 160
c 50 32 12 13 160
c 95 22 59 8 124
c 32 66 44 22 135
c 80 92 51 2 84
c 35 97 3 17 86
c 25 38 11 46 75
c 75 14 27 18 97
c 24 52 70 99 118
c 23 62 76 84 146
c 91 92 12 28 98
c 92 93 4 71 99
c 29 42 36 77 142
c 36 7 13 35 136
c 67 45 6 80 160
c 47 42 46 28 141
c 46 55 4 26 156
c 93 90 75 69 76
c 93 9 96 4 140
c 60 8 70 1 105
c 36 33 8 9 100
c 22 58 85 86 97
c 88 6 63 44 89
c 28 29 60 61 162
c 6 80 18 41 98
c 14 58 34 58 154
c 73 66 56 15 157
c 24 88 65 61 123
c 68 65 79 22 88
c 80 15 19 20 104
c 98 99 32 40 111
c 71 20 8 76 84
c 44 84 36 7 134
c 49 6 31 16 114
c 48 6 35 46 172
c 32 40 84 61 172
c 51 65 27 28 94
c 85 86 94 49 124
c 59 86 35 2 79
c 74 75 52 11 159
c 62 63 25 70 170
c 49 3 46 50 121
c 51 8 2 38 137
c 48 49 92 56 115
c 9 31 7 6 131
c 13 35 49 50 102
c 88 17 5 71 93
c 9 98 71 20 133
c 46 50 97 71 126
c 56 93 20 56 105
c 49 3 40 9 77
c 91 53 69 50 81
c 2 86 53 54 129
c 7 98 46 36 104
c 45 41 35 37 100
c 46 65 23 62 164
c 45 41 14 74 82
c 31 34 68 65 118
c 73 75 7 5 87
c 88 9 75 14 129
c 5 65 46 28 112
c 44 22 2 5 136
c 62 56 25 14 110
c 8 39 36 98 174
c 97 98 10 33 163
c 21 27 7 66 79
c 39 70 79 40 93
c 31 62 39 92 126
c 12 86 30 37 78
c 25 26 51 8 174
c 29 7 46 4 171
c 84 95 63 6 147
c 0 43 29 7 105
c 47 48 46 66 79
c 10 49 12 2 103
c 21 83 25 50 112
c 80 95 48 12 98
c 42 51 37 88 162
c 58 26 53 71 172
c 63 24 55 23 91
c 43 52 36 98 152
c 92 47 95 22 128
c 55 17 84 60 141
c 47 36 95 44 153
c 53 86 48 84 131
c 73 37 85 2 82
c 13 2 5 65 144
c 79 28 90 49 97
c 62 87 83 95 135
c 8 48 89 72 88
c 25 28 14 28 116
c 14 69 0 14 162
c 21 51 97 69 89
c 78 79 51 29 85
c 26 13 32 85 142
c 67 44 61 19 137
c 96 68 41 67 168
c 26 84 58 33 121
c 10 4 81 19 123
c 88 40 41 12 146
c 23 59 40 9 125
c 13 76 48 6 162
c 56 27 96 4 149
c 19 33 4 5 109
c 9 38 3 58 172
c 79 85 38 39 126
c 12 93 32 43 152
c 42 40 10 49 171
c 67 96 2 68 114
c 25 75 69 60 159
c 79 33 79 95 129
c 96 4 12 28 83
c 81 47 22 58 148
c 13 76 85 89 118
c 87 75 3 45 173
c 79 95 33 28 135
c 76 77 7 5 96
c 18 41 29 50 94
c 79 80 68 63 169
c 54 33 37 69 82
c 89 66 67 16 93
c 94 81 10 77 150
c 17 94 7 50 149
c 42 40 3 45 159
c 58 26 98 99 108
c 45 40 79 61 125
c 28 29 73 37 141
c 46 4 96 72 120
c 64 65 60 8 163
c 84 23 56 97 89
c 69 26 80 93 125
c 34 98 65 34 159
c 74 75 88 40 169
c 85 54 94 14 93
c 30 63 60 39 163
c 54 69 40 25 160
c 7 82 45 24 140
c 35 34 27 18 124
c 70 51 21 6 121
c 70 38 50 94 134
c 8 83 69 26 160
c 33 49 6 90 87
c 84 95 7 39 85
c 60 26 46 28 149
c 42 51 3 99 96
c 8 83 35 87 167
c 65 45 11 78 91
c 62 63 40 54 92
c 24 30 26 53 75
c 74 35 1 2 118
c 90 49 12 47 101
c 62 87 16 1 104
c 30 5 95 85 84
c 51 47 56 2 77
c 44 72 25 4 97
c 48 3 42 40 81
c 85 86 9 10 116
c 8 76 3 80 109
c 88 75 98 83 116
c 30 31 46 50 147
c 87 5 4 19 148
c 23 80 53 94 155
c 27 18 14 69 142
c 75 43 67 96 153
c 27 1 79 38 106
c 52 17 16 1 98
c 56 51 90 88 131
c 58 3 6 31 134
c 88 69 29 14 81
c 10 70 47 28 167
c 58 3 24 53 84
c 87 24 1 31 113
c 18 22 25 70 86
c 40 54 72 4 163
c 15 86 41 59 122
c 67 24 42 74 121
c 80 53 77 27 82
c 61 4 45 70 152
c 61 65 64 65 117
c 2 8 89 99 97
c 87 5 35 76 145
c 87 1 36 98 153
c 78 49 33 28 84
c 27 12 67 80 144
c 68 14 22 31 83
c 12 29 85 54 174
c 10 86 26 94 95
c 45 51 66 67 169
c 21 6 53 85 87
c 24 40 52 53 161
c 94 39 67 68 148
c 79 38 16 21 150
c 12 32 9 98 94
c 2 65 57 25 171
c 86 63 34 98 118
c 41 14 31 32 123
c 14 58 26 14 76
c 17 2 28 21 101
c 92 47 52 93 164
c 11 79 71 65 123
c 8 92 88 17 122
c 3 45 30 38 162
c 61 19 39 74 80
c 76 70 25 26 87
c 40 59 31 95 168
c 79 71 72 50 128
c 26 84 81 6 93
c 37 88 41 61 106
c 39 74 43 5 128
c 6 7 83 95 134
c 37 69 9 10 120
c 5 16 34 1 169
c 90 84 67 41 158
c 34 55 18 76 164
c 11 61 58 27 75
c 81 47 92 52 77
c 25 50 39 92 126
c 67 12 80 81 158
c 15 74 43 17 97
c 40 88 57 58 97
c 48 59 14 28 111
c 42 40 43 35 111
c 8 53 46 50 129
c 77 18 82 59 156
c 22 31 87 88 135
c 57 18 43 57 147
c 18 7 31 98 134
c 53 23 31 11 163
c 3 80 46 50 110
c 52 17 87 5 129
c 5 6 57 58 104
c 44 84 40 41 147
c 81 20 37 84 119
c 65 61 58 27 108
c 82 56 16 1 102
c 46 92 47 14 158
c 11 63 94 49 113
c 14 64 12 29 153
c 70 51 80 60 116
c 97 28 3 45 114
c 24 66 74 5 101
c 86 84 73 8 140
c 11 63 1 31 93
c 36 37 95 36 173
c 79 22 52 11 104
c 81 80 50 78 115
c 73 84 25 4 103
c 16 44 13 83 154
c 53 35 94 14 115
c 31 34 69 93 77
c 18 48 70 1 141
c 70 88 31 56 112
c 78 15 37 69 164
c 46 37 18 41 147
c 60 21 33 28 133
c 25 14 76 95 92
c 28 29 68 6 164
c 61 4 83 16 142
c 14 69 94 35 104
c 59 55 46 47 139
c 46 36 15 8 102
c 60 28 62 56 160
c 41 12 13 2 154
c 8 91 80 92 111
c 87 7 32 66 99
c 3 57 8 53 126
c 43 33 23 59 76
c 28 66 61 48 81
c 69 70 13 58 117
c 46 82 67 12 153
c 34 55 74 56 163
c 68 14 39 40 138
c 60 21 61 62 151
c 64 65 73 37 165
c 79 38 15 74 136
c 26 6 84 23 132
c 79 60 44 84 109
c 97 2 84 86 94
c 13 61 50 78 151
c 3 99 22 95 129
c 15 73 10 33 80
c 5 41 12 93 140
c 75 56 46 36 136
c 21 85 92 71 78
c 4 7 60 32 75
c 40 54 10 93 135
c 14 30 96 75 125
c 13 14 54 55 154
c 89 77 60 8 100
c 3 80 41 54 104
c 67 3 82 59 113
c 22 24 30 38 162
c 44 23 28 88 140
c 10 70 56 84 86
c 26 88 39 30 118
c 85 80 48 77 115
c 24 87 58 46 115
c 91 24 15 8 122
c 51 65 26 14 168
c 40 23 58 59 116
c 48 21 78 79 149
c 12 29 48 77 109
c 7 5 48 3 109
c 12 8 4 45 75
c 39 32 24 87 166
c 81 6 12 28 98
c 69 18 41 54 142
c 85 72 43 49 138
c 77 18 56 6 168
c 51 65 85 72 134
c 86 84 81 6 130
c 56 10 56 93 130
c 89 90 18 7 148
c 38 40 80 11 121
c 80 12 29 51 156
c 68 80 21 22 170
c 33 49 58 59 80
c 52 99 80 59 126
c 51 11 12 13 99
c 53 21 92 93 118
c 95 61 60 38 143
c 4 26 67 20 84
c 10 33 36 61 106
c 77 92 57 58 96
c 6 19 45 46 166
c 3 32 39 94 173
c 56 93 57 18 84
c 69 50 46 92 121
c 4 23 35 57 99
c 84 86 80 53 100
c 4 9 43 57 170
c 55 87 17 80 80
c 1 31 25 14 101
c 30 31 64 26 145
c 30 5 75 76 153
c 34 25 80 12 171
c 46 4 47 14 117
c 66 67 31 37 106
c 52 93 57 62 88
c 4 71 48 36 124
c 39 33 40 41 148
c 35 67 41 61 159
c 74 75 59 22 124
c 2 86 94 86 86
c 77 27 35 34 169
c 16 60 13 51 131
c 94 81 51 29 98
c 27 56 39 40 125
c 59 60 50 96 94
c 64 65 45 41 165
c 14 30 70 51 79
c 9 62 54 55 135
c 20 39 77 78 134
c 28 48 80 53 84
c 29 7 58 59 169
c 18 22 7 99 118
c 72 4 24 4 155
c 48 21 2 8 140
c 47 36 4 72 114
c 2 31 18 22 170
c 54 36 31 98 112
c 57 58 95 36 96
c 21 52 68 69 156
c 35 98 72 31 137
c 20 69 78 79 84
c 52 53 67 68 167
c 31 90 79 33 115
c 56 2 44 92 173
c 22 14 85 6 131
c 8 88 18 76 90
c 48 84 30 5 133
c 40 13 90 91 126
c 6 7 26 88 145
c 86 39 45 24 81
c 33 67 79 33 107
c 16 17 22 32 148
c 50 96 18 10 96
c 85 80 72 73 146
c 33 28 13 14 82
c 45 24 79 40 118
c 85 86 39 12 152
c 72 32 30 1 126
c 96 83 9 98 168
c 6 97 13 51 105
c 63 24 26 88 127
c 32 3 96 93 173
c 78 49 72 35 152
c 30 53 65 82 75
c 16 60 36 89 147
c 56 2 92 71 160
c 44 23 23 80 108
c 28 57 10 86 84
c 22 31 96 20 160
c 15 74 36 21 98
c 31 26 45 70 173
c 87 1 14 92 109
c 30 63 88 6 96
c 54 33 91 41 109
c 20 69 8 9 111
c 63 24 73 37 139
c 71 65 10 72 162
c 14 39 0 1 83
c 63 42 69 18 113
c 9 61 7 50 99
c 11 10 72 35 117
c 24 4 48 34 87
c 81 6 28 21 110
c 20 56 67 12 147
c 80 92 38 55 132
c 46 4 10 77 124
c 35 87 59 60 118
c 80 66 60 61 154
c 94 22 54 36 76
c 86 63 23 59 129
c 94 14 2 31 100
c 45 70 52 99 82
c 92 47 27 18 77
c 2 68 11 12 129
c 24 76 2 16 82
c 5 16 35 67 75
c 39 74 55 5 138
c 55 25 37 8 82
c 0 81 12 41 174
c 53 85 91 41 167
c 34 1 8 76 104
c 95 36 93 59 171
c 1 2 60 75 93
c 2 8 62 93 105
c 42 51 81 47 145
c 55 86 58 86 81
c 9 61 93 77 163
c 55 87 66 35 127
c 78 1 47 48 112
c 64 65 20 56 111
c 85 54 93 94 109
c 72 1 48 49 173
c 7 50 49 50 133
c 88 9 69 18 98
c 92 47 79 88 96
c 71 20 76 53 92
c 73 69 95 27 95
c 84 86 39 25 140
c 43 31 15 74 126
c 88 17 59 22 96
c 49 3 40 41 171
c 91 82 10 27 76
c 44 64 25 93 167
c 55 5 35 98 148
c 79 88 8 83 168
c 19 68 34 35 101
c 55 86 40 59 159
c 60 70 43 5 113
c 7 99 83 95 81
c 60 44 97 2 125
c 11 63 17 2 77
c 67 3 0 81 123
c 35 67 98 28 137
c 38 39 58 59 92
c 28 89 10 27 122
c 13 44 14 28 119
c 18 43 22 89 174
c 97 28 88 35 136
c 26 6 29 50 88
c 35 46 15 73 90
c 57 64 14 39 164
c 34 3 26 13 160
c 29 34 26 70 124
c 20 21 6 74 96
c 56 51 58 46 101
c 60 75 15 16 119
c 67 20 89 66 83
c 88 32 58 33 83
c 52 11 88 75 92
c 44 92 27 56 92
c 27 54 17 94 83
c 72 31 58 86 125
c 26 51 0 1 113
c 5 65 79 64 87
c 58 86 31 32 145
c 21 27 29 42 100
c 24 52 22 95 150
c 16 44 35 46 162
c 23 83 79 28 118
c 80 18 70 16 172
c 45 14 63 57 145
c 89 96 31 34 172
c 17 11 43 49 148
c 28 71 16 19 130
c 77 27 40 43 143
c 93 9 55 17 148
c 8 92 13 93 117
c 12 54 63 30 170
c 98 28 43 57 116
c 71 72 29 42 172
c 27 74 40 59 134
c 53 6 92 88 162
c 37 84 27 77 161
c 7 50 80 60 119
c 39 74 72 21 132
c 27 77 63 44 163
c 15 29 31 37 173
c 3 86 37 38 155
c 94 35 26 6 119
c 97 90 32 38 146
c 6 31 51 38 153
c 61 62 10 70 171
c 51 77 19 33 155
c 89 16 26 51 131
c 14 64 21 96 152
c 37 8 24 87 106
c 57 64 39 70 133
c 5 55 41 84 109
c 44 84 18 76 113
c 32 3 60 61 82
c 13 2 81 64 116
c 39 77 45 1 137
c 67 45 94 14 76
c 91 53 32 48 99
c 36 57 14 92 122
c 27 63 31 56 134
c 80 15 8 83 151
c 54 69 55 23 96
c 2 88 87 98 118
c 96 75 7 8 79
c 87 88 46 65 168
c 57 86 50 78 87
c 32 95 79 85 151
c 51 47 13 27 83
c 57 62 49 99 84
c 73 75 53 5 121
c 14 15 63 57 136
c 86 39 14 30 83
c 38 80 91 53 112
c 32 31 10 4 75
c 36 77 84 80 159
c 45 36 87 7 108
c 29 7 97 4 79
c 49 50 1 59 93
c 30 37 44 23 162
c 30 5 24 76 149
c 22 92 96 68 119
c 76 70 73 74 116
c 72 21 12 54 120
c 15 8 8 48 92
c 5 16 96 97 88
c 42 43 6 74 78
c 21 51 52 99 134
c 78 1 6 74 96
c 92 93 30 65 105
c 59 9 39 12 168
c 13 27 59 9 126
c 7 5 91 6 87
c 35 46 49 6 149
c 55 50 56 2 133
c 49 50 62 56 113
c 95 22 65 82 99
c 19 28 43 33 153
c 46 92 27 54 144
c 36 21 71 65 101
c 29 65 20 97 110
c 39 32 7 39 156
c 20 69 3 4 101
c 35 98 8 4 111
c 16 1 5 41 90
c 21 85 79 85 75
c 95 36 86 63 105
c 51 77 96 72 141
c 7 98 41 59 154
c 57 86 14 92 102
c 42 74 51 76 84
c 21 36 55 22 96
c 68 14 91 41 142
c 73 65 20 14 105
c 75 43 3 99 174
c 31 90 28 89 76
c 68 32 72 91 150
c 94 58 69 26 122
c 93 9 41 12 120
c 73 84 21 52 89
c 59 60 34 55 144
c 8 91 75 14 164
c 4 45 68 14 143
c 16 19 48 23 106
c 21 22 84 86 163
c 68 14 50 51 89
c 73 59 29 53 153
c 11 85 59 51 79
c 1 88 30 50 160
c 9 61 79 80 144
c 37 8 28 71 169
c 23 62 10 93 143
c 73 84 45 40 170
c 88 75 31 95 96
c 8 22 30 38 121
c 73 74 16 2 85
c 40 44 16 9 103
c 85 39 27 74 146
c 8 9 81 20 122
c 92 93 72 4 105
c 62 58 46 92 94
c 91 41 2 31 155
c 14 88 81 82 169
c 43 42 76 70 86
c 45 40 29 7 170
c 10 4 92 3 155
c 6 7 56 30 158
c 59 51 97 90 133
c 61 62 83 96 167
c 83 96 32 85 120
c 12 32 12 2 157
c 47 28 93 59 168
c 19 28 21 27 142
c 96 68 7 51 105
c 6 97 51 8 140
c 51 11 47 3 99
c 20 14 87 7 90
c 12 41 4 23 126
c 71 54 14 39 101
c 23 62 80 95 84
c 91 92 3 78 100
c 21 36 24 4 114
c 61 4 5 21 147
c 89 90 2 65 151
c 7 23 54 75 120
c 37 84 46 28 119
c 22 58 3 57 127
c 28 21 80 68 167
c 46 50 61 14 85
c 79 88 91 24 123
c 4 45 39 30 147
c 22 8 66 42 147
c 7 94 41 14 77
c 0 14 63 14 106
c 19 28 61 48 84
c 24 88 16 17 159
c 12 32 32 31 172
c 13 44 46 93 91
c 15 36 65 71 86
c 58 3 22 32 76
c 28 72 63 42 158
c 36 33 51 77 108
c 8 36 23 83 98
c 87 5 11 46 158
c 56 15 45 70 149
c 51 49 58 33 114
c 35 97 66 67 87
c 69 50 17 7 115
c 20 13 40 88 120
c 97 90 32 56 131
c 16 56 33 28 161
c 0 59 13 58 87
c 51 77 1 25 91
c 64 68 56 30 93
c 5 21 13 44 173
c 29 14 4 45 144
c 45 56 21 26 76
c 48 34 9 89 99
c 79 65 22 31 104
c 61 62 25 56 105
c 11 10 74 56 98
c 90 49 96 97 113
c 44 45 44 92 113
c 53 5 83 8 103
c 56 10 88 4 87
c 34 33 54 33 150
c 80 66 91 58 94
c 15 16 26 88 138
c 28 21 94 39 100
c 29 34 11 72 130
c 96 86 43 57 77
c 10 49 75 43 171
c 30 65 2 16 100
c 86 15 36 33 103
c 77 27 31 56 153
c 91 41 73 66 135
c 92 3 64 26 152
c 32 56 50 32 105
c 80 18 4 72 165
c 41 15 17 43 102
c 31 16 55 22 119
c 10 11 15 89 127
c 21 85 77 92 161
c 13 27 98 44 134
c 5 6 20 66 92
c 96 49 60 70 88
c 88 4 73 37 137
c 5 65 41 54 138
c 41 59 57 70 160
c 2 88 7 8 130
c 26 88 14 39 147
c 24 2 73 59 160
c 53 86 82 84 127
c 58 66 49 99 118
c 94 39 31 98 134
c 34 58 63 57 164
c 8 92 35 76 128
c 60 39 89 72 155
c 90 84 93 90 160
c 70 16 34 35 134
c 87 7 31 95 174
c 87 88 21 52 165
c 31 56 13 61 85
c 40 82 27 54 93
c 79 71 16 17 118
c 44 64 59 60 107
c 29 42 69 93 151
c 48 36 89 16 167
c 85 72 35 87 82
c 12 86 47 62 174
c 77 78 29 42 118
c 55 86 76 95 137
c 68 70 29 50 77
c 13 93 46 50 100
c 63 64 29 34 155
c 81 64 48 12 104
c 60 70 92 47 152
c 48 12 4 26 107
c 7 10 60 32 116
c 68 6 94 39 135
c 51 52 67 12 122
c 45 41 54 69 164
c 22 89 6 97 84
c 65 66 9 57 107
c 28 57 74 75 110
c 42 46 31 16 139
c 20 56 67 3 135
c 56 84 13 83 115
c 29 34 39 40 111
c 10 33 79 95 152
c 28 76 80 12 146
c 67 3 31 16 165
c 81 19 17 18 117
c 47 28 95 96 98
c 32 30 57 66 83
c 25 93 56 84 115
c 11 61 54 33 102
c 74 75 41 12 93
c 68 60 56 15 97
c 10 86 14 74 93
c 42 89 85 89 119
c 61 62 11 78 111
c 39 94 67 68 148
c 22 24 68 16 97
c 94 95 13 44 123
c 3 78 30 34 82
c 86 39 60 38 103
c 62 87 85 86 127
c 21 27 16 56 151
c 63 8 8 91 77
c 84 80 10 93 164
c 41 64 2 68 83
c 36 98 55 25 170
c 17 43 4 71 135
c 32 31 19 60 78
c 25 56 18 76 150
c 88 6 91 92 173
c 40 59 16 9 143
c 48 49 7 94 75
c 20 13 87 7 139
c 72 91 79 85 78
c 56 97 11 12 118
c 67 44 88 85 98
c 91 28 27 77 156
c 60 39 43 89 140
c 9 98 14 69 115
c 85 39 42 51 141
c 91 58 50 96 131
c 14 58 77 78 76
c 59 86 61 48 173
c 20 56 88 35 147
c 76 95 95 74 111
c 32 39 41 15 92
c 76 77 81 98 156
c 86 27 51 11 160
c 5 6 78 25 168
c 40 88 88 17 99
c 60 32 47 62 148
c 34 89 21 26 106
c 21 84 39 32 132
c 6 31 21 51 130
c 68 70 75 25 81
c 56 83 92 3 132
c 48 6 43 17 96
c 46 65 26 16 140
c 51 90 80 53 150
c 67 96 16 21 83
c 48 36 44 39 76
c 26 16 80 18 165
c 11 72 3 78 94
c 4 7 29 34 105
c 35 97 51 47 125
c 58 33 32 85 84
c 33 64 62 66 89
c 80 95 33 28 155
c 93 90 94 58 89
c 0 43 29 50 102
c 5 55 11 72 100
c 46 47 71 54 76
c 68 70 9 89 116
c 22 98 12 2 92
c 21 85 75 99 93
c 19 60 49 3 158
c 22 5 49 99 124
c 53 67 2 68 95
c 53 94 34 35 140
c 29 51 12 41 119
c 80 12 82 53 114
c 14 69 2 88 92
c 35 73 71 16 164
c 85 72 29 42 171
c 50 78 50 51 173
c 36 3 79 26 164
c 48 36 68 80 77
c 48 49 80 66 99
c 83 10 85 6 163
c 28 71 16 21 79
c 40 25 8 9 161
c 3 80 48 49 91
c 43 90 35 76 174
c 94 95 21 26 152
c 37 85 79 65 77
c 69 60 75 56 77
c 12 54 40 13 162
c 30 31 92 52 159
c 60 26 34 35 157
c 36 89 24 2 126
c 33 49 20 66 169
c 5 55 21 73 120
c 32 38 98 28 166
c 34 1 53 81 162
c 96 4 45 24 90
c 32 31 44 22 132
c 4 19 91 43 82
c 95 85 17 89 90
c 16 60 31 16 147
c 0 43 58 59 95
c 25 70 66 35 166
c 80 93 35 67 102
c 98 55 20 56 83
c 2 88 90 84 160
c 67 44 66 68 102
c 21 26 59 22 135
c 55 50 67 96 127
c 17 94 46 47 167
c 96 93 8 22 129
c 96 40 81 6 144
c 92 56 82 57 105
c 53 6 26 14 169
c 91 92 80 11 103
c 79 40 95 29 151
c 54 36 44 23 91
c 88 89 37 85 78
c 16 1 18 10 101
c 74 81 45 1 142
c 3 45 72 73 94
c 95 36 79 64 156
c 52 53 64 65 93
c 45 43 67 2 126
c 14 88 58 50 86
c 74 5 25 56 105
c 68 16 10 77 104
c 67 2 16 56 87
c 94 22 90 91 89
c 22 31 20 69 174
c 14 69 12 29 118
c 31 90 76 70 116
c 47 34 46 2 91
c 2 86 34 33 102
c 13 44 13 14 148
c 10 70 39 70 75
c 59 24 21 51 116
c 18 8 70 1 89
c 88 40 92 62 130
c 97 98 65 25 168
c 14 58 51 76 92
c 29 30 71 54 155
c 43 49 43 42 133
c 94 49 58 66 131
c 83 87 50 94 166
c 54 40 89 77 130
c 9 21 88 36 90
c 57 31 12 13 112
c 91 58 40 25 109
c 2 19 86 27 151
c 13 93 89 66 122
c 38 40 7 66 104
c 84 61 44 22 170
c 3 58 59 51 173
c 61 65 14 74 150
c 56 2 4 71 100
c 82 58 56 30 123
c 53 71 46 4 90
c 19 20 93 77 75
c 46 93 97 71 87
c 21 26 46 28 81
c 11 85 22 24 80
c 44 45 6 55 109
c 2 31 73 74 130
c 32 66 44 45 140
c 25 75 47 51 77
c 95 61 94 39 81
c 53 85 67 96 150
c 58 26 37 85 152
c 86 6 57 58 109
c 10 49 90 84 92
c 74 71 49 99 123
c 44 22 21 96 105
c 47 42 19 32 96
c 7 8 22 31 138
c 87 98 51 65 119
c 49 50 36 11 79
c 16 19 40 88 124
c 43 90 92 88 102
c 60 11 0 81 83
c 94 14 35 87 139
c 98 55 75 76 134
c 55 5 3 78 162
c 32 16 60 70 99
c 20 36 35 57 172
c 23 83 12 29 133
c 91 58 71 32 170
c 73 75 13 76 86
c 8 88 46 55 166
c 22 98 34 7 150
c 57 25 10 67 144
c 44 45 13 61 107
c 16 17 85 80 98
c 17 89 32 24 124
c 19 32 38 40 132
c 25 56 13 58 142
c 95 27 5 55 167
c 75 69 87 98 158
c 22 95 0 81 153
c 26 14 37 2 160
c 46 36 50 32 126
c 35 87 35 73 89
c 74 75 20 66 118
c 77 18 58 3 119
c 29 7 73 37 75
c 94 95 36 61 135
c 39 33 32 24 88
c 60 87 61 14 132
c 68 82 21 51 167
c 59 61 65 82 133
c 70 55 46 50 115
c 61 62 80 15 114
c 90 84 32 40 135
c 36 77 70 1 132
c 84 61 66 68 157
c 3 58 40 82 121
c 7 6 79 33 166
c 31 62 82 83 84
c 29 43 41 54 118
c 67 80 10 73 116
c 45 36 95 20 93
c 83 8 47 28 151
c 2 22 41 42 110
c 62 66 31 95 77
c 80 12 2 16 84
c 6 90 68 32 117
c 36 82 16 21 139
c 68 6 43 56 157
c 89 16 31 26 100
c 56 84 86 15 139
c 19 32 29 14 94
c 57 58 29 83 109
c 75 99 91 24 114
c 47 36 31 98 141
c 97 27 77 8 118
c 60 75 12 47 123
c 4 5 3 57 75
c 56 97 28 29 105
c 4 9 87 7 153
c 50 51 17 18 172
c 67 32 20 66 138
c 26 14 72 91 152
c 76 70 88 7 118
c 45 41 41 14 87
c 45 41 27 12 97
c 78 1 81 47 90
c 4 26 65 34 104
c 45 70 24 40 141
c 47 3 45 46 93
c 69 70 96 97 90
c 85 54 36 27 149
c 79 88 47 14 133
c 15 74 47 51 170
c 19 68 21 36 104
c 59 22 94 49 78
c 77 8 91 43 150
c 10 86 75 14 160
c 82 56 47 62 82
c 52 93 73 75 143
c 60 70 55 56 82
c 14 15 55 50 104
c 29 50 44 92 90
c 11 78 6 80 154
c 58 50 98 72 114
c 50 78 71 72 111
c 25 28 87 65 157
c 13 35 26 6 161
c 39 92 50 30 115
c 68 82 32 3 85
c 91 53 34 98 127
c 92 93 5 65 106
c 31 90 20 14 89
c 48 12 7 82 146
c 7 23 6 55 128
c 83 96 71 65 160
c 57 25 29 83 172
c 30 38 3 80 127
c 26 5 72 73 92
c 17 2 8 22 150
c 22 23 68 82 148
c 53 86 96 72 156
c 51 38 95 74 136
c 33 49 57 86 92
c 57 31 40 13 165
c 80 66 45 42 171
c 29 34 12 8 105
c 14 64 30 63 153
c 0 14 45 41 110
c 41 42 51 90 131
c 42 61 75 14 147
c 83 84 63 57 104
c 42 46 60 39 108
c 30 1 73 75 102
c 37 69 7 8 125
c 37 2 20 87 100
c 17 2 21 52 170
c 86 63 96 83 84
c 93 3 7 4 144
c 96 83 89 99 107
c 35 97 79 26 75
c 2 68 57 70 145
c 57 64 91 6 90
c 44 39 12 93 115
c 25 75 28 88 96
c 56 15 85 54 139
c 58 41 24 88 113
c 87 88 95 85 105
c 63 30 11 72 90
c 74 27 81 64 82
c 45 70 68 32 129
c 36 7 65 25 117
c 8 53 7 39 78
c 84 80 7 39 80
c 80 60 34 7 171
c 44 64 50 78 118
c 20 39 81 64 129
c 88 69 48 21 98
c 18 43 28 57 92
c 16 17 14 92 166
c 8 22 26 53 108
c 58 27 20 97 88
c 79 95 17 19 151
c 22 23 46 55 117
c 26 27 12 28 166
c 91 28 14 92 136
c 20 97 52 11 108
c 70 1 7 8 165
c 98 44 53 67 169
c 95 96 27 74 100
c 2 24 45 70 88
c 23 18 39 30 108
c 29 43 97 48 102
c 17 43 54 75 147
c 55 56 77 18 80
c 32 43 22 24 148
c 13 51 97 28 109
c 70 16 48 23 154
c 43 49 23 18 102
c 60 38 79 88 86
c 56 6 2 88 88
c 4 19 97 4 116
c 71 16 95 27 111
c 58 27 39 77 122
c 44 92 61 14 160
c 11 61 60 26 95
c 29 53 9 89 164
c 60 32 52 11 105
c 14 88 58 41 121
c 82 58 58 27 86
c 40 88 20 26 128
c 73 84 17 19 117
c 75 76 43 89 155
c 22 23 74 56 118
c 3 78 74 56 127
c 16 17 87 75 85
c 29 42 25 7 110
c 98 72 17 80 161
c 62 63 37 85 97
c 87 75 75 69 107
c 20 37 60 38 137
c 21 84 83 1 118
c 31 11 70 88 172
c 46 19 30 37 90
c 87 24 73 65 174
c 48 6 83 95 141
c 60 39 40 9 106
c 8 91 81 80 116
c 13 76 44 39 123
c 39 77 15 16 161
c 27 63 97 19 137
c 82 57 45 41 147
c 80 18 14 64 149
c 80 11 10 11 118
c 29 50 76 77 156
c 45 14 49 35 167
c 97 19 98 99 79
c 97 27 78 88 76
c 13 35 73 37 141
c 61 14 14 64 113
c 60 26 39 25 150
c 60 61 15 36 118
c 58 33 86 61 107
c 39 30 58 59 174
c 91 6 62 14 137
c 51 11 92 71 107
c 52 93 39 33 148
c 46 19 20 97 132
c 25 75 85 39 131
c 26 51 34 1 95
c 68 65 72 4 139
c 74 35 30 34 113
c 18 10 46 4 134
c 35 34 94 22 93
c 87 1 86 15 161
c 88 17 89 90 174
c 41 64 4 19 133
c 38 40 89 16 102
c 41 54 77 27 114
c 45 1 96 75 122
c 62 93 64 65 160
c 1 50 12 41 154
c 75 69 43 90 82
c 21 85 61 23 134
c 67 44 16 1 124
c 55 58 37 85 154
c 34 1 14 58 104
c 97 2 34 89 152
c 48 59 35 97 159
c 9 62 21 83 163
c 67 16 68 70 161
c 80 93 61 48 85
c 29 7 75 25 146
c 96 20 23 18 105
c 24 25 72 91 142
c 45 51 32 43 159
c 66 94 90 49 146
c 68 80 82 84 76
c 31 56 42 40 125
c 5 16 30 50 134
c 73 8 0 43 165
c 72 31 46 2 155
c 88 36 3 78 122
c 97 2 7 5 159
c 74 71 41 84 156
c 9 38 6 97 155
c 29 83 9 20 112
c 7 23 15 16 103
c 64 65 29 83 142
c 97 48 83 16 128
c 93 82 62 93 118
c 45 56 88 36 170
c 66 48 35 73 108
c 17 2 49 99 97
c 23 83 87 1 163
c 47 14 72 21 77
c 15 86 82 58 141
c 68 65 17 2 167
c 67 96 26 13 156
c 65 45 97 19 150
c 17 89 78 15 90
c 46 37 57 79 109
c 57 66 85 72 111
c 52 99 48 49 150
c 43 17 20 57 103
c 75 69 14 92 120
c 96 83 24 40 140
c 22 24 43 49 153
c 22 16 46 4 161
c 44 23 96 49 162
c 92 5 17 43 79
