notes: n=100, m=1980, elb=1, eub=20, density=0.2, conf_density=0.002, clb=100, cub= 200, seed= 6657
p spec 100 1980 3918
s 0
t 99
a 0 1 3
a 0 62 5
a 0 66 9
a 0 81 19
a 0 9 13
a 0 60 10
a 0 35 16
a 0 49 13
a 0 48 14
a 0 74 3
a 0 99 12
a 0 7 3
a 0 31 2
a 0 96 8
a 0 26 17
a 1 2 6
a 1 41 3
a 1 36 14
a 1 97 8
a 1 29 12
a 1 74 1
a 1 96 4
a 1 45 9
a 1 89 3
a 1 49 8
a 1 24 14
a 1 7 9
a 1 6 14
a 1 84 14
a 1 3 13
a 1 15 15
a 1 34 2
a 1 64 10
a 1 21 12
a 1 61 18
a 2 3 9
a 2 86 4
a 2 26 6
a 2 35 3
a 2 31 6
a 2 19 6
a 2 81 12
a 2 97 7
a 2 40 6
a 2 29 17
a 2 7 3
a 2 88 13
a 2 67 1
a 2 41 5
a 3 4 18
a 3 49 1
a 3 62 18
a 3 47 9
a 3 81 5
a 3 35 7
a 3 2 14
a 3 22 15
a 3 42 6
a 3 10 9
a 3 87 18
a 3 43 17
a 3 83 6
a 3 5 10
a 3 66 17
a 3 72 13
a 4 5 8
a 4 8 3
a 4 23 13
a 4 55 4
a 4 80 8
a 4 27 17
a 4 42 17
a 4 65 16
a 4 48 3
a 4 7 19
a 4 15 11
a 4 76 1
a 4 17 4
a 4 45 2
a 4 10 12
a 4 50 5
a 4 68 4
a 4 94 1
a 4 34 9
a 4 91 6
a 4 79 10
a 5 6 19
a 5 26 4
a 5 4 12
a 5 59 2
a 5 45 10
a 5 28 3
a 5 62 18
a 5 21 10
a 5 93 12
a 5 96 8
a 5 64 2
a 5 23 11
a 5 69 7
a 5 22 6
a 5 92 6
a 5 80 3
a 5 53 19
a 5 19 6
a 5 65 11
a 5 24 19
a 5 86 8
a 5 55 2
a 5 10 2
a 5 76 19
a 5 78 15
a 5 46 14
a 5 13 17
a 6 7 9
a 6 48 15
a 6 47 13
a 6 80 13
a 6 62 12
a 6 89 5
a 6 68 5
a 6 88 2
a 6 2 11
a 6 21 15
a 6 8 11
a 6 91 10
a 6 53 5
a 6 93 12
a 6 16 19
a 6 72 13
a 6 98 5
a 6 33 4
a 6 94 9
a 6 49 10
a 6 73 16
a 6 56 8
a 6 83 2
a 6 10 8
a 7 8 3
a 7 13 11
a 7 91 11
a 7 21 15
a 7 57 11
a 7 97 19
a 7 92 8
a 7 22 7
a 7 37 18
a 7 55 6
a 7 4 2
a 7 72 19
a 7 5 4
a 7 10 2
a 7 23 16
a 7 25 7
a 7 94 13
a 7 64 5
a 7 48 7
a 7 44 6
a 7 31 5
a 8 9 13
a 8 93 9
a 8 70 5
a 8 61 16
a 8 6 12
a 8 85 15
a 8 30 2
a 8 23 12
a 8 18 8
a 8 48 11
a 8 79 14
a 8 40 11
a 8 96 2
a 8 12 13
a 8 15 13
a 8 64 15
a 8 44 14
a 9 10 9
a 9 17 17
a 9 4 16
a 9 56 5
a 9 21 12
a 9 77 17
a 9 46 17
a 9 18 18
a 9 24 1
a 9 32 4
a 9 19 7
a 9 67 9
a 9 31 1
a 9 52 1
a 9 44 1
a 9 41 7
a 9 99 10
a 9 7 3
a 9 30 5
a 9 22 17
a 9 88 15
a 9 47 19
a 9 97 4
a 10 11 1
a 10 7 5
a 10 76 1
a 10 27 11
a 10 34 4
a 10 53 3
a 10 54 12
a 10 71 6
a 10 97 8
a 10 14 8
a 10 91 1
a 10 22 19
a 10 28 19
a 10 92 18
a 10 83 4
a 10 19 18
a 10 46 11
a 10 2 13
a 11 12 13
a 11 86 1
a 11 13 13
a 11 27 14
a 11 43 5
a 11 21 8
a 11 26 7
a 11 22 2
a 11 41 12
a 11 52 17
a 11 6 1
a 11 33 3
a 11 77 13
a 11 61 4
a 11 51 6
a 11 14 6
a 11 68 5
a 11 17 5
a 11 85 7
a 11 44 11
a 12 13 6
a 12 52 3
a 12 7 9
a 12 96 8
a 12 15 8
a 12 86 16
a 12 34 12
a 12 61 9
a 12 93 18
a 12 11 12
a 12 91 2
a 12 6 5
a 12 71 3
a 12 90 3
a 12 47 10
a 12 78 10
a 12 63 11
a 12 99 10
a 12 92 2
a 12 76 18
a 12 40 12
a 12 75 15
a 12 60 1
a 12 53 10
a 12 80 4
a 12 62 2
a 13 14 14
a 13 63 7
a 13 28 16
a 13 23 11
a 13 1 16
a 13 69 9
a 13 3 1
a 13 34 12
a 13 21 18
a 13 46 12
a 13 2 10
a 13 19 9
a 13 95 16
a 13 99 15
a 13 16 11
a 13 90 17
a 13 59 12
a 14 15 9
a 14 73 19
a 14 34 16
a 14 32 18
a 14 67 19
a 14 70 11
a 14 49 14
a 14 9 9
a 14 99 1
a 14 7 15
a 14 31 13
a 14 83 3
a 14 57 8
a 14 52 17
a 14 84 12
a 14 91 18
a 14 17 8
a 14 45 9
a 14 66 2
a 14 77 6
a 14 13 18
a 14 37 8
a 14 24 10
a 15 16 1
a 15 17 9
a 15 50 19
a 15 12 15
a 15 40 18
a 15 44 7
a 15 41 14
a 15 71 2
a 15 31 18
a 15 56 10
a 15 48 11
a 15 96 19
a 15 2 4
a 15 61 15
a 15 55 19
a 15 26 13
a 15 28 10
a 15 72 19
a 15 68 13
a 15 52 11
a 15 46 13
a 15 66 1
a 15 49 14
a 16 17 10
a 16 82 13
a 16 20 5
a 16 6 8
a 16 54 8
a 16 3 5
a 16 37 19
a 16 13 15
a 16 89 8
a 16 50 13
a 16 44 1
a 16 88 13
a 16 2 16
a 16 59 4
a 16 78 7
a 16 75 2
a 16 52 1
a 17 18 7
a 17 1 18
a 17 38 9
a 17 97 19
a 17 45 13
a 17 23 19
a 17 31 10
a 17 43 2
a 17 89 8
a 17 56 10
a 17 59 13
a 17 80 19
a 17 79 3
a 17 44 7
a 17 51 5
a 17 64 4
a 18 19 13
a 18 89 7
a 18 64 3
a 18 58 12
a 18 13 7
a 18 62 1
a 18 37 12
a 18 50 10
a 18 87 9
a 18 93 13
a 18 56 2
a 18 52 5
a 18 81 2
a 18 21 10
a 18 5 10
a 18 94 1
a 18 11 11
a 18 31 8
a 18 61 6
a 18 42 1
a 18 83 1
a 18 65 7
a 18 32 1
a 18 90 7
a 18 76 4
a 19 20 19
a 19 85 7
a 19 62 15
a 19 10 4
a 19 42 4
a 19 30 4
a 19 91 9
a 19 37 5
a 19 32 9
a 19 84 10
a 19 59 17
a 19 92 1
a 19 21 16
a 19 87 1
a 19 57 8
a 19 64 18
a 20 21 5
a 20 90 6
a 20 69 12
a 20 77 12
a 20 12 9
a 20 66 3
a 20 2 19
a 20 16 19
a 20 67 5
a 20 85 8
a 20 56 10
a 20 34 8
a 20 8 1
a 20 59 13
a 20 99 8
a 20 48 11
a 20 52 17
a 20 18 7
a 20 76 18
a 20 47 14
a 20 62 1
a 20 81 4
a 20 37 5
a 20 75 18
a 20 6 1
a 21 22 12
a 21 37 7
a 21 56 7
a 21 76 15
a 21 6 18
a 21 10 9
a 21 17 3
a 21 91 7
a 21 89 9
a 21 74 14
a 21 96 14
a 21 58 13
a 21 47 1
a 21 73 13
a 21 18 6
a 21 9 18
a 21 8 16
a 21 78 4
a 21 84 13
a 21 24 9
a 21 77 9
a 21 88 5
a 22 23 18
a 22 57 8
a 22 71 10
a 22 39 14
a 22 12 7
a 22 66 11
a 22 69 4
a 22 28 8
a 22 65 18
a 22 89 16
a 22 20 16
a 22 90 4
a 22 25 17
a 22 79 14
a 22 38 18
a 22 11 9
a 22 54 4
a 22 46 16
a 22 80 15
a 23 24 10
a 23 75 14
a 23 70 5
a 23 13 7
a 23 56 2
a 23 35 6
a 23 93 3
a 23 49 13
a 23 11 12
a 23 63 8
a 23 39 1
a 23 41 12
a 24 25 11
a 24 87 15
a 24 3 6
a 24 60 18
a 24 23 2
a 24 66 9
a 24 85 18
a 24 57 9
a 24 27 19
a 24 2 18
a 24 33 12
a 24 54 12
a 24 45 8
a 24 26 6
a 24 53 5
a 24 46 4
a 24 19 3
a 24 63 7
a 24 20 13
a 24 38 9
a 25 26 6
a 25 39 15
a 25 28 2
a 25 91 12
a 25 51 12
a 25 95 8
a 25 65 19
a 25 50 7
a 25 7 17
a 25 93 15
a 25 37 7
a 25 49 4
a 25 81 1
a 25 58 18
a 25 85 6
a 25 34 11
a 25 55 10
a 25 1 19
a 25 42 12
a 25 17 10
a 25 96 19
a 25 38 12
a 26 27 12
a 26 5 18
a 26 43 17
a 26 76 1
a 26 49 13
a 26 71 4
a 26 75 7
a 26 70 17
a 26 36 1
a 26 44 7
a 26 65 17
a 26 97 17
a 26 57 17
a 26 3 18
a 26 42 10
a 26 45 9
a 26 19 5
a 26 4 4
a 26 90 12
a 26 87 17
a 26 48 17
a 26 18 3
a 26 7 18
a 26 38 4
a 26 64 11
a 26 86 19
a 27 28 4
a 27 64 11
a 27 22 10
a 27 13 1
a 27 26 10
a 27 91 4
a 27 97 7
a 27 76 16
a 27 2 14
a 27 17 11
a 27 67 16
a 27 39 18
a 27 63 16
a 27 23 17
a 27 44 19
a 27 40 9
a 27 77 7
a 27 24 9
a 27 98 14
a 27 35 16
a 28 29 9
a 28 17 16
a 28 61 18
a 28 36 10
a 28 82 19
a 28 83 3
a 28 88 7
a 28 27 13
a 28 56 1
a 28 90 16
a 28 20 14
a 28 1 5
a 28 97 11
a 28 59 1
a 28 77 17
a 28 9 3
a 29 30 6
a 29 2 19
a 29 45 14
a 29 78 12
a 29 72 16
a 29 21 14
a 29 36 19
a 29 67 9
a 29 82 18
a 29 37 16
a 29 44 11
a 29 11 6
a 29 61 17
a 29 43 6
a 29 28 8
a 29 10 3
a 29 55 18
a 29 33 14
a 29 59 14
a 29 73 12
a 29 93 15
a 30 31 12
a 30 99 18
a 30 15 18
a 30 90 1
a 30 73 8
a 30 56 15
a 30 45 6
a 30 93 18
a 30 3 18
a 30 98 15
a 30 1 16
a 30 97 6
a 30 14 9
a 30 70 7
a 30 66 5
a 30 36 17
a 30 87 2
a 30 20 18
a 30 17 1
a 30 92 19
a 30 19 8
a 30 48 15
a 30 7 12
a 30 54 8
a 30 71 17
a 30 47 19
a 30 60 17
a 30 32 7
a 30 55 7
a 31 32 11
a 31 67 15
a 31 70 1
a 31 45 11
a 31 95 13
a 31 7 3
a 31 69 1
a 31 64 19
a 31 15 15
a 31 99 9
a 31 68 6
a 32 33 6
a 32 62 7
a 32 44 4
a 32 72 18
a 32 1 18
a 32 49 4
a 32 5 9
a 32 48 18
a 32 77 5
a 32 2 18
a 32 51 10
a 32 24 13
a 32 6 7
a 32 22 18
a 32 28 6
a 32 38 4
a 32 23 6
a 32 57 3
a 32 78 12
a 32 50 2
a 32 16 3
a 32 85 9
a 32 7 17
a 32 21 7
a 32 25 1
a 32 53 5
a 32 43 10
a 32 58 13
a 32 69 19
a 32 63 6
a 32 74 19
a 33 34 17
a 33 90 14
a 33 12 16
a 33 1 17
a 33 26 18
a 33 32 13
a 33 10 17
a 33 37 17
a 33 71 5
a 33 66 14
a 33 89 12
a 33 9 13
a 33 50 12
a 33 41 6
a 33 14 14
a 34 35 1
a 34 55 11
a 34 48 3
a 34 38 13
a 34 65 15
a 34 95 12
a 34 42 14
a 34 27 15
a 34 85 8
a 34 14 10
a 34 70 9
a 34 15 4
a 34 20 17
a 34 52 14
a 34 78 18
a 34 63 10
a 34 26 14
a 35 36 6
a 35 52 19
a 35 79 2
a 35 90 8
a 35 3 15
a 35 78 4
a 35 21 8
a 35 98 5
a 35 37 17
a 35 75 15
a 35 11 4
a 35 81 17
a 35 41 11
a 35 10 12
a 36 37 16
a 36 56 9
a 36 95 18
a 36 78 19
a 36 92 3
a 36 52 19
a 36 3 8
a 36 41 15
a 36 85 16
a 36 11 4
a 36 61 17
a 36 13 15
a 36 82 17
a 36 69 18
a 36 96 10
a 36 84 12
a 37 38 1
a 37 4 18
a 37 18 8
a 37 27 10
a 37 44 7
a 37 93 1
a 37 85 8
a 37 29 19
a 37 73 10
a 37 20 13
a 37 74 4
a 37 17 2
a 37 89 18
a 37 6 15
a 37 72 7
a 37 13 7
a 37 75 7
a 37 78 4
a 37 79 5
a 37 71 2
a 37 98 13
a 37 11 9
a 37 48 2
a 37 8 3
a 37 52 6
a 38 39 8
a 38 3 11
a 38 78 6
a 38 25 19
a 38 50 9
a 38 73 14
a 38 34 2
a 38 7 2
a 38 16 4
a 38 35 1
a 38 1 1
a 38 41 16
a 38 77 9
a 38 12 7
a 38 15 14
a 38 67 7
a 38 63 3
a 38 72 1
a 38 58 19
a 38 18 12
a 38 70 3
a 38 40 19
a 38 5 13
a 39 40 10
a 39 83 1
a 39 81 7
a 39 7 6
a 39 93 9
a 39 9 9
a 39 34 15
a 39 8 9
a 39 22 14
a 39 56 15
a 39 94 6
a 39 3 3
a 39 91 14
a 39 25 5
a 39 21 16
a 39 19 10
a 39 57 14
a 39 4 17
a 39 79 11
a 39 2 6
a 40 41 9
a 40 87 10
a 40 52 3
a 40 59 12
a 40 17 5
a 40 83 13
a 40 28 11
a 40 46 7
a 40 10 19
a 40 15 2
a 40 3 14
a 40 76 14
a 40 84 17
a 40 80 4
a 40 5 11
a 40 2 8
a 40 13 17
a 40 53 7
a 40 69 5
a 40 81 1
a 40 93 15
a 41 42 19
a 41 13 18
a 41 96 9
a 41 85 7
a 41 7 13
a 41 74 7
a 41 14 16
a 41 68 8
a 41 30 14
a 41 67 15
a 41 6 12
a 41 34 12
a 41 55 7
a 41 22 15
a 41 69 12
a 41 87 2
a 41 79 11
a 42 43 10
a 42 27 5
a 42 66 10
a 42 25 1
a 42 12 11
a 42 39 9
a 42 52 8
a 42 35 1
a 42 63 6
a 42 22 14
a 42 4 19
a 42 44 19
a 42 88 1
a 42 65 7
a 42 89 18
a 42 3 19
a 42 55 1
a 42 28 19
a 43 44 12
a 43 48 8
a 43 22 11
a 43 64 16
a 43 77 7
a 43 39 13
a 43 45 18
a 43 37 17
a 43 54 16
a 43 50 12
a 43 18 14
a 43 14 5
a 43 94 4
a 43 49 2
a 43 19 16
a 43 35 16
a 43 6 4
a 43 27 3
a 43 12 8
a 43 26 8
a 43 5 5
a 43 95 2
a 44 45 10
a 44 34 6
a 44 31 11
a 44 37 17
a 44 54 19
a 44 41 7
a 44 46 2
a 44 68 13
a 44 20 3
a 44 6 7
a 44 18 3
a 44 58 1
a 44 94 7
a 44 62 7
a 44 96 17
a 44 59 10
a 44 81 12
a 44 1 18
a 45 46 19
a 45 74 8
a 45 79 11
a 45 13 15
a 45 25 9
a 45 54 19
a 45 51 17
a 45 76 17
a 45 21 10
a 45 88 2
a 45 15 14
a 45 29 16
a 45 40 9
a 45 30 18
a 45 36 14
a 45 19 10
a 45 44 15
a 45 49 1
a 45 23 16
a 45 86 7
a 45 38 12
a 45 31 18
a 46 47 12
a 46 60 17
a 46 21 16
a 46 61 15
a 46 75 10
a 46 84 16
a 46 72 16
a 46 8 19
a 46 91 19
a 46 90 6
a 46 31 18
a 46 86 9
a 46 87 9
a 46 25 3
a 46 1 15
a 46 11 11
a 46 28 9
a 46 37 12
a 46 14 13
a 47 48 16
a 47 88 19
a 47 99 12
a 47 21 19
a 47 57 13
a 47 2 1
a 47 98 13
a 47 67 9
a 47 84 11
a 47 26 2
a 47 38 7
a 47 60 11
a 47 87 18
a 47 5 8
a 47 96 15
a 47 97 12
a 47 55 6
a 47 39 12
a 47 68 8
a 47 52 18
a 47 95 13
a 48 49 4
a 48 13 8
a 48 50 10
a 48 41 5
a 48 72 12
a 48 39 9
a 48 51 15
a 48 33 18
a 48 15 3
a 48 18 13
a 48 22 13
a 48 37 1
a 48 70 11
a 48 12 6
a 48 63 12
a 48 6 8
a 48 80 12
a 48 54 15
a 48 89 5
a 48 55 6
a 48 57 16
a 48 10 4
a 48 87 16
a 49 50 3
a 49 47 15
a 49 57 9
a 49 48 9
a 49 8 18
a 49 58 4
a 49 29 18
a 49 45 10
a 49 5 10
a 49 98 14
a 49 52 17
a 49 69 11
a 49 65 14
a 49 28 2
a 49 73 17
a 49 31 12
a 50 51 6
a 50 21 16
a 50 74 17
a 50 62 13
a 50 98 4
a 50 80 6
a 50 85 9
a 50 1 8
a 50 61 19
a 50 70 4
a 50 33 9
a 50 17 5
a 50 42 4
a 50 56 7
a 50 6 18
a 50 76 9
a 50 81 15
a 50 89 6
a 50 72 6
a 50 82 11
a 50 78 3
a 51 52 4
a 51 18 2
a 51 33 13
a 51 9 11
a 51 89 9
a 51 47 11
a 51 86 8
a 51 5 12
a 51 39 5
a 51 58 12
a 51 14 12
a 51 83 1
a 51 11 17
a 51 53 2
a 52 53 12
a 52 30 5
a 52 31 19
a 52 77 9
a 52 74 6
a 52 66 6
a 52 75 11
a 52 89 15
a 52 38 8
a 52 18 17
a 52 94 10
a 52 23 8
a 52 47 15
a 52 60 19
a 53 54 18
a 53 17 19
a 53 58 19
a 53 48 7
a 53 95 5
a 53 99 19
a 53 9 6
a 53 51 10
a 53 2 16
a 53 79 17
a 53 93 19
a 53 98 4
a 53 5 14
a 53 62 17
a 53 20 12
a 53 80 19
a 53 47 2
a 53 68 13
a 53 73 5
a 53 74 8
a 54 55 8
a 54 96 15
a 54 41 17
a 54 94 11
a 54 84 4
a 54 30 1
a 54 12 4
a 54 63 15
a 54 79 8
a 54 58 17
a 54 50 12
a 54 7 13
a 54 17 19
a 54 4 10
a 54 31 7
a 54 43 11
a 54 10 1
a 54 46 13
a 54 22 19
a 54 13 6
a 54 90 16
a 54 97 14
a 55 56 3
a 55 28 7
a 55 50 18
a 55 74 14
a 55 52 5
a 55 39 1
a 55 97 2
a 55 58 4
a 55 13 7
a 55 30 17
a 55 76 8
a 55 31 19
a 55 53 18
a 55 7 15
a 55 3 17
a 55 82 7
a 55 62 14
a 55 25 1
a 55 51 7
a 55 66 17
a 55 35 2
a 55 89 17
a 55 79 9
a 55 65 3
a 56 57 9
a 56 81 7
a 56 69 3
a 56 54 1
a 56 26 17
a 56 84 13
a 56 53 19
a 56 41 12
a 56 68 18
a 56 70 17
a 56 90 5
a 56 29 8
a 56 47 13
a 56 19 10
a 56 38 19
a 56 35 10
a 56 96 6
a 57 58 13
a 57 2 18
a 57 68 15
a 57 90 6
a 57 62 6
a 57 96 19
a 57 8 14
a 57 4 6
a 57 1 10
a 57 87 18
a 57 51 7
a 57 92 15
a 57 71 11
a 57 72 13
a 57 70 12
a 57 61 8
a 57 79 6
a 57 14 9
a 57 67 11
a 57 89 17
a 57 80 8
a 57 3 16
a 57 17 9
a 57 21 2
a 58 59 12
a 58 10 16
a 58 85 15
a 58 52 18
a 58 93 10
a 58 26 11
a 58 66 13
a 58 96 2
a 58 19 11
a 58 70 15
a 58 23 14
a 58 80 3
a 58 95 5
a 58 17 9
a 58 49 12
a 58 44 11
a 58 78 12
a 58 69 2
a 58 9 11
a 58 94 14
a 59 60 3
a 59 13 18
a 59 47 2
a 59 77 15
a 59 83 12
a 59 92 8
a 59 58 3
a 59 91 17
a 59 24 9
a 59 90 8
a 59 26 9
a 59 34 10
a 59 33 10
a 59 30 19
a 59 73 6
a 59 81 3
a 59 19 9
a 59 40 6
a 59 67 14
a 59 8 4
a 60 61 19
a 60 12 1
a 60 16 16
a 60 95 6
a 60 17 10
a 60 9 4
a 60 71 19
a 60 46 5
a 60 42 7
a 60 67 15
a 60 89 14
a 60 31 8
a 60 63 2
a 60 76 13
a 60 30 2
a 60 64 9
a 60 92 12
a 60 5 2
a 60 15 14
a 60 39 15
a 60 43 8
a 60 28 1
a 60 74 13
a 60 27 11
a 60 93 7
a 61 62 1
a 61 77 19
a 61 4 7
a 61 90 7
a 61 5 4
a 61 92 10
a 61 78 11
a 61 58 13
a 61 3 12
a 61 50 13
a 61 85 10
a 61 48 12
a 61 60 4
a 61 82 19
a 61 75 6
a 61 37 16
a 61 23 11
a 61 86 11
a 61 28 9
a 61 99 9
a 61 70 14
a 61 55 5
a 61 59 9
a 61 74 19
a 62 63 7
a 62 6 19
a 62 38 12
a 62 43 9
a 62 5 10
a 62 4 2
a 62 57 5
a 62 40 14
a 62 25 2
a 62 75 9
a 62 85 8
a 62 50 16
a 62 59 17
a 62 87 9
a 62 88 19
a 62 47 12
a 62 35 12
a 63 64 17
a 63 5 11
a 63 68 14
a 63 75 14
a 63 22 4
a 63 18 9
a 63 6 14
a 63 17 14
a 63 48 13
a 63 45 4
a 63 25 13
a 63 35 3
a 63 79 5
a 64 65 10
a 64 58 16
a 64 74 13
a 64 9 7
a 64 39 11
a 64 43 11
a 64 99 1
a 64 28 5
a 64 6 16
a 64 4 14
a 64 8 9
a 64 3 17
a 64 22 3
a 64 21 9
a 64 85 2
a 64 92 16
a 64 7 3
a 64 42 13
a 64 32 3
a 64 25 16
a 64 55 15
a 65 66 15
a 65 1 4
a 65 20 6
a 65 24 13
a 65 57 2
a 65 80 12
a 65 79 5
a 65 67 14
a 65 53 8
a 65 93 19
a 65 19 5
a 65 47 14
a 65 51 11
a 65 89 11
a 65 94 18
a 65 42 3
a 65 61 8
a 65 52 17
a 65 82 5
a 65 50 5
a 65 64 18
a 65 56 1
a 65 22 17
a 66 67 18
a 66 28 17
a 66 27 1
a 66 80 13
a 66 62 6
a 66 79 3
a 66 81 4
a 66 32 8
a 66 86 4
a 66 69 12
a 66 72 16
a 66 77 17
a 66 30 16
a 66 43 13
a 66 70 10
a 66 64 4
a 66 49 3
a 66 75 12
a 66 63 13
a 66 23 10
a 67 68 5
a 67 24 7
a 67 96 18
a 67 25 5
a 67 9 12
a 67 2 18
a 67 64 17
a 67 22 7
a 67 33 1
a 67 21 3
a 67 28 10
a 67 51 15
a 67 3 18
a 67 75 10
a 67 99 11
a 67 58 15
a 67 82 1
a 67 29 11
a 67 27 16
a 67 50 7
a 67 73 18
a 67 31 4
a 67 88 10
a 67 20 17
a 67 52 15
a 68 69 2
a 68 65 9
a 68 60 9
a 68 59 6
a 68 55 15
a 68 82 2
a 68 71 18
a 68 61 15
a 68 25 15
a 68 70 18
a 68 66 11
a 68 1 15
a 68 64 15
a 68 23 13
a 68 58 11
a 68 19 1
a 68 34 13
a 68 12 5
a 69 70 13
a 69 36 19
a 69 73 4
a 69 97 5
a 69 84 8
a 69 51 9
a 69 91 2
a 69 6 4
a 69 42 10
a 69 74 18
a 69 90 15
a 69 16 19
a 69 68 18
a 69 48 15
a 69 47 14
a 69 35 6
a 69 98 10
a 69 63 8
a 69 43 7
a 69 14 15
a 69 18 14
a 69 3 16
a 70 71 8
a 70 86 10
a 70 95 14
a 70 78 15
a 70 80 4
a 70 96 17
a 70 72 18
a 70 89 5
a 70 23 3
a 70 30 14
a 70 84 6
a 70 18 17
a 70 77 17
a 70 45 8
a 70 9 14
a 70 16 5
a 70 82 13
a 70 74 7
a 70 24 9
a 70 6 1
a 70 81 1
a 70 25 3
a 70 17 18
a 70 19 4
a 70 99 13
a 71 72 11
a 71 98 18
a 71 49 1
a 71 83 4
a 71 91 9
a 71 59 3
a 71 32 4
a 71 58 7
a 71 24 5
a 71 14 1
a 71 21 12
a 71 73 11
a 71 82 1
a 71 2 6
a 71 57 12
a 71 70 16
a 71 99 11
a 71 6 4
a 72 73 16
a 72 43 12
a 72 37 12
a 72 15 10
a 72 24 14
a 72 59 6
a 72 44 1
a 72 51 11
a 72 7 9
a 72 60 5
a 72 91 14
a 72 19 10
a 72 64 15
a 72 93 16
a 72 14 4
a 72 25 13
a 72 53 14
a 72 26 14
a 72 41 12
a 73 74 6
a 73 18 3
a 73 55 9
a 73 76 1
a 73 17 10
a 73 99 9
a 73 61 19
a 73 70 16
a 73 7 8
a 73 72 14
a 73 41 9
a 73 83 17
a 73 46 1
a 73 71 5
a 73 96 18
a 73 94 2
a 73 97 12
a 73 43 12
a 74 75 11
a 74 28 16
a 74 76 7
a 74 86 14
a 74 94 10
a 74 46 2
a 74 41 6
a 74 90 18
a 74 81 5
a 74 39 9
a 74 40 2
a 74 2 13
a 74 91 18
a 74 45 19
a 74 48 12
a 74 4 5
a 74 67 7
a 74 32 8
a 74 43 7
a 74 88 1
a 74 20 10
a 75 76 5
a 75 31 14
a 75 82 10
a 75 68 1
a 75 64 13
a 75 7 9
a 75 38 1
a 75 15 11
a 75 32 1
a 75 93 1
a 75 56 2
a 75 42 13
a 75 71 1
a 75 99 13
a 75 67 11
a 75 54 6
a 75 5 9
a 75 65 8
a 75 25 17
a 75 13 3
a 76 77 13
a 76 31 5
a 76 89 4
a 76 29 10
a 76 10 7
a 76 82 15
a 76 11 15
a 76 52 17
a 76 28 12
a 76 87 8
a 76 78 5
a 76 32 9
a 76 37 3
a 76 95 2
a 76 2 2
a 76 91 17
a 76 90 19
a 76 53 13
a 76 66 14
a 76 15 1
a 76 94 7
a 76 68 1
a 76 9 17
a 76 38 4
a 76 12 7
a 76 50 12
a 77 78 17
a 77 31 18
a 77 58 3
a 77 59 3
a 77 34 10
a 77 46 11
a 77 66 9
a 77 55 12
a 77 7 1
a 77 24 1
a 77 98 3
a 77 37 11
a 77 20 16
a 77 63 3
a 77 9 10
a 77 96 8
a 77 91 17
a 77 71 10
a 77 90 3
a 77 41 14
a 78 79 14
a 78 38 10
a 78 66 1
a 78 82 11
a 78 41 15
a 78 25 6
a 78 91 15
a 78 27 14
a 78 96 16
a 78 37 2
a 78 5 17
a 78 93 10
a 78 14 14
a 78 89 19
a 78 73 4
a 78 57 18
a 79 80 8
a 79 31 16
a 79 61 10
a 79 34 18
a 79 43 17
a 79 6 9
a 79 29 8
a 79 47 19
a 79 58 17
a 79 17 16
a 79 78 1
a 79 14 18
a 79 81 18
a 79 85 1
a 79 88 18
a 79 32 14
a 79 15 10
a 79 27 2
a 79 50 18
a 79 75 8
a 79 56 6
a 79 39 13
a 79 87 15
a 79 8 19
a 80 81 16
a 80 12 2
a 80 63 6
a 80 87 1
a 80 61 1
a 80 39 17
a 80 4 4
a 80 29 5
a 80 36 14
a 80 28 2
a 80 26 19
a 80 49 4
a 80 45 14
a 80 44 18
a 80 95 2
a 80 53 1
a 81 82 15
a 81 14 14
a 81 98 17
a 81 85 5
a 81 70 3
a 81 9 1
a 81 27 18
a 81 65 16
a 81 66 10
a 81 38 4
a 81 16 1
a 81 77 15
a 81 28 5
a 81 83 17
a 81 68 11
a 81 11 13
a 81 54 7
a 81 97 1
a 81 8 16
a 81 31 9
a 81 87 9
a 82 83 11
a 82 16 6
a 82 9 9
a 82 36 3
a 82 88 14
a 82 60 1
a 82 77 15
a 82 68 16
a 82 42 3
a 82 38 12
a 82 44 18
a 82 13 9
a 82 48 19
a 82 23 7
a 82 99 2
a 82 54 7
a 82 73 1
a 82 18 16
a 83 84 6
a 83 42 19
a 83 79 19
a 83 39 10
a 83 24 7
a 83 88 5
a 83 78 16
a 83 76 7
a 83 64 10
a 83 47 19
a 83 80 12
a 83 3 5
a 83 19 10
a 83 9 11
a 83 67 6
a 83 13 3
a 83 52 14
a 83 6 18
a 84 85 16
a 84 42 5
a 84 57 15
a 84 90 19
a 84 99 1
a 84 67 16
a 84 63 6
a 84 33 16
a 84 86 10
a 84 59 17
a 84 71 1
a 84 80 19
a 84 58 2
a 84 55 10
a 84 40 6
a 84 81 12
a 84 31 6
a 84 24 16
a 84 27 19
a 84 35 1
a 85 86 12
a 85 68 15
a 85 23 8
a 85 29 19
a 85 42 11
a 85 18 9
a 85 5 11
a 85 75 3
a 85 79 11
a 85 40 14
a 86 87 2
a 86 39 12
a 86 65 9
a 86 71 8
a 86 78 19
a 86 1 17
a 86 14 3
a 86 26 19
a 86 91 5
a 86 88 11
a 86 3 1
a 86 42 15
a 86 82 14
a 86 44 8
a 86 94 2
a 86 50 12
a 86 52 9
a 86 17 10
a 86 5 4
a 86 76 15
a 86 37 6
a 86 38 1
a 86 4 4
a 86 80 19
a 86 31 7
a 86 75 8
a 86 11 4
a 87 88 15
a 87 55 11
a 87 32 14
a 87 95 17
a 87 23 7
a 87 7 1
a 87 64 16
a 87 82 14
a 87 31 14
a 87 59 14
a 87 1 15
a 87 51 1
a 87 58 13
a 87 20 8
a 87 91 11
a 88 89 1
a 88 48 13
a 88 19 5
a 88 12 15
a 88 21 15
a 88 7 11
a 88 63 18
a 88 70 16
a 88 78 17
a 88 64 17
a 88 93 13
a 88 91 10
a 89 90 15
a 89 32 2
a 89 69 8
a 89 79 10
a 89 8 10
a 89 95 12
a 89 34 1
a 89 96 11
a 89 31 18
a 89 53 16
a 89 54 10
a 89 86 15
a 89 51 3
a 89 67 7
a 89 2 15
a 89 1 3
a 89 26 6
a 90 91 7
a 90 24 9
a 90 13 2
a 90 43 14
a 90 23 16
a 90 79 17
a 90 83 8
a 90 55 17
a 90 52 19
a 90 73 9
a 90 27 17
a 90 29 9
a 90 86 9
a 90 22 8
a 90 11 1
a 90 57 1
a 90 67 12
a 90 46 11
a 90 72 18
a 90 92 14
a 91 92 15
a 91 82 5
a 91 75 15
a 91 38 7
a 91 49 8
a 91 50 14
a 91 48 9
a 91 7 16
a 91 86 6
a 91 29 16
a 91 22 3
a 91 45 6
a 91 19 13
a 91 52 7
a 91 56 19
a 91 95 13
a 91 5 2
a 91 12 13
a 91 88 7
a 91 37 5
a 91 94 11
a 91 30 8
a 91 58 5
a 91 76 16
a 91 57 1
a 91 62 12
a 91 18 18
a 91 13 17
a 91 77 4
a 91 36 5
a 92 93 18
a 92 22 17
a 92 8 13
a 92 53 15
a 92 86 5
a 92 56 10
a 92 42 12
a 92 78 19
a 92 25 3
a 92 46 9
a 92 45 8
a 92 49 6
a 92 72 2
a 92 91 15
a 92 70 2
a 92 18 19
a 92 50 13
a 92 87 10
a 92 41 17
a 92 89 7
a 92 30 1
a 92 65 11
a 92 32 16
a 92 88 15
a 92 67 11
a 93 94 12
a 93 38 10
a 93 5 18
a 93 67 10
a 93 71 19
a 93 86 11
a 93 44 9
a 93 50 4
a 93 95 13
a 93 89 6
a 93 98 1
a 93 76 6
a 93 11 8
a 93 40 9
a 93 42 15
a 93 77 13
a 94 95 3
a 94 10 18
a 94 5 16
a 94 39 10
a 94 88 10
a 94 34 17
a 94 58 12
a 94 53 9
a 94 29 10
a 94 47 7
a 94 65 4
a 94 30 18
a 94 2 11
a 94 85 18
a 94 76 12
a 94 60 18
a 94 8 8
a 94 57 8
a 94 55 15
a 94 96 12
a 94 86 6
a 94 51 2
a 95 96 15
a 95 69 17
a 95 60 14
a 95 62 19
a 95 49 5
a 95 10 12
a 95 81 17
a 95 1 15
a 95 8 6
a 95 41 18
a 95 12 13
a 95 91 17
a 95 99 4
a 95 43 6
a 95 36 2
a 95 4 4
a 95 53 12
a 95 70 12
a 95 74 1
a 95 98 9
a 95 35 5
a 95 44 5
a 95 11 14
a 96 97 19
a 96 67 15
a 96 98 9
a 96 24 12
a 96 43 18
a 96 85 2
a 96 25 13
a 96 64 10
a 96 87 2
a 96 48 18
a 96 12 19
a 96 52 4
a 96 80 4
a 96 17 9
a 96 4 15
a 96 69 8
a 96 46 14
a 96 56 16
a 96 41 4
a 96 5 1
a 96 11 17
a 96 34 11
a 97 98 11
a 97 68 16
a 97 57 4
a 97 24 12
a 97 18 14
a 97 78 16
a 97 8 13
a 97 22 11
a 97 90 10
a 97 70 14
a 97 31 9
a 97 4 15
a 97 49 3
a 97 28 18
a 97 54 8
a 97 96 4
a 97 19 14
a 97 83 5
a 97 91 12
a 98 99 4
a 98 10 6
a 98 94 3
a 98 23 12
a 98 42 14
a 98 11 4
a 98 38 6
a 98 68 9
a 98 60 17
a 98 54 17
a 98 50 8
a 98 33 14
a 98 85 16
a 98 12 1
a 98 80 13
a 98 52 6
a 98 19 17
a 98 57 3
c 2 7 75 15 193
c 31 32 72 60 117
c 86 50 67 58 169
c 8 79 20 85 180
c 49 48 85 42 166
c 59 34 31 69 195
c 73 46 73 18 144
c 57 14 44 62 158
c 65 56 55 74 135
c 62 75 65 66 118
c 1 7 17 80 144
c 94 58 70 19 133
c 57 14 70 72 173
c 95 36 37 44 147
c 46 72 73 83 135
c 87 1 11 33 176
c 7 5 40 83 193
c 18 58 20 66 173
c 33 71 51 47 105
c 44 59 62 47 145
c 76 87 77 63 141
c 18 62 25 26 181
c 43 39 89 86 113
c 12 61 73 74 125
c 15 50 10 2 129
c 39 91 97 68 191
c 82 68 71 2 133
c 17 45 13 63 111
c 75 71 28 9 140
c 61 4 39 8 166
c 89 31 64 28 183
c 7 57 26 7 177
c 20 99 12 11 186
c 67 21 85 68 100
c 85 79 10 27 134
c 28 9 66 62 163
c 18 87 28 56 143
c 64 7 81 66 175
c 29 30 89 8 162
c 48 37 38 35 139
c 80 87 14 83 136
c 92 53 7 48 123
c 74 67 65 42 140
c 83 64 93 44 165
c 1 61 18 61 133
c 54 97 62 87 180
c 91 5 82 60 126
c 50 51 71 99 196
c 65 64 90 79 149
c 3 81 57 68 132
c 30 87 6 21 171
c 19 84 29 11 120
c 4 7 69 70 131
c 55 58 47 48 143
c 67 50 60 74 185
c 82 99 25 91 140
c 11 68 46 72 159
c 87 23 12 47 173
c 22 38 0 48 100
c 69 48 95 70 121
c 24 87 98 85 180
c 58 19 9 30 109
c 43 50 14 83 149
c 32 38 7 91 136
c 17 31 37 73 101
c 27 97 68 82 106
c 71 82 21 37 117
c 1 24 47 97 180
c 30 36 7 5 154
c 20 56 40 46 178
c 76 66 88 19 163
c 30 97 78 82 169
c 67 58 7 8 177
c 39 2 84 27 106
c 82 54 77 34 144
c 96 43 61 58 125
c 26 76 60 27 142
c 10 22 19 91 131
c 38 78 91 38 117
c 6 10 11 17 161
c 50 21 62 85 105
c 92 72 37 74 139
c 5 92 95 62 114
c 65 53 61 28 197
c 1 96 48 63 141
c 36 95 50 74 167
c 6 7 91 75 168
c 63 64 42 55 127
c 97 4 30 55 171
c 17 38 42 44 134
c 54 84 50 78 153
c 40 10 27 35 105
c 22 12 56 81 146
c 45 86 58 10 177
c 93 71 17 44 150
c 58 78 66 27 170
c 81 8 94 76 187
c 41 6 20 77 173
c 25 58 48 49 198
c 15 55 61 86 107
c 6 72 67 21 187
c 24 66 17 31 171
c 11 51 62 57 148
c 65 57 41 14 153
c 26 71 90 73 126
c 43 37 93 86 101
c 3 4 14 31 143
c 80 63 46 11 124
c 42 25 46 61 187
c 1 36 34 26 103
c 45 76 76 12 190
c 60 89 73 94 197
c 24 46 75 99 158
c 14 84 66 63 151
c 72 93 24 87 168
c 76 77 38 12 110
c 66 77 86 78 133
c 60 16 95 81 169
c 73 55 25 93 190
c 68 1 20 99 137
c 46 87 64 6 190
c 23 56 75 64 109
c 70 45 77 41 125
c 43 45 61 82 197
c 95 91 31 32 179
c 90 29 77 91 158
c 90 73 98 11 136
c 12 71 46 86 193
c 69 42 35 78 196
c 2 40 96 85 179
c 7 5 76 50 146
c 22 20 55 53 144
c 75 31 69 6 112
c 13 90 49 57 151
c 24 25 6 49 185
c 41 67 72 44 116
c 73 72 79 47 104
c 39 4 43 39 112
c 55 35 95 11 192
c 92 45 15 55 137
c 67 75 8 12 155
c 71 57 13 1 170
c 50 70 31 64 139
c 76 12 65 57 197
c 25 93 91 50 143
c 14 52 24 19 188
c 35 90 90 57 116
c 6 7 45 25 128
c 4 80 49 48 154
c 15 49 48 54 141
c 12 61 34 63 146
c 97 24 36 11 125
c 76 53 46 47 100
c 44 46 72 41 164
c 30 3 20 59 178
c 60 64 0 99 150
c 77 46 44 31 100
c 63 5 81 11 122
c 93 71 16 78 138
c 46 84 37 75 187
c 24 38 39 7 101
c 52 66 59 90 114
c 64 99 72 53 181
c 70 95 95 36 194
c 44 31 1 45 197
c 78 82 95 8 169
c 6 80 46 47 179
c 54 90 60 9 185
c 29 73 86 4 144
c 7 4 40 10 179
c 32 57 60 17 163
c 16 78 51 9 123
c 89 54 32 22 138
c 71 99 57 96 174
c 43 18 16 6 111
c 72 24 32 44 130
c 3 62 81 68 143
c 64 58 94 10 138
c 57 89 85 79 162
c 76 12 49 8 193
c 84 80 30 90 159
c 91 36 31 70 104
c 45 36 70 23 123
c 53 5 47 68 137
c 97 96 75 38 136
c 19 91 96 80 125
c 49 28 2 81 137
c 31 99 40 81 150
c 64 92 80 87 124
c 53 80 70 84 129
c 75 99 28 83 186
c 61 55 1 49 124
c 46 11 19 64 103
c 91 22 97 22 153
c 64 3 13 23 109
c 92 78 56 96 194
c 32 69 71 99 183
c 68 34 98 68 136
c 76 11 7 23 182
c 60 12 23 49 181
c 90 13 90 91 194
c 32 2 9 30 161
c 77 20 40 5 176
c 70 86 60 17 182
c 79 15 90 13 141
c 57 58 48 41 118
c 49 28 95 44 132
c 24 2 89 53 110
c 18 31 33 32 151
c 6 33 14 66 102
c 10 11 67 25 137
c 59 13 60 43 114
c 21 96 20 8 103
c 96 17 88 89 136
c 79 58 61 55 100
c 85 40 13 63 121
c 79 32 11 26 146
c 18 93 44 94 181
c 83 47 86 88 176
c 91 13 15 44 167
c 18 13 26 64 131
c 66 81 46 31 130
c 24 20 4 7 157
c 76 37 58 49 145
c 20 56 53 17 183
c 30 15 22 71 106
c 15 40 97 8 179
c 54 4 67 50 122
c 58 49 64 7 198
c 88 64 90 72 101
c 41 55 25 81 165
c 63 64 59 73 161
c 27 17 5 78 185
c 35 3 8 15 192
c 55 82 80 29 134
c 38 3 24 45 105
c 28 82 30 90 141
c 65 53 11 41 140
c 9 52 68 82 188
c 49 57 18 87 189
c 59 90 89 79 140
c 53 74 67 21 169
c 90 23 30 32 165
c 51 86 25 96 195
c 28 1 33 89 165
c 35 21 43 39 155
c 45 19 32 16 141
c 80 12 16 75 100
c 62 63 73 41 183
c 94 10 5 45 112
c 49 65 21 91 124
c 32 51 79 87 126
c 52 77 90 46 115
c 1 45 42 88 102
c 8 64 78 37 113
c 76 2 14 52 189
c 95 10 50 81 123
c 71 58 51 52 116
c 27 76 83 39 135
c 68 60 64 74 153
c 50 98 3 66 180
c 37 79 80 87 121
c 50 72 30 45 129
c 0 49 92 78 120
c 73 70 75 31 154
c 19 57 30 90 150
c 4 65 61 74 143
c 59 73 94 8 161
c 14 34 48 72 138
c 72 25 17 38 126
c 53 51 89 69 123
c 81 65 59 90 177
c 8 44 67 24 128
c 12 53 51 58 105
c 94 8 31 45 121
c 60 67 13 90 150
c 86 11 61 85 138
c 41 68 43 5 153
c 76 78 53 47 197
c 36 69 74 67 107
c 66 86 78 82 174
c 37 13 79 27 192
c 66 72 91 58 110
c 86 4 9 10 184
c 71 99 18 62 132
c 92 93 42 3 133
c 72 26 47 97 121
c 48 54 48 80 128
c 1 89 14 45 133
c 81 83 1 61 158
c 52 75 72 37 139
c 94 39 83 84 151
c 82 42 42 88 173
c 81 77 72 59 177
c 3 47 61 50 192
c 15 46 59 24 180
c 42 88 71 83 149
c 29 10 44 81 113
c 86 14 32 48 178
c 28 1 42 66 136
c 69 73 28 27 187
c 1 29 67 28 165
c 47 55 22 28 160
c 19 59 70 86 114
c 29 73 84 40 118
c 56 47 56 70 119
c 26 87 50 85 165
c 94 53 43 64 130
c 10 11 50 6 124
c 61 23 50 61 182
c 81 97 55 30 192
c 1 96 17 43 116
c 38 35 96 67 109
c 51 83 26 45 146
c 64 58 20 21 130
c 86 14 20 12 151
c 83 6 42 88 141
c 10 19 14 84 143
c 90 83 81 66 179
c 61 90 4 17 153
c 30 99 88 93 165
c 84 85 44 1 141
c 91 77 71 98 131
c 17 44 41 87 155
c 71 73 18 52 153
c 93 98 93 94 102
c 38 5 77 31 166
c 83 3 1 24 197
c 81 97 86 75 113
c 80 29 79 15 170
c 78 25 4 76 103
c 90 52 83 3 142
c 34 52 2 41 111
c 94 5 61 70 144
c 70 9 18 61 171
c 0 35 26 86 181
c 37 29 22 38 128
c 72 51 77 20 151
c 44 59 82 99 125
c 80 61 73 97 191
c 67 64 45 31 128
c 43 37 61 55 172
c 54 79 89 86 158
c 72 25 22 65 156
c 90 79 9 21 150
c 58 96 77 55 124
c 48 87 32 5 158
c 68 19 97 19 121
c 92 91 95 70 182
c 32 28 96 87 117
c 69 36 48 37 192
c 92 18 35 10 153
c 3 42 62 85 129
c 4 91 65 56 106
c 64 85 6 83 142
c 48 33 28 56 191
c 28 17 69 47 107
c 54 97 6 91 185
c 98 52 25 50 124
c 24 46 12 34 188
c 37 73 66 69 182
c 94 8 75 15 145
c 0 62 68 70 122
c 38 18 4 8 133
c 33 34 42 3 187
c 2 26 66 64 189
c 58 93 77 66 104
c 96 17 56 29 191
c 77 24 11 17 139
c 51 83 80 44 151
c 78 73 64 58 141
c 18 21 32 72 139
c 74 75 62 38 164
c 68 65 33 41 177
c 82 23 11 51 180
c 95 4 95 43 114
c 72 93 12 60 110
c 78 93 3 66 156
c 7 55 59 91 152
c 51 58 12 99 123
c 86 42 38 58 197
c 37 79 38 40 132
c 53 98 81 65 190
c 85 40 93 76 158
c 32 44 65 64 153
c 80 53 2 67 109
c 75 31 88 89 173
c 56 26 68 25 160
c 85 75 80 63 124
c 20 6 27 39 185
c 51 53 58 10 192
c 69 68 79 78 125
c 13 99 43 22 110
c 37 6 36 96 111
c 31 67 1 45 101
c 16 3 45 21 177
c 47 52 98 94 103
c 52 66 3 10 148
c 74 94 47 68 161
c 75 38 76 77 107
c 94 51 59 24 173
c 2 35 90 43 103
c 53 62 40 28 173
c 79 43 75 7 185
c 76 91 11 41 126
c 12 53 80 36 182
c 72 7 2 3 126
c 22 20 5 23 166
c 67 2 39 93 185
c 32 6 46 25 198
c 88 64 24 57 195
c 11 14 50 76 155
c 95 10 7 94 143
c 32 53 45 46 186
c 9 67 84 90 157
c 33 90 62 35 152
c 11 17 8 85 174
c 30 99 62 43 109
c 42 4 6 49 190
c 47 5 1 29 122
c 25 26 64 25 184
c 97 83 21 77 143
c 95 69 59 30 154
c 11 21 43 50 126
c 72 93 12 53 124
c 53 99 48 39 166
c 15 71 69 36 134
c 4 10 98 10 117
c 15 52 53 2 141
c 13 90 21 6 189
c 51 58 6 7 111
c 79 50 74 20 151
c 34 14 23 13 183
c 63 22 64 22 123
c 75 31 98 57 111
c 70 71 79 61 145
c 52 30 97 70 132
c 74 2 17 1 198
c 87 20 70 84 198
c 55 74 74 67 106
c 35 78 54 84 181
c 76 31 26 7 116
c 76 11 55 62 175
c 32 21 14 37 128
c 95 62 30 98 105
c 59 77 7 13 142
c 91 62 72 53 113
c 78 25 16 78 177
c 34 48 53 9 115
c 40 87 91 45 153
c 20 90 46 86 104
c 41 68 57 58 109
c 2 7 18 65 109
c 1 61 59 33 180
c 59 47 51 53 111
c 2 88 9 44 177
c 76 87 10 97 146
c 10 92 26 7 163
c 72 41 24 19 111
c 55 30 86 3 144
c 91 29 32 28 121
c 23 24 59 67 112
c 84 42 32 63 165
c 84 57 22 71 108
c 29 61 76 32 158
c 18 76 14 24 167
c 86 91 48 39 109
c 42 43 77 91 145
c 12 61 30 7 156
c 33 32 27 39 140
c 70 45 79 56 158
c 51 33 38 67 169
c 76 38 93 44 173
c 53 20 57 3 152
c 14 34 46 47 139
c 81 97 5 23 126
c 89 79 7 64 133
c 6 93 9 10 187
c 89 31 58 93 189
c 21 73 32 58 167
c 21 9 5 65 158
c 30 71 20 12 148
c 90 79 38 25 195
c 74 94 84 85 116
c 95 12 58 23 193
c 70 25 35 36 165
c 12 47 90 91 155
c 47 21 0 99 153
c 74 46 25 95 147
c 36 52 17 56 176
c 67 96 18 31 195
c 12 53 69 70 196
c 16 59 5 24 169
c 90 27 89 69 123
c 28 29 62 6 105
c 78 57 6 98 117
c 89 95 94 8 143
c 30 99 15 2 173
c 48 57 60 31 134
c 58 49 84 27 179
c 90 27 22 79 170
c 61 58 26 57 197
c 73 97 51 9 198
c 60 64 16 3 169
c 77 46 31 7 131
c 6 91 56 54 152
c 60 42 86 39 132
c 28 27 25 91 103
c 4 8 25 51 155
c 88 7 78 79 130
c 12 80 26 7 195
c 72 53 19 87 169
c 24 53 12 62 157
c 64 39 82 83 182
c 81 16 61 78 177
c 94 88 68 1 142
c 13 46 75 25 146
c 10 76 0 7 135
c 8 15 74 20 169
c 85 18 94 95 124
c 39 9 89 2 168
c 68 1 96 46 111
c 88 78 97 96 162
c 44 96 48 12 195
c 39 56 6 80 152
c 86 76 30 36 195
c 55 76 91 13 165
c 91 18 46 37 151
c 89 69 26 7 140
c 87 64 70 96 195
c 21 96 61 70 154
c 55 97 24 46 111
c 92 70 18 83 155
c 71 2 91 5 163
c 68 82 85 18 186
c 3 2 3 47 110
c 68 59 95 74 134
c 10 92 30 55 179
c 47 99 90 73 139
c 0 9 91 7 154
c 78 41 3 47 199
c 93 50 27 39 116
c 15 68 81 27 182
c 64 3 80 26 110
c 66 64 31 32 120
c 47 88 50 72 176
c 61 23 86 42 161
c 8 44 94 57 187
c 89 67 52 77 160
c 82 18 0 99 164
c 40 53 58 93 131
c 12 93 79 39 149
c 23 63 71 58 186
c 84 58 28 83 170
c 12 96 14 17 101
c 7 48 97 78 174
c 84 85 96 12 198
c 12 6 0 74 177
c 98 52 34 55 138
c 42 88 62 87 139
c 48 12 68 70 114
c 9 97 14 37 116
c 47 60 63 45 127
c 80 49 62 57 121
c 94 88 45 49 189
c 11 12 47 87 123
c 27 24 15 16 185
c 98 80 70 9 192
c 65 24 75 7 153
c 25 95 84 71 168
c 1 64 67 22 120
c 51 89 91 62 192
c 12 34 92 93 159
c 46 28 49 5 141
c 45 30 62 59 128
c 83 80 67 24 167
c 61 70 96 11 132
c 53 9 94 55 159
c 44 62 27 24 108
c 45 54 77 96 132
c 10 97 84 59 194
c 65 53 12 47 146
c 70 25 70 96 150
c 65 52 32 6 196
c 32 16 76 31 183
c 9 56 60 15 149
c 57 21 29 82 183
c 56 68 26 97 180
c 86 52 65 20 133
c 54 41 11 22 117
c 33 90 27 2 145
c 39 9 40 2 199
c 66 49 3 47 151
c 29 28 74 39 101
c 53 80 94 95 167
c 65 67 94 55 120
c 19 92 30 20 120
c 77 98 96 41 184
c 13 28 30 60 166
c 50 62 58 80 174
c 34 20 69 84 154
c 58 17 0 9 100
c 86 4 60 71 135
c 84 71 41 14 173
c 63 64 97 83 136
c 64 4 91 30 113
c 93 67 64 28 170
c 74 45 3 4 156
c 6 94 23 70 123
c 61 58 36 85 175
c 43 19 86 42 154
c 42 27 37 75 164
c 95 8 25 51 100
c 6 53 64 8 167
c 14 31 60 95 160
c 16 78 67 2 107
c 14 73 63 18 108
c 62 63 53 73 143
c 33 32 74 45 129
c 29 61 91 52 150
c 30 55 78 37 101
c 5 19 38 70 138
c 33 14 70 16 197
c 50 89 69 51 186
c 19 62 41 6 126
c 84 90 91 75 153
c 11 12 93 40 128
c 57 62 65 50 129
c 25 96 49 5 156
c 17 45 94 86 101
c 63 75 21 37 128
c 75 42 42 63 175
c 24 3 32 57 109
c 68 70 6 8 132
c 57 96 61 4 189
c 58 80 0 96 179
c 83 84 86 88 148
c 76 87 54 63 143
c 90 91 51 18 170
c 88 48 32 51 176
c 97 83 7 8 138
c 74 43 68 61 151
c 97 24 20 66 137
c 0 96 44 46 113
c 39 94 19 57 120
c 48 37 57 71 178
c 7 31 94 65 156
c 44 46 67 51 141
c 2 67 92 18 189
c 28 88 46 60 124
c 26 4 34 48 150
c 50 21 92 65 171
c 70 99 69 73 118
c 12 6 21 78 150
c 92 70 71 49 107
c 30 32 55 76 103
c 75 71 47 26 155
c 80 87 82 60 154
c 68 70 19 64 142
c 39 21 60 95 159
c 27 22 63 75 161
c 86 37 78 41 137
c 57 17 80 53 105
c 62 87 34 35 187
c 24 23 60 30 125
c 60 64 9 44 137
c 17 18 7 57 184
c 18 32 75 64 142
c 46 47 93 67 148
c 73 99 85 40 156
c 0 96 94 60 167
c 12 62 94 57 138
c 21 91 6 94 118
c 21 10 1 64 137
c 57 71 30 14 193
c 89 95 35 11 121
c 14 37 94 57 123
c 5 26 16 89 168
c 80 36 26 19 153
c 93 42 28 82 152
c 56 57 36 56 113
c 31 64 36 78 177
c 67 73 52 66 145
c 46 11 22 89 171
c 2 41 33 37 183
c 54 22 48 18 199
c 75 68 30 66 112
c 94 76 2 67 102
c 5 80 54 46 192
c 45 76 15 55 179
c 36 37 73 41 143
c 75 38 72 41 187
c 27 97 83 76 103
c 6 10 88 21 155
c 30 56 54 84 174
c 68 69 52 60 131
c 51 11 91 37 136
c 27 63 24 60 139
c 49 8 88 7 172
c 60 95 74 67 107
c 64 3 63 18 153
c 81 85 76 52 147
c 91 13 90 22 139
c 20 18 26 27 194
c 0 7 22 28 140
c 56 26 9 24 165
c 45 15 40 41 129
c 11 61 70 99 109
c 20 18 14 99 167
c 18 58 49 48 138
c 16 88 54 31 174
c 9 32 27 24 182
c 76 91 50 80 165
c 9 24 72 59 104
c 1 96 51 53 133
c 4 17 6 48 144
c 84 33 87 91 158
c 46 31 7 91 190
c 10 27 23 41 147
c 37 52 29 44 139
c 92 86 12 15 127
c 93 77 1 21 186
c 65 50 70 25 132
c 48 87 57 4 137
c 13 21 90 29 100
c 86 91 5 24 162
c 72 53 12 34 187
c 86 39 73 71 186
c 13 63 15 41 160
c 1 15 29 93 128
c 68 66 11 33 139
c 11 27 79 88 106
c 88 48 57 89 195
c 81 83 30 55 168
c 30 54 20 6 152
c 15 48 19 42 177
c 93 76 76 82 165
c 33 10 37 44 120
c 62 87 37 73 116
c 79 56 90 46 180
c 15 46 76 87 197
c 71 58 76 94 134
c 44 45 66 69 179
c 33 14 34 35 176
c 93 11 29 11 147
c 30 31 41 79 118
c 62 4 59 91 117
c 36 82 53 2 171
c 39 9 48 49 144
c 19 92 76 50 181
c 54 12 86 82 102
c 45 88 75 25 144
c 40 17 26 86 191
c 32 5 84 58 111
c 35 98 94 34 142
c 25 28 31 45 184
c 91 45 75 82 126
c 0 81 49 5 156
c 85 79 27 77 169
c 22 80 84 90 133
c 96 12 16 6 139
c 12 90 92 42 104
c 26 71 58 80 116
c 41 34 94 5 147
c 65 89 92 49 105
c 16 3 13 69 183
c 91 36 46 31 125
c 25 7 7 25 151
c 81 98 22 20 161
c 20 81 60 61 131
c 62 40 48 18 183
c 57 67 5 55 193
c 44 41 65 94 169
c 92 91 0 60 128
c 46 47 79 34 119
c 92 41 54 97 155
c 1 24 80 61 150
c 78 66 26 87 161
c 98 54 69 84 164
c 61 60 95 81 179
c 1 6 66 62 146
c 18 90 51 86 194
c 98 33 20 75 162
c 98 94 65 79 120
c 72 41 6 72 101
c 76 52 26 4 113
c 49 52 86 91 111
c 26 44 6 93 104
c 77 59 21 56 133
c 61 4 25 55 109
c 43 5 57 96 199
c 47 5 9 41 187
c 70 19 94 86 171
c 6 88 11 52 153
c 17 64 77 24 170
c 25 34 42 27 184
c 81 68 56 68 189
c 72 26 11 21 139
c 83 39 21 18 170
c 79 87 36 3 186
c 22 38 56 84 119
c 72 44 15 40 198
c 6 48 51 14 101
c 18 56 41 55 110
c 51 9 30 87 134
c 30 7 60 43 142
c 98 19 94 53 111
c 76 10 48 22 170
c 43 49 65 67 108
c 62 4 62 85 172
c 19 42 86 4 199
c 14 17 96 80 129
c 71 49 26 3 192
c 31 7 96 12 131
c 47 68 34 95 180
c 48 89 41 69 105
c 54 63 16 75 177
c 9 41 23 11 129
c 15 49 73 97 102
c 50 56 27 97 147
c 48 63 41 74 142
c 26 90 52 18 111
c 79 75 28 27 146
c 91 76 36 96 156
c 30 3 91 38 133
c 73 46 90 91 114
c 28 29 32 51 111
c 86 4 13 34 131
c 46 1 68 69 145
c 77 59 86 80 171
c 78 57 14 52 150
c 11 51 40 69 162
c 84 58 36 85 101
c 76 53 57 80 170
c 1 24 25 38 165
c 82 36 70 99 137
c 44 20 14 99 105
c 60 95 77 20 146
c 0 31 24 46 168
c 5 59 7 8 153
c 60 5 77 24 156
c 11 43 48 51 170
c 98 10 40 17 164
c 46 31 52 66 196
c 94 85 21 17 186
c 57 8 2 35 167
c 71 2 27 97 151
c 78 96 9 56 167
c 94 76 61 4 182
c 8 9 86 37 163
c 62 25 79 75 101
c 16 13 75 13 197
c 93 44 49 52 126
c 86 91 37 11 100
c 0 31 98 38 136
c 76 32 84 58 188
c 74 20 50 6 111
c 59 67 87 32 112
c 41 42 79 47 117
c 37 89 1 15 163
c 31 69 32 85 185
c 55 97 43 64 133
c 6 72 8 12 152
c 1 41 53 17 130
c 6 21 64 43 158
c 87 64 53 99 124
c 74 2 71 83 158
c 61 50 75 5 170
c 72 37 81 16 171
c 40 81 58 17 128
c 82 73 18 94 109
c 86 3 37 17 196
c 74 39 14 37 123
c 69 35 81 11 106
c 82 13 38 3 155
c 67 73 27 24 123
c 30 55 8 15 170
c 14 34 27 2 129
c 76 82 2 31 178
c 86 76 79 32 189
c 13 3 82 36 106
c 41 30 6 91 176
c 35 37 37 98 117
c 13 28 72 91 123
c 45 49 24 38 166
c 46 87 86 65 136
c 50 72 12 91 121
c 83 24 26 18 100
c 58 52 54 17 170
c 56 29 63 45 196
c 72 43 8 12 110
c 29 93 55 97 160
c 34 78 32 6 121
c 5 13 26 90 114
c 16 54 91 37 154
c 48 55 69 16 112
c 28 9 88 63 140
c 94 5 49 73 123
c 43 48 46 84 192
c 13 99 55 52 142
c 31 45 89 79 125
c 83 52 35 10 117
c 60 63 96 52 119
c 72 51 4 7 177
c 47 38 6 21 185
c 71 21 82 36 165
c 43 12 9 88 125
c 66 80 10 14 140
c 88 63 82 42 171
c 39 25 38 18 190
c 41 13 80 45 133
c 41 74 47 68 198
c 14 17 60 9 171
c 91 38 80 87 162
c 38 77 45 79 111
c 44 62 80 45 124
c 63 17 32 72 124
c 9 99 28 77 116
c 72 26 15 48 131
c 6 53 83 76 152
c 20 12 40 81 122
c 5 26 50 89 151
c 55 76 82 44 163
c 46 25 6 56 170
c 12 78 8 79 186
c 20 16 62 85 188
c 41 14 84 86 149
c 55 53 40 15 165
c 55 76 86 37 115
c 24 23 26 36 187
c 49 5 57 61 134
c 61 62 49 58 144
c 3 2 92 78 179
c 56 69 92 41 160
c 91 52 14 84 177
c 73 94 65 93 176
c 14 32 38 15 106
c 69 48 68 23 159
c 43 14 48 54 194
c 43 49 95 91 129
c 61 28 59 67 136
c 9 30 25 95 160
c 7 23 21 84 155
c 74 45 68 70 177
c 84 63 28 90 176
c 39 9 51 58 197
c 71 6 66 69 119
c 52 66 7 48 165
c 37 79 44 34 187
c 76 28 9 97 131
c 94 30 40 81 103
c 5 69 67 27 123
c 65 80 20 37 163
c 39 2 23 41 132
c 96 80 27 77 162
c 46 84 91 77 102
c 4 8 96 52 165
c 19 62 11 61 183
c 86 94 35 37 111
c 49 28 8 93 122
c 86 3 65 89 177
c 92 18 55 66 112
c 97 90 83 78 125
c 58 69 22 25 199
c 56 84 3 83 182
c 41 22 38 72 100
c 95 4 40 17 105
c 21 8 46 61 131
c 30 60 20 6 135
c 25 65 84 86 177
c 52 23 62 88 191
c 33 89 46 25 178
c 26 57 73 17 196
c 35 79 24 26 159
c 80 49 39 57 120
c 1 96 40 10 146
c 85 18 59 90 131
c 46 8 82 73 168
c 53 48 88 12 141
c 17 51 98 52 159
c 51 14 58 26 107
c 98 23 26 87 181
c 7 21 54 96 103
c 3 49 67 88 160
c 15 40 85 23 164
c 61 5 4 10 178
c 94 95 5 13 172
c 72 25 53 80 104
c 34 65 86 11 121
c 47 39 64 28 110
c 34 95 98 94 194
c 59 92 88 89 124
c 88 78 97 90 171
c 46 90 7 23 133
c 24 57 4 55 167
c 45 76 14 17 102
c 70 71 66 69 132
c 23 93 13 34 136
c 72 25 84 35 149
c 96 5 23 70 135
c 40 41 97 54 158
c 67 21 8 85 112
c 30 97 53 5 173
c 58 95 37 78 109
c 47 26 48 51 172
c 79 61 29 10 161
c 95 11 70 86 143
c 12 61 3 42 122
c 70 89 54 41 171
c 26 45 14 37 152
c 38 34 80 45 108
c 58 23 7 91 176
c 60 64 72 25 170
c 33 50 55 56 125
c 80 49 62 88 198
c 27 64 98 94 100
c 88 21 20 99 109
c 37 78 29 82 177
c 10 71 12 76 143
c 55 76 78 79 164
c 70 30 18 56 141
c 88 12 29 61 123
c 28 83 60 89 104
c 34 48 97 8 166
c 44 20 32 58 104
c 60 43 21 58 104
c 0 74 56 68 184
c 61 23 26 38 107
c 97 24 22 66 111
c 60 27 50 89 141
c 91 18 34 27 134
c 62 25 12 13 116
c 46 72 30 70 166
c 20 2 84 58 129
c 24 33 27 64 134
c 96 97 96 24 114
c 67 88 45 49 176
c 32 53 49 31 116
c 45 51 37 71 176
c 86 52 3 4 152
c 96 4 60 16 114
c 85 42 36 82 190
c 54 94 26 43 119
c 60 42 26 75 126
c 58 19 1 29 184
c 50 51 37 29 165
c 64 4 43 37 177
c 67 31 75 71 165
c 28 59 98 68 169
c 3 42 17 23 161
c 9 67 89 67 160
c 57 8 24 60 101
c 47 84 40 59 149
c 30 56 71 83 142
c 81 8 81 27 120
c 81 85 86 39 159
c 4 17 57 21 180
c 82 77 86 39 161
c 16 78 69 84 101
c 6 47 53 5 136
c 61 37 78 96 175
c 63 17 28 1 112
c 65 67 8 44 105
c 23 41 3 10 118
c 71 49 38 35 126
c 51 47 46 90 155
c 1 84 85 68 171
c 14 73 79 31 186
c 84 42 49 73 105
c 9 4 88 70 120
c 81 9 89 96 112
c 16 59 44 6 151
c 29 82 88 64 135
c 37 13 33 89 154
c 45 38 55 31 134
c 3 22 51 39 198
c 24 66 80 87 182
c 65 61 92 88 147
c 64 8 2 40 104
c 34 78 85 42 140
c 95 8 66 62 107
c 79 81 30 60 172
c 72 60 14 83 128
c 37 89 86 76 190
c 61 99 54 43 194
c 14 99 14 84 133
c 78 89 23 93 131
c 68 25 33 37 121
c 6 83 66 75 161
c 32 74 73 18 171
c 59 40 44 31 155
c 54 43 70 96 189
c 19 84 7 48 113
c 76 53 57 8 177
c 39 21 12 91 111
c 76 87 95 8 152
c 26 70 24 27 179
c 53 95 77 66 138
c 28 88 61 59 171
c 67 28 19 87 182
c 71 73 5 53 181
c 56 35 45 25 125
c 30 31 35 10 154
c 39 79 25 85 165
c 42 55 80 49 142
c 43 12 83 76 117
c 7 55 67 3 101
c 20 67 42 88 117
c 5 69 7 5 178
c 5 62 3 35 113
c 53 9 76 50 173
c 39 4 30 87 145
c 72 51 47 88 109
c 34 70 61 75 155
c 78 96 47 97 173
c 53 48 67 82 136
c 2 26 87 51 191
c 80 45 70 19 119
c 78 25 35 41 197
c 84 85 68 19 189
c 73 70 27 13 110
c 92 30 16 78 168
c 73 46 57 72 135
c 28 90 72 19 164
c 58 93 26 90 183
c 7 5 36 37 125
c 86 31 98 80 105
c 66 80 14 7 125
c 55 53 80 12 195
c 27 28 72 93 129
c 63 5 23 93 136
c 6 62 72 15 149
c 64 22 33 9 148
c 93 44 40 80 121
c 71 57 36 11 158
c 83 80 39 93 185
c 39 25 58 19 192
c 24 38 70 86 172
c 95 60 25 65 187
c 32 24 15 28 149
c 20 67 11 17 188
c 25 37 27 77 153
c 57 8 29 2 184
c 90 23 5 26 164
c 40 83 10 19 178
c 14 45 17 56 109
c 79 17 59 91 122
c 74 88 44 45 140
c 83 9 34 38 156
c 86 87 7 5 116
c 17 43 90 86 105
c 77 59 74 88 143
c 12 40 9 31 175
c 14 67 69 84 103
c 4 50 16 59 190
c 39 34 17 79 158
c 18 65 17 51 147
c 3 4 0 35 151
c 68 61 12 7 166
c 8 79 98 94 136
c 41 67 95 1 141
c 84 90 65 52 118
c 16 78 32 43 184
c 16 59 19 59 159
c 53 98 36 3 187
c 55 53 3 10 137
c 76 32 68 59 149
c 25 55 94 86 122
c 86 38 68 12 129
c 96 41 42 25 188
c 70 74 70 77 172
c 42 39 74 20 110
c 54 55 27 22 122
c 46 8 64 32 147
c 41 30 8 85 125
c 27 28 83 64 116
c 55 50 18 93 109
c 25 55 43 50 139
c 21 10 41 67 104
c 45 15 28 59 192
c 69 97 52 30 112
c 65 24 34 42 149
c 48 57 81 28 161
c 31 32 59 90 119
c 57 90 67 28 139
c 88 21 55 13 178
c 40 80 45 86 102
c 96 34 13 2 174
c 80 36 97 96 129
c 26 64 18 21 197
c 29 28 98 85 143
c 30 99 96 98 120
c 54 12 76 68 125
c 59 92 58 66 116
c 21 88 60 31 128
c 53 95 49 58 169
c 26 87 37 52 153
c 34 70 49 73 125
c 83 9 97 90 172
c 7 64 37 52 103
c 26 4 5 46 162
c 66 49 44 68 136
c 76 77 45 86 145
c 35 21 38 34 101
c 55 79 34 63 175
c 11 85 63 5 147
c 58 80 81 70 171
c 65 24 46 86 148
c 72 24 76 68 170
c 18 76 59 33 145
c 35 52 60 64 123
c 45 76 53 98 178
c 78 27 11 22 154
c 13 3 34 15 109
c 98 99 79 29 188
c 66 72 47 68 110
c 60 63 38 3 104
c 61 78 42 89 158
c 72 24 64 28 191
c 88 89 54 4 130
c 27 91 53 2 164
c 15 44 77 37 144
c 38 34 23 75 130
c 61 78 76 15 168
c 71 70 4 17 126
c 41 68 15 52 132
c 97 68 54 31 189
c 82 13 38 40 173
c 63 68 91 29 113
c 25 37 97 22 139
c 72 93 8 48 111
c 96 48 69 16 107
c 74 46 86 76 155
c 1 34 81 85 178
c 24 63 82 68 194
c 42 65 58 26 175
c 6 68 74 88 162
c 28 20 65 79 195
c 2 67 47 96 182
c 66 32 92 41 174
c 16 37 38 25 196
c 91 19 1 41 187
c 95 1 58 10 115
c 14 52 65 20 156
c 54 13 66 63 116
c 21 84 34 78 111
c 30 14 29 93 127
c 30 92 60 27 118
c 68 64 78 27 164
c 20 99 77 90 102
c 62 6 79 14 176
c 51 52 14 45 109
c 13 69 35 21 101
c 76 2 1 7 112
c 43 6 73 96 105
c 25 81 70 30 115
c 71 2 60 28 182
c 69 47 10 22 190
c 32 23 10 91 100
c 20 90 33 50 150
c 28 90 40 46 157
c 56 81 91 62 127
c 68 66 48 15 189
c 97 8 39 34 188
c 11 68 5 21 151
c 50 98 95 12 175
c 56 57 51 86 158
c 62 85 47 60 118
c 81 70 54 12 141
c 58 44 67 27 146
c 21 37 43 45 154
c 10 53 34 63 176
c 26 43 41 55 117
c 55 39 80 36 127
c 86 78 51 18 191
c 74 75 22 66 101
c 25 38 74 45 150
c 92 30 5 6 166
c 37 27 69 16 148
c 89 31 57 92 185
c 83 84 44 37 115
c 70 95 92 18 198
c 5 45 45 21 128
c 26 97 29 72 102
c 12 93 20 62 138
c 1 36 49 45 158
c 54 30 17 31 121
c 8 40 81 8 146
c 14 31 53 80 115
c 67 25 52 77 128
c 46 86 94 65 131
c 6 10 87 88 172
c 64 74 28 27 198
c 7 44 59 81 114
c 75 68 66 49 199
c 30 15 7 97 103
c 27 64 22 57 104
c 58 69 67 21 135
c 48 57 74 46 108
c 37 4 96 52 172
c 59 26 65 42 160
c 29 33 97 90 106
c 39 25 38 50 117
c 79 15 14 45 106
c 12 52 60 42 173
c 31 70 86 82 146
c 3 66 60 12 188
c 36 69 74 32 185
c 37 85 95 60 122
c 59 47 71 21 144
c 69 91 71 2 149
c 42 3 30 14 184
c 40 83 13 90 132
c 1 6 6 21 162
c 75 5 64 55 122
c 57 67 88 48 152
c 94 60 87 7 117
c 91 62 87 88 197
c 13 95 98 38 104
c 74 94 28 27 193
c 40 76 70 82 188
c 74 20 43 27 148
c 75 7 38 25 157
c 46 8 86 39 142
c 55 66 42 44 107
c 75 82 95 1 197
c 45 29 73 74 169
c 63 17 69 74 167
c 26 64 53 99 145
c 32 38 27 67 159
c 81 54 7 8 194
c 63 6 80 63 181
c 90 83 88 91 132
c 37 85 1 2 194
c 88 78 88 64 190
c 86 11 87 1 138
c 50 56 26 49 181
c 69 84 54 94 140
c 26 38 64 8 102
c 24 27 64 55 192
c 53 95 93 67 156
c 45 29 6 80 195
c 41 79 58 19 173
c 68 19 23 49 175
c 39 4 87 32 194
c 67 33 15 16 142
c 89 54 22 69 190
c 41 55 81 31 178
c 45 46 66 27 168
c 29 59 67 31 151
c 96 85 18 42 184
c 94 47 63 5 102
c 37 78 77 71 138
c 50 51 47 55 167
c 85 75 95 70 137
c 19 91 69 84 122
c 22 89 22 20 147
c 57 68 29 93 193
c 48 57 20 69 103
c 1 24 85 23 189
c 58 69 56 81 183
c 5 86 96 67 146
c 96 48 92 41 189
c 29 30 75 67 173
c 69 84 49 98 133
c 94 60 74 45 125
c 34 42 28 9 127
c 53 5 48 51 138
c 32 16 77 91 199
c 86 11 17 23 190
c 67 2 66 77 176
c 6 33 86 14 113
c 54 84 95 60 123
c 55 58 11 77 175
c 75 99 95 8 129
c 70 6 49 65 146
c 21 6 15 72 132
c 95 1 47 5 133
c 56 54 80 87 136
c 72 43 39 19 164
c 37 18 61 90 162
c 72 73 70 77 154
c 98 33 41 74 168
c 98 57 18 94 150
c 47 95 68 12 104
c 65 80 44 45 103
c 91 50 4 94 152
c 1 84 30 47 179
c 0 99 55 35 181
c 21 24 30 56 171
c 56 54 77 46 196
c 89 95 91 30 147
c 30 1 57 21 111
c 1 64 58 26 194
c 38 58 57 3 139
c 41 79 85 68 160
c 75 76 36 37 126
c 24 26 90 22 161
c 25 34 65 51 198
c 78 38 68 19 108
c 96 85 87 31 172
c 5 24 67 9 140
c 75 99 19 62 103
c 25 49 88 7 103
c 96 87 12 76 166
c 88 70 47 26 141
c 69 42 81 68 112
c 17 56 16 50 122
c 66 75 62 59 154
c 42 3 35 3 175
c 2 67 6 8 122
c 67 24 12 52 108
c 50 33 26 76 145
c 72 60 90 55 115
c 74 75 71 98 136
c 67 88 7 97 119
c 30 54 34 85 156
c 79 88 86 94 107
c 70 80 52 31 147
c 61 60 87 58 105
c 71 73 15 40 146
c 29 59 64 9 110
c 57 87 69 97 171
c 87 91 94 5 131
c 17 51 47 38 103
c 96 98 11 68 108
c 86 75 54 94 124
c 36 85 67 99 140
c 48 10 75 54 143
c 32 74 78 91 122
c 38 73 80 26 143
c 10 71 8 64 124
c 18 50 26 75 177
c 29 72 18 32 187
c 14 83 27 67 164
c 59 33 73 41 113
c 92 49 93 71 105
c 18 37 15 41 182
c 87 20 59 34 150
c 91 38 29 36 184
c 79 78 0 31 181
c 97 18 5 53 117
c 47 52 34 26 171
c 61 50 67 29 116
c 46 25 77 71 157
c 13 21 10 76 141
c 25 28 5 45 176
c 29 21 32 77 160
c 45 46 82 48 186
c 91 7 94 65 109
c 58 49 96 80 142
c 14 70 56 19 175
c 17 43 47 87 119
c 33 10 79 78 190
c 48 33 29 45 123
c 47 52 82 13 149
c 7 25 6 56 177
c 81 65 26 19 169
c 4 55 20 56 173
c 91 48 45 21 110
c 97 96 7 21 186
c 86 5 91 29 153
c 42 55 95 99 105
c 19 91 26 44 178
c 19 92 1 7 178
c 14 34 27 23 123
c 75 13 25 93 136
c 75 93 61 75 196
c 61 90 53 9 198
c 24 85 1 21 199
c 20 18 43 44 157
c 91 75 51 86 115
c 62 85 70 86 163
c 91 37 25 28 156
c 32 50 0 99 189
c 29 72 51 39 178
c 71 91 79 6 159
c 59 33 18 58 127
c 70 78 66 32 103
c 97 96 36 92 101
c 20 69 53 74 180
c 53 9 81 97 188
c 4 76 67 52 157
c 32 6 11 21 153
c 58 85 12 15 191
c 15 28 0 96 102
c 19 21 13 34 129
c 72 7 3 42 197
c 92 89 95 41 104
c 77 59 77 34 113
c 30 1 58 17 169
c 6 7 94 57 129
c 94 88 65 53 101
c 67 20 1 21 150
c 50 74 26 27 106
c 21 56 3 62 134
c 34 14 6 83 183
c 25 58 75 99 114
c 54 55 27 39 181
c 87 91 67 9 115
c 27 26 70 89 133
c 53 98 6 80 106
c 98 38 56 57 189
c 39 83 28 29 196
c 3 83 8 23 128
c 94 8 54 50 117
c 86 50 95 53 194
c 69 70 6 93 167
c 7 57 66 67 178
c 17 51 36 3 152
c 60 30 30 87 102
c 63 18 77 37 147
c 25 49 85 75 194
c 45 86 48 55 164
c 43 39 60 63 118
c 18 37 48 12 141
c 15 55 58 96 185
c 82 48 16 20 129
c 26 64 65 50 169
c 67 58 88 70 184
c 34 78 35 3 125
c 15 46 33 37 156
c 23 93 73 96 169
c 53 98 74 88 162
c 25 26 58 59 126
c 70 99 43 48 177
c 57 62 26 70 122
c 23 63 11 21 173
c 31 68 51 52 132
c 30 47 63 68 111
c 69 16 65 20 153
c 72 64 30 48 174
c 72 44 40 59 144
c 56 84 23 70 114
c 87 31 75 7 194
c 78 66 35 52 183
c 90 92 55 74 117
c 28 9 84 24 181
c 53 58 71 2 146
c 96 97 72 43 115
c 14 67 21 78 197
c 25 96 6 2 140
c 80 53 68 82 108
c 10 71 80 36 147
c 32 44 4 45 197
c 59 67 63 79 103
c 27 63 79 56 126
c 70 95 10 71 106
c 76 15 32 5 159
c 36 95 15 71 136
c 98 85 87 32 184
c 29 73 76 52 160
c 44 54 13 1 108
c 69 51 42 55 181
c 5 19 26 36 141
c 29 28 45 79 148
c 43 12 91 45 107
c 14 57 90 27 183
c 30 45 15 52 113
c 95 99 64 55 143
c 78 27 37 27 170
c 6 10 52 47 123
c 69 42 35 21 109
c 11 43 88 64 173
c 24 57 17 23 189
c 74 43 8 61 182
c 92 70 45 31 106
c 6 80 6 8 111
c 2 29 13 99 137
c 30 93 79 43 100
c 1 24 36 61 166
c 95 44 38 15 103
c 58 66 89 8 192
c 20 66 38 77 160
c 83 3 68 69 111
c 45 86 83 80 179
c 29 37 94 5 128
c 16 20 40 83 107
c 28 36 87 31 136
c 62 75 58 26 127
c 29 44 15 41 123
c 75 99 46 72 127
c 63 5 55 7 134
c 77 7 50 56 109
c 95 1 20 34 151
c 66 64 14 83 192
c 93 86 45 31 153
c 88 70 24 23 133
c 8 64 96 17 124
c 7 22 59 60 115
c 54 55 7 72 146
c 32 53 31 70 125
c 61 55 2 31 185
c 52 75 59 60 169
c 49 28 4 23 165
c 55 25 0 96 196
c 68 25 61 58 177
c 14 52 26 57 110
c 56 68 41 87 110
c 84 71 28 27 184
c 79 85 15 41 118
c 34 65 86 14 196
c 95 74 41 13 107
c 35 41 67 99 137
c 23 13 96 25 181
c 60 67 45 76 112
c 3 47 72 37 112
c 97 22 15 56 110
c 58 44 35 98 143
c 96 24 24 27 117
c 43 54 71 49 163
c 98 54 66 27 181
c 63 22 39 4 119
c 19 21 11 68 159
c 81 38 94 88 102
c 47 26 40 10 107
c 26 97 83 76 145
c 76 29 28 59 197
c 2 35 95 53 107
c 66 81 71 57 132
c 72 60 12 62 145
c 68 64 46 11 122
c 8 79 3 42 150
c 3 87 70 45 148
c 85 86 33 50 160
c 80 63 42 43 187
c 12 62 32 48 178
c 58 69 54 94 117
c 97 78 65 67 133
c 9 41 41 13 189
c 86 17 60 31 196
c 64 25 0 96 155
c 4 50 52 75 129
c 57 8 5 76 175
c 66 77 47 5 119
c 65 20 79 56 139
c 35 36 54 41 144
c 41 96 74 90 172
c 56 53 43 37 114
c 13 16 80 29 166
c 14 31 62 40 171
c 87 7 64 3 129
c 63 5 37 18 174
c 30 17 44 41 197
c 5 93 12 63 112
c 72 37 55 28 138
c 64 25 76 52 113
c 75 25 75 56 138
c 5 80 49 52 122
c 92 25 32 2 108
c 4 23 52 89 138
c 83 67 16 13 135
c 57 8 28 77 117
c 41 6 1 36 179
c 91 75 87 51 190
c 86 26 89 26 170
c 48 80 42 12 107
c 94 76 79 43 196
c 33 34 0 66 173
c 58 9 58 85 196
c 11 21 53 79 176
c 18 76 6 56 168
c 79 32 58 95 139
c 35 10 95 60 114
c 44 6 4 91 153
c 75 65 22 69 133
c 3 66 97 90 100
c 52 47 15 17 143
c 79 39 58 66 145
c 38 25 59 83 181
c 55 76 90 23 119
c 1 45 20 8 191
c 0 74 56 29 115
c 25 28 46 87 182
c 53 2 1 36 174
c 19 20 6 98 125
c 12 6 87 88 101
c 39 56 63 35 108
c 5 24 68 12 183
c 79 27 65 61 167
c 32 28 43 37 160
c 15 68 47 55 107
c 70 82 75 15 118
c 59 77 19 92 103
c 43 54 89 32 159
c 12 63 62 38 113
c 75 68 92 50 122
c 79 34 5 86 158
c 89 95 25 28 143
c 40 53 32 77 143
c 19 57 75 25 183
c 10 34 81 97 140
c 91 18 52 94 141
c 11 44 86 3 159
c 83 67 30 36 149
c 8 61 38 5 130
c 10 54 2 31 122
c 46 11 86 87 190
c 98 99 21 74 125
c 96 24 39 8 151
c 40 3 3 43 110
c 68 25 13 23 180
c 43 94 60 42 135
c 17 89 36 92 104
c 67 58 81 54 131
c 35 41 70 18 167
c 47 95 39 25 173
c 5 22 47 52 129
c 30 14 72 15 164
c 70 82 32 57 122
c 26 70 92 53 178
c 70 71 85 75 114
c 52 38 15 26 194
c 34 20 19 42 196
c 45 40 69 63 198
c 27 91 12 34 116
c 15 31 40 13 143
c 12 62 88 12 173
c 16 50 61 92 125
c 11 68 68 12 136
c 72 26 21 96 121
c 43 94 78 37 141
c 93 40 98 80 164
c 91 36 64 8 164
c 76 87 74 46 173
c 76 52 71 6 129
c 96 34 74 81 142
c 95 41 86 52 110
c 27 63 52 75 160
c 80 26 60 12 163
c 61 4 95 49 122
c 66 30 82 36 176
c 27 24 94 8 121
c 39 83 61 85 160
c 79 34 47 21 132
c 33 90 73 41 198
c 83 3 91 82 138
c 86 38 86 11 105
c 66 80 70 30 197
c 83 39 27 63 185
c 57 1 29 10 198
c 75 54 70 18 103
c 73 83 24 66 188
c 58 66 20 37 114
c 63 48 36 69 196
c 65 66 20 37 160
c 67 68 25 34 188
c 11 6 94 57 175
c 71 82 73 46 119
c 14 31 60 92 143
c 18 64 97 96 125
c 32 2 7 22 125
c 1 41 28 90 104
c 96 25 76 12 114
c 32 2 29 82 169
c 2 31 24 25 112
c 36 78 36 56 171
c 53 20 47 52 147
c 9 24 30 14 156
c 36 13 45 49 130
c 63 45 2 35 130
c 50 56 67 27 106
c 76 87 42 35 191
c 96 11 38 1 189
c 9 31 28 17 100
c 33 34 86 78 118
c 26 5 76 28 101
c 65 57 4 80 140
c 7 23 53 73 115
c 40 13 93 94 149
c 5 22 83 3 181
c 59 24 98 68 199
c 54 97 13 63 100
c 46 14 95 36 116
c 21 74 2 86 128
c 63 25 86 42 136
c 47 60 90 91 134
c 36 56 92 70 171
c 68 69 15 40 134
c 7 22 13 34 162
c 89 53 15 16 139
c 33 32 8 64 140
c 95 36 86 37 148
c 84 35 24 46 194
c 22 90 60 28 112
c 34 78 70 95 104
c 28 27 50 62 174
c 66 64 89 53 192
c 11 26 43 77 128
c 83 76 62 59 102
c 15 68 38 72 187
c 32 38 57 68 177
c 42 22 97 18 127
c 92 45 60 93 185
c 47 87 96 80 104
c 95 99 43 22 169
c 13 69 87 95 185
c 86 80 32 69 162
c 84 58 93 50 133
c 71 73 1 2 151
c 52 23 13 2 158
c 57 67 60 71 131
c 0 1 62 25 170
c 92 89 9 10 187
c 2 86 74 20 103
c 65 50 9 19 136
c 48 13 6 68 173
c 90 86 68 60 168
c 32 7 28 61 150
c 77 9 6 53 115
c 27 67 1 2 176
c 37 8 58 17 170
c 93 5 3 42 177
c 18 61 53 58 121
c 56 54 97 83 159
c 32 25 0 31 150
c 26 57 77 24 168
c 2 19 81 31 146
c 76 89 52 38 152
c 86 88 63 6 173
c 35 98 61 74 146
c 25 34 81 82 163
c 29 93 71 70 142
c 4 79 91 82 148
c 43 95 92 45 167
c 72 41 45 76 128
c 82 68 20 8 137
c 67 9 58 95 100
c 30 36 37 11 126
c 51 33 42 35 146
c 65 24 1 41 195
c 20 90 91 30 169
c 44 34 76 2 121
c 15 31 78 5 175
c 41 30 9 18 172
c 39 81 56 96 129
c 76 82 42 89 174
c 15 2 65 82 120
c 81 66 14 31 154
c 47 68 4 79 150
c 43 22 18 21 148
c 55 58 68 25 144
c 2 7 12 92 192
c 10 19 4 94 113
c 25 49 55 13 187
c 67 50 32 6 137
c 49 52 61 37 178
c 52 30 22 23 125
c 63 68 65 42 122
c 36 78 76 15 103
c 3 66 30 17 143
c 80 29 36 52 162
c 84 81 79 29 171
c 72 60 7 44 185
c 69 36 16 44 158
c 30 45 32 51 162
c 1 64 34 78 172
c 77 55 13 34 151
c 5 76 80 87 195
c 44 59 25 93 110
c 16 78 57 14 163
c 91 82 77 24 137
c 87 64 33 71 133
c 13 34 80 44 179
c 22 89 26 71 153
c 62 38 36 3 149
c 78 14 70 72 168
c 62 59 9 10 199
c 9 30 16 37 127
c 5 76 13 21 154
c 37 29 70 16 196
c 44 68 50 1 154
c 24 19 32 49 122
c 7 48 42 4 148
c 5 64 40 81 182
c 14 9 79 34 156
c 68 70 57 80 187
c 70 24 13 19 194
c 45 30 83 24 189
c 79 56 16 44 105
c 84 55 26 65 192
c 67 2 80 26 115
c 80 39 40 53 149
c 21 37 79 15 107
c 58 93 50 51 175
c 45 44 67 58 164
c 92 8 69 73 153
c 21 8 35 37 130
c 33 50 67 51 135
c 17 56 32 1 130
c 71 49 49 31 182
c 38 1 75 42 175
c 27 23 95 98 192
c 4 68 90 55 127
c 1 3 53 80 142
c 71 98 6 80 192
c 73 61 87 82 140
c 86 5 90 91 129
c 77 91 83 79 131
c 41 68 43 64 156
c 29 82 55 76 124
c 50 1 69 90 166
c 20 59 64 42 136
c 15 17 26 71 116
c 12 34 86 14 159
c 66 67 91 18 170
c 67 3 4 7 104
c 5 13 7 5 168
c 67 52 41 55 190
c 1 3 81 83 183
c 4 17 58 93 114
c 20 47 91 57 167
c 69 35 5 46 112
c 84 90 8 48 142
c 57 68 2 29 196
c 42 12 2 31 178
c 83 9 18 56 161
c 32 7 22 39 138
c 28 29 72 73 153
c 69 68 18 19 114
c 66 86 61 62 118
c 83 39 93 76 145
c 3 4 8 44 108
c 18 94 51 58 199
c 47 96 56 38 117
c 56 29 61 55 195
c 76 87 92 78 184
c 15 50 21 73 118
c 43 6 55 7 147
c 72 26 91 57 112
c 32 24 30 73 171
c 81 68 7 91 107
c 30 54 12 53 190
c 70 30 87 55 132
c 8 23 67 20 130
c 89 96 69 97 119
c 5 92 92 87 157
c 75 25 47 52 194
c 90 83 11 12 120
c 95 43 39 21 155
c 76 2 4 91 184
c 25 51 77 55 118
c 26 65 37 89 190
c 70 19 92 87 125
c 3 5 57 4 196
c 2 35 68 66 175
c 96 67 14 9 186
c 70 9 51 11 161
c 65 61 33 41 172
c 7 4 23 41 174
c 30 19 46 47 132
c 97 31 3 4 184
c 60 95 30 48 181
c 38 70 62 43 127
c 86 91 18 90 108
c 54 13 36 82 188
c 38 70 1 97 172
c 91 13 21 76 168
c 75 25 86 42 107
c 96 56 76 77 148
c 32 53 16 2 198
c 6 89 43 27 115
c 76 29 98 80 174
c 61 4 5 55 158
c 12 91 15 72 137
c 81 66 71 49 101
c 95 12 33 89 123
c 28 27 40 28 110
c 21 89 55 52 166
c 68 1 35 21 117
c 43 26 56 53 132
c 34 65 24 38 138
c 66 69 42 3 131
c 27 76 1 36 144
c 59 30 3 35 151
c 70 6 36 92 175
c 32 62 18 31 167
c 47 5 66 75 114
c 91 62 16 3 187
c 86 94 96 46 161
c 68 60 6 98 185
c 30 48 31 68 190
c 28 56 86 38 196
c 94 30 27 23 152
c 66 28 94 95 169
c 96 52 70 30 180
c 90 27 93 40 108
c 54 22 60 74 172
c 25 7 70 72 151
c 58 59 32 33 132
c 73 55 86 44 180
c 13 63 70 80 137
c 71 6 68 23 112
c 55 56 68 64 167
c 6 89 70 95 129
c 90 67 81 87 179
c 56 35 41 96 129
c 3 47 12 62 153
c 91 18 2 31 144
c 4 68 38 12 171
c 69 36 9 22 162
c 83 67 11 22 109
c 84 86 47 99 199
c 38 16 79 8 120
c 86 5 53 47 159
c 95 53 68 65 158
c 10 28 86 76 198
c 86 37 62 6 134
c 88 78 90 11 192
c 10 46 3 22 167
c 55 79 44 62 144
c 33 26 22 65 106
c 90 57 82 54 105
c 31 15 86 94 194
c 20 81 59 33 107
c 23 75 68 61 172
c 93 77 24 63 158
c 74 39 32 23 152
c 10 83 13 95 155
c 6 83 43 44 156
c 28 9 95 4 101
c 17 23 59 33 107
c 44 1 21 22 171
c 48 57 23 93 137
c 32 7 31 64 146
c 52 94 22 12 128
c 20 8 66 49 186
c 15 16 78 27 115
c 69 91 40 83 197
c 28 56 75 56 123
c 69 36 29 73 108
c 67 73 45 15 187
c 4 45 91 45 194
c 60 95 54 22 186
c 75 15 63 64 154
c 32 28 41 85 159
c 58 9 61 4 120
c 41 14 29 61 131
c 14 9 12 80 154
c 96 25 59 33 184
c 20 77 91 57 173
c 13 95 43 22 173
c 74 75 44 68 188
c 1 96 90 83 103
c 77 37 86 37 110
c 79 47 94 5 103
c 69 18 27 13 137
c 93 77 10 14 188
c 75 7 69 97 158
c 65 79 55 74 136
c 86 65 93 50 145
c 48 50 16 37 145
c 40 15 59 60 152
c 37 89 79 47 191
c 18 32 5 53 134
c 66 81 12 34 190
c 82 60 15 96 152
c 5 10 75 7 117
c 58 69 48 51 121
c 7 57 56 19 111
c 37 52 22 11 198
c 12 61 23 24 134
c 86 71 50 80 112
c 35 52 68 61 107
c 30 15 42 43 163
c 84 90 50 81 137
c 18 81 64 92 197
c 22 79 6 89 153
c 69 6 28 17 172
c 35 21 11 51 141
c 6 48 60 93 161
c 59 67 69 73 182
c 57 21 48 39 190
c 86 82 45 38 181
c 32 53 43 5 135
c 48 12 68 60 112
c 60 71 22 39 184
c 57 71 91 48 153
c 53 20 72 91 103
c 26 18 36 11 140
c 51 33 24 26 185
c 1 61 75 31 125
c 21 76 97 68 151
c 57 1 56 84 197
c 60 9 14 24 187
c 14 91 39 8 167
c 63 45 38 50 113
c 38 15 96 64 107
c 80 61 40 17 169
c 8 93 27 64 100
c 38 77 24 26 186
c 94 2 11 14 126
c 67 28 11 12 124
c 92 78 11 61 115
c 4 50 35 41 169
c 90 79 93 89 134
c 66 79 30 54 148
c 3 66 47 55 101
c 55 35 50 74 129
c 18 90 62 25 172
c 20 62 72 37 110
c 22 66 27 44 142
c 35 52 16 50 161
c 30 20 69 3 125
c 14 24 69 98 194
c 54 97 47 97 127
c 56 57 59 90 105
c 79 31 24 45 185
c 47 2 12 78 170
c 73 46 8 15 138
c 58 93 53 80 167
c 47 2 40 10 147
c 95 1 87 58 169
c 3 4 8 12 172
c 54 46 42 4 191
c 48 39 9 19 128
c 94 60 47 26 199
c 76 77 64 43 112
c 91 49 23 24 112
c 69 3 78 82 144
c 45 30 36 61 121
c 12 62 43 77 173
c 94 86 48 12 120
c 92 25 14 66 111
c 5 6 19 21 188
c 41 87 55 53 104
c 32 72 8 64 137
c 62 6 20 59 155
c 54 30 98 99 152
c 91 62 42 22 176
c 34 52 13 95 104
c 42 65 34 35 116
c 88 7 47 99 196
c 94 96 41 67 148
c 73 76 40 17 128
c 77 31 7 37 126
c 76 95 57 72 185
c 76 12 80 61 148
c 74 48 64 55 198
c 8 40 22 57 112
c 36 3 50 21 169
c 5 86 30 19 157
c 75 65 83 76 113
c 20 67 42 89 158
c 73 7 45 74 196
c 20 85 64 21 163
c 95 96 33 1 161
c 69 36 42 65 143
c 47 68 61 70 125
c 87 55 22 23 100
c 77 78 75 5 177
c 32 33 6 88 170
c 64 6 45 31 115
c 50 85 2 41 120
c 91 22 9 46 127
c 45 13 27 2 150
c 82 68 29 37 134
c 30 54 17 64 186
c 97 54 59 26 175
c 20 90 37 6 155
c 50 51 60 5 117
c 20 90 26 70 190
c 75 93 18 5 191
c 15 28 76 91 167
c 1 61 50 78 154
c 44 1 18 5 126
c 44 68 72 59 119
c 67 25 68 55 111
c 5 62 54 13 148
c 60 15 61 28 140
c 81 38 55 31 121
c 90 29 20 48 158
c 34 38 10 54 184
c 33 1 59 77 147
c 46 84 63 64 127
c 20 81 77 58 148
c 17 38 13 16 145
c 89 69 29 55 134
c 91 58 21 24 152
c 41 55 45 74 178
c 86 91 86 4 169
c 9 97 34 65 126
c 96 52 25 49 156
c 29 59 36 84 192
c 40 3 70 86 171
c 4 34 61 60 107
c 42 22 57 3 198
c 48 22 75 25 193
c 4 34 46 1 165
c 11 85 62 25 192
c 74 20 6 16 136
c 47 97 98 99 106
c 75 64 22 23 161
c 59 81 57 58 168
c 44 45 36 78 199
c 2 88 47 5 173
c 61 92 58 52 167
c 27 63 82 88 164
c 2 81 64 99 191
c 27 97 81 98 197
c 26 64 88 7 130
c 96 43 7 10 161
c 71 32 57 2 167
c 37 71 64 58 196
c 94 60 61 5 194
c 7 55 24 26 154
c 66 80 61 4 181
c 92 41 32 74 145
c 14 52 35 78 110
c 42 55 17 45 148
c 36 96 71 21 105
c 4 79 19 84 130
c 2 29 89 86 131
c 34 52 14 66 118
c 60 89 77 91 129
c 25 81 95 62 136
c 82 9 67 3 105
c 95 43 74 81 124
c 7 5 68 66 170
c 9 19 33 32 191
c 24 87 55 62 153
c 5 69 7 48 173
c 93 5 29 44 116
c 14 34 15 50 172
c 83 13 13 90 127
c 41 67 29 82 155
c 37 29 65 80 111
c 64 65 27 91 143
c 6 98 83 64 126
c 62 88 5 59 105
c 83 3 25 17 125
c 98 42 47 60 197
c 77 9 44 18 151
c 58 44 48 18 148
c 62 43 55 79 112
c 32 62 32 85 101
c 64 43 95 53 144
c 18 89 98 50 160
c 85 23 74 43 180
c 26 90 83 78 107
c 13 95 43 44 147
c 33 9 45 44 141
c 82 9 26 90 132
c 86 44 45 36 179
c 1 29 32 25 114
c 62 63 33 71 171
c 91 86 97 28 154
c 73 74 27 28 163
c 56 47 74 32 116
c 97 78 14 24 159
c 26 97 54 58 173
c 16 17 90 91 165
c 25 17 30 66 117
c 27 24 36 13 132
c 48 55 12 92 162
c 29 59 98 99 105
c 65 94 61 3 198
c 30 66 57 71 183
c 41 69 45 44 122
c 15 46 87 58 184
c 12 15 87 31 125
c 44 6 23 63 110
c 56 54 33 1 100
c 72 19 30 32 171
c 44 94 77 66 156
c 56 53 94 5 140
c 7 37 74 46 131
c 60 17 59 33 193
c 66 27 35 78 111
c 8 96 32 7 162
c 14 13 30 36 146
c 64 9 30 66 109
c 95 8 6 10 159
c 4 80 16 52 186
c 16 2 21 56 159
c 19 62 89 53 107
c 49 28 61 59 176
c 63 68 75 5 145
c 31 45 56 26 146
c 97 57 26 3 191
c 61 60 18 62 140
c 47 88 90 52 161
c 26 90 95 35 140
c 84 81 76 38 115
c 89 32 33 32 157
c 70 78 20 48 183
c 57 67 82 83 151
c 31 64 3 35 188
c 39 25 81 65 121
c 97 68 98 42 137
c 74 90 36 11 188
c 50 21 89 51 185
c 47 95 80 39 168
c 20 21 49 45 134
c 84 31 98 68 158
c 17 59 42 3 110
c 98 80 84 86 176
c 68 65 30 92 102
c 57 68 8 30 171
c 48 6 31 69 118
c 45 40 30 98 161
c 1 64 22 80 173
c 9 31 57 70 113
c 96 34 77 46 184
c 67 31 26 27 135
c 46 47 48 70 144
c 55 30 32 48 123
c 53 80 92 78 163
c 42 65 11 13 135
c 32 57 32 53 108
c 61 77 94 2 137
c 73 97 86 82 107
c 91 37 28 20 190
c 89 79 24 66 163
c 88 7 94 30 178
c 70 96 63 17 177
c 30 1 96 87 126
c 4 15 74 91 185
c 85 23 25 1 161
c 69 70 38 63 146
c 78 25 37 48 155
c 84 57 96 4 153
c 14 32 39 3 171
c 18 65 66 32 130
c 87 7 27 2 177
c 14 34 43 94 195
c 9 46 75 99 116
c 54 43 79 78 182
c 44 45 44 31 192
c 96 87 94 47 145
c 1 24 15 56 145
c 30 48 28 17 163
c 7 64 55 76 171
c 71 24 8 85 156
c 55 7 67 33 112
c 22 66 61 78 149
c 19 10 46 14 127
c 79 56 42 55 166
c 87 55 5 13 122
c 96 80 79 31 188
c 14 99 78 57 102
c 96 5 6 88 109
c 74 76 5 46 190
c 23 56 30 87 189
c 54 58 83 42 168
c 67 96 88 48 152
c 18 42 21 37 168
c 27 23 84 59 144
c 1 61 67 68 129
c 72 73 75 71 105
c 87 51 54 4 183
c 9 31 47 5 134
c 27 91 79 8 189
c 9 24 67 27 159
c 22 69 7 21 175
c 15 66 5 19 107
c 77 41 79 29 116
c 98 33 72 59 154
c 66 27 48 51 165
c 68 25 96 64 103
c 70 80 79 87 169
c 57 14 55 7 181
c 67 24 67 96 170
c 60 9 94 60 167
c 15 96 29 55 182
c 92 30 48 54 170
c 82 73 89 8 164
c 58 95 55 13 172
c 82 54 5 80 120
c 65 64 10 71 127
c 22 89 34 63 159
c 34 63 27 40 127
c 13 46 82 60 131
c 25 85 9 88 108
c 20 2 48 54 115
c 12 76 65 57 170
c 36 82 37 6 191
c 95 36 56 19 167
c 72 14 92 42 121
c 23 49 11 21 124
c 38 73 22 57 167
c 86 17 32 1 166
c 12 75 96 87 169
c 38 16 84 80 115
c 70 89 92 89 180
c 9 99 29 61 197
c 11 22 40 5 188
c 39 94 21 84 132
c 96 17 38 1 175
c 25 49 65 47 146
c 14 15 82 16 141
c 58 96 90 43 142
c 30 31 26 87 193
c 90 72 43 95 155
c 65 22 8 48 117
c 48 22 59 73 185
c 86 42 54 31 158
c 43 26 78 73 151
c 34 70 94 57 167
c 45 36 78 82 136
c 29 37 68 55 111
c 42 4 20 62 163
c 84 24 62 47 139
c 77 31 46 25 109
c 43 27 56 69 195
c 66 32 81 27 113
c 48 63 18 31 188
c 93 71 13 19 181
c 81 66 45 36 173
c 95 99 46 72 109
c 81 97 21 78 197
c 4 76 8 61 198
c 15 96 18 62 125
c 64 99 88 78 133
c 53 79 17 45 127
c 59 33 97 78 169
c 21 76 76 10 144
c 54 94 77 34 104
c 58 85 93 44 102
c 73 99 22 79 135
c 52 60 42 4 135
c 41 68 44 68 103
c 56 84 41 96 100
c 96 46 94 29 102
c 59 47 3 72 110
c 84 42 60 89 100
c 41 14 18 94 176
c 5 6 12 6 158
c 80 44 15 61 168
c 20 99 37 75 168
c 7 92 59 83 136
c 71 14 9 18 124
c 70 9 82 23 161
c 73 71 67 88 114
c 39 83 84 90 191
c 83 78 60 9 100
c 43 37 94 55 178
c 55 89 45 51 150
c 18 64 1 21 102
c 53 48 66 64 179
c 30 14 72 59 167
c 40 83 11 85 154
c 61 37 18 50 157
c 46 91 24 19 111
c 72 15 96 56 108
c 60 92 49 52 181
c 55 31 28 36 101
c 88 64 82 23 194
c 96 56 73 99 132
c 30 93 21 84 101
c 76 66 44 59 162
c 79 47 84 85 127
c 5 69 17 56 183
c 57 90 45 30 139
c 8 61 42 88 145
c 15 2 59 60 111
c 15 17 66 43 108
c 86 52 17 64 158
c 80 29 47 99 117
c 65 93 57 79 186
c 86 39 70 82 101
c 49 98 49 57 156
c 28 17 8 23 174
c 56 35 3 2 148
c 61 92 76 2 134
c 19 10 4 27 178
c 49 58 87 88 139
c 79 29 28 77 129
c 93 71 80 28 107
c 97 24 4 5 111
c 12 52 2 26 114
c 6 8 45 49 178
c 65 61 87 82 156
c 61 85 62 47 183
c 24 38 13 59 197
c 29 36 80 36 177
c 25 55 63 79 198
c 78 82 58 26 150
c 37 48 49 29 176
c 80 81 50 56 106
c 62 88 50 81 129
c 65 67 83 67 126
c 59 67 98 60 176
c 12 93 12 76 108
c 37 74 5 45 157
c 35 10 49 57 104
c 40 17 73 61 197
c 63 17 38 73 188
c 21 84 31 7 121
c 59 73 27 44 103
c 67 73 96 5 190
c 56 90 60 93 189
c 20 8 30 7 184
c 65 24 13 21 172
c 73 18 77 58 172
c 38 18 58 78 125
c 52 30 38 35 141
c 57 14 85 86 160
c 55 89 43 50 128
c 73 72 8 18 132
c 28 29 31 32 119
c 14 91 11 86 147
c 49 29 65 57 104
c 81 98 78 5 174
c 97 98 38 3 191
c 66 27 96 5 130
c 29 55 55 74 107
c 34 20 69 47 105
c 62 63 72 91 107
c 64 9 50 81 147
c 81 28 34 48 178
c 57 4 41 74 143
c 53 80 59 73 178
c 86 14 88 89 114
c 13 14 3 62 124
c 60 43 15 2 132
c 11 13 69 68 161
c 70 81 26 3 133
c 4 17 33 66 111
c 55 79 56 29 141
c 5 55 29 21 199
c 15 31 83 80 130
c 24 26 52 38 168
c 42 44 40 15 190
c 78 91 41 67 151
c 63 17 43 44 141
c 36 82 7 57 164
c 16 88 0 48 173
c 57 90 52 18 113
c 12 62 39 57 128
c 98 11 66 49 159
c 91 18 43 6 106
c 81 9 7 64 164
c 54 46 53 73 152
c 78 57 14 31 158
c 90 91 87 88 124
c 70 86 24 3 163
c 90 79 60 27 147
c 79 56 46 75 171
c 26 5 2 88 147
c 57 92 32 78 164
c 69 98 51 5 187
c 35 98 62 4 127
c 26 57 39 56 193
c 96 87 78 96 160
c 16 50 60 31 191
c 7 31 5 92 196
c 47 21 91 18 169
c 85 86 0 60 163
c 72 26 57 72 126
c 55 62 93 38 134
c 36 61 3 83 156
c 20 37 94 5 196
c 57 96 71 2 124
c 40 5 74 4 163
c 34 26 10 2 173
c 94 95 86 44 148
c 1 45 28 56 155
c 50 98 38 78 124
c 58 26 30 70 183
c 39 8 42 3 152
c 26 48 48 70 128
c 36 37 74 28 129
c 16 20 25 39 186
c 2 41 41 13 198
c 9 46 27 76 187
c 40 59 95 99 136
c 85 23 78 57 149
c 82 38 60 12 113
c 48 39 39 2 122
c 39 83 67 58 166
c 11 12 52 23 158
c 5 78 64 6 177
c 54 55 3 43 193
c 78 57 45 19 178
c 60 74 12 52 126
c 16 59 73 83 176
c 63 6 93 67 138
c 48 51 34 14 128
c 59 34 5 22 146
c 2 86 7 44 169
c 21 88 15 52 180
c 73 7 50 89 131
c 55 30 16 82 156
c 71 82 50 78 122
c 66 79 23 24 129
c 98 10 58 52 198
c 9 22 65 42 186
c 23 13 67 73 112
c 35 78 50 80 138
c 26 49 54 22 189
c 60 71 17 64 158
c 93 86 59 24 158
c 59 8 8 23 176
c 61 28 16 54 165
c 90 91 29 2 187
c 72 44 90 91 129
c 25 42 89 54 102
c 23 39 58 85 148
c 33 41 1 41 194
c 78 82 20 62 193
c 43 77 25 55 142
c 16 2 42 44 127
c 32 51 1 96 158
c 58 23 94 85 124
c 66 69 50 17 104
c 1 96 2 3 174
c 41 55 23 24 130
c 49 58 69 3 138
c 91 50 9 88 119
c 61 74 32 16 111
c 73 94 0 74 157
c 94 57 1 15 180
c 14 34 40 83 110
c 37 29 86 91 196
c 76 53 51 5 176
c 28 61 37 17 171
c 29 11 91 95 108
c 61 55 70 95 142
c 89 2 19 57 153
c 12 11 54 97 186
c 56 81 77 91 152
c 94 53 86 76 127
c 2 29 97 96 148
c 6 16 96 52 193
c 10 71 60 89 142
c 89 32 11 6 152
c 5 10 95 36 144
c 95 96 84 33 198
c 32 53 44 31 172
c 74 76 91 57 112
c 84 80 85 68 170
c 53 79 91 86 199
c 25 93 72 37 145
c 52 53 56 38 104
c 69 63 42 4 178
c 81 82 26 27 136
c 69 98 95 10 102
c 86 82 2 3 136
c 69 70 81 87 138
c 78 27 90 72 128
c 43 64 87 55 190
c 26 38 56 26 163
c 61 92 32 5 139
c 50 78 48 87 116
c 85 86 46 11 130
c 13 90 98 60 152
c 52 18 38 12 155
c 44 37 50 33 151
c 23 35 21 47 142
c 97 90 48 39 174
c 98 94 35 10 143
c 53 51 71 21 123
c 12 90 60 71 125
c 59 34 66 77 144
c 47 52 11 86 114
c 30 87 90 24 189
c 97 22 47 87 195
c 6 88 62 35 192
c 20 69 97 96 184
c 33 66 47 84 174
c 30 1 48 72 124
c 95 74 7 72 170
c 16 78 24 33 196
c 11 52 45 29 139
c 40 53 60 71 182
c 80 61 29 36 133
c 1 2 17 79 174
c 12 34 22 90 188
c 71 21 28 59 126
c 48 54 1 2 165
c 33 1 25 17 179
c 16 88 69 68 189
c 67 96 77 91 173
c 34 65 47 2 120
c 83 64 61 48 102
c 6 83 82 18 137
c 65 82 91 49 160
c 91 38 41 6 108
c 47 68 73 55 121
c 97 18 15 66 129
c 18 83 62 5 198
c 67 52 40 41 174
c 33 26 30 32 177
c 61 77 64 3 194
c 18 76 59 40 149
c 43 44 66 67 137
c 36 95 68 64 156
c 94 95 27 67 120
c 42 89 91 58 148
c 39 94 61 82 135
c 94 39 17 89 107
c 45 38 76 32 153
c 81 31 86 82 171
c 89 51 5 86 178
c 86 87 22 65 178
c 53 58 96 24 190
c 37 98 32 22 121
c 30 47 65 61 159
c 61 62 75 71 188
c 18 90 31 95 123
c 49 31 19 85 173
c 7 5 27 91 147
c 61 85 45 15 185
c 61 86 92 67 146
c 32 25 18 19 160
c 39 9 96 12 173
c 91 22 16 89 152
c 3 62 50 74 122
c 89 8 76 68 149
c 78 66 94 86 105
c 90 67 2 3 174
c 48 55 89 96 168
c 60 42 84 85 194
c 94 47 48 72 115
c 13 28 45 23 190
c 41 85 70 23 160
c 72 53 4 68 144
c 4 27 18 52 152
c 33 1 73 72 190
c 53 74 87 31 102
c 40 52 17 44 179
c 40 3 31 70 103
c 80 61 90 23 183
c 79 56 62 59 173
c 0 1 30 1 137
c 91 48 79 56 168
c 10 97 7 10 187
c 15 48 25 81 123
c 36 37 97 57 106
c 74 88 64 6 185
c 94 96 15 44 116
c 18 56 56 70 149
c 9 67 89 31 119
c 74 40 24 87 167
c 17 59 65 24 149
c 81 16 79 14 105
c 84 42 74 81 140
c 39 93 68 71 172
c 11 26 48 57 125
c 21 74 3 35 189
c 65 82 2 41 134
c 50 62 92 18 156
c 54 43 95 4 158
c 20 6 8 18 143
c 69 42 82 99 197
c 61 48 37 71 186
c 74 32 96 12 118
c 55 53 14 83 160
c 3 83 13 28 152
c 60 92 40 81 170
c 38 78 59 30 171
c 32 22 1 34 161
c 13 23 98 94 116
c 31 7 30 98 114
c 34 14 13 3 180
c 76 32 11 44 178
c 6 47 97 54 155
c 3 87 84 35 192
c 44 96 37 44 154
c 11 77 57 3 164
c 24 25 26 70 100
c 48 18 42 65 189
c 43 26 37 17 109
c 17 18 6 7 102
c 63 17 76 94 144
c 43 5 58 96 148
c 68 82 17 51 143
c 65 67 67 27 173
c 71 2 44 34 186
c 12 71 90 67 153
c 64 9 43 18 181
c 76 94 20 8 174
c 30 14 17 80 114
c 16 52 62 6 188
c 39 7 55 30 142
c 26 18 75 71 127
c 43 49 36 85 109
c 28 17 22 54 141
c 75 32 89 1 104
c 37 89 58 80 138
c 32 38 29 21 160
c 96 41 27 76 169
c 60 39 26 4 179
c 26 18 72 7 185
c 61 99 32 69 154
c 74 88 9 19 125
c 29 11 46 61 153
c 42 44 56 84 133
c 41 7 52 94 135
c 51 47 33 41 117
c 30 54 37 29 138
c 50 33 25 28 111
c 92 41 91 92 111
c 22 57 73 96 102
c 78 5 7 4 151
c 14 67 41 67 142
c 77 58 58 26 143
c 77 98 72 73 111
c 35 3 90 72 108
c 40 10 20 85 109
c 52 60 30 92 171
c 97 31 64 3 173
c 96 52 29 36 134
c 4 5 9 97 194
c 83 64 91 76 163
c 18 37 53 98 134
c 23 63 61 86 140
c 22 54 29 2 130
c 38 3 87 32 186
c 60 63 63 68 184
c 79 88 98 23 180
c 94 30 25 1 116
c 71 24 84 80 176
c 59 47 89 32 136
c 88 93 0 60 187
c 81 31 42 3 121
c 77 63 93 40 141
c 77 58 90 55 198
c 94 55 5 26 117
c 68 59 68 23 143
c 24 87 98 42 152
c 50 1 55 3 199
c 43 95 46 31 171
c 47 68 2 19 195
c 73 83 58 19 152
c 24 25 97 22 118
c 92 56 83 24 106
c 28 17 67 28 101
c 18 93 55 82 189
c 5 4 64 32 113
c 29 59 54 43 193
c 55 31 77 71 106
c 94 47 27 77 107
c 72 25 6 93 195
c 70 84 52 38 188
c 67 31 70 45 104
c 26 43 4 76 123
c 97 90 33 71 128
c 39 56 49 45 105
c 44 41 35 11 153
c 91 37 64 25 109
c 96 97 19 85 109
c 18 93 32 50 102
c 10 91 76 11 135
c 18 32 4 10 146
c 60 39 92 89 176
c 47 5 15 55 105
c 11 51 26 86 173
c 77 31 0 26 184
c 65 42 26 27 149
c 17 80 26 70 148
c 95 12 1 34 112
c 5 76 58 49 132
c 25 39 95 4 109
c 26 71 73 61 198
c 10 14 28 56 149
c 43 49 10 11 115
c 26 5 13 95 142
c 46 90 37 52 160
c 25 26 30 60 182
c 74 76 29 33 136
c 74 40 84 63 144
c 76 94 46 37 111
c 72 51 76 90 113
c 20 77 36 13 197
c 47 48 29 30 115
c 95 41 77 7 128
c 95 10 90 92 150
c 78 79 60 92 106
c 95 99 70 78 105
c 33 26 64 99 159
c 63 35 84 40 195
c 21 89 89 95 152
c 4 8 96 48 107
c 4 15 42 35 185
c 0 62 41 74 112
c 38 63 16 54 145
c 72 24 59 30 143
c 70 96 56 38 114
c 75 64 53 98 133
c 8 30 28 83 114
c 5 59 15 48 188
c 5 96 37 48 168
c 54 46 61 50 136
c 29 67 23 70 100
c 29 73 20 69 159
c 29 59 37 38 109
c 5 93 35 3 146
c 18 61 20 62 130
c 68 65 12 63 103
c 14 9 19 32 185
c 54 13 4 5 167
c 34 35 84 71 145
c 42 88 36 78 108
c 6 56 81 16 173
c 43 64 75 93 146
c 68 34 34 63 186
c 91 37 50 17 178
c 20 77 94 39 100
c 86 76 3 5 171
c 65 89 95 41 175
c 57 4 15 66 154
c 14 70 2 7 144
c 13 1 50 70 183
c 95 91 22 54 134
c 62 63 27 63 128
c 9 56 85 29 178
c 69 98 79 43 191
c 14 67 79 14 183
c 54 94 22 38 184
c 2 3 18 5 162
c 71 32 4 50 170
c 69 68 61 37 154
c 30 45 35 81 187
c 25 34 67 3 102
c 30 55 48 63 106
c 65 79 88 48 136
c 17 59 92 86 155
c 42 66 81 27 122
c 47 2 55 76 133
c 9 21 42 43 189
c 76 31 61 70 176
c 5 13 40 84 153
c 66 32 7 44 137
c 8 70 61 77 144
c 76 32 28 17 168
c 68 19 67 27 130
c 36 13 15 31 148
c 3 47 1 49 104
c 35 37 64 7 111
c 8 23 32 58 198
c 38 40 77 41 197
c 84 67 91 92 199
c 39 21 92 41 146
c 74 48 53 79 180
c 19 59 58 44 188
c 20 56 79 15 154
c 7 8 45 30 141
c 24 27 3 81 191
c 63 22 81 54 177
c 18 64 82 54 140
c 84 67 1 2 112
c 11 14 77 78 147
c 92 93 49 65 140
c 42 27 94 8 141
c 21 22 68 71 187
c 90 57 67 96 155
c 37 75 32 22 119
c 92 18 1 29 145
c 47 60 81 28 173
c 32 25 28 27 184
c 64 99 13 95 136
c 91 86 17 79 120
c 16 3 54 30 199
c 49 73 77 34 149
c 34 55 44 34 191
c 81 98 86 82 111
c 69 16 25 95 196
c 58 95 4 79 174
c 25 42 35 78 176
c 11 86 27 39 128
c 18 64 54 50 165
c 21 84 42 39 176
c 50 98 97 49 192
c 74 28 67 82 171
c 4 68 97 57 185
c 81 38 16 3 100
c 72 41 48 6 143
c 19 92 97 96 134
c 48 80 27 26 171
c 91 86 95 41 131
c 57 2 54 94 121
c 35 98 32 1 159
c 18 94 19 84 143
c 32 25 94 95 135
c 6 48 96 43 197
c 7 44 12 15 166
c 48 72 20 75 177
c 45 88 31 69 160
c 78 27 54 79 176
c 75 13 64 9 159
c 36 69 56 47 199
c 76 9 56 35 134
c 76 52 86 31 127
c 79 75 96 98 161
c 46 21 8 18 130
c 32 38 17 51 192
c 37 6 32 1 129
c 70 84 89 79 118
c 68 59 47 5 190
c 28 77 29 59 195
c 56 19 43 22 187
c 96 34 75 13 170
c 84 57 2 81 110
c 10 19 11 77 193
c 12 96 53 58 120
c 31 99 31 7 138
c 31 70 45 15 188
c 37 8 31 99 102
c 76 90 44 1 176
c 59 19 30 31 185
c 63 5 9 21 141
c 30 87 14 83 190
c 89 26 4 23 184
c 98 57 20 8 146
c 60 93 35 3 187
c 93 67 55 79 173
c 71 73 25 37 152
c 61 4 35 36 123
c 37 48 84 33 170
c 53 62 72 24 118
c 21 88 19 87 182
c 25 50 1 89 127
c 74 32 69 43 105
c 36 61 7 31 131
c 69 68 44 37 186
c 61 85 94 47 145
c 53 20 65 22 189
c 66 32 40 84 158
c 18 90 30 97 161
c 17 97 53 5 120
c 26 65 72 51 154
c 80 87 47 26 110
c 1 3 55 79 124
c 9 4 59 90 175
c 16 13 58 19 126
c 19 37 67 68 131
c 10 19 34 85 160
c 6 72 12 99 139
c 26 64 71 99 129
c 60 30 83 84 131
c 2 3 45 31 186
c 16 3 53 58 129
c 37 20 20 62 128
c 75 15 72 24 121
c 44 59 20 67 172
c 94 51 89 67 196
c 46 14 54 50 131
c 34 20 2 86 144
c 55 3 1 49 111
c 26 27 58 69 183
c 96 24 25 1 104
c 70 16 54 58 169
c 31 95 84 99 137
c 92 88 29 59 102
c 58 49 1 84 165
c 71 73 54 50 150
c 92 45 82 88 127
c 13 3 7 92 169
c 7 72 11 77 131
c 62 88 98 50 125
c 79 32 88 19 127
c 89 26 25 58 152
c 88 63 59 13 114
c 18 37 57 90 181
c 25 81 31 70 149
c 64 4 93 11 111
c 55 13 43 27 157
c 3 83 52 18 126
c 57 70 64 55 168
c 94 29 41 55 120
c 24 60 47 84 134
c 6 88 61 55 190
c 26 36 8 12 123
c 37 4 61 77 109
c 33 1 14 13 194
c 11 52 29 72 114
c 26 44 36 37 144
c 42 3 14 34 198
c 66 70 16 20 193
c 3 10 7 21 179
c 69 51 20 66 130
c 67 25 29 33 178
c 38 40 69 43 173
c 32 25 96 48 162
c 64 22 40 3 142
c 44 45 49 48 188
c 69 73 8 9 153
c 92 91 23 11 114
c 69 97 47 88 147
c 28 27 77 90 173
c 74 90 76 52 101
c 25 7 48 89 178
c 53 9 25 96 181
c 55 51 10 54 136
c 96 34 95 99 185
c 68 60 62 87 133
c 33 41 94 96 114
c 42 4 23 13 151
c 39 34 11 68 130
c 70 6 65 57 117
c 55 66 21 56 159
c 33 50 9 4 130
c 91 57 96 11 103
c 0 31 49 5 183
c 93 95 47 48 176
c 94 39 0 99 125
c 9 56 67 3 169
c 48 87 12 80 121
c 76 52 13 69 104
c 45 31 23 63 148
c 98 54 91 48 146
c 7 72 77 31 122
c 49 57 20 21 125
c 51 58 91 38 127
c 59 81 9 44 117
c 66 28 32 58 114
c 12 93 20 34 104
c 48 54 35 41 189
c 54 7 59 8 115
c 30 54 33 89 100
c 70 16 81 38 178
c 56 41 81 14 148
c 42 52 53 9 147
c 15 31 26 65 158
c 90 29 68 64 163
c 62 50 72 37 159
c 17 44 26 27 120
c 34 42 42 44 124
c 12 7 12 86 148
c 32 57 49 58 145
c 20 76 83 13 112
c 56 69 79 50 188
c 11 61 11 68 118
c 44 20 97 22 154
c 6 7 56 96 199
c 19 62 39 4 122
c 3 66 47 68 190
c 96 64 39 19 135
c 64 25 15 55 154
c 41 85 25 7 172
c 44 81 80 53 174
c 26 42 34 20 135
c 72 44 38 77 191
c 54 94 26 18 164
c 96 64 54 43 169
c 5 46 36 41 156
c 81 28 1 2 188
c 34 52 43 94 194
c 18 62 19 85 181
c 2 7 53 68 148
c 67 58 19 30 163
c 48 12 32 62 175
c 12 40 5 93 150
c 0 99 26 42 169
c 90 46 41 69 161
c 52 30 46 87 108
c 16 2 55 97 106
c 28 77 92 41 150
c 84 55 12 63 197
c 55 35 5 6 102
c 96 64 48 80 120
c 15 2 6 33 128
c 25 93 50 78 166
c 2 3 24 54 173
c 73 83 46 31 132
c 67 51 97 19 136
c 7 13 18 61 103
c 75 25 69 36 106
c 83 78 30 3 154
c 50 1 42 12 180
c 30 93 27 2 132
c 11 12 58 19 171
c 3 81 68 69 111
c 5 13 58 9 195
c 52 18 54 31 112
c 98 33 18 61 170
c 52 60 7 4 161
c 40 15 55 58 173
c 62 43 71 32 160
c 58 69 75 7 175
c 19 91 50 51 190
c 51 52 7 48 156
c 47 68 71 2 181
c 46 61 58 9 157
c 24 27 55 56 186
c 14 57 12 34 150
c 68 34 55 58 170
c 17 79 30 1 190
c 48 51 60 93 133
c 67 25 92 56 106
c 81 38 83 64 100
c 86 14 4 45 193
c 91 30 66 77 158
c 35 52 29 11 145
c 90 72 96 85 179
c 66 43 91 52 129
c 75 7 38 72 128
c 28 20 0 35 100
c 38 7 45 40 143
c 22 11 0 96 104
c 1 45 64 25 179
c 12 90 27 22 190
c 22 80 55 51 132
c 6 83 83 88 111
c 58 69 89 53 126
c 91 30 94 29 171
c 22 39 47 52 126
c 92 46 84 31 116
c 72 73 67 64 122
c 37 6 70 16 174
c 73 97 9 19 152
c 38 77 85 5 133
c 9 18 21 88 112
c 46 21 60 67 179
c 97 19 80 49 167
c 86 1 16 54 186
c 94 8 81 83 189
c 79 56 53 62 123
c 40 83 85 75 144
c 29 93 29 30 183
c 82 88 94 96 190
c 22 11 77 24 135
c 97 57 76 52 154
c 12 6 57 89 135
c 32 2 89 1 171
c 77 20 21 10 176
c 31 69 29 59 105
c 71 58 54 97 192
c 54 41 29 73 174
c 5 86 42 65 134
c 14 32 10 34 119
c 39 40 86 3 160
c 34 20 4 10 151
c 25 28 14 67 125
c 98 42 14 15 133
c 78 66 8 15 101
c 57 80 98 33 139
c 35 52 82 44 151
c 69 48 8 40 107
c 36 95 62 43 144
c 37 27 76 94 169
c 20 75 82 16 116
c 11 41 17 79 170
c 12 60 73 71 122
c 50 6 11 68 110
c 25 58 58 19 162
c 61 28 96 56 105
c 65 1 21 17 186
c 60 74 61 75 110
c 72 26 5 93 120
c 26 18 19 37 187
c 38 1 67 9 172
c 9 67 1 96 133
c 58 80 32 58 161
c 90 67 69 63 164
c 18 50 20 76 149
c 29 21 50 6 145
c 72 64 59 90 151
c 98 57 50 6 108
c 59 92 67 99 143
c 0 1 26 90 198
c 35 36 4 48 112
c 72 91 8 70 136
c 5 53 78 91 195
c 41 69 53 48 163
c 57 79 45 79 137
c 58 52 89 51 165
c 24 87 14 7 110
c 21 17 51 83 168
c 40 46 48 10 114
c 92 53 11 14 114
c 48 51 77 96 156
c 38 1 73 70 136
c 21 47 8 64 101
c 74 90 47 55 195
c 24 19 6 2 153
c 98 10 58 26 112
c 96 4 64 58 133
c 40 15 17 43 125
c 74 41 88 21 117
c 3 81 34 20 135
c 60 30 5 10 130
c 61 62 82 73 156
c 75 15 41 68 141
c 18 81 24 20 107
c 95 41 17 89 155
c 3 42 22 57 175
c 96 24 12 13 193
c 48 50 34 38 135
c 95 35 94 86 183
c 25 95 32 50 125
c 93 67 2 41 197
c 53 5 0 1 136
c 32 53 30 73 142
c 66 72 0 60 197
c 69 3 92 65 162
c 93 86 73 94 192
c 23 35 51 39 134
c 97 22 9 24 127
c 33 90 97 78 127
c 80 44 68 19 122
c 83 47 10 14 114
c 10 46 56 53 187
c 3 47 84 57 198
c 97 22 32 85 172
c 5 4 27 22 129
c 87 7 83 42 130
c 22 23 70 25 147
c 11 22 22 90 134
c 40 10 94 95 131
c 26 65 5 78 101
c 22 39 91 52 104
c 40 76 93 86 146
c 62 59 64 92 115
c 10 11 41 87 188
c 73 17 4 15 155
c 9 44 26 19 166
c 61 62 54 43 170
c 60 31 13 19 103
c 70 77 35 98 117
c 71 82 20 67 170
c 95 98 25 28 117
c 69 91 3 87 151
c 29 11 51 86 122
c 98 12 98 85 110
c 24 53 66 30 180
c 68 12 56 26 197
c 70 95 32 38 149
c 5 45 21 91 150
c 3 4 34 70 136
c 32 5 18 21 151
c 6 56 57 58 161
c 46 72 22 90 112
c 8 9 33 50 132
c 10 97 68 1 104
c 50 70 15 46 156
c 95 36 47 97 107
c 14 99 43 49 140
c 48 13 29 82 151
c 91 29 76 31 181
c 30 14 70 95 101
c 65 94 52 38 162
c 6 62 55 30 187
c 77 7 91 48 151
c 56 84 22 28 121
c 60 61 77 59 170
c 90 52 23 13 164
c 20 8 80 45 154
c 47 5 15 17 194
c 2 19 69 63 184
c 2 19 8 93 138
c 53 51 20 37 144
c 13 95 81 85 105
c 48 89 87 91 128
c 19 20 74 28 133
c 48 54 28 82 165
c 31 32 32 50 150
c 36 82 59 33 146
c 56 29 30 3 142
c 8 6 79 50 132
c 59 30 74 41 115
c 82 23 60 76 107
c 47 2 81 65 198
c 95 81 71 73 138
c 9 22 25 39 102
c 73 71 81 16 159
c 62 35 75 38 173
c 25 93 13 63 107
c 21 78 38 67 157
c 32 16 76 91 131
c 85 42 71 24 105
c 74 40 32 69 185
c 77 41 44 41 103
c 44 68 68 12 149
c 59 34 9 77 160
c 5 80 14 67 149
c 31 45 22 25 145
c 4 76 76 9 193
c 16 3 10 22 161
c 30 31 73 43 128
c 20 2 26 4 180
c 45 25 25 58 189
c 4 23 91 7 195
c 58 49 17 44 134
c 66 80 91 19 131
c 43 77 42 52 138
c 85 23 16 50 165
c 68 65 28 77 125
c 29 61 12 63 146
c 39 7 30 55 165
c 9 56 23 41 110
c 61 77 93 76 104
c 48 63 46 91 112
c 5 96 41 22 199
c 65 52 37 78 188
c 82 83 15 26 191
c 44 45 54 41 131
c 3 43 96 87 175
c 92 50 21 74 165
c 47 52 47 57 194
c 56 41 25 95 149
c 36 52 27 28 196
c 84 42 15 56 125
c 30 90 70 45 189
c 20 67 1 84 186
c 43 45 72 14 107
c 79 6 55 53 116
c 89 1 21 24 198
c 12 86 35 11 128
c 86 11 77 78 118
c 47 57 37 20 145
c 39 34 39 40 120
c 57 79 80 26 151
c 69 48 49 29 124
c 73 17 20 85 159
c 8 44 68 65 142
c 15 40 48 15 122
c 28 97 28 56 188
c 94 2 92 32 136
c 7 44 62 47 126
c 34 70 67 99 171
c 22 65 10 22 120
c 67 20 77 59 194
c 14 73 55 31 165
c 24 66 32 5 126
c 76 78 60 93 154
c 15 49 46 61 186
c 53 62 21 88 174
c 74 91 39 7 120
c 0 66 20 56 144
c 5 53 56 90 185
c 20 52 35 36 115
c 45 40 10 91 191
c 91 82 47 84 127
c 19 62 54 46 167
c 37 78 3 5 190
c 0 48 45 49 112
c 66 49 83 76 166
c 71 72 79 14 149
c 39 57 51 47 177
c 34 27 46 28 197
c 73 71 4 94 163
c 97 98 20 21 153
c 47 84 8 6 124
c 48 39 97 4 123
c 75 93 37 18 173
c 15 71 27 13 172
c 60 93 12 60 101
c 43 49 32 63 134
c 17 23 62 4 178
c 98 57 61 90 134
c 39 19 30 55 178
c 48 13 91 37 186
c 44 68 49 47 198
c 61 92 77 7 193
c 10 71 69 91 158
c 44 59 67 52 175
c 88 89 72 51 165
c 6 80 35 11 129
c 19 59 74 20 101
c 15 52 79 8 174
c 4 76 74 20 139
c 5 22 26 38 158
c 86 26 64 4 184
c 67 24 67 20 152
c 17 45 49 45 143
c 86 76 46 14 135
c 74 2 97 24 125
c 52 89 29 61 198
c 31 64 11 44 141
c 65 94 57 17 142
c 74 81 47 95 133
c 43 39 86 31 181
c 43 45 59 33 180
c 21 10 8 40 181
c 81 9 47 55 138
c 23 75 5 69 116
c 78 82 41 30 165
c 93 40 92 78 178
c 77 7 17 51 123
c 19 84 61 92 124
c 64 9 86 94 155
c 41 13 12 15 134
c 54 96 61 5 134
c 13 3 40 41 118
c 83 13 11 26 198
c 88 70 96 4 173
c 93 40 86 71 121
c 4 80 56 29 134
c 77 63 13 90 124
c 12 6 75 65 103
c 98 68 89 95 115
c 98 42 98 85 157
c 46 61 31 67 148
c 1 84 27 40 103
c 94 53 29 10 131
c 9 56 92 86 191
c 54 96 18 5 146
c 36 11 64 92 171
c 84 81 71 72 134
c 18 61 2 97 123
c 57 67 70 23 147
c 14 66 38 41 102
c 56 26 44 31 176
c 9 46 57 71 126
c 11 22 9 19 150
c 26 87 76 66 164
c 60 16 95 36 189
c 74 46 76 95 136
c 86 39 27 63 126
c 79 27 65 20 101
c 57 4 14 31 160
c 36 82 31 99 165
c 54 13 91 57 184
c 45 44 80 95 162
c 19 87 32 22 153
c 91 77 40 5 121
c 0 74 81 68 159
c 13 2 76 32 185
c 56 35 33 9 162
c 89 8 17 31 105
c 46 47 79 17 104
c 19 57 26 45 117
c 6 47 53 80 143
c 30 93 31 69 107
c 36 41 92 91 155
c 42 35 14 67 196
c 20 37 17 64 109
c 11 27 20 75 166
c 53 54 30 47 123
c 15 72 10 83 148
c 31 69 76 28 127
c 73 99 15 96 135
c 32 77 36 37 130
c 76 95 81 38 101
c 69 91 0 81 168
c 44 34 70 45 106
c 68 61 32 78 130
c 60 17 59 24 192
c 4 76 2 35 158
c 94 76 59 19 122
c 8 40 60 76 155
c 51 9 3 10 166
c 67 28 21 73 109
c 0 31 18 65 183
c 51 53 66 32 184
c 15 96 97 91 124
c 92 67 98 94 160
c 16 59 54 58 178
c 73 72 14 70 197
c 96 85 88 64 197
c 27 13 28 90 145
c 22 69 13 1 156
c 19 92 48 55 152
c 53 54 62 6 190
c 84 81 13 95 121
c 21 37 56 81 142
c 73 74 44 31 155
c 4 68 51 47 109
c 56 35 67 99 162
c 86 4 89 31 134
c 39 79 79 61 134
c 96 41 66 62 139
c 59 92 39 94 142
c 41 68 79 80 151
c 64 25 1 29 182
c 59 40 13 14 173
c 3 2 49 98 181
c 46 61 92 78 181
c 5 55 91 5 179
c 82 18 21 22 162
c 39 25 26 27 157
c 93 89 11 68 188
c 75 38 78 27 161
c 17 51 74 88 128
c 54 22 8 48 177
c 31 32 90 46 151
c 36 85 12 34 128
c 88 48 60 93 110
c 10 53 85 79 133
c 98 60 80 63 103
c 17 51 0 60 155
c 34 95 12 52 189
c 30 60 91 94 192
c 84 59 60 46 142
c 43 48 9 22 105
c 57 96 65 79 184
c 92 42 65 56 174
c 14 99 3 2 172
c 96 17 81 68 122
c 85 23 94 76 162
c 54 50 10 11 137
c 10 22 32 49 190
c 32 50 44 37 129
c 60 43 30 17 184
c 92 70 97 49 159
c 21 10 13 90 164
c 98 99 14 7 166
c 15 68 80 53 198
c 45 13 0 60 108
c 67 88 41 74 136
c 40 41 31 68 145
c 67 2 41 6 174
c 90 23 28 1 188
c 24 3 5 53 188
c 4 15 52 30 153
c 33 66 69 48 141
c 49 58 86 14 127
c 66 62 24 60 116
c 3 2 74 86 107
c 37 72 71 57 190
c 57 87 5 59 176
c 24 46 8 15 165
c 29 72 26 4 146
c 74 48 74 4 123
c 60 61 35 21 120
c 12 80 26 90 132
c 94 58 69 3 185
c 20 75 90 57 156
c 75 31 43 45 152
c 67 75 13 19 160
c 80 81 34 52 149
c 86 76 30 1 126
c 14 73 4 27 158
c 8 18 76 50 110
c 79 47 29 45 163
c 74 88 6 73 182
c 83 24 72 53 125
c 69 18 3 49 177
c 70 78 36 41 126
c 45 88 51 5 120
c 37 93 25 1 169
c 90 55 59 26 179
c 82 18 60 9 165
c 81 85 51 83 196
c 8 79 77 63 133
c 23 93 66 30 165
c 67 31 32 22 162
c 47 38 43 45 105
c 15 26 81 65 123
c 26 49 13 95 155
c 35 3 19 30 115
c 64 92 13 28 101
c 11 12 74 39 135
c 13 46 18 37 184
c 37 48 9 18 130
c 40 80 20 18 178
c 78 79 37 74 177
c 37 6 64 65 148
c 79 29 11 21 197
c 11 12 90 86 112
c 66 30 46 90 172
c 68 65 89 96 197
c 21 9 43 12 196
c 76 90 29 21 136
c 27 67 81 83 112
c 18 94 91 62 146
c 0 7 51 47 127
c 14 77 53 98 179
c 41 85 78 93 107
c 94 34 46 75 150
c 82 38 84 27 179
c 17 64 75 15 101
c 38 77 33 89 125
c 71 82 9 10 114
c 14 99 38 78 164
c 12 78 72 93 198
c 79 56 47 97 117
c 5 45 71 57 199
c 26 75 38 1 179
c 55 74 92 30 113
c 9 56 66 77 175
c 68 64 18 37 188
c 98 10 71 57 144
c 86 88 89 26 112
c 44 6 90 46 193
c 12 99 90 22 163
c 95 96 25 50 140
c 9 46 69 47 123
c 39 34 14 31 129
c 95 99 14 91 147
c 42 3 60 63 167
c 40 28 45 25 136
c 20 56 10 11 185
c 56 90 19 85 110
c 94 65 68 71 107
c 7 23 22 46 189
c 6 2 81 14 164
c 93 94 34 42 110
c 59 92 46 75 123
c 21 47 32 24 169
c 57 96 50 42 113
c 79 50 20 37 152
c 95 4 74 75 156
c 28 56 64 55 109
c 44 94 70 78 190
c 62 25 26 86 122
c 75 67 9 24 122
c 1 97 97 70 163
c 55 35 7 13 151
c 45 15 31 7 109
c 16 20 76 37 168
c 2 88 81 14 136
c 4 91 66 80 141
c 80 26 78 73 162
c 76 90 56 35 161
c 86 31 73 7 169
c 30 55 34 15 145
c 13 1 89 8 143
c 81 82 86 76 155
c 72 24 65 51 194
c 50 1 56 35 137
c 21 6 6 2 135
c 0 62 98 38 189
c 9 46 83 24 189
c 18 76 76 68 143
c 9 21 39 81 139
c 90 52 96 98 108
c 33 10 51 52 176
c 1 6 69 3 116
c 87 32 3 66 182
c 82 88 86 94 190
c 70 45 76 29 113
c 81 11 27 76 116
c 88 21 15 31 171
c 62 59 47 52 148
c 1 61 50 76 190
c 41 96 31 68 110
c 18 21 86 26 156
c 67 88 9 99 172
c 77 78 29 61 130
c 91 94 39 9 186
c 65 66 81 31 172
c 26 90 43 26 172
c 40 5 12 92 151
c 39 22 24 3 142
c 0 35 96 25 174
c 2 35 90 72 140
c 13 95 48 50 172
c 12 80 13 16 137
c 43 5 7 4 137
c 71 91 37 98 161
c 24 66 91 5 131
c 9 99 2 3 100
c 2 31 18 90 146
c 53 73 80 53 118
c 76 38 38 35 134
c 38 12 10 46 141
c 55 25 81 85 184
c 61 85 65 94 141
c 29 59 59 13 186
c 74 28 5 62 107
c 95 10 50 78 116
c 54 63 8 12 176
c 89 90 49 69 191
c 22 79 84 81 169
c 2 86 57 14 164
c 12 93 50 81 163
c 66 32 20 48 129
c 26 43 3 10 166
c 16 89 53 73 140
c 19 64 61 48 127
c 64 4 63 45 102
c 91 36 13 95 176
c 71 24 56 69 114
c 83 9 37 73 131
c 94 2 26 18 139
c 57 87 54 94 114
c 13 99 74 76 116
c 18 89 25 17 101
c 44 41 54 79 142
c 25 91 8 85 198
c 90 91 67 88 155
c 59 77 33 66 147
c 49 29 91 18 142
c 13 59 98 85 164
c 70 6 55 3 103
c 96 17 53 2 138
c 76 29 81 87 137
c 81 98 15 2 162
c 11 85 66 32 197
c 47 95 19 64 187
c 4 42 64 6 132
c 66 63 51 14 122
c 6 56 10 28 144
c 24 19 84 57 113
c 77 24 6 68 160
c 25 81 67 24 171
c 65 53 69 48 135
c 41 13 61 60 155
c 28 1 56 35 152
c 14 49 14 31 100
c 86 4 54 63 131
c 88 91 46 75 189
c 22 46 29 73 192
c 48 15 19 10 147
c 60 17 12 47 119
c 50 80 73 17 178
c 83 64 21 58 164
c 84 80 55 50 105
c 47 96 96 64 149
c 53 47 84 90 167
c 20 69 76 15 138
c 12 47 25 58 193
c 69 98 32 58 105
c 73 7 5 69 126
c 76 89 84 90 121
c 68 55 4 23 124
c 65 67 94 5 117
c 23 11 10 2 195
c 9 19 35 98 156
c 92 45 90 23 133
c 17 59 2 35 170
c 91 92 9 10 186
c 5 76 95 69 132
c 1 24 83 67 197
c 92 70 4 17 194
c 86 65 58 17 155
c 77 46 72 24 171
c 97 57 80 53 196
c 86 80 1 74 193
c 13 99 73 46 185
c 68 34 65 53 129
c 28 17 27 67 123
c 98 42 76 15 184
c 71 49 95 8 102
c 70 23 70 6 113
c 66 75 32 62 186
c 76 50 89 31 173
c 79 56 39 3 102
c 20 69 28 1 194
c 46 28 84 85 155
c 14 83 96 87 137
c 59 34 42 35 108
c 26 36 14 84 169
c 48 49 49 58 135
c 46 84 86 82 110
c 35 10 18 50 191
c 22 54 64 21 119
c 39 7 98 23 157
c 59 34 90 67 104
c 29 55 52 75 117
c 28 82 28 9 119
c 50 6 33 12 151
c 4 48 51 86 198
c 84 24 25 96 171
c 21 73 43 45 185
c 7 5 77 59 187
c 77 20 22 25 181
c 31 67 23 56 167
c 42 35 30 45 116
c 41 13 40 17 120
c 28 88 6 33 145
c 20 21 15 61 196
c 70 17 24 85 156
c 85 75 30 98 110
c 19 62 29 2 116
c 88 64 89 96 180
c 17 1 98 80 192
c 27 76 26 64 103
c 29 59 95 36 102
c 91 77 42 66 176
c 61 3 94 8 104
c 65 61 50 72 119
c 54 46 96 69 187
c 42 28 8 70 160
c 40 80 1 2 162
c 32 63 66 30 125
c 87 95 10 7 165
c 32 16 69 48 140
c 25 85 79 15 182
c 79 50 81 16 113
c 18 93 53 48 181
c 39 3 32 62 148
c 82 16 32 38 152
c 73 41 49 50 103
c 42 89 32 74 172
c 67 99 10 2 175
c 92 42 14 67 144
c 30 56 59 81 110
c 57 8 44 54 111
c 56 70 8 44 138
c 48 63 75 64 149
c 38 15 7 64 117
c 58 93 11 68 196
c 11 17 2 7 184
c 82 73 60 9 142
c 71 82 90 43 124
c 52 77 68 25 182
c 72 19 87 64 136
c 32 6 92 53 136
c 96 56 32 23 169
c 77 34 14 34 157
c 11 86 87 88 195
c 72 7 5 92 126
c 46 28 17 18 119
c 20 47 44 94 109
c 95 43 22 20 174
c 94 55 37 17 193
c 97 90 26 43 119
c 53 99 46 90 180
c 18 56 48 39 110
c 9 31 12 92 167
c 84 59 21 6 136
c 80 29 54 17 172
c 56 84 91 62 121
c 67 82 59 47 146
c 61 55 30 3 148
c 14 13 40 69 177
c 24 19 98 42 103
c 29 37 38 67 102
c 42 3 50 76 167
c 87 95 44 58 188
c 97 22 48 54 115
c 95 98 97 57 110
c 63 35 47 97 106
c 58 59 89 90 110
c 96 56 45 74 166
c 19 92 15 48 164
c 2 35 68 12 124
c 49 50 96 11 103
c 97 96 88 63 116
c 5 6 53 95 199
c 36 37 49 48 119
c 56 53 5 86 147
c 78 66 53 9 167
