notes: n=100, m=1980, elb=1, eub=20, density=0.2, conf_density=0.001, clb=100, cub= 200, seed= 4099
p spec 100 1980 1959
s 0
t 99
a 0 1 6
a 0 27 10
a 0 84 2
a 0 62 16
a 0 25 16
a 0 64 8
a 0 87 9
a 0 3 18
a 0 52 8
a 0 71 9
a 0 23 4
a 0 17 17
a 0 56 12
a 0 53 14
a 0 92 12
a 1 2 15
a 1 11 16
a 1 5 4
a 1 87 19
a 1 62 17
a 1 88 5
a 1 86 11
a 1 83 7
a 1 93 4
a 1 58 18
a 1 43 9
a 1 28 14
a 1 38 10
a 1 22 5
a 1 4 9
a 2 3 14
a 2 80 11
a 2 48 16
a 2 91 4
a 2 67 2
a 2 70 10
a 2 16 7
a 2 26 3
a 2 79 19
a 2 18 6
a 2 23 19
a 2 45 5
a 2 10 2
a 2 22 19
a 2 95 5
a 2 25 6
a 2 66 19
a 2 97 9
a 2 90 4
a 2 5 11
a 2 46 5
a 2 7 19
a 2 62 4
a 2 65 14
a 2 12 16
a 3 4 10
a 3 79 10
a 3 18 1
a 3 98 5
a 3 17 15
a 3 43 6
a 3 83 11
a 3 20 17
a 3 56 2
a 3 42 9
a 3 46 3
a 3 65 17
a 3 41 12
a 3 97 11
a 3 48 15
a 3 90 16
a 3 15 19
a 4 5 9
a 4 85 2
a 4 99 15
a 4 38 8
a 4 49 6
a 4 87 5
a 4 9 6
a 4 76 14
a 4 93 7
a 4 47 11
a 4 12 10
a 4 10 18
a 4 88 12
a 4 89 3
a 4 8 18
a 4 36 3
a 4 52 2
a 4 71 15
a 4 58 14
a 4 78 17
a 4 33 2
a 5 6 12
a 5 22 16
a 5 32 7
a 5 18 12
a 5 85 15
a 5 46 8
a 5 74 4
a 5 61 2
a 5 16 11
a 5 31 5
a 5 91 7
a 5 66 15
a 5 44 15
a 5 12 8
a 5 40 13
a 5 63 1
a 5 43 7
a 5 25 17
a 5 72 2
a 5 86 1
a 5 23 12
a 6 7 17
a 6 55 5
a 6 15 8
a 6 81 3
a 6 66 5
a 6 78 18
a 6 42 7
a 6 98 13
a 6 30 1
a 6 91 3
a 6 10 5
a 6 11 3
a 6 63 17
a 6 62 5
a 6 77 17
a 6 61 10
a 6 14 4
a 7 8 3
a 7 55 10
a 7 32 16
a 7 89 7
a 7 16 13
a 7 81 5
a 7 4 6
a 7 26 13
a 7 59 5
a 7 20 8
a 7 50 5
a 7 36 11
a 7 72 13
a 7 84 12
a 8 9 4
a 8 60 13
a 8 56 17
a 8 52 15
a 8 44 14
a 8 54 4
a 8 28 14
a 8 7 2
a 8 97 7
a 8 74 9
a 8 76 3
a 8 51 16
a 8 45 1
a 8 47 4
a 8 2 16
a 8 82 18
a 8 85 13
a 9 10 12
a 9 36 11
a 9 6 17
a 9 3 12
a 9 75 5
a 9 51 5
a 9 66 8
a 9 61 2
a 9 48 6
a 9 99 1
a 9 24 11
a 9 20 2
a 9 8 16
a 9 97 7
a 9 40 12
a 9 26 8
a 9 64 17
a 9 74 16
a 9 98 13
a 9 53 15
a 9 69 16
a 9 68 16
a 9 16 13
a 9 22 8
a 9 46 4
a 10 11 18
a 10 33 18
a 10 37 8
a 10 12 6
a 10 29 3
a 10 51 8
a 10 82 11
a 10 79 11
a 10 56 15
a 10 17 3
a 10 25 16
a 10 54 10
a 10 69 16
a 10 45 8
a 10 34 19
a 10 49 2
a 10 14 4
a 10 35 9
a 10 15 15
a 10 31 1
a 10 46 17
a 11 12 11
a 11 1 6
a 11 21 1
a 11 68 11
a 11 20 11
a 11 58 13
a 11 76 11
a 11 51 18
a 11 61 10
a 11 18 15
a 11 38 12
a 11 80 11
a 11 89 18
a 11 67 2
a 11 10 12
a 11 92 1
a 11 91 9
a 11 87 1
a 11 46 2
a 11 31 12
a 12 13 9
a 12 37 15
a 12 89 17
a 12 55 17
a 12 52 18
a 12 11 10
a 12 14 19
a 12 73 5
a 12 29 18
a 12 24 10
a 12 34 15
a 12 69 1
a 12 83 3
a 12 40 19
a 12 22 17
a 12 82 8
a 12 25 3
a 12 99 18
a 12 45 4
a 13 14 7
a 13 51 19
a 13 88 11
a 13 26 5
a 13 56 19
a 13 37 14
a 13 73 5
a 13 65 1
a 13 93 17
a 13 5 12
a 13 86 11
a 13 17 9
a 13 84 11
a 13 78 17
a 13 98 1
a 13 22 4
a 13 85 2
a 13 66 11
a 14 15 14
a 14 2 13
a 14 23 5
a 14 12 17
a 14 24 4
a 14 89 13
a 14 72 15
a 14 25 8
a 14 73 16
a 14 38 18
a 14 91 11
a 14 64 4
a 14 30 12
a 14 76 19
a 14 46 17
a 14 63 14
a 14 48 2
a 14 26 12
a 15 16 15
a 15 1 1
a 15 86 10
a 15 32 6
a 15 26 17
a 15 29 3
a 15 79 16
a 15 84 13
a 15 75 3
a 15 53 8
a 15 31 2
a 15 7 5
a 15 35 14
a 15 46 7
a 15 60 8
a 15 65 15
a 15 62 15
a 15 39 1
a 15 64 9
a 16 17 2
a 16 88 14
a 16 83 18
a 16 99 3
a 16 33 18
a 16 68 1
a 16 76 14
a 16 41 11
a 16 56 10
a 16 35 5
a 16 69 12
a 16 55 19
a 16 51 10
a 16 95 19
a 16 71 9
a 16 73 7
a 16 75 11
a 17 18 17
a 17 10 11
a 17 80 12
a 17 68 18
a 17 55 19
a 17 16 17
a 17 92 5
a 17 58 3
a 17 44 10
a 17 79 14
a 17 4 13
a 17 24 1
a 17 49 2
a 17 88 6
a 17 76 17
a 17 47 1
a 17 29 17
a 18 19 12
a 18 13 12
a 18 64 12
a 18 26 10
a 18 7 11
a 18 45 10
a 18 35 12
a 18 81 13
a 18 27 17
a 18 30 13
a 18 5 16
a 18 66 5
a 18 23 17
a 18 51 7
a 18 20 13
a 18 24 5
a 18 83 11
a 18 54 14
a 18 72 1
a 18 55 9
a 18 58 3
a 18 28 16
a 18 50 2
a 19 20 1
a 19 33 16
a 19 89 7
a 19 27 15
a 19 39 12
a 19 23 18
a 19 58 5
a 19 51 10
a 19 57 15
a 19 4 15
a 19 94 15
a 19 10 18
a 19 50 13
a 19 85 5
a 19 2 8
a 19 81 10
a 19 48 2
a 19 13 8
a 20 21 15
a 20 99 8
a 20 41 19
a 20 51 9
a 20 92 2
a 20 13 17
a 20 60 7
a 20 12 9
a 20 95 10
a 20 36 4
a 20 84 2
a 20 45 3
a 20 81 19
a 20 1 15
a 20 91 12
a 20 7 4
a 20 66 11
a 20 96 9
a 20 23 6
a 20 87 3
a 20 70 4
a 20 89 16
a 20 9 4
a 21 22 19
a 21 9 15
a 21 60 7
a 21 33 14
a 21 17 18
a 21 74 5
a 21 38 18
a 21 27 7
a 21 68 6
a 21 35 17
a 21 69 10
a 21 26 5
a 21 13 6
a 22 23 12
a 22 16 8
a 22 97 17
a 22 99 7
a 22 43 14
a 22 50 17
a 22 65 13
a 22 95 6
a 22 1 4
a 22 70 17
a 22 18 10
a 22 12 10
a 22 13 16
a 22 91 14
a 22 59 6
a 22 32 13
a 22 6 14
a 22 67 18
a 22 48 9
a 22 15 16
a 22 24 10
a 22 84 3
a 22 54 14
a 22 49 8
a 22 5 16
a 22 14 18
a 22 92 1
a 22 21 11
a 23 24 11
a 23 11 6
a 23 49 14
a 23 28 4
a 23 18 5
a 23 94 5
a 23 79 4
a 23 59 3
a 23 21 16
a 23 36 18
a 23 2 1
a 23 45 4
a 23 7 19
a 23 80 11
a 23 16 11
a 23 14 9
a 23 44 19
a 23 53 17
a 23 83 1
a 23 82 4
a 23 30 10
a 23 90 11
a 23 71 6
a 24 25 18
a 24 9 13
a 24 99 10
a 24 37 9
a 24 38 13
a 24 89 19
a 24 23 7
a 24 90 19
a 24 8 14
a 24 16 1
a 24 73 5
a 24 68 13
a 24 62 13
a 24 75 18
a 24 28 12
a 24 20 4
a 24 5 14
a 24 12 18
a 24 32 18
a 24 83 15
a 24 96 10
a 24 42 8
a 24 72 10
a 24 31 7
a 24 14 17
a 24 27 13
a 25 26 6
a 25 59 8
a 25 91 9
a 25 22 6
a 25 90 15
a 25 54 13
a 25 14 14
a 25 10 19
a 25 62 19
a 25 89 6
a 25 57 1
a 25 53 9
a 25 36 8
a 25 74 2
a 25 75 4
a 25 85 18
a 25 44 4
a 25 7 2
a 25 66 8
a 25 9 2
a 26 27 5
a 26 54 12
a 26 74 14
a 26 62 9
a 26 10 17
a 26 31 1
a 26 40 8
a 26 47 13
a 26 16 12
a 26 55 10
a 26 53 16
a 26 87 5
a 26 58 15
a 26 89 11
a 26 38 8
a 26 65 1
a 26 18 16
a 26 12 9
a 26 7 13
a 26 91 8
a 26 56 17
a 27 28 6
a 27 68 16
a 27 1 4
a 27 90 2
a 27 91 10
a 27 57 16
a 27 12 6
a 27 2 8
a 27 55 3
a 27 37 1
a 27 99 17
a 27 73 7
a 27 47 19
a 27 4 15
a 27 36 7
a 27 32 16
a 27 89 5
a 27 15 15
a 27 29 3
a 27 69 5
a 27 87 10
a 27 76 2
a 27 86 11
a 27 75 11
a 28 29 19
a 28 95 2
a 28 36 15
a 28 1 8
a 28 25 8
a 28 22 10
a 28 49 2
a 28 62 10
a 28 74 3
a 28 88 14
a 28 52 10
a 28 30 11
a 28 23 14
a 28 69 17
a 28 45 17
a 28 46 16
a 28 97 6
a 28 47 6
a 28 4 2
a 28 42 1
a 28 90 8
a 28 37 18
a 28 71 5
a 28 26 6
a 28 82 17
a 28 61 6
a 28 10 10
a 28 89 1
a 28 9 13
a 29 30 1
a 29 4 2
a 29 83 3
a 29 51 6
a 29 71 18
a 29 46 8
a 29 76 6
a 29 50 6
a 29 99 9
a 29 62 6
a 29 53 18
a 29 68 6
a 29 91 4
a 29 88 11
a 29 2 8
a 29 57 16
a 29 98 7
a 30 31 19
a 30 99 2
a 30 29 3
a 30 79 9
a 30 24 19
a 30 93 8
a 30 33 18
a 30 82 1
a 30 43 15
a 30 89 13
a 30 16 14
a 30 38 10
a 30 74 14
a 30 21 13
a 30 11 13
a 30 45 10
a 30 85 19
a 30 60 8
a 30 53 11
a 30 50 13
a 30 78 15
a 30 26 3
a 30 62 4
a 30 22 18
a 30 80 18
a 30 81 8
a 31 32 5
a 31 78 4
a 31 29 1
a 31 25 19
a 31 41 14
a 31 33 7
a 31 73 6
a 31 17 11
a 31 80 16
a 31 39 1
a 31 47 13
a 31 98 12
a 31 18 12
a 31 67 14
a 31 1 4
a 31 86 19
a 31 55 1
a 31 6 19
a 31 62 10
a 31 40 6
a 31 48 2
a 31 75 6
a 31 68 4
a 31 45 8
a 31 11 11
a 32 33 6
a 32 43 6
a 32 69 4
a 32 29 14
a 32 6 4
a 32 40 8
a 32 66 4
a 32 57 14
a 32 82 14
a 32 83 9
a 32 21 10
a 32 70 10
a 32 59 2
a 32 87 10
a 32 77 19
a 32 93 7
a 33 34 16
a 33 98 16
a 33 20 7
a 33 67 10
a 33 77 9
a 33 30 13
a 33 5 11
a 33 1 9
a 33 28 13
a 33 47 12
a 33 62 9
a 33 52 17
a 33 81 15
a 33 15 10
a 34 35 10
a 34 66 15
a 34 21 11
a 34 58 17
a 34 52 16
a 34 90 12
a 34 71 6
a 34 43 11
a 34 79 7
a 34 1 3
a 34 93 4
a 34 83 15
a 34 87 15
a 34 50 14
a 34 14 18
a 34 19 16
a 34 9 11
a 34 81 4
a 34 37 9
a 34 82 11
a 34 17 17
a 34 23 1
a 34 60 15
a 34 62 12
a 34 40 7
a 34 20 5
a 34 80 5
a 35 36 16
a 35 70 15
a 35 2 10
a 35 88 8
a 35 89 12
a 35 10 16
a 35 34 9
a 35 74 17
a 35 6 8
a 35 14 7
a 35 55 4
a 35 25 10
a 35 64 18
a 35 90 5
a 35 30 19
a 35 98 12
a 35 13 16
a 35 5 2
a 35 99 14
a 35 54 9
a 35 91 8
a 35 39 10
a 35 50 5
a 35 84 18
a 35 53 9
a 36 37 11
a 36 25 7
a 36 8 11
a 36 6 4
a 36 62 13
a 36 21 7
a 36 68 6
a 36 48 9
a 36 34 13
a 36 46 13
a 36 56 11
a 36 27 15
a 36 19 7
a 36 51 12
a 36 24 14
a 36 64 17
a 36 7 5
a 36 83 18
a 36 42 14
a 36 29 2
a 36 88 10
a 36 90 8
a 36 30 17
a 37 38 11
a 37 5 12
a 37 71 14
a 37 76 1
a 37 45 19
a 37 99 14
a 37 40 18
a 37 62 15
a 37 42 6
a 37 91 9
a 37 55 14
a 37 95 12
a 37 75 15
a 37 79 1
a 37 12 13
a 37 6 1
a 37 46 5
a 37 53 14
a 37 33 8
a 37 51 9
a 37 84 19
a 37 66 7
a 37 60 8
a 37 2 18
a 37 8 11
a 38 39 18
a 38 49 7
a 38 4 3
a 38 61 6
a 38 75 12
a 38 43 7
a 38 70 7
a 38 9 8
a 38 66 15
a 38 89 12
a 38 28 8
a 38 25 17
a 38 45 7
a 38 58 14
a 38 73 19
a 38 46 2
a 38 22 7
a 38 72 13
a 38 67 18
a 38 83 10
a 38 35 8
a 38 13 18
a 39 40 7
a 39 27 19
a 39 73 9
a 39 96 12
a 39 58 15
a 39 47 5
a 39 50 8
a 39 22 1
a 39 59 14
a 39 4 15
a 39 85 10
a 39 10 14
a 39 88 1
a 39 55 5
a 39 29 17
a 39 25 4
a 39 72 9
a 39 16 13
a 39 30 8
a 39 26 2
a 39 66 9
a 39 89 16
a 39 84 15
a 39 45 18
a 40 41 2
a 40 96 16
a 40 49 12
a 40 10 5
a 40 93 12
a 40 19 3
a 40 8 3
a 40 15 12
a 40 23 8
a 40 89 9
a 40 56 6
a 40 36 9
a 40 77 1
a 40 6 12
a 40 87 14
a 40 98 7
a 40 33 17
a 40 2 18
a 40 50 17
a 40 57 9
a 40 68 19
a 40 79 12
a 40 9 3
a 40 45 9
a 40 64 9
a 41 42 16
a 41 97 2
a 41 21 3
a 41 31 10
a 41 9 5
a 41 45 18
a 41 55 5
a 41 40 15
a 41 49 3
a 41 22 4
a 41 71 2
a 42 43 12
a 42 31 2
a 42 52 9
a 42 65 9
a 42 88 13
a 42 32 18
a 42 99 14
a 42 71 6
a 42 93 17
a 42 53 3
a 42 25 17
a 42 14 2
a 42 75 1
a 42 9 10
a 42 63 5
a 43 44 16
a 43 11 12
a 43 99 9
a 43 39 13
a 43 35 10
a 43 79 1
a 43 80 15
a 43 37 17
a 43 72 10
a 43 30 6
a 43 55 19
a 43 10 15
a 43 42 2
a 43 77 3
a 43 93 11
a 43 18 10
a 43 4 7
a 43 24 12
a 43 68 10
a 43 94 5
a 43 27 2
a 43 97 17
a 43 16 16
a 43 51 13
a 44 45 18
a 44 51 14
a 44 53 8
a 44 49 3
a 44 33 11
a 44 97 2
a 44 64 2
a 44 29 2
a 44 47 19
a 44 32 7
a 44 61 16
a 44 84 9
a 44 50 15
a 45 46 18
a 45 49 15
a 45 81 9
a 45 8 8
a 45 34 6
a 45 63 19
a 45 88 6
a 45 51 6
a 45 93 4
a 45 70 15
a 45 21 8
a 45 24 12
a 45 59 18
a 45 77 17
a 45 78 5
a 45 69 9
a 45 31 11
a 45 39 17
a 45 60 9
a 46 47 1
a 46 30 13
a 46 25 18
a 46 73 18
a 46 48 10
a 46 65 11
a 46 84 7
a 46 58 2
a 46 88 19
a 46 27 5
a 46 78 14
a 46 91 2
a 46 98 9
a 46 57 11
a 46 17 18
a 46 37 3
a 46 9 5
a 46 72 8
a 47 48 7
a 47 44 1
a 47 80 6
a 47 66 19
a 47 39 9
a 47 22 17
a 47 50 6
a 47 26 3
a 47 11 10
a 47 99 16
a 47 58 5
a 47 27 19
a 47 33 12
a 47 67 8
a 47 94 15
a 47 88 16
a 47 57 4
a 47 34 6
a 47 78 12
a 48 49 6
a 48 26 3
a 48 75 8
a 48 72 8
a 48 41 11
a 48 50 15
a 48 81 11
a 48 55 11
a 48 35 17
a 48 8 7
a 48 12 8
a 48 86 12
a 48 28 8
a 48 90 3
a 48 61 18
a 48 25 5
a 48 9 6
a 48 31 3
a 48 82 6
a 48 23 14
a 49 50 16
a 49 93 9
a 49 35 13
a 49 25 15
a 49 39 10
a 49 91 4
a 49 37 2
a 49 36 5
a 49 2 5
a 49 53 15
a 49 66 15
a 49 57 5
a 49 8 19
a 49 11 9
a 49 51 19
a 49 61 14
a 49 9 5
a 50 51 18
a 50 96 10
a 50 55 8
a 50 11 6
a 50 61 3
a 50 79 10
a 50 53 18
a 50 46 3
a 50 90 2
a 50 94 18
a 50 43 14
a 50 14 9
a 50 35 7
a 50 75 8
a 50 36 4
a 50 81 15
a 50 56 1
a 51 52 11
a 51 78 17
a 51 56 1
a 51 69 2
a 51 32 5
a 51 44 8
a 51 80 8
a 51 12 2
a 51 6 9
a 51 92 2
a 51 55 2
a 51 62 8
a 51 26 8
a 51 72 6
a 51 14 12
a 51 68 13
a 51 25 8
a 51 42 3
a 51 82 19
a 51 86 6
a 51 22 15
a 52 53 17
a 52 5 19
a 52 96 17
a 52 6 12
a 52 21 11
a 52 82 1
a 52 27 10
a 52 25 10
a 52 50 14
a 52 18 8
a 52 67 7
a 52 39 17
a 52 34 15
a 53 54 19
a 53 92 3
a 53 32 6
a 53 6 9
a 53 86 7
a 53 38 16
a 53 15 2
a 53 5 11
a 53 48 7
a 53 55 6
a 53 16 16
a 53 17 16
a 53 18 15
a 53 83 4
a 53 8 11
a 53 60 8
a 54 55 10
a 54 84 1
a 54 20 10
a 54 5 12
a 54 1 3
a 54 83 7
a 54 60 9
a 54 16 13
a 54 51 15
a 54 64 1
a 54 66 10
a 54 61 3
a 54 63 15
a 54 86 17
a 54 8 2
a 54 40 11
a 54 28 9
a 55 56 8
a 55 43 4
a 55 47 1
a 55 66 7
a 55 62 14
a 55 24 1
a 55 15 17
a 55 70 8
a 55 89 7
a 55 10 9
a 55 1 6
a 55 49 16
a 55 68 15
a 55 75 17
a 55 93 2
a 55 20 14
a 55 28 1
a 55 12 6
a 55 13 6
a 56 57 1
a 56 52 10
a 56 22 14
a 56 55 4
a 56 32 11
a 56 47 14
a 56 64 15
a 56 49 12
a 56 11 9
a 56 53 2
a 56 4 10
a 56 21 2
a 56 23 3
a 56 83 9
a 56 54 5
a 56 69 17
a 56 75 6
a 56 29 6
a 56 88 19
a 56 93 17
a 56 78 10
a 56 42 2
a 56 17 8
a 56 59 19
a 56 10 12
a 57 58 8
a 57 12 17
a 57 59 3
a 57 73 19
a 57 25 6
a 57 38 10
a 57 71 3
a 57 9 9
a 57 15 8
a 57 65 19
a 57 96 11
a 57 98 14
a 57 31 14
a 57 74 16
a 57 20 9
a 57 45 4
a 57 72 9
a 57 56 3
a 57 16 3
a 57 61 16
a 57 92 2
a 58 59 3
a 58 66 19
a 58 12 18
a 58 39 8
a 58 27 17
a 58 48 13
a 58 2 2
a 58 69 7
a 58 71 14
a 58 42 16
a 58 3 10
a 58 76 19
a 58 16 17
a 58 52 8
a 58 77 18
a 58 8 11
a 58 73 12
a 58 22 2
a 58 49 3
a 58 54 17
a 58 26 10
a 58 33 19
a 58 43 16
a 58 23 10
a 59 60 15
a 59 90 17
a 59 96 7
a 59 49 7
a 59 61 8
a 59 42 5
a 59 43 16
a 59 81 11
a 59 51 4
a 59 57 19
a 59 18 13
a 59 38 15
a 59 6 10
a 59 97 13
a 59 93 10
a 59 54 19
a 59 44 5
a 59 82 15
a 59 39 19
a 59 20 2
a 60 61 14
a 60 33 9
a 60 27 17
a 60 9 15
a 60 87 15
a 60 8 12
a 60 80 12
a 60 36 1
a 60 47 1
a 60 53 10
a 60 71 18
a 60 59 17
a 60 50 8
a 60 5 8
a 60 57 8
a 60 83 3
a 60 54 2
a 60 37 17
a 60 42 5
a 60 74 8
a 61 62 4
a 61 48 1
a 61 25 16
a 61 64 13
a 61 49 19
a 61 46 8
a 61 32 1
a 61 82 2
a 61 85 3
a 61 2 2
a 61 72 8
a 61 47 15
a 61 18 6
a 61 15 1
a 61 42 10
a 61 29 1
a 61 93 1
a 61 31 9
a 61 20 19
a 61 7 16
a 61 65 10
a 61 33 4
a 61 67 18
a 61 22 4
a 61 90 9
a 61 92 6
a 62 63 2
a 62 21 17
a 62 94 14
a 62 18 19
a 62 73 9
a 62 51 16
a 62 54 3
a 62 93 13
a 62 39 15
a 62 59 6
a 62 85 12
a 62 58 12
a 62 52 10
a 62 90 19
a 62 3 17
a 62 31 5
a 62 36 5
a 62 53 16
a 63 64 17
a 63 15 7
a 63 65 1
a 63 62 16
a 63 85 10
a 63 38 3
a 63 97 7
a 63 16 4
a 63 17 19
a 63 71 17
a 63 46 17
a 63 99 14
a 63 94 8
a 63 44 3
a 63 67 1
a 63 86 9
a 63 88 6
a 63 24 5
a 63 31 5
a 64 65 13
a 64 57 13
a 64 53 16
a 64 85 11
a 64 94 5
a 64 81 6
a 64 26 3
a 64 8 10
a 64 10 19
a 64 59 16
a 64 11 5
a 64 61 6
a 64 66 13
a 64 12 15
a 64 22 17
a 64 92 4
a 64 86 8
a 64 18 2
a 64 47 7
a 64 49 16
a 64 62 10
a 64 7 15
a 64 52 15
a 64 72 4
a 65 66 2
a 65 3 11
a 65 6 11
a 65 98 18
a 65 93 8
a 65 5 1
a 65 87 19
a 65 91 4
a 65 26 13
a 65 84 15
a 65 23 19
a 65 25 12
a 65 19 12
a 65 60 18
a 65 81 5
a 65 83 16
a 65 63 5
a 65 53 12
a 65 97 19
a 65 69 2
a 65 55 18
a 65 21 13
a 66 67 5
a 66 85 2
a 66 80 17
a 66 94 17
a 66 26 2
a 66 89 6
a 66 71 1
a 66 5 10
a 66 78 6
a 66 69 15
a 66 63 6
a 66 16 16
a 66 42 6
a 66 17 3
a 66 41 4
a 66 6 4
a 66 56 15
a 66 44 6
a 66 39 4
a 66 48 10
a 67 68 5
a 67 23 6
a 67 70 3
a 67 42 6
a 67 28 8
a 67 44 1
a 67 16 3
a 67 71 19
a 67 13 11
a 67 6 4
a 67 69 6
a 67 40 6
a 67 25 12
a 67 35 16
a 67 37 12
a 67 95 19
a 67 1 3
a 67 26 16
a 67 56 9
a 67 79 12
a 67 36 7
a 67 38 18
a 67 54 3
a 67 66 17
a 67 20 14
a 68 69 12
a 68 83 16
a 68 80 4
a 68 9 4
a 68 20 2
a 68 15 4
a 68 48 14
a 68 59 3
a 68 42 6
a 68 90 10
a 68 95 15
a 68 70 9
a 68 8 8
a 68 78 11
a 68 23 19
a 68 43 12
a 68 33 13
a 68 14 15
a 69 70 17
a 69 86 7
a 69 89 16
a 69 77 4
a 69 31 10
a 69 40 1
a 69 33 17
a 69 87 18
a 69 24 6
a 69 64 9
a 69 90 17
a 69 78 2
a 69 38 3
a 69 56 6
a 69 74 15
a 69 13 18
a 69 55 3
a 69 21 4
a 69 76 9
a 69 85 10
a 69 97 2
a 69 57 16
a 69 4 10
a 69 45 3
a 70 71 7
a 70 10 17
a 70 91 12
a 70 96 10
a 70 85 11
a 70 79 2
a 70 87 18
a 70 54 2
a 70 37 11
a 70 6 8
a 70 44 6
a 70 47 13
a 70 67 3
a 70 74 1
a 70 30 19
a 70 27 2
a 70 88 5
a 70 76 14
a 70 82 15
a 70 99 18
a 70 3 1
a 70 81 3
a 70 53 17
a 70 20 1
a 70 52 14
a 70 57 14
a 70 18 7
a 71 72 16
a 71 78 2
a 71 76 6
a 71 89 16
a 71 9 8
a 71 52 17
a 71 34 10
a 71 31 11
a 71 53 10
a 71 54 12
a 71 14 1
a 71 97 3
a 71 22 4
a 71 79 11
a 71 20 2
a 71 92 6
a 71 69 12
a 71 2 8
a 71 11 3
a 71 88 5
a 71 19 2
a 71 65 9
a 71 94 1
a 71 3 14
a 71 46 18
a 71 63 9
a 71 87 12
a 72 73 1
a 72 24 16
a 72 50 3
a 72 14 17
a 72 28 10
a 72 21 6
a 72 42 6
a 72 76 18
a 72 51 13
a 72 11 2
a 72 41 4
a 72 22 1
a 72 74 13
a 72 44 12
a 72 29 7
a 72 81 10
a 72 10 17
a 72 65 16
a 72 31 14
a 72 27 11
a 72 88 11
a 72 54 4
a 73 74 10
a 73 59 14
a 73 90 11
a 73 4 9
a 73 22 15
a 73 62 12
a 73 31 4
a 73 55 7
a 73 79 12
a 73 51 5
a 73 95 10
a 73 46 8
a 73 39 16
a 73 28 17
a 73 48 3
a 73 7 18
a 73 41 12
a 73 88 11
a 74 75 4
a 74 15 14
a 74 65 12
a 74 92 19
a 74 70 5
a 74 67 17
a 74 59 17
a 74 86 9
a 74 16 6
a 74 36 3
a 74 96 6
a 74 34 9
a 74 39 11
a 74 64 12
a 74 30 19
a 74 24 3
a 75 76 13
a 75 40 7
a 75 82 5
a 75 37 8
a 75 18 14
a 75 90 1
a 75 52 8
a 75 7 19
a 75 65 11
a 75 47 4
a 75 29 12
a 75 66 16
a 75 24 18
a 75 83 5
a 75 85 15
a 75 15 9
a 75 53 12
a 75 81 15
a 75 38 4
a 75 99 6
a 75 50 6
a 75 78 3
a 76 77 2
a 76 25 15
a 76 12 9
a 76 93 13
a 76 87 7
a 76 74 15
a 76 83 7
a 76 86 9
a 76 5 6
a 76 35 17
a 76 57 3
a 76 95 11
a 76 99 19
a 76 85 3
a 76 37 16
a 77 78 5
a 77 83 2
a 77 17 10
a 77 51 1
a 77 1 10
a 77 20 17
a 77 49 14
a 77 75 15
a 77 31 9
a 77 45 6
a 77 24 4
a 77 61 9
a 77 85 3
a 78 79 1
a 78 44 14
a 78 94 8
a 78 74 13
a 78 69 1
a 78 30 8
a 78 22 18
a 78 89 2
a 78 29 4
a 78 67 8
a 78 66 16
a 78 70 13
a 78 46 14
a 79 80 12
a 79 39 16
a 79 31 19
a 79 3 2
a 79 65 16
a 79 36 8
a 79 11 18
a 79 43 10
a 79 87 10
a 79 18 7
a 79 97 4
a 79 17 13
a 79 88 6
a 80 81 7
a 80 70 6
a 80 97 13
a 80 30 16
a 80 20 3
a 80 94 14
a 80 66 5
a 80 40 17
a 80 65 11
a 80 17 6
a 80 3 7
a 80 48 4
a 80 8 18
a 80 41 19
a 80 25 9
a 80 9 9
a 80 18 7
a 80 45 5
a 80 88 4
a 80 60 10
a 80 67 15
a 80 69 3
a 81 82 13
a 81 23 12
a 81 61 3
a 81 10 11
a 81 75 14
a 81 59 3
a 81 14 5
a 81 18 15
a 81 46 4
a 81 47 8
a 81 17 12
a 81 79 14
a 81 58 18
a 81 62 5
a 81 86 13
a 82 83 3
a 82 54 11
a 82 58 1
a 82 64 9
a 82 34 18
a 82 37 8
a 82 23 6
a 82 26 8
a 82 98 7
a 82 6 10
a 82 66 5
a 82 87 19
a 82 46 6
a 82 11 6
a 82 62 3
a 82 75 16
a 82 31 12
a 83 84 5
a 83 95 11
a 83 69 9
a 83 3 13
a 83 67 19
a 83 23 11
a 83 82 2
a 83 72 18
a 83 10 14
a 83 61 9
a 83 22 16
a 83 5 6
a 83 35 4
a 83 45 15
a 83 17 2
a 83 28 10
a 83 87 14
a 83 91 9
a 84 85 12
a 84 8 8
a 84 6 16
a 84 57 6
a 84 23 3
a 84 66 14
a 84 89 2
a 84 62 3
a 84 40 15
a 84 28 9
a 84 34 16
a 84 70 11
a 84 58 12
a 84 71 13
a 84 51 15
a 84 11 10
a 84 61 16
a 84 98 19
a 84 93 10
a 84 68 13
a 84 48 18
a 84 29 14
a 84 81 6
a 85 86 13
a 85 32 5
a 85 3 12
a 85 16 5
a 85 27 11
a 85 31 18
a 85 37 1
a 85 51 4
a 85 24 15
a 85 49 3
a 85 78 17
a 85 17 10
a 85 80 11
a 85 23 17
a 85 35 19
a 85 45 1
a 85 21 7
a 85 43 17
a 85 13 4
a 85 7 13
a 85 8 19
a 86 87 17
a 86 71 7
a 86 69 2
a 86 49 13
a 86 23 1
a 86 29 17
a 86 74 15
a 86 88 14
a 86 26 11
a 86 9 15
a 86 19 5
a 86 2 2
a 86 96 2
a 86 33 9
a 86 8 14
a 86 47 4
a 86 72 13
a 86 31 17
a 86 99 18
a 87 88 12
a 87 24 3
a 87 42 17
a 87 65 10
a 87 51 1
a 87 5 6
a 87 73 9
a 87 17 15
a 87 32 19
a 87 59 7
a 87 78 7
a 87 1 4
a 87 10 7
a 87 90 19
a 88 89 10
a 88 19 12
a 88 69 9
a 88 28 13
a 88 55 14
a 88 78 11
a 88 44 6
a 88 80 15
a 88 77 14
a 88 32 13
a 88 20 9
a 88 62 16
a 88 63 9
a 88 39 5
a 88 38 11
a 88 57 13
a 88 98 3
a 88 7 2
a 88 93 16
a 88 10 6
a 88 83 14
a 88 31 11
a 89 90 8
a 89 14 17
a 89 85 6
a 89 42 8
a 89 92 2
a 89 7 6
a 89 72 14
a 89 26 11
a 89 27 5
a 89 1 13
a 89 73 3
a 89 71 2
a 89 4 17
a 89 20 10
a 89 9 15
a 89 74 17
a 90 91 7
a 90 66 4
a 90 26 5
a 90 29 9
a 90 10 19
a 90 97 3
a 90 34 12
a 90 12 11
a 90 4 15
a 90 37 6
a 90 51 13
a 90 18 9
a 90 49 12
a 90 61 16
a 90 53 10
a 90 87 13
a 90 5 1
a 90 21 17
a 90 24 9
a 90 54 4
a 90 36 16
a 90 16 12
a 90 22 2
a 91 92 17
a 91 45 16
a 91 51 5
a 91 42 7
a 91 94 1
a 91 34 2
a 91 23 2
a 91 3 1
a 91 17 3
a 91 84 2
a 91 81 2
a 91 66 9
a 91 62 14
a 91 29 16
a 91 41 4
a 91 59 19
a 91 35 5
a 91 39 1
a 91 93 12
a 91 24 2
a 91 63 17
a 91 15 5
a 91 26 16
a 91 83 18
a 92 93 15
a 92 18 1
a 92 47 17
a 92 56 14
a 92 64 7
a 92 4 4
a 92 53 2
a 92 76 3
a 92 88 11
a 92 15 16
a 92 5 11
a 92 12 13
a 92 21 15
a 92 85 5
a 92 61 10
a 92 28 7
a 92 19 17
a 92 6 17
a 92 26 19
a 92 59 17
a 92 60 12
a 92 83 5
a 93 94 13
a 93 85 11
a 93 65 6
a 93 54 8
a 93 29 11
a 93 45 14
a 93 36 11
a 93 53 14
a 93 92 10
a 93 72 5
a 93 98 3
a 93 55 15
a 93 84 3
a 93 62 19
a 93 11 19
a 93 80 18
a 93 4 14
a 93 38 6
a 93 81 11
a 93 87 19
a 93 3 4
a 93 59 9
a 93 86 2
a 93 28 8
a 94 95 14
a 94 30 17
a 94 23 14
a 94 75 15
a 94 88 16
a 94 41 3
a 94 9 12
a 94 2 17
a 94 76 1
a 94 34 17
a 94 48 3
a 94 37 5
a 94 20 11
a 94 11 11
a 94 98 10
a 94 46 7
a 94 56 16
a 94 40 2
a 94 6 9
a 94 55 18
a 94 85 2
a 94 54 13
a 94 21 18
a 95 96 12
a 95 8 6
a 95 94 5
a 95 33 11
a 95 7 19
a 95 10 15
a 95 45 8
a 95 61 3
a 95 68 18
a 95 12 1
a 95 79 19
a 95 54 12
a 95 62 3
a 95 80 4
a 95 88 18
a 95 40 12
a 95 38 1
a 95 71 2
a 95 92 13
a 95 28 10
a 95 36 16
a 95 19 16
a 96 97 8
a 96 90 5
a 96 33 13
a 96 83 11
a 96 71 9
a 96 76 9
a 96 85 9
a 96 48 16
a 96 10 1
a 96 2 19
a 96 47 11
a 96 66 11
a 96 1 6
a 96 4 15
a 96 65 4
a 96 54 15
a 96 59 14
a 96 39 3
a 96 80 16
a 96 79 3
a 97 98 12
a 97 30 6
a 97 91 16
a 97 55 7
a 97 60 13
a 97 76 15
a 97 70 3
a 97 68 3
a 97 23 6
a 97 54 7
a 97 4 14
a 97 12 13
a 97 99 14
a 97 79 9
a 98 99 18
a 98 47 9
a 98 4 4
a 98 6 18
a 98 66 14
a 98 45 15
a 98 5 17
a 98 53 12
a 98 75 16
a 98 11 3
a 98 12 1
a 98 93 11
a 98 62 5
a 98 57 7
a 98 84 6
a 98 73 5
a 98 38 8
c 37 12 2 46 101
c 36 21 38 66 109
c 68 80 72 73 196
c 23 11 40 77 104
c 67 44 98 73 125
c 12 73 15 84 157
c 47 57 45 8 174
c 17 68 58 71 156
c 35 53 9 97 156
c 4 93 61 48 175
c 31 75 71 54 122
c 46 47 53 5 194
c 44 51 48 28 103
c 96 66 9 66 198
c 6 66 27 47 171
c 85 51 80 97 193
c 66 78 3 41 147
c 62 51 20 13 123
c 23 79 89 72 136
c 20 13 9 98 128
c 98 84 85 16 183
c 23 79 26 89 132
c 34 20 98 62 167
c 37 45 76 85 119
c 21 68 70 3 105
c 90 29 36 29 133
c 80 48 55 49 170
c 44 61 93 65 173
c 85 23 88 69 188
c 45 88 34 62 195
c 77 75 4 8 124
c 70 57 30 74 126
c 49 35 34 50 193
c 69 64 53 38 104
c 34 43 31 41 118
c 96 85 83 17 190
c 73 95 41 40 181
c 25 85 53 83 116
c 40 50 8 9 179
c 42 88 93 54 119
c 65 21 58 23 178
c 70 96 50 11 146
c 4 47 22 48 150
c 2 67 31 33 177
c 42 31 78 22 162
c 35 13 74 75 163
c 14 2 78 66 175
c 24 83 95 80 111
c 37 95 17 80 142
c 90 61 70 67 168
c 92 6 17 76 194
c 64 22 75 37 135
c 46 65 31 98 176
c 76 37 54 28 133
c 83 87 66 71 126
c 11 51 91 24 141
c 20 92 59 93 154
c 90 24 98 45 131
c 65 87 84 8 183
c 61 2 10 54 158
c 37 8 91 26 185
c 42 99 29 2 195
c 34 90 7 72 191
c 14 15 0 64 139
c 51 6 12 24 115
c 55 49 98 99 176
c 63 67 88 69 134
c 26 10 62 94 170
c 2 67 0 25 129
c 23 18 48 8 189
c 38 22 39 55 135
c 48 12 75 50 174
c 1 2 50 35 121
c 57 15 35 64 153
c 49 91 71 63 107
c 7 26 66 63 128
c 37 62 28 90 102
c 94 2 44 29 158
c 83 84 73 22 128
c 5 23 59 49 163
c 17 79 12 52 132
c 12 89 67 79 102
c 69 87 28 71 185
c 85 37 17 16 139
c 85 13 10 14 138
c 2 91 1 58 145
c 20 92 43 77 191
c 6 66 98 53 155
c 88 89 35 88 116
c 17 44 56 57 100
c 38 70 58 59 179
c 37 76 64 11 129
c 14 76 8 51 185
c 60 54 75 82 191
c 6 98 6 63 175
c 92 28 18 51 165
c 28 22 71 87 133
c 82 31 93 53 102
c 95 79 72 42 106
c 33 1 79 65 140
c 18 81 83 87 163
c 92 56 47 99 174
c 61 29 91 84 187
c 33 5 88 31 144
c 65 3 43 55 140
c 27 37 56 54 143
c 4 88 18 27 175
c 46 72 32 87 166
c 70 54 24 72 114
c 4 99 60 61 159
c 3 98 93 36 137
c 70 6 86 29 170
c 94 21 73 51 132
c 29 53 2 80 130
c 87 10 2 48 116
c 95 79 98 47 145
c 96 85 64 22 101
c 67 40 60 61 115
c 55 62 91 17 131
c 20 9 80 3 190
c 0 25 84 85 118
c 69 40 68 42 132
c 2 80 29 83 188
c 30 33 75 47 161
c 47 78 31 68 125
c 48 81 86 99 194
c 21 60 22 5 110
c 34 1 59 57 120
c 83 35 93 94 137
c 85 43 32 69 119
c 37 95 63 97 132
c 70 57 20 51 182
c 1 2 37 76 195
c 1 93 1 62 197
c 32 43 38 39 103
c 19 50 91 59 112
c 66 44 38 43 156
c 48 75 23 82 170
c 13 5 67 42 158
c 47 44 63 16 155
c 98 12 29 68 167
c 85 3 46 25 184
c 71 92 56 29 186
c 70 44 59 57 156
c 58 69 8 7 126
c 63 97 7 72 172
c 56 52 39 4 185
c 82 11 6 11 171
c 42 31 6 42 160
c 56 59 64 7 145
c 32 66 47 80 159
c 80 18 74 15 108
c 12 14 64 49 105
c 57 73 59 54 167
c 1 38 89 14 145
c 1 28 57 38 100
c 51 6 24 20 134
c 97 4 98 66 189
c 68 48 57 96 191
c 56 32 87 73 154
c 84 68 57 73 148
c 6 7 13 37 112
c 16 83 56 64 188
c 19 10 55 28 155
c 28 23 39 22 157
c 37 79 25 75 192
c 64 22 16 75 146
c 26 58 12 45 168
c 84 11 24 37 112
c 18 23 37 62 105
c 93 92 84 85 124
c 23 7 20 89 123
c 88 63 50 35 105
c 35 70 97 30 191
c 60 42 93 53 147
c 88 39 54 64 153
c 18 20 12 45 149
c 67 56 36 90 147
c 15 46 65 23 138
c 95 54 5 16 181
c 85 13 40 50 106
c 28 52 60 36 157
c 0 62 35 88 169
c 95 68 46 9 198
c 20 81 13 78 168
c 23 59 88 44 121
c 66 17 15 46 149
c 34 58 32 33 100
c 29 71 22 16 145
c 9 8 15 60 155
c 8 28 74 92 101
c 39 26 90 4 153
c 30 78 39 30 169
c 70 6 58 12 180
c 36 24 16 17 169
c 9 53 27 15 130
c 5 61 51 6 177
c 33 52 37 60 177
c 23 21 71 54 151
c 58 12 16 88 126
c 30 38 12 73 145
c 61 48 44 47 135
c 9 75 63 97 153
c 44 51 76 87 185
c 94 6 91 39 101
c 30 81 5 16 152
c 79 39 84 57 130
c 51 55 10 49 123
c 30 81 88 38 182
c 22 24 2 67 105
c 58 71 25 74 128
c 55 62 40 79 107
c 27 68 30 78 177
c 38 45 5 32 137
c 75 29 63 15 119
c 45 21 31 62 154
c 69 57 12 99 173
c 9 75 91 62 184
c 25 57 9 61 138
c 5 44 20 1 169
c 62 54 51 22 106
c 72 81 74 86 172
c 54 51 93 81 199
c 28 90 31 17 190
c 91 15 80 66 184
c 48 50 4 38 182
c 85 80 40 49 146
c 55 10 20 99 187
c 36 24 75 66 177
c 97 98 69 21 141
c 25 22 93 53 162
c 9 61 42 71 129
c 53 17 39 88 165
c 95 88 42 93 157
c 36 6 95 80 152
c 94 23 35 89 122
c 67 28 64 72 112
c 62 53 91 45 190
c 37 8 49 66 172
c 27 29 12 82 199
c 48 9 5 6 193
c 84 70 65 5 141
c 35 25 91 41 121
c 32 70 43 11 165
c 78 66 96 83 116
c 1 62 24 5 190
c 63 16 64 53 188
c 71 89 94 76 119
c 27 89 89 27 177
c 69 90 43 35 179
c 66 17 41 31 193
c 63 86 28 47 100
c 75 53 98 45 115
c 9 53 45 81 197
c 28 95 11 1 104
c 93 53 20 60 153
c 25 74 42 32 178
c 79 3 92 19 146
c 94 75 17 55 184
c 39 26 5 61 104
c 19 20 11 12 122
c 46 84 45 78 155
c 45 51 22 49 118
c 70 96 68 8 171
c 63 38 12 11 117
c 76 25 65 25 177
c 81 14 12 40 107
c 46 88 39 10 124
c 70 87 87 88 195
c 71 69 76 5 114
c 24 23 14 72 141
c 6 66 43 80 196
c 71 63 80 45 103
c 87 32 57 73 145
c 28 23 70 37 114
c 86 69 27 69 122
c 26 27 3 56 157
c 33 15 36 27 137
c 70 81 29 88 111
c 33 20 78 79 133
c 48 23 67 1 176
c 73 39 30 50 126
c 28 52 30 21 175
c 46 57 25 36 194
c 34 71 38 39 154
c 8 44 94 6 109
c 83 23 53 83 137
c 1 11 20 45 165
c 63 16 44 64 135
c 4 89 35 53 141
c 36 62 59 54 132
c 33 67 36 88 185
c 45 8 65 97 100
c 47 80 8 85 179
c 31 29 40 45 146
c 70 99 87 73 132
c 47 34 35 89 156
c 92 59 15 32 143
c 63 65 90 34 149
c 73 51 20 41 158
c 31 68 54 60 124
c 12 13 62 21 164
c 50 43 90 37 172
c 70 79 59 39 104
c 56 10 95 54 172
c 57 59 33 15 149
c 92 88 79 88 162
c 22 92 95 94 186
c 36 27 40 9 199
c 69 90 74 67 175
c 21 26 18 51 105
c 53 17 98 38 126
c 90 49 62 85 110
c 83 3 33 77 196
c 5 61 32 77 158
c 39 47 51 25 178
c 95 54 28 97 131
c 40 98 18 23 131
c 3 48 37 62 143
c 51 82 58 77 138
c 83 10 70 53 158
c 96 4 28 82 185
c 6 91 94 48 147
c 11 1 28 30 155
c 8 74 79 11 149
c 36 29 88 39 139
c 38 46 54 1 145
c 68 48 14 64 146
c 26 65 65 3 182
c 40 68 45 8 139
c 5 23 45 46 118
c 75 24 20 95 124
c 94 85 86 23 178
c 71 31 22 70 104
c 88 20 20 9 126
c 57 73 78 69 198
c 79 17 2 25 174
c 97 98 38 43 197
c 22 65 56 54 151
c 23 82 50 81 139
c 25 36 47 33 182
c 79 17 94 55 141
c 25 7 19 50 188
c 84 81 1 22 148
c 70 30 69 74 157
c 39 4 9 75 143
c 37 46 75 15 197
c 34 52 85 31 166
c 52 96 28 62 143
c 23 49 48 49 142
c 89 7 72 24 174
c 72 31 34 50 129
c 31 62 79 18 163
c 63 62 48 25 158
c 58 43 62 94 137
c 56 57 21 69 142
c 80 17 25 90 158
c 64 94 93 87 183
c 89 26 59 57 159
c 21 9 87 51 108
c 41 40 10 45 128
c 67 69 36 42 143
c 86 31 83 3 116
c 90 37 32 29 140
c 61 42 51 72 159
c 69 40 3 83 158
c 73 39 61 65 171
c 14 30 17 16 142
c 30 38 92 4 154
c 10 69 98 57 181
c 78 74 0 71 135
c 46 78 25 22 167
c 31 39 76 74 182
c 18 7 71 97 123
c 9 16 77 20 172
c 55 20 11 21 188
c 72 21 71 11 116
c 53 15 87 78 137
c 70 10 39 30 167
c 91 23 37 91 128
c 45 77 34 81 156
c 91 51 15 75 157
c 87 78 11 89 173
c 78 67 50 36 187
c 5 85 60 54 145
c 90 51 71 22 166
c 35 89 46 98 160
c 76 35 86 31 135
c 27 47 12 99 182
c 88 78 52 5 140
c 74 65 5 23 183
c 24 25 57 98 170
c 13 88 30 89 159
c 90 29 92 56 100
c 93 4 52 50 146
c 18 20 3 98 160
c 17 47 52 82 199
c 14 73 70 3 173
c 92 4 23 59 130
c 29 50 86 33 132
c 56 78 53 92 122
c 80 94 19 39 106
c 33 30 35 84 158
c 40 8 91 62 192
c 70 96 66 6 138
c 77 61 75 66 175
c 19 81 3 17 110
c 60 37 72 29 159
c 27 69 57 16 168
c 37 66 7 20 174
c 41 97 31 67 171
c 0 64 29 88 125
c 70 88 16 76 118
c 60 87 89 20 150
c 59 97 72 24 174
c 27 89 80 41 153
c 43 10 35 6 139
c 74 39 24 8 131
c 68 69 19 51 178
c 72 42 83 35 156
c 34 37 73 41 109
c 59 57 11 18 120
c 75 47 58 8 148
c 93 84 75 52 199
c 6 98 47 78 148
c 15 35 15 65 128
c 43 24 35 6 167
c 22 50 72 11 179
c 84 23 87 10 181
c 42 32 88 69 165
c 77 17 9 36 164
c 92 19 19 20 183
c 49 35 22 50 118
c 93 55 50 14 133
c 76 57 10 56 158
c 10 34 72 44 128
c 42 32 97 60 135
c 68 8 86 74 100
c 43 27 30 11 101
c 82 62 62 54 147
c 92 53 11 46 156
c 37 76 27 4 191
c 66 94 91 26 165
c 43 93 73 41 187
c 72 41 12 29 140
c 64 59 19 27 192
c 10 33 56 47 190
c 35 84 83 17 121
c 12 82 2 26 137
c 75 85 37 45 192
c 23 28 80 30 197
c 22 50 25 22 194
c 13 78 84 70 181
c 58 73 86 99 116
c 95 7 63 16 169
c 95 88 12 40 133
c 91 66 48 90 196
c 54 1 82 34 162
c 34 19 36 19 197
c 84 85 71 46 146
c 49 39 25 74 118
c 15 64 55 10 159
c 56 11 2 48 141
c 70 57 50 53 127
c 84 57 54 16 103
c 87 32 77 78 194
c 23 28 73 46 106
c 43 94 21 9 107
c 66 42 70 88 154
c 61 93 36 19 195
c 52 21 91 42 195
c 57 12 65 26 180
c 27 87 12 14 114
c 28 36 3 83 175
c 70 10 96 48 110
c 80 88 39 50 115
c 69 74 42 52 197
c 56 69 54 28 189
c 39 50 88 20 114
c 92 28 66 63 102
c 0 64 18 5 111
c 97 76 32 69 101
c 90 97 89 90 130
c 1 38 75 82 195
c 38 61 29 68 175
c 12 99 22 18 148
c 89 27 36 42 193
c 5 12 23 14 161
c 70 91 89 20 135
c 29 71 11 80 138
c 58 66 11 87 119
c 88 80 3 17 105
c 64 72 91 24 117
c 43 37 67 44 125
c 73 95 67 42 173
c 43 80 8 2 106
c 46 72 46 84 188
c 48 55 43 18 176
c 15 79 31 33 147
c 74 75 96 85 158
c 17 49 49 57 162
c 5 61 91 24 142
c 14 15 33 77 146
c 17 16 77 31 154
c 62 85 59 81 158
c 87 10 10 45 176
c 19 89 6 7 199
c 96 80 8 28 133
c 57 72 90 61 132
c 14 26 66 6 133
c 59 18 70 91 119
c 51 56 87 17 145
c 31 33 46 9 137
c 49 39 63 65 114
c 3 98 47 67 120
c 45 88 19 4 183
c 24 5 50 36 140
c 95 94 18 66 193
c 72 65 37 38 122
c 71 52 7 8 164
c 4 71 32 87 168
c 29 99 91 62 113
c 60 71 37 84 142
c 79 80 39 66 168
c 36 6 56 11 114
c 83 17 32 33 121
c 31 1 72 42 153
c 14 15 30 16 117
c 36 83 82 37 154
c 32 66 4 71 178
c 67 79 22 32 134
c 21 13 49 2 169
c 67 20 65 66 146
c 83 67 40 87 194
c 83 28 38 67 148
c 38 46 67 66 141
c 30 33 43 24 113
c 56 42 94 95 122
c 24 28 72 29 137
c 70 30 38 67 140
c 81 79 55 12 117
c 35 64 71 89 186
c 85 16 57 96 118
c 73 55 52 5 112
c 15 35 10 37 128
c 93 92 61 90 167
c 92 83 39 84 189
c 16 33 22 6 116
c 96 48 97 68 180
c 6 15 3 90 168
c 59 49 91 81 148
c 32 57 28 26 109
c 17 55 52 53 113
c 43 18 91 17 196
c 97 79 76 35 171
c 7 50 30 62 191
c 88 93 34 83 160
c 80 67 72 22 152
c 57 38 85 27 129
c 89 7 58 49 113
c 75 52 47 50 162
c 35 64 37 60 137
c 65 66 65 91 181
c 65 84 79 80 120
c 81 75 43 18 148
c 80 81 22 6 101
c 71 14 20 12 124
c 48 23 11 46 145
c 95 71 36 88 148
c 18 20 58 39 176
c 56 11 58 76 176
c 39 72 88 63 103
c 2 65 65 63 106
c 97 54 2 90 181
c 22 16 27 1 192
c 71 3 58 71 160
c 92 93 8 52 115
c 95 36 48 9 171
c 10 45 21 35 125
c 3 17 58 27 152
c 49 8 5 6 172
c 24 8 58 66 151
c 30 24 59 49 196
c 64 7 78 89 177
c 69 70 89 74 129
c 59 6 76 37 106
c 58 3 66 80 114
c 5 91 72 14 129
c 93 92 67 13 129
c 43 51 77 24 170
c 11 21 66 69 111
c 98 12 59 38 191
c 21 35 93 81 112
c 67 28 56 49 197
c 41 71 86 87 150
c 4 93 57 9 103
c 88 69 16 56 132
c 84 8 11 31 119
c 90 49 54 64 148
c 72 41 67 68 141
c 24 14 37 51 169
c 5 12 10 69 153
c 47 48 91 66 179
c 34 66 3 83 129
c 2 46 38 22 138
c 92 47 49 50 155
c 35 70 68 59 101
c 55 28 60 80 116
c 38 70 91 66 126
c 98 47 37 5 142
c 43 55 18 30 100
c 93 87 58 33 122
c 37 42 48 28 197
c 15 75 97 70 103
c 33 15 35 54 171
c 47 33 45 93 170
c 74 96 46 65 171
c 18 23 15 64 148
c 79 43 69 76 115
c 72 88 83 67 177
c 33 67 25 36 157
c 9 24 75 78 110
c 57 73 80 25 185
c 28 82 22 48 197
c 4 58 80 65 149
c 63 46 0 84 119
c 69 24 38 49 156
c 10 12 28 62 118
c 89 26 4 38 187
c 96 80 72 51 140
c 37 84 9 74 169
c 5 85 67 42 183
c 84 85 12 89 105
c 77 61 54 16 198
c 93 62 33 5 116
c 46 57 98 6 191
c 89 1 56 75 186
c 37 71 27 32 103
c 34 20 43 44 136
c 6 30 93 28 155
c 84 71 0 1 128
c 47 34 46 72 101
c 43 16 30 85 196
c 40 96 84 71 156
c 35 36 84 93 199
c 23 45 34 43 187
c 79 18 36 21 167
c 37 5 34 66 112
c 94 55 58 42 159
c 69 89 40 2 156
c 61 49 53 8 135
c 31 11 50 11 112
c 80 30 79 65 123
c 28 69 53 18 190
c 76 95 48 9 118
c 18 58 73 62 176
c 25 59 36 25 101
c 35 64 62 63 145
c 40 45 82 98 157
c 74 65 3 43 143
c 29 62 58 8 107
c 37 79 51 86 165
c 78 22 26 62 199
c 77 61 80 41 197
c 8 76 25 57 150
c 20 95 68 33 193
c 69 33 39 45 126
c 51 92 35 74 153
c 10 56 61 32 191
c 2 22 97 99 153
c 69 89 34 60 161
c 67 79 68 90 132
c 3 90 53 8 185
c 97 79 35 36 144
c 20 45 58 48 138
c 67 79 19 50 193
c 84 28 63 67 146
c 35 13 27 28 153
c 50 61 9 36 189
c 59 20 33 30 170
c 50 35 35 10 156
c 7 50 10 12 124
c 5 63 55 20 146
c 33 5 17 10 101
c 17 10 19 20 164
c 57 15 35 36 130
c 2 7 44 32 115
c 58 12 94 98 133
c 36 90 66 56 139
c 27 4 78 46 133
c 94 20 81 59 191
c 75 76 27 2 178
c 1 87 52 18 196
c 23 45 7 32 185
c 9 61 33 62 163
c 31 48 61 47 125
c 20 89 63 88 132
c 70 10 63 31 140
c 48 26 84 28 136
c 72 54 84 23 164
c 96 80 22 16 127
c 45 21 16 35 149
c 61 25 72 73 100
c 76 86 56 53 112
c 70 99 46 72 186
c 38 73 3 46 106
c 28 90 60 8 122
c 19 81 72 27 177
c 44 47 73 48 147
c 44 53 22 12 126
c 91 94 59 60 148
c 80 17 37 76 163
c 65 91 46 30 196
c 20 99 28 29 102
c 69 77 14 63 138
c 95 12 13 93 111
c 92 15 20 89 125
c 68 90 9 97 168
c 44 97 84 81 108
c 91 34 6 78 182
c 61 85 91 41 104
c 97 99 84 28 158
c 81 18 51 62 176
c 88 55 16 76 183
c 85 16 84 23 173
c 37 40 38 75 165
c 65 53 45 63 183
c 85 3 0 17 167
c 47 50 76 12 113
c 86 74 13 14 173
c 46 17 51 32 176
c 60 83 60 36 166
c 61 42 54 84 123
c 80 97 46 17 124
c 34 35 4 85 192
c 75 78 19 13 136
c 79 97 24 83 165
c 22 43 7 8 164
c 48 61 24 75 140
c 54 61 40 23 105
c 53 17 11 76 141
c 92 85 98 73 191
c 33 34 65 6 110
c 4 85 18 13 142
c 56 29 94 2 116
c 0 84 34 90 189
c 13 65 66 85 170
c 91 3 64 59 145
c 55 12 56 23 193
c 60 71 55 49 107
c 59 18 63 16 192
c 81 14 54 63 130
c 10 34 58 59 164
c 11 68 85 37 148
c 97 54 52 5 134
c 27 99 33 62 129
c 9 46 12 22 184
c 32 77 85 23 110
c 90 61 96 2 199
c 65 55 34 58 103
c 34 90 49 51 168
c 48 23 64 47 195
c 60 47 82 54 155
c 7 8 21 68 112
c 8 54 79 18 113
c 41 22 72 65 132
c 89 74 22 97 142
c 48 26 23 11 195
c 90 24 34 52 141
c 89 71 71 46 134
c 15 7 96 66 193
c 37 62 9 64 166
c 30 43 26 31 161
c 68 80 43 79 171
c 2 3 44 97 100
c 53 83 67 95 159
c 16 88 49 11 144
c 72 24 20 12 154
c 61 18 67 28 188
c 59 18 47 99 115
c 58 22 95 94 177
c 27 1 40 87 126
c 19 20 43 35 114
c 94 21 28 10 120
c 55 13 47 58 128
c 54 60 88 98 186
c 34 60 52 34 130
c 30 22 49 66 133
c 28 52 60 53 157
c 33 1 28 69 107
c 22 13 65 26 150
c 25 26 80 8 159
c 58 16 68 78 151
c 42 93 53 5 161
c 16 33 47 58 162
c 12 14 48 55 112
c 47 26 6 55 192
c 56 10 55 89 190
c 84 58 18 19 101
c 31 48 40 79 158
c 45 8 3 20 132
c 24 32 76 74 172
c 95 71 87 10 166
c 61 72 3 65 185
c 68 14 73 88 186
c 34 19 64 66 178
c 81 17 36 64 100
c 35 36 94 46 118
c 25 91 76 57 132
c 3 56 69 90 181
c 95 33 19 58 181
c 75 47 92 83 187
c 41 31 91 3 101
c 95 92 60 8 129
c 72 88 7 89 115
c 37 6 55 1 197
c 70 67 36 7 157
c 67 71 46 9 127
c 2 3 65 97 118
c 46 84 85 35 125
c 73 88 46 57 183
c 91 17 70 96 174
c 74 70 53 83 190
c 93 38 29 98 170
c 74 67 92 83 113
c 76 74 92 28 193
c 79 18 49 93 158
c 45 70 22 15 187
c 83 67 40 77 159
c 2 23 0 64 198
c 27 68 17 68 106
c 61 62 27 99 149
c 68 33 13 78 141
c 38 43 7 50 183
c 23 36 85 17 163
c 6 61 9 75 180
c 30 22 59 20 198
c 45 93 26 65 159
c 58 3 61 31 164
c 55 89 18 54 148
c 12 24 46 30 151
c 12 52 61 72 147
c 78 22 81 86 180
c 37 45 48 12 102
c 70 87 28 61 163
c 21 13 67 70 182
c 77 85 56 21 175
c 48 49 11 31 167
c 66 44 6 81 196
c 9 68 98 93 136
c 94 9 1 93 184
c 49 57 49 36 174
c 30 62 32 40 153
c 79 39 94 46 103
c 20 51 93 72 131
c 65 26 89 90 167
c 18 26 9 61 174
c 71 63 58 33 105
c 37 33 95 28 123
c 67 23 14 76 176
c 2 62 31 47 145
c 83 10 80 60 110
c 30 29 56 54 161
c 29 91 43 93 180
c 32 59 53 17 135
c 51 80 23 30 199
c 18 23 24 37 104
c 91 93 58 12 195
c 72 50 48 61 182
c 34 79 9 10 185
c 95 38 70 30 113
c 38 13 70 10 102
c 9 48 70 81 190
c 5 6 64 52 156
c 69 77 42 75 124
c 90 37 37 53 109
c 8 2 35 30 150
c 37 75 69 87 103
c 82 6 74 96 157
c 31 6 75 47 112
c 25 44 9 74 178
c 90 24 57 72 176
c 38 72 73 31 105
c 91 94 87 42 157
c 35 99 22 91 109
c 26 65 33 15 148
c 52 82 43 79 125
c 92 83 2 70 181
c 95 45 98 99 161
c 80 67 8 56 164
c 24 75 59 39 128
c 46 91 57 58 166
c 43 55 95 40 175
c 82 34 2 80 158
c 61 49 90 91 181
c 84 23 71 94 167
c 23 2 83 5 162
c 43 42 23 82 159
c 22 65 30 16 195
c 89 85 69 13 162
c 29 50 27 55 176
c 10 49 89 42 146
c 61 7 12 29 189
c 71 9 89 85 115
c 91 3 47 11 149
c 37 12 49 51 125
c 83 10 94 6 145
c 95 38 45 24 117
c 76 25 75 82 109
c 75 50 89 73 169
c 2 67 27 32 162
c 78 67 80 18 143
c 38 83 11 31 147
c 54 83 90 91 191
c 29 57 42 52 119
c 92 83 79 65 153
c 78 94 55 68 169
c 21 13 50 51 167
c 67 38 52 5 193
c 94 55 67 20 199
c 37 51 4 10 122
c 58 27 38 43 153
c 86 33 51 72 123
c 54 83 10 49 184
c 61 2 71 78 193
c 77 31 83 22 180
c 16 51 0 17 187
c 5 12 8 52 124
c 91 45 9 10 145
c 40 33 61 42 193
c 50 53 9 6 151
c 10 33 65 97 189
c 47 11 67 38 134
c 74 24 68 48 102
c 10 31 35 64 140
c 89 92 22 18 194
c 87 10 59 49 127
c 47 99 30 79 103
c 57 38 82 34 135
c 20 23 30 53 181
c 91 45 6 30 104
c 64 12 56 47 111
c 57 20 71 89 196
c 86 2 38 70 149
c 90 5 51 12 136
c 62 59 47 99 137
c 52 67 6 63 167
c 56 4 9 22 105
c 77 75 91 24 159
c 65 63 43 93 100
c 58 2 10 37 100
c 30 33 46 9 113
c 58 16 98 38 155
c 38 73 27 32 142
c 22 21 33 15 120
c 54 16 30 60 101
c 94 9 82 11 194
c 90 53 46 37 129
c 61 92 22 12 146
c 61 33 88 38 166
c 82 64 28 90 128
c 11 20 32 70 189
c 73 28 75 66 139
c 12 14 92 26 154
c 16 56 82 98 155
c 90 66 56 23 152
c 91 45 28 36 139
c 17 16 88 32 126
c 31 41 35 53 132
c 75 76 22 67 152
c 61 31 60 87 185
c 64 62 91 63 186
c 45 93 27 12 166
c 31 1 70 74 175
c 97 79 64 92 172
c 73 59 85 35 122
c 21 9 66 26 185
c 19 23 45 69 133
c 29 98 84 71 152
c 29 76 68 20 188
c 34 43 17 49 101
c 14 15 39 72 194
c 59 60 55 49 134
c 45 39 59 42 116
c 56 32 60 42 179
c 90 61 16 56 148
c 31 40 32 93 188
c 2 65 56 29 152
c 85 16 55 66 124
c 0 84 39 25 184
c 58 48 10 29 137
c 12 13 5 40 131
c 6 91 92 6 188
c 53 17 84 81 174
c 65 83 22 95 136
c 93 81 64 86 145
c 30 53 97 91 116
c 67 70 62 93 121
c 22 15 61 48 149
c 4 49 50 56 150
c 64 66 35 34 114
c 34 93 94 48 193
c 53 5 61 2 132
c 24 72 51 56 123
c 88 10 34 83 103
c 35 2 94 56 185
c 61 47 52 50 101
c 49 36 71 53 115
c 58 66 24 83 165
c 96 66 65 63 163
c 83 95 31 67 172
c 18 13 15 1 114
c 11 89 94 20 121
c 60 59 27 73 116
c 55 49 55 62 169
c 80 45 17 16 170
c 28 82 31 41 197
c 94 11 61 85 188
c 24 28 66 44 164
c 80 94 10 45 136
c 45 34 61 47 100
c 82 11 42 88 119
c 37 2 72 54 150
c 93 3 65 98 120
c 24 23 51 80 155
c 90 61 66 94 159
c 9 99 29 51 142
c 92 56 22 49 117
c 12 22 22 6 182
c 35 64 27 12 132
c 32 83 75 85 180
c 86 31 79 3 102
c 64 53 3 17 179
c 50 55 31 47 124
c 13 78 14 2 174
c 78 66 11 80 192
c 95 92 84 93 124
c 88 10 93 55 127
c 92 83 50 75 157
c 26 74 10 51 150
c 53 17 92 83 118
c 91 93 4 9 199
c 0 3 37 76 177
c 66 63 70 52 178
c 69 40 68 80 192
c 37 60 80 25 176
c 40 93 50 96 166
c 93 4 95 88 114
c 68 59 83 95 165
c 58 42 65 19 145
c 51 56 86 47 146
c 46 73 0 23 102
c 15 75 58 54 171
c 65 21 77 83 109
c 71 2 62 31 121
c 96 71 11 61 133
c 6 61 80 69 192
c 81 10 35 30 126
c 32 33 31 40 115
c 87 1 57 15 121
c 23 59 70 57 105
c 17 49 19 27 131
c 77 31 13 17 138
c 14 48 68 9 134
c 84 48 33 81 143
c 25 9 76 93 134
c 46 73 73 22 156
c 32 29 3 56 149
c 36 7 37 2 114
c 30 74 3 97 102
c 34 60 96 39 174
c 51 78 65 23 145
c 68 9 66 67 132
c 69 57 78 66 120
c 88 80 90 53 101
c 84 51 23 59 149
c 5 18 21 9 121
c 83 45 23 79 108
c 65 5 38 70 153
c 82 37 93 85 159
c 48 25 53 55 128
c 83 35 18 13 150
c 85 7 51 14 183
c 16 41 73 48 135
c 18 23 44 61 142
c 56 59 25 74 100
c 3 79 71 92 123
c 90 24 12 40 197
c 11 38 55 89 133
c 35 34 25 7 187
c 54 86 34 43 107
c 38 83 9 22 185
c 96 79 91 3 100
c 91 63 79 18 123
c 98 53 28 22 165
c 35 10 52 6 113
c 44 29 25 26 137
c 71 19 0 87 191
c 61 22 61 82 167
c 72 65 94 6 190
c 45 81 43 68 160
c 58 48 36 34 136
c 16 51 91 84 118
c 56 49 21 13 186
c 76 93 48 72 159
c 58 42 92 4 100
c 88 10 15 53 112
c 4 33 72 11 155
c 80 88 61 18 110
c 68 42 81 10 105
c 31 18 40 68 138
c 7 84 11 18 124
c 9 68 38 58 165
c 49 91 39 89 179
c 14 15 32 69 163
c 23 53 4 93 188
c 42 65 87 32 163
c 36 51 95 36 169
c 71 52 10 25 196
c 81 59 71 88 141
c 84 89 50 55 172
c 66 17 45 34 132
c 47 66 67 38 130
c 9 3 58 2 177
c 44 53 80 48 152
c 2 45 50 11 110
c 32 82 90 16 157
c 98 99 60 50 129
c 94 37 30 11 140
c 43 30 55 28 147
c 10 54 42 65 169
c 79 31 53 17 181
c 52 39 36 48 178
c 75 99 66 85 153
c 4 12 49 35 122
c 5 46 40 49 194
c 4 10 48 72 172
c 0 56 57 96 113
c 48 26 40 10 181
c 78 22 15 16 165
c 73 46 78 89 138
c 4 38 72 28 120
c 44 33 85 32 110
c 82 98 16 68 150
c 61 93 48 8 154
c 58 73 86 8 165
c 76 12 51 86 116
c 30 24 8 44 159
c 37 76 26 10 166
c 21 38 4 76 184
c 3 18 8 85 165
c 61 93 46 9 114
c 91 81 22 21 129
c 49 25 80 48 134
c 21 27 25 85 183
c 59 81 75 65 177
c 11 80 53 18 176
c 25 66 17 79 101
c 58 66 29 62 189
c 79 88 58 59 198
c 38 49 49 36 135
c 67 66 6 66 120
c 54 51 28 61 108
c 42 43 65 21 150
c 23 80 14 63 132
c 20 45 95 19 178
c 30 50 77 83 112
c 92 64 14 63 146
c 92 21 71 79 159
c 86 26 62 85 198
c 36 51 34 35 111
c 74 34 73 51 153
c 89 26 75 82 198
c 59 39 90 26 125
c 50 53 35 55 158
c 67 66 12 29 186
c 15 75 40 68 102
c 52 6 61 22 132
c 85 51 50 36 120
c 51 55 56 64 123
c 47 66 13 17 133
c 11 20 40 57 116
c 52 96 31 39 189
c 77 17 24 9 185
c 10 46 56 42 155
c 48 86 40 36 165
c 24 32 55 13 118
c 87 90 7 32 137
c 79 65 20 92 146
c 43 77 63 24 149
c 68 14 90 21 187
c 74 34 63 31 152
c 80 9 15 35 179
c 3 17 55 28 151
c 72 10 36 64 117
c 64 12 48 49 104
c 69 70 22 91 123
c 94 11 52 34 194
c 3 42 98 99 193
c 38 46 55 75 106
c 71 78 69 55 119
c 98 75 22 23 130
c 27 76 52 53 166
c 63 15 91 39 142
c 38 89 74 39 160
c 14 26 6 91 136
c 38 39 23 7 103
c 26 56 39 72 166
c 18 35 4 5 118
c 74 59 12 45 184
c 62 3 72 88 129
c 11 46 66 17 133
c 28 89 45 34 118
c 31 6 59 61 167
c 98 11 66 44 106
c 79 65 64 22 188
c 1 58 28 9 186
c 31 86 93 29 128
c 18 66 14 73 135
c 32 82 66 5 139
c 69 74 22 5 101
c 13 73 94 46 110
c 21 33 9 75 118
c 22 21 10 79 175
c 2 91 57 98 171
c 58 2 70 82 155
c 18 72 53 86 134
c 44 33 10 33 165
c 40 56 34 62 162
c 71 87 38 75 156
c 5 72 79 11 131
c 87 32 14 38 185
c 98 4 97 55 134
c 58 22 14 73 186
c 74 65 57 56 104
c 47 11 87 24 110
c 82 98 96 97 169
c 50 35 12 69 124
c 70 81 58 23 171
c 18 64 71 20 102
c 28 69 62 63 144
c 34 40 24 96 136
c 79 39 78 46 122
c 56 52 24 62 163
c 38 13 60 57 184
c 12 22 52 34 146
c 30 45 70 85 137
c 62 51 2 97 129
c 30 74 93 98 128
c 39 10 75 18 184
c 50 51 82 11 182
c 95 80 64 12 195
c 88 55 80 65 127
c 68 15 6 91 151
c 31 55 9 69 158
c 5 25 14 25 174
c 37 66 35 89 185
c 91 23 61 93 113
c 35 5 39 58 136
c 98 45 27 57 160
c 8 28 76 87 109
c 9 16 69 55 116
c 92 4 93 80 167
c 69 97 65 97 108
c 54 61 29 51 197
c 10 14 34 66 117
c 24 37 25 26 161
c 65 87 65 84 118
c 96 48 49 11 158
c 91 29 29 91 182
c 80 40 33 34 162
c 51 12 28 22 140
c 96 59 56 93 116
c 73 31 87 73 183
c 57 74 38 28 134
c 50 11 86 87 114
c 93 54 29 98 117
c 90 18 73 55 113
c 42 88 39 55 100
c 30 99 60 8 175
c 2 97 12 14 180
c 37 40 46 9 169
c 59 97 32 77 194
c 53 55 36 24 160
c 49 35 30 26 196
c 72 50 97 76 116
c 36 6 59 54 158
c 36 25 81 14 106
c 97 79 20 96 151
c 48 26 71 89 166
c 91 62 71 69 143
c 68 9 77 75 122
c 16 68 77 24 116
c 65 69 45 93 151
c 81 75 28 23 124
c 13 22 47 22 108
c 49 9 81 61 103
c 0 25 8 56 108
c 12 55 34 9 162
c 85 35 81 79 150
c 56 49 68 90 121
c 90 91 82 58 109
c 51 22 2 66 195
c 35 13 28 22 194
c 82 11 59 54 175
c 37 62 5 31 121
c 1 87 3 41 160
c 67 16 61 20 194
c 63 86 34 81 153
c 16 71 67 26 174
c 41 9 96 66 195
c 57 56 60 80 127
c 12 55 2 3 139
c 0 56 91 59 191
c 70 87 21 33 176
c 50 61 43 68 164
c 34 20 40 45 173
c 75 99 85 45 150
c 18 66 40 23 189
c 47 67 93 59 132
c 12 22 4 76 195
c 14 89 59 61 150
c 3 43 30 80 149
c 51 55 13 51 199
c 18 58 58 69 175
c 37 51 12 73 149
c 38 4 62 85 140
c 65 5 95 45 148
c 6 77 67 40 113
c 24 89 92 18 143
c 22 13 21 26 196
c 20 89 11 46 194
c 42 52 95 80 189
c 49 57 38 73 190
c 89 27 68 42 183
c 95 19 7 89 147
c 36 51 59 54 144
c 79 97 56 23 173
c 30 60 60 33 177
c 79 39 7 16 153
c 26 38 15 39 125
c 14 30 15 75 152
c 61 2 3 18 122
c 15 86 51 26 169
c 71 22 60 8 161
c 61 7 56 21 127
c 40 23 9 68 156
c 66 26 25 9 179
c 44 50 81 86 192
c 68 83 65 84 190
c 96 85 55 20 120
c 95 71 28 42 119
c 94 40 31 29 184
c 37 12 17 44 175
c 86 33 79 88 107
c 71 92 6 98 182
c 28 47 98 6 178
c 23 7 29 57 174
c 69 78 68 48 133
c 2 7 33 77 101
c 58 59 76 83 114
c 80 70 92 85 144
c 69 33 42 65 165
c 51 22 72 24 157
c 69 77 98 62 102
c 59 51 42 14 142
c 88 63 10 34 113
c 53 60 28 61 189
c 38 58 60 71 193
c 77 45 23 59 154
c 11 51 16 99 160
c 31 73 20 89 141
c 6 30 73 39 130
c 31 75 88 20 131
c 22 48 33 5 134
c 71 88 3 41 143
c 57 20 29 30 155
c 62 58 24 68 155
c 72 28 62 21 172
c 89 73 61 42 182
c 98 38 12 11 133
c 27 75 61 67 129
c 9 22 94 98 111
c 94 98 34 93 125
c 49 11 6 30 199
c 19 89 59 93 162
c 30 43 44 61 101
c 57 16 19 33 113
c 66 63 61 49 199
c 8 47 40 9 159
c 60 5 98 62 191
c 31 67 2 16 107
c 28 95 1 88 104
c 72 28 12 69 137
c 97 98 96 66 106
c 52 67 81 46 123
c 5 61 11 68 111
c 7 89 10 33 136
c 26 18 75 38 198
c 1 5 24 73 103
c 20 81 14 26 121
c 40 45 2 48 105
c 11 80 90 61 164
c 46 48 95 88 159
c 34 81 32 83 105
c 29 57 74 75 155
c 38 73 50 61 131
c 45 49 0 71 198
c 32 93 46 72 181
c 63 64 67 36 125
c 10 11 45 59 161
c 53 55 35 99 131
c 54 66 26 56 168
c 3 79 68 33 149
c 92 85 32 29 189
c 44 97 28 9 106
c 14 64 53 5 153
c 10 54 87 32 140
c 82 37 95 62 160
c 22 70 33 77 124
c 39 40 96 80 107
c 58 2 43 37 174
c 12 45 37 46 148
c 18 7 1 5 165
c 31 62 88 55 176
c 52 50 70 99 140
c 97 99 56 47 136
c 18 28 13 85 101
c 81 14 49 53 168
c 48 31 76 95 171
c 54 16 10 51 168
c 10 34 73 51 134
c 46 17 70 30 139
c 82 64 59 54 153
c 0 53 17 18 168
c 17 4 15 64 113
c 78 70 57 73 113
c 35 84 62 63 102
c 2 25 4 58 172
c 31 40 94 9 116
c 94 98 43 51 112
c 28 69 30 60 197
c 89 71 24 5 165
c 53 18 16 73 129
c 24 25 54 66 182
c 15 65 4 88 140
c 56 54 57 61 163
c 23 36 84 89 175
c 23 83 34 17 145
c 38 13 89 14 177
c 59 96 24 9 181
c 46 47 37 66 192
c 53 32 95 88 106
c 26 38 59 42 142
c 59 18 38 72 146
c 59 54 74 70 154
c 30 33 49 39 195
c 65 91 33 81 126
c 71 87 59 39 171
c 69 76 44 45 186
c 49 36 38 35 189
c 39 45 87 17 105
c 91 66 11 87 134
c 53 5 70 44 143
c 27 87 57 56 104
c 71 79 20 41 153
c 9 66 9 20 112
c 66 94 85 27 108
c 48 61 96 83 130
c 53 5 90 53 114
c 37 46 8 76 157
c 90 91 65 19 186
c 26 74 55 1 114
c 21 68 69 87 175
c 51 62 22 99 159
c 65 26 57 38 167
c 55 15 38 35 149
c 49 36 11 18 173
c 63 38 28 89 138
c 18 26 22 59 121
c 56 29 27 12 191
c 48 26 95 40 120
c 47 44 71 79 191
c 26 53 42 14 123
c 55 62 46 78 106
c 66 89 35 91 128
c 6 91 13 14 158
c 92 28 8 7 158
c 39 25 53 55 188
c 28 49 28 82 160
c 43 39 9 97 108
c 50 79 28 36 115
c 32 6 51 80 136
c 17 4 61 15 106
c 90 16 9 68 102
c 73 31 61 42 114
c 11 68 16 35 150
c 26 55 13 93 165
c 86 31 42 71 147
c 83 5 2 90 157
c 91 59 37 33 182
c 84 62 24 16 164
c 38 43 69 90 181
c 82 6 16 83 177
c 26 40 15 53 100
c 64 52 55 62 148
c 72 50 29 4 138
c 59 42 95 28 148
c 68 80 1 58 100
c 20 1 37 55 152
c 53 17 34 83 137
c 26 47 57 71 176
c 56 52 57 59 160
c 75 90 33 52 189
c 24 25 23 16 121
c 6 98 84 89 192
c 27 15 22 50 107
c 61 15 58 73 120
c 8 97 0 25 186
c 77 85 5 31 173
c 95 62 59 44 195
c 98 66 58 16 195
c 40 33 85 37 155
c 21 38 71 31 132
c 85 23 73 31 179
c 73 48 31 75 125
c 9 10 48 8 177
c 96 97 48 72 179
c 86 74 2 22 188
c 29 53 75 78 132
c 92 21 25 91 140
c 86 2 18 66 166
c 36 30 81 10 176
c 15 62 93 4 138
c 6 42 82 46 199
c 98 11 24 23 167
c 58 26 25 90 158
c 72 50 48 75 133
c 57 20 27 36 169
c 47 80 5 72 174
c 12 34 36 37 146
c 50 11 40 87 161
c 0 27 19 85 172
c 59 61 71 9 148
c 84 58 23 53 159
c 91 51 21 38 100
c 6 62 36 8 153
c 20 81 67 28 115
c 88 93 90 66 193
c 67 1 38 28 108
c 58 8 72 73 116
c 51 26 46 98 192
c 76 83 12 40 193
c 30 89 48 75 105
c 43 18 48 41 104
c 67 71 14 72 109
c 50 53 76 85 137
c 74 67 24 16 187
c 16 69 69 76 151
c 39 96 68 15 121
c 72 44 86 72 155
c 96 54 64 26 103
c 17 44 1 87 105
c 61 49 88 19 177
c 39 45 81 47 129
c 40 77 86 9 146
c 69 97 11 58 161
c 11 80 97 54 153
c 25 14 72 11 136
c 68 15 22 32 103
c 90 53 46 58 107
c 2 10 72 74 101
c 46 57 82 87 183
c 61 90 27 57 175
c 4 10 69 76 143
c 22 67 9 8 165
c 13 78 20 51 143
c 93 36 6 77 111
c 30 21 90 18 185
c 58 71 52 82 124
c 38 58 34 19 167
c 73 59 58 71 136
c 96 1 69 38 133
c 51 12 56 69 190
c 11 20 75 53 173
c 69 74 86 8 124
c 43 44 37 2 181
c 67 68 84 85 161
c 73 31 70 74 131
c 97 98 59 39 157
c 8 51 9 36 163
c 66 89 14 73 115
c 96 79 9 3 142
c 47 67 54 16 108
c 63 86 43 44 192
c 98 66 26 74 180
c 4 38 51 12 133
c 68 69 88 89 125
c 28 36 94 41 193
c 62 53 13 22 133
c 42 65 28 1 139
c 41 40 74 75 180
c 61 31 4 38 198
c 74 59 27 29 154
c 46 37 83 91 121
c 86 33 89 20 136
c 83 67 58 16 191
c 60 59 38 22 154
c 60 61 11 80 111
c 65 87 93 62 103
c 73 90 44 53 199
c 25 85 68 33 155
c 6 81 75 99 134
c 29 53 0 71 144
c 94 9 71 76 158
c 39 72 57 65 120
c 26 87 98 66 144
c 36 90 36 30 186
c 17 29 70 18 152
c 9 99 43 72 115
c 17 55 77 75 138
c 67 37 23 11 124
c 28 74 72 11 187
c 62 21 27 47 125
c 63 17 49 2 112
c 25 89 83 45 178
c 90 66 65 6 196
c 70 87 34 66 133
c 76 12 85 37 146
c 39 73 73 62 176
c 56 64 14 30 156
c 43 51 93 36 125
c 4 33 2 25 176
c 23 36 42 99 168
c 91 84 58 73 117
c 62 53 62 52 174
c 86 47 85 8 119
c 69 13 51 62 143
c 35 13 50 36 111
c 33 5 94 55 156
c 95 28 46 47 151
c 60 71 9 66 107
c 55 47 27 76 162
c 71 46 92 60 171
c 65 66 11 80 169
c 78 67 21 35 118
c 31 32 20 21 117
c 12 40 77 24 179
c 49 35 6 11 152
c 75 90 39 66 110
c 82 62 95 62 150
c 18 72 43 97 190
c 85 32 34 66 146
c 66 71 84 28 137
c 48 8 57 38 150
c 72 31 15 7 103
c 96 79 37 33 188
c 11 10 60 53 173
c 67 42 92 26 198
c 57 65 84 98 162
c 22 12 57 25 173
c 53 38 95 68 178
c 2 16 62 51 167
c 81 62 54 86 143
c 20 99 19 20 150
c 22 43 73 62 120
c 66 41 28 1 189
c 91 63 8 51 135
c 86 19 65 83 137
c 73 90 38 22 142
c 28 45 37 76 120
c 24 99 35 55 115
c 88 55 60 5 130
c 28 47 81 58 114
c 24 27 98 93 187
c 53 86 90 49 108
c 77 83 10 25 167
c 35 91 35 34 156
c 46 25 12 40 115
c 43 35 8 44 125
c 35 91 22 16 157
c 12 45 30 60 119
c 22 16 23 30 116
c 51 82 15 7 172
c 0 27 17 16 159
c 60 80 83 22 148
c 88 57 61 46 143
c 49 8 39 29 186
c 46 9 71 9 199
c 86 99 4 93 134
c 80 25 48 61 188
c 42 32 66 5 110
c 16 56 74 15 134
c 61 29 69 78 185
c 37 91 91 34 166
c 30 93 69 78 123
c 15 46 51 44 187
c 87 32 49 37 143
c 2 12 43 93 109
c 10 51 41 31 161
c 9 66 13 22 165
c 25 91 23 80 175
c 10 54 67 56 126
c 66 48 75 38 140
c 81 82 62 54 195
c 64 92 79 65 110
c 53 83 77 51 197
c 29 30 86 33 190
c 58 12 65 3 153
c 96 1 9 66 101
c 59 61 91 17 159
c 74 16 24 72 147
c 47 58 5 12 183
c 19 20 82 75 127
c 10 49 16 99 186
c 88 78 7 8 175
c 42 52 87 5 118
c 63 31 70 79 181
c 39 88 39 55 108
c 62 58 35 13 159
c 91 42 5 86 176
c 51 72 94 6 127
c 22 23 88 83 196
c 35 6 70 85 129
c 40 96 85 7 160
c 72 22 59 49 150
c 24 32 95 19 164
c 11 1 51 62 133
c 47 66 88 10 149
c 39 40 96 39 148
c 2 65 19 57 167
c 82 58 93 81 185
c 16 41 56 78 134
c 54 66 77 31 134
c 56 42 60 33 125
c 69 74 2 90 139
c 5 40 26 74 144
c 13 78 78 70 177
c 50 51 97 55 141
c 56 10 96 39 135
c 43 55 63 24 122
c 37 51 81 10 102
c 48 50 36 42 194
c 35 54 4 71 179
c 70 44 83 84 195
c 29 62 63 15 122
c 43 27 88 57 103
c 30 74 6 15 114
c 80 48 84 40 192
c 95 80 71 19 157
c 40 45 14 89 114
c 31 17 31 78 118
c 9 75 30 80 136
c 53 5 9 8 132
c 87 73 6 78 141
c 22 50 97 98 125
c 90 61 55 1 161
c 13 66 65 81 154
c 14 48 22 5 119
c 12 45 91 29 184
c 55 66 70 47 123
c 26 40 74 64 137
c 96 80 2 95 135
c 30 29 38 46 179
c 18 23 68 69 184
c 66 17 24 75 144
c 9 22 81 18 189
c 29 51 79 97 179
c 65 26 93 62 134
c 5 63 49 39 129
c 92 4 8 2 181
c 0 52 62 3 195
c 87 5 36 34 183
c 39 4 48 49 154
c 2 10 26 12 156
c 92 76 22 16 162
c 86 31 3 17 164
c 33 15 63 15 183
c 78 66 74 65 181
c 39 26 51 52 140
c 69 38 71 20 168
c 97 55 11 58 123
c 10 34 87 78 121
c 66 94 19 2 116
c 49 35 75 52 163
c 36 24 3 65 119
c 64 62 21 13 121
c 8 45 31 45 198
c 3 98 65 87 132
c 37 6 25 9 100
c 4 52 72 22 122
c 84 28 40 79 124
c 34 37 86 19 125
c 63 99 9 36 177
c 80 17 39 55 132
c 14 63 85 78 112
c 5 86 20 91 131
c 75 78 48 8 125
c 95 71 15 1 113
c 40 77 28 47 199
c 5 85 26 55 116
c 78 94 93 38 194
c 78 67 98 75 104
c 49 11 61 92 159
c 10 12 75 53 156
c 59 20 89 90 105
c 39 96 77 49 194
c 84 34 0 25 162
c 95 38 0 1 173
c 62 3 75 66 190
c 22 95 28 22 199
c 7 16 36 8 152
c 30 21 46 9 136
c 29 4 71 92 131
c 32 57 71 89 185
c 48 28 15 1 177
c 68 70 24 90 187
c 42 93 18 58 126
c 95 12 75 82 195
c 6 55 51 56 184
c 6 14 70 52 159
c 87 59 87 5 123
c 87 24 16 83 180
c 30 53 26 54 183
c 9 26 11 58 183
c 4 49 5 91 101
c 85 21 23 59 143
c 3 17 18 24 104
c 41 42 61 49 161
c 45 21 33 52 197
c 65 53 14 76 116
c 57 65 37 95 114
c 16 56 75 65 145
c 12 22 45 60 193
c 4 89 39 47 164
c 14 76 43 11 100
c 80 81 64 22 176
c 24 37 91 35 133
c 53 16 4 36 145
c 30 21 38 13 143
c 55 70 89 72 163
c 44 97 27 1 149
c 2 25 20 81 189
c 4 10 60 37 116
c 92 21 48 25 171
c 98 4 27 4 142
c 12 83 91 41 167
c 69 74 92 6 121
c 27 86 28 26 109
c 52 50 10 45 153
c 12 37 42 63 165
c 65 26 91 35 133
c 17 47 57 98 195
c 4 85 92 59 165
c 40 19 18 55 103
c 26 74 35 25 111
c 60 80 35 74 157
c 43 79 78 89 109
c 74 70 41 49 137
c 54 55 1 93 107
c 36 46 2 80 102
c 82 31 25 89 147
c 39 59 98 57 125
c 85 21 24 89 155
c 58 49 61 49 134
c 17 58 58 77 167
c 67 42 78 79 107
c 35 14 54 64 171
c 82 46 64 62 156
c 20 89 37 60 172
c 84 6 89 1 142
c 55 66 57 74 180
c 83 3 35 55 108
c 56 53 15 29 186
c 38 67 89 20 134
c 85 8 30 24 116
c 22 5 23 21 140
c 71 11 43 24 164
c 24 73 41 45 152
c 0 62 6 77 173
c 35 64 22 50 162
c 63 17 10 12 102
c 43 51 71 88 157
c 61 29 63 64 122
c 97 12 33 98 117
c 57 25 8 47 144
c 45 31 22 84 175
c 91 92 22 23 192
c 25 59 12 69 192
c 81 59 39 10 177
c 61 64 13 86 165
c 93 84 31 68 168
c 55 43 2 5 176
c 24 8 96 59 108
c 44 49 72 65 166
c 24 42 40 68 114
c 73 46 4 78 181
c 61 72 46 84 177
c 30 38 83 67 122
c 53 8 87 24 150
c 44 29 69 87 172
c 39 27 76 74 145
c 91 29 60 42 127
c 49 93 9 8 107
c 1 58 32 21 172
c 55 10 79 39 169
c 16 41 91 93 170
c 67 38 8 2 117
c 42 53 81 47 145
c 73 62 10 79 124
c 88 10 76 86 187
c 20 70 62 59 153
c 50 43 35 90 165
c 11 67 23 36 150
c 81 17 46 84 162
c 92 4 68 8 196
c 36 42 50 55 105
c 4 47 96 97 164
c 37 51 67 44 107
c 18 50 69 57 135
c 11 58 71 76 190
c 5 85 82 83 110
c 69 77 88 62 106
c 3 83 18 55 188
c 70 3 31 62 125
c 34 71 3 20 143
c 38 66 94 88 133
c 71 22 42 14 138
c 93 4 44 51 179
c 93 28 86 29 167
c 10 51 93 4 138
c 83 67 97 55 197
c 88 28 73 48 175
c 33 30 50 46 146
c 83 69 70 76 141
c 75 82 24 42 107
c 23 28 69 78 147
c 24 38 84 98 129
c 31 40 7 36 195
c 42 71 40 8 150
c 29 30 24 8 124
c 59 49 3 43 189
c 30 79 65 93 176
c 45 93 91 92 134
c 22 6 66 39 110
c 91 62 49 2 182
c 85 27 31 62 174
c 36 19 8 52 128
c 55 75 22 99 162
c 36 64 10 12 197
c 62 36 46 30 111
c 50 53 6 30 120
c 11 46 26 31 115
c 71 53 30 85 101
c 34 71 78 74 135
c 6 77 34 14 163
c 70 74 63 62 185
c 27 57 15 65 181
c 52 18 59 61 176
