notes: n=100, m=990, elb=1, eub=20, density=0.1, conf_density=0.002, clb=75, cub= 175, seed= 6125
p spec 100 990 979
s 0
t 99
a 0 1 17
a 0 79 16
a 0 48 6
a 0 52 13
a 0 59 1
a 0 99 15
a 0 65 2
a 0 96 14
a 0 22 9
a 1 2 14
a 1 56 6
a 1 10 12
a 1 11 6
a 1 4 9
a 1 67 16
a 1 46 17
a 2 3 11
a 2 89 11
a 2 62 5
a 2 61 6
a 2 25 17
a 2 76 1
a 2 12 14
a 2 80 7
a 3 4 2
a 3 71 12
a 3 76 7
a 3 49 11
a 3 74 8
a 3 59 5
a 3 29 11
a 3 35 17
a 3 82 16
a 3 44 13
a 4 5 3
a 4 14 1
a 4 13 15
a 4 87 11
a 4 41 1
a 4 9 8
a 4 46 8
a 4 16 18
a 4 70 13
a 5 6 2
a 5 95 1
a 5 9 6
a 5 11 19
a 5 4 11
a 5 53 11
a 5 83 8
a 5 58 6
a 5 14 15
a 5 24 12
a 5 42 14
a 5 75 8
a 5 68 17
a 5 80 14
a 5 37 18
a 6 7 19
a 6 49 1
a 6 14 19
a 6 29 10
a 6 9 5
a 6 19 14
a 6 90 13
a 6 84 9
a 6 53 15
a 6 96 14
a 6 5 1
a 6 35 9
a 7 8 7
a 7 17 14
a 7 73 19
a 7 98 16
a 7 59 13
a 7 78 6
a 7 85 19
a 7 63 17
a 8 9 11
a 8 32 19
a 8 73 14
a 8 54 13
a 8 77 7
a 8 11 19
a 8 13 7
a 8 42 6
a 8 4 12
a 8 22 12
a 8 86 3
a 8 53 19
a 9 10 1
a 9 50 19
a 9 8 11
a 9 6 4
a 9 19 4
a 9 99 1
a 9 83 14
a 9 12 9
a 9 37 1
a 9 53 13
a 10 11 9
a 10 60 14
a 10 78 8
a 10 70 13
a 10 48 12
a 10 26 2
a 10 69 5
a 10 33 2
a 10 40 9
a 10 27 2
a 10 1 17
a 10 47 8
a 10 87 5
a 10 3 1
a 10 43 18
a 10 28 4
a 11 12 8
a 11 65 3
a 11 32 2
a 11 44 9
a 11 78 14
a 11 94 8
a 11 49 18
a 11 19 3
a 11 70 7
a 11 68 15
a 11 66 19
a 12 13 13
a 12 66 9
a 12 89 2
a 12 65 5
a 12 88 9
a 12 31 6
a 12 74 9
a 12 52 10
a 12 56 19
a 12 38 13
a 12 98 1
a 12 58 10
a 12 14 10
a 12 17 16
a 13 14 14
a 13 90 9
a 13 29 5
a 13 6 10
a 13 40 17
a 13 16 10
a 13 96 15
a 13 59 19
a 13 30 17
a 13 63 3
a 13 34 3
a 13 81 17
a 13 25 6
a 14 15 5
a 14 89 19
a 14 55 17
a 14 64 12
a 14 69 11
a 14 10 6
a 14 93 15
a 14 52 10
a 14 77 9
a 14 71 10
a 14 96 7
a 15 16 10
a 15 80 15
a 15 22 17
a 15 24 10
a 15 20 3
a 15 55 10
a 15 6 11
a 15 25 3
a 15 17 17
a 15 61 13
a 15 14 18
a 15 86 2
a 15 29 2
a 16 17 8
a 16 47 5
a 16 25 6
a 16 61 8
a 17 18 14
a 17 96 10
a 17 61 13
a 17 39 14
a 17 81 11
a 17 19 6
a 17 33 15
a 17 46 15
a 17 43 4
a 17 47 13
a 17 10 9
a 17 24 1
a 18 19 8
a 18 54 5
a 18 52 18
a 18 45 5
a 18 83 14
a 19 20 7
a 19 73 5
a 19 76 15
a 19 16 3
a 19 63 17
a 19 48 4
a 19 31 6
a 19 59 19
a 20 21 11
a 20 33 6
a 20 15 12
a 20 87 14
a 20 91 11
a 20 54 2
a 20 4 5
a 20 72 9
a 20 51 15
a 20 74 7
a 20 29 5
a 20 48 15
a 21 22 5
a 21 97 17
a 21 39 10
a 21 94 6
a 22 23 18
a 22 65 17
a 22 78 19
a 22 60 4
a 22 55 9
a 22 5 7
a 22 98 4
a 22 28 19
a 22 91 15
a 22 6 15
a 23 24 13
a 23 98 10
a 23 49 15
a 23 61 1
a 23 65 11
a 23 81 1
a 23 13 4
a 23 19 9
a 23 59 14
a 23 86 8
a 23 11 2
a 23 2 1
a 23 12 4
a 23 31 11
a 23 14 9
a 23 42 4
a 24 25 10
a 24 62 10
a 24 36 3
a 24 59 2
a 24 10 4
a 24 40 3
a 24 84 4
a 24 27 13
a 24 9 8
a 25 26 11
a 25 11 1
a 25 88 17
a 25 61 10
a 25 23 1
a 25 7 13
a 25 87 7
a 25 90 19
a 25 17 8
a 25 62 6
a 26 27 12
a 26 49 19
a 26 40 18
a 26 30 2
a 26 22 2
a 26 55 10
a 26 63 7
a 26 65 16
a 26 10 11
a 26 44 17
a 26 6 1
a 26 77 3
a 27 28 8
a 27 42 8
a 27 9 9
a 27 14 18
a 27 4 12
a 27 41 16
a 27 34 4
a 27 20 10
a 27 74 6
a 27 8 17
a 27 29 14
a 27 44 4
a 27 80 8
a 28 29 13
a 28 17 6
a 28 44 15
a 28 48 13
a 28 35 2
a 28 6 8
a 29 30 1
a 29 28 16
a 29 84 13
a 29 44 6
a 29 11 6
a 29 34 16
a 29 66 18
a 29 95 12
a 29 91 18
a 29 94 6
a 29 96 16
a 29 8 19
a 29 99 8
a 29 18 6
a 29 6 16
a 29 53 17
a 29 23 12
a 29 64 5
a 30 31 2
a 30 45 7
a 30 85 13
a 30 26 12
a 30 79 7
a 30 27 14
a 30 22 7
a 30 1 4
a 30 98 17
a 30 33 4
a 31 32 16
a 31 17 5
a 31 93 8
a 31 50 4
a 31 35 2
a 31 19 16
a 31 66 4
a 31 88 12
a 31 97 9
a 31 37 6
a 31 63 16
a 31 62 7
a 31 11 19
a 31 51 19
a 31 64 14
a 31 41 2
a 31 34 13
a 31 53 15
a 31 24 5
a 31 47 9
a 31 30 11
a 31 77 9
a 32 33 14
a 32 82 15
a 32 68 9
a 32 57 3
a 32 60 11
a 32 90 19
a 32 28 18
a 33 34 1
a 33 25 6
a 33 82 10
a 33 63 10
a 33 41 7
a 33 62 12
a 33 83 18
a 33 86 12
a 33 55 18
a 34 35 16
a 34 18 19
a 34 11 2
a 34 75 4
a 34 38 8
a 34 58 5
a 34 14 1
a 34 4 5
a 34 43 6
a 34 95 13
a 34 92 2
a 35 36 3
a 35 39 14
a 35 64 2
a 35 96 1
a 35 38 8
a 35 8 17
a 35 40 4
a 35 98 13
a 36 37 11
a 36 47 17
a 36 66 5
a 36 8 6
a 36 84 1
a 36 21 16
a 37 38 3
a 37 5 19
a 37 6 3
a 37 87 10
a 37 78 12
a 37 49 1
a 37 69 5
a 37 92 9
a 37 70 7
a 37 55 4
a 37 81 12
a 37 88 10
a 37 17 2
a 37 42 7
a 37 90 8
a 37 62 14
a 38 39 19
a 38 22 19
a 38 2 8
a 38 56 8
a 38 9 12
a 38 45 18
a 38 70 15
a 39 40 10
a 39 25 4
a 39 17 17
a 39 52 14
a 39 67 6
a 39 13 5
a 39 71 6
a 39 46 15
a 40 41 17
a 40 53 13
a 40 65 4
a 40 6 1
a 40 21 18
a 40 19 18
a 40 35 5
a 40 99 15
a 40 73 4
a 40 3 2
a 41 42 15
a 41 67 4
a 41 43 17
a 41 54 3
a 41 51 9
a 41 27 9
a 41 99 13
a 41 24 1
a 41 59 1
a 41 88 17
a 42 43 12
a 42 77 1
a 42 57 5
a 42 32 18
a 42 17 13
a 42 85 1
a 42 70 8
a 42 18 16
a 42 97 8
a 42 29 14
a 42 95 14
a 42 73 16
a 42 75 14
a 42 55 18
a 43 44 11
a 43 71 16
a 43 21 9
a 43 81 13
a 43 42 10
a 43 54 11
a 43 10 3
a 43 22 4
a 43 74 18
a 43 88 7
a 43 86 2
a 43 16 4
a 43 46 17
a 43 98 5
a 44 45 1
a 44 11 4
a 44 82 4
a 44 95 2
a 44 42 11
a 44 5 9
a 44 40 17
a 44 72 19
a 44 41 16
a 44 96 13
a 45 46 7
a 45 13 1
a 45 48 9
a 45 64 18
a 45 81 18
a 45 71 17
a 45 20 17
a 45 97 16
a 46 47 17
a 46 84 6
a 46 35 9
a 46 25 7
a 46 83 17
a 46 89 5
a 46 12 2
a 46 26 3
a 46 44 17
a 46 69 14
a 46 22 2
a 46 31 9
a 47 48 10
a 47 18 10
a 47 12 6
a 47 54 10
a 47 52 1
a 47 24 13
a 47 30 4
a 47 1 15
a 47 28 15
a 47 92 8
a 47 3 18
a 47 35 1
a 47 26 19
a 47 29 17
a 47 64 14
a 48 49 17
a 48 74 5
a 48 7 1
a 48 60 13
a 48 8 14
a 48 6 3
a 48 13 2
a 48 39 2
a 48 57 12
a 49 50 1
a 49 74 11
a 49 12 6
a 49 37 5
a 49 4 10
a 49 41 10
a 49 89 16
a 50 51 4
a 50 13 8
a 50 60 19
a 50 29 15
a 50 52 14
a 50 89 10
a 50 39 4
a 50 15 10
a 50 26 18
a 50 1 4
a 50 33 7
a 50 61 18
a 50 35 6
a 51 52 13
a 51 23 3
a 51 86 11
a 51 53 2
a 51 68 10
a 51 60 13
a 51 71 11
a 51 8 9
a 51 27 4
a 51 81 2
a 51 34 16
a 51 3 11
a 51 13 3
a 52 53 16
a 52 82 3
a 52 55 17
a 52 80 16
a 52 21 2
a 52 75 1
a 52 90 1
a 52 40 15
a 53 54 9
a 53 80 9
a 53 43 4
a 53 79 12
a 53 63 19
a 53 99 10
a 53 15 8
a 53 16 7
a 53 75 5
a 54 55 5
a 54 4 6
a 54 56 17
a 54 1 12
a 54 5 14
a 54 25 13
a 54 51 3
a 55 56 14
a 55 78 3
a 55 40 4
a 55 24 2
a 55 33 13
a 55 34 4
a 55 96 17
a 56 57 16
a 56 61 5
a 56 71 19
a 56 42 8
a 56 5 1
a 56 44 19
a 56 32 19
a 56 41 4
a 56 75 17
a 57 58 17
a 57 29 5
a 57 54 10
a 57 61 14
a 57 21 9
a 57 22 9
a 57 36 17
a 57 82 9
a 57 87 15
a 58 59 19
a 58 82 2
a 58 67 17
a 58 66 8
a 58 16 3
a 58 33 17
a 58 51 13
a 58 96 15
a 58 44 3
a 59 60 14
a 59 55 9
a 59 58 14
a 59 45 5
a 59 53 19
a 59 74 11
a 59 85 16
a 59 8 2
a 59 77 16
a 60 61 15
a 60 70 7
a 60 64 3
a 60 1 16
a 60 40 14
a 60 12 18
a 60 62 13
a 60 10 12
a 60 86 15
a 60 47 13
a 61 62 15
a 61 7 3
a 61 42 2
a 61 93 12
a 61 27 4
a 61 84 6
a 61 24 7
a 61 53 5
a 61 12 1
a 61 21 16
a 61 29 2
a 61 75 19
a 61 8 9
a 61 72 11
a 62 63 18
a 62 1 13
a 62 89 10
a 62 59 10
a 62 9 18
a 62 83 14
a 62 26 12
a 62 7 12
a 62 61 14
a 62 82 10
a 62 18 6
a 62 72 4
a 62 55 16
a 62 79 18
a 63 64 13
a 63 5 1
a 63 93 17
a 63 16 8
a 63 53 14
a 63 87 10
a 63 76 13
a 63 26 3
a 63 81 8
a 64 65 13
a 64 40 4
a 64 16 17
a 64 58 1
a 64 99 15
a 64 77 6
a 64 89 10
a 64 48 3
a 64 39 18
a 65 66 8
a 65 97 8
a 65 45 14
a 65 79 15
a 65 88 5
a 66 67 7
a 66 64 14
a 66 1 9
a 66 34 1
a 66 58 13
a 66 45 18
a 66 31 11
a 67 68 4
a 67 75 12
a 67 53 18
a 67 43 11
a 67 5 15
a 67 19 12
a 67 63 18
a 67 4 3
a 67 37 18
a 67 14 7
a 67 91 17
a 67 57 8
a 67 9 14
a 67 17 17
a 68 69 17
a 68 17 19
a 68 52 1
a 68 93 18
a 68 86 8
a 68 32 14
a 69 70 15
a 69 5 15
a 69 29 2
a 69 10 19
a 69 81 3
a 69 90 11
a 69 74 18
a 69 17 7
a 70 71 17
a 70 11 7
a 70 48 1
a 70 76 17
a 70 10 7
a 70 13 7
a 70 37 14
a 70 59 10
a 70 73 16
a 70 86 6
a 70 44 5
a 70 68 3
a 71 72 4
a 71 56 16
a 71 54 7
a 71 15 4
a 71 51 1
a 71 88 2
a 71 48 7
a 71 66 8
a 71 79 6
a 72 73 7
a 72 22 14
a 72 42 10
a 72 55 16
a 72 21 11
a 72 36 14
a 72 52 5
a 72 64 10
a 72 37 19
a 72 14 5
a 72 69 6
a 72 7 4
a 72 65 14
a 73 74 12
a 73 46 18
a 73 93 16
a 73 72 17
a 74 75 6
a 74 89 17
a 74 39 11
a 74 22 17
a 74 44 11
a 75 76 16
a 75 35 14
a 75 5 8
a 75 3 15
a 75 44 4
a 75 31 19
a 76 77 19
a 76 93 13
a 76 66 16
a 76 16 6
a 76 60 6
a 76 10 8
a 76 98 9
a 77 78 2
a 77 22 1
a 77 16 4
a 77 80 11
a 77 61 12
a 77 73 16
a 77 64 14
a 77 28 14
a 77 72 9
a 77 44 15
a 77 4 11
a 78 79 8
a 78 22 13
a 78 92 16
a 78 85 15
a 78 44 1
a 78 58 4
a 78 31 7
a 78 4 19
a 78 68 1
a 79 80 5
a 79 35 5
a 79 46 10
a 79 68 17
a 79 95 14
a 79 91 7
a 79 55 6
a 79 58 19
a 79 15 5
a 80 81 4
a 80 20 19
a 80 58 4
a 80 56 16
a 80 35 2
a 80 30 1
a 80 78 17
a 80 42 1
a 80 2 1
a 80 44 4
a 80 63 18
a 81 82 9
a 81 38 9
a 81 68 16
a 81 26 15
a 81 45 4
a 81 36 9
a 82 83 7
a 82 84 12
a 82 19 5
a 82 66 8
a 82 94 7
a 82 14 18
a 82 75 15
a 82 20 14
a 82 24 9
a 82 35 15
a 82 79 1
a 82 38 7
a 83 84 5
a 83 28 12
a 83 7 12
a 83 62 18
a 83 73 12
a 83 34 18
a 83 58 15
a 83 10 4
a 84 85 18
a 84 96 6
a 84 86 15
a 84 76 9
a 84 65 1
a 84 41 6
a 84 71 18
a 84 3 9
a 84 28 9
a 84 50 6
a 84 21 8
a 84 47 13
a 85 86 10
a 85 69 8
a 85 87 9
a 85 50 1
a 85 31 11
a 85 67 7
a 85 4 10
a 85 82 16
a 85 61 17
a 86 87 14
a 86 11 19
a 86 44 4
a 86 68 5
a 86 37 8
a 86 78 6
a 86 28 14
a 86 77 4
a 86 4 6
a 86 27 2
a 86 58 7
a 86 63 11
a 86 25 3
a 87 88 3
a 87 97 11
a 87 80 19
a 87 96 1
a 87 19 2
a 87 67 11
a 88 89 19
a 88 76 8
a 88 87 3
a 88 68 4
a 88 5 8
a 88 35 15
a 88 60 2
a 88 10 4
a 88 63 1
a 88 18 2
a 88 27 15
a 89 90 14
a 89 58 10
a 89 7 3
a 89 19 8
a 89 8 17
a 89 46 12
a 89 33 18
a 89 24 7
a 89 62 8
a 90 91 17
a 90 97 6
a 90 48 5
a 90 83 4
a 90 65 9
a 90 67 9
a 90 24 15
a 90 37 10
a 90 12 11
a 90 57 13
a 91 92 2
a 91 57 13
a 91 77 2
a 91 15 19
a 91 86 18
a 91 46 17
a 91 58 3
a 91 94 18
a 92 93 11
a 92 44 17
a 92 6 9
a 92 35 19
a 92 53 6
a 92 83 4
a 92 29 15
a 92 51 6
a 92 30 2
a 92 84 9
a 92 80 5
a 92 90 14
a 92 74 14
a 92 82 15
a 92 31 14
a 93 94 2
a 93 95 13
a 93 82 2
a 93 27 11
a 93 48 10
a 93 72 3
a 93 50 7
a 93 65 2
a 93 66 19
a 94 95 9
a 94 1 16
a 94 41 12
a 94 59 8
a 94 67 15
a 94 50 13
a 94 34 11
a 95 96 4
a 95 71 4
a 95 28 1
a 95 17 7
a 96 97 11
a 96 80 5
a 96 41 19
a 96 65 18
a 96 82 1
a 96 67 19
a 96 16 14
a 96 81 13
a 96 36 12
a 96 78 4
a 96 94 14
a 96 64 18
a 96 51 11
a 97 98 15
a 97 84 12
a 97 23 11
a 97 20 11
a 97 26 10
a 97 22 12
a 97 41 1
a 97 7 15
a 97 10 16
a 97 60 19
a 97 50 7
a 97 92 14
a 97 51 10
a 98 99 18
a 98 88 7
a 98 62 19
a 98 77 14
a 98 21 11
a 98 78 5
a 98 70 2
a 98 26 17
a 98 31 12
a 98 57 10
c 88 5 50 26 152
c 23 98 37 70 122
c 62 18 70 86 142
c 6 29 47 28 160
c 87 96 44 95 86
c 60 47 44 95 93
c 78 58 79 46 125
c 70 13 43 21 94
c 84 3 82 75 143
c 89 33 61 53 173
c 9 12 3 4 130
c 23 2 40 53 90
c 53 79 45 13 170
c 22 6 88 68 84
c 3 82 23 19 83
c 50 33 36 84 158
c 41 42 64 48 129
c 97 41 24 36 91
c 78 85 69 74 112
c 50 39 5 83 78
c 17 46 23 98 99
c 43 46 42 18 161
c 20 15 68 32 96
c 98 62 9 50 82
c 88 87 39 52 140
c 98 26 8 53 154
c 4 14 10 28 130
c 36 21 67 17 123
c 6 7 39 67 109
c 92 84 69 29 149
c 17 10 3 76 170
c 92 30 92 84 101
c 56 32 70 11 99
c 77 44 75 5 137
c 83 58 33 83 157
c 89 62 89 24 166
c 77 64 82 94 79
c 50 52 44 41 115
c 60 70 53 99 109
c 61 27 65 45 82
c 5 14 95 17 125
c 64 39 10 33 164
c 39 40 27 80 133
c 31 47 72 73 125
c 60 40 6 49 152
c 42 29 50 13 122
c 18 83 27 9 154
c 31 41 66 31 132
c 81 36 25 11 87
c 79 15 34 11 123
c 22 91 84 85 78
c 92 80 23 19 89
c 5 24 56 71 157
c 85 86 26 49 110
c 62 82 66 1 91
c 97 10 86 28 93
c 53 63 40 21 116
c 43 81 90 12 93
c 82 20 61 75 110
c 83 34 47 92 115
c 27 4 24 10 121
c 4 9 45 13 90
c 51 68 23 31 75
c 38 45 42 43 155
c 53 43 20 54 162
c 38 39 7 78 85
c 26 6 13 96 116
c 46 69 86 68 110
c 46 26 58 82 110
c 12 58 7 63 95
c 41 59 30 31 141
c 41 54 29 18 154
c 87 67 88 35 97
c 60 70 23 14 86
c 58 33 93 65 149
c 38 70 0 1 145
c 23 98 84 21 84
c 47 92 47 64 150
c 96 16 72 22 119
c 85 86 59 85 131
c 55 33 8 42 96
c 94 1 88 89 79
c 53 16 29 94 87
c 90 67 11 66 140
c 82 66 7 85 94
c 92 93 0 96 77
c 41 27 84 41 114
c 63 81 32 90 106
c 83 58 23 81 107
c 61 8 81 26 171
c 66 34 67 63 150
c 41 88 53 16 126
c 26 22 12 31 142
c 32 82 27 34 138
c 67 75 69 90 84
c 65 97 62 7 172
c 92 35 2 80 102
c 46 31 4 16 139
c 68 69 10 70 174
c 72 22 12 89 119
c 79 35 6 96 75
c 1 56 41 99 124
c 6 49 13 81 139
c 39 17 59 53 135
c 78 85 80 81 80
c 98 99 25 11 165
c 8 73 66 45 167
c 13 25 47 92 88
c 6 9 74 39 108
c 20 51 21 22 77
c 58 82 92 84 137
c 94 95 30 1 149
c 77 28 3 44 86
c 2 76 10 28 131
c 4 5 51 23 114
c 43 98 15 16 127
c 3 76 33 83 156
c 79 55 17 33 109
c 42 57 24 9 83
c 98 31 80 2 103
c 47 54 37 88 143
c 56 32 77 72 157
c 56 41 26 30 83
c 92 44 92 93 146
c 33 25 14 10 116
c 48 8 55 40 77
c 97 22 39 13 80
c 5 75 91 58 153
c 57 21 5 53 134
c 83 34 22 65 132
c 54 4 26 49 124
c 70 59 23 42 139
c 83 10 36 8 84
c 84 21 64 40 117
c 61 84 39 13 122
c 85 61 2 76 134
c 4 46 74 22 76
c 11 70 51 8 132
c 17 33 52 90 109
c 43 21 47 18 83
c 30 33 67 17 88
c 38 45 48 39 173
c 19 76 97 98 111
c 98 99 26 65 152
c 96 97 4 13 127
c 56 41 92 82 146
c 35 38 75 35 134
c 19 76 6 29 131
c 69 5 8 53 108
c 54 1 4 9 81
c 67 53 54 1 142
c 17 19 13 34 145
c 42 95 37 5 101
c 77 73 77 16 124
c 72 52 29 11 87
c 62 72 88 27 173
c 82 19 48 13 140
c 39 17 35 36 107
c 4 87 85 67 169
c 77 22 11 78 117
c 85 50 57 54 82
c 42 97 63 5 121
c 49 74 84 47 82
c 84 71 34 95 144
c 6 19 31 30 85
c 36 21 3 49 111
c 73 93 84 71 113
c 14 71 52 80 124
c 81 68 47 52 98
c 14 64 82 14 80
c 34 4 31 34 91
c 17 24 51 53 76
c 46 69 28 6 168
c 73 46 5 9 156
c 39 71 15 22 95
c 10 70 76 98 111
c 29 34 26 55 119
c 61 8 82 66 121
c 14 15 60 47 172
c 22 55 11 32 98
c 91 92 12 17 103
c 20 51 92 44 125
c 17 24 34 92 143
c 18 54 93 66 84
c 10 60 7 98 164
c 67 91 43 88 101
c 72 14 98 21 144
c 28 44 44 72 88
c 97 60 80 20 120
c 50 89 4 87 92
c 10 33 12 31 95
c 15 17 23 42 116
c 86 68 61 24 149
c 31 77 68 17 151
c 91 46 90 37 84
c 26 10 34 92 150
c 9 6 22 78 154
c 62 18 19 59 161
c 98 57 2 25 85
c 51 53 38 56 152
c 15 17 47 48 168
c 82 94 58 44 79
c 96 78 23 2 86
c 18 19 11 49 146
c 12 14 65 66 75
c 38 39 15 16 81
c 6 53 72 22 166
c 90 67 85 4 174
c 79 15 92 84 148
c 22 98 72 42 114
c 25 61 71 72 106
c 98 31 6 53 93
c 58 96 56 41 93
c 57 82 31 34 136
c 27 44 24 10 80
c 71 79 0 96 149
c 24 10 85 69 165
c 92 93 9 99 131
c 82 66 89 58 114
c 22 78 9 10 92
c 42 17 9 53 142
c 36 8 23 61 138
c 7 8 98 99 144
c 45 46 69 90 114
c 10 70 12 66 134
c 49 37 48 13 101
c 5 42 46 47 94
c 32 33 22 28 147
c 17 81 98 99 139
c 78 44 66 31 160
c 83 58 61 53 135
c 47 3 70 73 172
c 98 62 65 66 135
c 0 59 5 14 166
c 5 42 8 73 114
c 86 77 7 73 131
c 22 5 25 7 166
c 56 71 75 44 113
c 92 80 2 80 89
c 57 36 34 14 137
c 53 63 42 85 106
c 4 70 96 82 77
c 86 77 29 34 161
c 62 83 0 59 156
c 81 36 98 21 94
c 46 89 98 62 100
c 4 13 44 40 170
c 70 44 98 31 114
c 5 95 51 3 134
c 13 81 49 74 110
c 75 3 56 57 162
c 5 68 31 17 173
c 32 57 57 54 135
c 70 48 48 60 102
c 37 70 13 6 89
c 86 25 53 75 111
c 11 78 5 53 140
c 77 64 18 83 103
c 7 78 78 22 134
c 40 99 97 84 105
c 20 91 31 51 151
c 19 16 48 39 151
c 15 22 87 96 160
c 5 53 37 49 173
c 46 35 46 69 101
c 46 83 91 15 101
c 48 57 74 39 84
c 38 45 78 44 86
c 41 59 20 29 157
c 39 40 37 49 158
c 20 87 36 66 153
c 57 36 29 6 76
c 92 51 10 40 129
c 66 58 2 25 94
c 2 12 53 43 99
c 17 24 23 98 116
c 50 29 14 52 81
c 12 65 4 9 169
c 97 7 74 22 88
c 64 48 77 16 83
c 92 74 14 10 174
c 2 61 4 16 106
c 51 68 21 97 80
c 23 19 63 87 150
c 92 51 18 52 102
c 67 53 37 42 133
c 25 87 71 88 97
c 23 12 53 75 96
c 81 36 96 36 164
c 65 88 56 41 118
c 63 76 78 58 152
c 31 24 85 86 113
c 40 41 60 47 90
c 49 89 20 48 75
c 57 58 8 9 132
c 98 31 70 86 136
c 97 98 44 11 118
c 60 70 64 65 116
c 36 47 11 19 128
c 63 53 26 77 80
c 26 77 35 40 129
c 77 44 67 57 117
c 30 31 69 74 144
c 84 3 52 82 83
c 97 20 93 50 105
c 87 96 39 46 167
c 67 4 61 12 165
c 13 6 64 40 123
c 17 39 52 53 106
c 44 40 49 74 106
c 11 12 40 65 117
c 51 81 59 58 85
c 60 12 32 90 89
c 50 33 34 11 85
c 9 6 47 26 115
c 14 10 14 89 124
c 36 66 88 5 159
c 69 17 96 16 92
c 92 74 31 17 137
c 84 71 10 28 93
c 92 90 67 4 109
c 82 75 64 99 81
c 49 74 90 97 123
c 0 48 86 63 117
c 80 78 8 32 169
c 3 49 80 56 85
c 29 8 13 14 122
c 61 29 25 62 81
c 92 74 90 37 85
c 0 59 58 82 113
c 30 26 24 27 174
c 49 50 62 1 160
c 39 40 64 77 96
c 78 22 46 35 125
c 15 61 34 38 141
c 73 74 23 14 96
c 89 33 97 7 144
c 42 77 43 88 148
c 51 8 30 1 83
c 45 48 75 5 150
c 77 16 30 1 144
c 62 59 61 42 139
c 23 59 45 81 145
c 82 35 40 65 147
c 33 83 25 90 127
c 33 34 78 22 108
c 94 50 5 58 82
c 50 89 31 11 99
c 72 73 30 27 134
c 25 26 5 75 170
c 27 14 54 1 130
c 82 20 15 6 136
c 96 51 83 73 173
c 36 21 29 34 145
c 71 66 29 6 79
c 48 39 69 70 141
c 32 28 84 76 153
c 44 95 44 5 159
c 18 19 74 89 103
c 2 76 3 49 161
c 31 41 24 84 84
c 48 39 8 86 154
c 41 51 70 71 142
c 69 5 77 22 111
c 60 10 35 64 91
c 16 47 23 19 103
c 12 65 43 88 124
c 69 90 48 7 111
c 24 59 80 20 90
c 59 74 85 31 77
c 71 51 95 71 79
c 32 60 44 45 91
c 34 18 14 64 137
c 50 89 55 40 120
c 97 84 39 67 86
c 31 64 33 63 102
c 62 26 15 14 152
c 72 42 56 61 88
c 20 21 64 39 138
c 49 50 2 76 162
c 31 77 48 6 113
c 89 8 12 56 145
c 53 63 43 81 171
c 53 63 63 64 162
c 29 84 79 35 154
c 41 43 50 1 80
c 45 46 14 69 90
c 90 48 0 52 106
c 29 8 83 10 92
c 52 75 19 20 141
c 92 84 96 78 125
c 25 62 2 3 151
c 67 75 87 19 108
c 82 14 29 8 98
c 14 64 23 81 173
c 96 82 20 48 126
c 68 69 6 5 133
c 17 10 31 50 91
c 83 28 32 57 122
c 20 21 69 29 83
c 43 10 91 15 117
c 26 22 61 53 75
c 72 7 53 54 91
c 92 44 48 13 160
c 86 44 16 47 92
c 76 93 54 51 172
c 60 64 28 17 85
c 61 93 42 18 139
c 98 99 35 38 147
c 98 88 35 40 135
c 20 33 29 53 128
c 56 61 2 76 131
c 85 67 29 8 155
c 86 37 31 62 111
c 37 42 77 28 159
c 30 22 51 8 121
c 60 10 60 62 82
c 20 21 47 29 132
c 8 13 31 41 158
c 78 31 6 96 135
c 61 8 6 9 106
c 51 68 34 35 92
c 35 38 85 87 140
c 62 83 25 11 129
c 63 81 26 63 160
c 57 82 67 57 147
c 63 93 3 44 102
c 39 71 40 3 77
c 38 39 97 23 111
c 37 81 60 12 173
c 31 30 74 44 169
c 29 66 43 74 136
c 62 18 29 94 77
c 61 24 48 6 163
c 81 36 91 92 96
c 50 1 77 16 92
c 48 7 15 80 133
c 27 44 87 97 85
c 31 51 1 2 117
c 35 8 23 86 128
c 82 79 59 58 153
c 20 74 35 8 95
c 92 90 79 46 133
c 57 36 50 89 120
c 10 48 88 87 160
c 34 11 25 62 96
c 43 81 23 2 114
c 67 14 29 23 118
c 98 62 31 88 134
c 49 37 55 40 81
c 43 10 27 41 126
c 82 19 1 4 130
c 63 93 95 28 94
c 29 23 44 72 130
c 6 19 3 71 84
c 77 22 28 35 112
c 29 96 67 53 157
c 18 52 8 9 154
c 62 89 58 67 123
c 23 81 65 88 144
c 15 29 72 36 78
c 60 61 48 8 99
c 52 80 28 48 117
c 27 74 42 55 108
c 67 37 50 13 88
c 76 77 34 18 133
c 86 4 50 26 111
c 23 13 74 39 94
c 96 65 23 24 112
c 7 59 24 9 75
c 19 63 4 14 141
c 55 33 9 6 154
c 36 47 79 58 128
c 14 52 13 81 96
c 36 66 94 95 80
c 57 61 12 13 85
c 71 72 11 12 156
c 56 41 64 39 140
c 73 46 34 58 134
c 0 52 84 41 120
c 31 63 43 98 159
c 48 49 77 22 113
c 30 1 14 69 121
c 50 39 38 2 158
c 10 27 37 81 168
c 36 66 82 66 141
c 13 81 70 76 99
c 7 17 35 40 137
c 23 13 63 53 143
c 21 94 42 95 165
c 94 67 64 65 94
c 47 28 12 56 104
c 64 40 74 44 121
c 7 8 79 15 149
c 17 39 13 63 103
c 92 44 86 28 103
c 7 85 29 6 145
c 80 58 64 89 110
c 17 46 29 8 83
c 80 63 86 78 144
c 90 37 2 3 159
c 51 23 4 9 107
c 84 96 24 9 137
c 13 81 46 35 161
c 41 67 19 20 100
c 13 30 30 27 143
c 8 11 13 81 103
c 64 16 74 22 128
c 54 5 33 86 83
c 70 86 82 24 131
c 77 64 82 66 83
c 50 1 8 42 122
c 61 93 97 60 98
c 63 64 88 63 88
c 52 90 90 83 86
c 25 11 17 47 104
c 8 13 91 15 172
c 42 17 93 82 141
c 3 74 62 61 93
c 87 97 65 79 120
c 6 96 17 39 75
c 23 49 26 22 76
c 47 3 25 11 141
c 52 53 92 53 122
c 80 78 67 37 169
c 78 85 62 83 152
c 64 77 33 63 88
c 31 17 88 10 169
c 72 65 94 95 121
c 37 42 41 99 133
c 68 17 77 73 88
c 0 1 5 14 167
c 62 26 80 56 80
c 55 96 6 49 148
c 74 75 28 29 98
c 82 84 66 58 145
c 47 28 26 65 85
c 9 10 9 99 158
c 79 46 85 4 174
c 6 5 44 95 127
c 88 27 0 22 144
c 92 30 23 81 161
c 65 88 12 74 146
c 62 83 2 12 141
c 57 54 17 10 162
c 85 31 56 61 140
c 37 17 83 62 112
c 70 59 72 36 128
c 15 86 97 41 92
c 39 40 26 27 106
c 33 34 83 58 76
c 10 87 23 65 158
c 88 68 24 27 145
c 44 96 59 77 88
c 66 31 8 22 149
c 35 40 79 58 143
c 18 19 2 76 143
c 98 26 34 58 166
c 70 37 90 57 144
c 70 76 15 61 148
c 26 22 96 82 155
c 31 35 86 11 159
c 84 47 4 87 108
c 9 37 62 61 160
c 61 53 70 13 118
c 47 52 49 89 76
c 60 40 41 51 94
c 97 98 37 49 94
c 89 33 14 15 156
c 63 16 8 86 126
c 76 10 5 14 166
c 92 29 67 53 162
c 10 28 83 10 158
c 26 55 24 40 150
c 27 28 32 57 137
c 43 54 68 86 151
c 51 52 90 37 148
c 67 17 27 41 86
c 27 80 35 38 155
c 94 95 46 31 137
c 88 89 50 33 107
c 81 68 10 43 122
c 57 87 39 25 91
c 26 63 56 32 94
c 88 10 90 91 136
c 84 21 31 64 88
c 23 49 16 47 111
c 26 22 62 63 131
c 72 37 35 98 110
c 29 64 50 1 159
c 29 95 8 9 86
c 31 77 86 63 78
c 46 25 12 13 149
c 43 10 43 54 99
c 10 40 62 82 155
c 43 10 84 21 102
c 78 58 30 26 120
c 9 6 12 17 79
c 46 31 84 86 80
c 60 86 13 16 154
c 86 28 63 53 83
c 94 1 97 26 116
c 69 17 41 27 145
c 24 9 70 68 137
c 80 78 90 24 113
c 87 19 5 14 169
c 67 43 23 14 123
c 50 13 32 60 147
c 15 22 93 50 120
c 13 14 29 96 161
c 33 63 9 53 100
c 82 83 28 17 103
c 0 22 38 70 168
c 23 42 48 8 147
c 88 68 94 95 117
c 52 80 34 92 117
c 46 47 77 4 75
c 31 35 12 88 145
c 97 10 28 48 141
c 72 22 36 66 78
c 56 42 26 49 129
c 76 10 41 88 85
c 77 44 39 52 157
c 23 24 97 51 118
c 7 8 17 24 76
c 43 44 69 81 126
c 91 94 96 94 143
c 3 49 53 43 144
c 71 54 23 14 79
c 69 81 84 21 93
c 47 52 41 99 160
c 34 4 87 67 127
c 77 72 59 60 76
c 10 28 31 34 174
c 22 23 96 51 84
c 41 42 65 88 106
c 83 73 94 41 152
c 53 54 48 13 120
c 11 68 90 37 94
c 8 77 27 80 169
c 90 12 6 14 109
c 2 25 77 80 141
c 26 65 75 35 158
c 56 57 60 61 87
c 80 20 47 35 128
c 54 51 63 76 115
c 79 80 32 60 98
c 83 84 13 30 116
c 40 35 29 96 117
c 39 52 0 1 151
c 22 28 2 61 167
c 62 83 37 62 137
c 55 34 63 81 103
c 67 91 74 22 170
c 80 30 2 12 108
c 94 34 82 94 167
c 20 21 45 71 132
c 43 74 14 93 115
c 87 80 70 11 113
c 97 60 98 99 158
c 30 79 46 22 159
c 10 47 47 12 162
c 41 43 14 64 157
c 70 73 12 38 88
c 13 40 60 61 128
c 63 16 78 68 161
c 60 70 86 25 117
c 10 60 31 63 125
c 62 63 97 50 102
c 70 48 8 22 103
c 53 54 10 26 109
c 34 58 86 63 103
c 62 59 93 72 80
c 23 65 43 22 142
c 56 5 60 64 96
c 17 39 17 24 134
c 64 40 44 45 126
c 92 74 12 58 141
c 59 45 62 7 144
c 8 53 37 78 166
c 4 5 37 78 126
c 65 79 22 6 131
c 51 68 97 26 118
c 91 86 66 64 96
c 30 98 16 47 125
c 7 8 45 48 147
c 50 35 97 92 109
c 23 49 96 64 133
c 84 71 59 45 107
c 77 72 57 36 126
c 10 3 72 52 171
c 56 32 68 52 123
c 3 35 6 90 121
c 79 68 79 46 107
c 92 44 69 81 93
c 91 92 47 64 164
c 50 15 69 10 156
c 29 11 37 6 171
c 81 68 39 40 166
c 47 1 92 80 144
c 27 44 65 88 127
c 72 21 17 81 127
c 67 9 37 55 167
c 79 80 13 14 168
c 77 4 10 70 94
c 9 19 19 76 75
c 89 7 79 80 92
c 91 94 58 44 110
c 10 33 9 53 163
c 42 95 44 11 97
c 80 78 61 7 110
c 52 21 50 13 135
c 23 19 16 25 156
c 45 46 57 87 149
c 23 98 84 85 81
c 92 93 58 33 152
c 80 20 77 16 159
c 53 75 2 62 103
c 7 73 82 75 146
c 67 63 5 4 123
c 7 98 60 40 155
c 29 94 98 70 163
c 96 65 55 24 113
c 9 99 96 51 124
c 98 21 70 73 99
c 43 44 52 90 159
c 70 11 37 70 153
c 67 75 68 69 160
c 31 51 59 60 125
c 15 22 41 43 85
c 67 91 42 57 172
c 42 97 72 55 120
c 10 87 6 49 107
c 50 52 20 91 112
c 25 23 15 20 154
c 73 46 30 98 76
c 44 5 68 32 165
c 75 35 13 40 152
c 31 77 52 82 102
c 42 29 52 53 162
c 29 18 34 4 79
c 8 53 77 28 117
c 33 83 90 57 136
c 7 78 90 37 105
c 27 4 25 23 143
c 92 31 26 65 112
c 13 59 94 95 148
c 90 48 74 75 156
c 88 5 14 77 106
c 79 80 88 35 157
c 74 39 39 52 80
c 18 19 36 21 84
c 75 5 55 34 151
c 14 89 63 26 90
c 72 22 78 68 124
c 23 19 43 88 105
c 72 64 84 71 86
c 40 3 37 90 99
c 86 4 86 68 112
c 89 24 69 81 154
c 29 84 47 29 93
c 7 78 29 91 139
c 10 26 31 19 101
c 15 25 23 13 159
c 67 75 79 91 123
c 72 21 57 61 87
c 34 95 14 15 108
c 1 11 10 33 75
c 27 44 31 11 115
c 44 95 47 24 130
c 25 61 20 15 172
c 76 16 35 96 169
c 96 65 54 4 131
c 76 66 25 88 139
c 33 25 34 92 117
c 78 79 20 15 95
c 94 34 30 1 172
c 20 87 92 6 82
c 3 71 29 53 108
c 57 61 97 50 77
c 97 51 82 83 160
c 58 44 97 22 100
c 63 87 84 96 112
c 42 57 86 78 79
c 23 2 93 65 172
c 62 9 52 80 174
c 46 69 61 12 162
c 5 4 30 45 172
c 5 80 67 9 121
c 43 98 24 36 138
c 0 96 28 35 81
c 47 1 66 64 131
c 34 75 43 86 111
c 68 52 15 17 124
c 18 83 88 5 131
c 3 82 84 28 140
c 11 19 35 8 170
c 40 65 72 7 132
c 80 44 57 61 127
c 57 58 44 42 105
c 29 18 38 2 119
c 76 77 3 74 111
c 13 30 47 28 126
c 72 65 41 24 86
c 88 27 81 82 168
c 16 61 7 59 117
c 43 88 31 24 111
c 12 38 42 55 80
c 98 70 43 88 88
c 29 94 17 19 124
c 6 53 22 91 133
c 17 18 47 24 170
c 69 10 47 35 104
c 66 67 98 77 113
c 60 64 23 31 151
c 31 32 42 43 115
c 47 26 79 91 92
c 17 81 43 46 149
c 29 23 76 60 132
c 31 35 47 26 133
c 35 8 13 96 114
c 55 96 6 29 148
c 60 40 91 94 140
c 29 44 61 8 150
c 67 91 71 88 138
c 72 52 20 74 139
c 47 26 44 5 154
c 1 67 37 70 99
c 48 49 92 44 95
c 31 41 50 26 122
c 38 56 46 35 103
c 86 78 15 29 79
c 91 92 85 31 112
c 3 59 96 36 77
c 5 83 46 83 151
c 60 70 62 63 87
c 91 86 55 40 96
c 90 83 2 61 138
c 61 29 19 59 84
c 64 16 22 78 78
c 13 90 86 78 96
c 69 5 96 97 107
c 35 98 93 66 127
c 39 46 33 25 95
c 89 33 2 12 149
c 42 85 7 98 109
c 77 73 41 51 80
c 9 19 50 39 127
c 80 63 59 60 156
c 70 48 26 10 117
c 5 83 80 63 82
c 12 58 29 6 139
c 35 38 31 24 174
c 48 13 8 13 81
c 30 22 94 50 131
c 90 83 67 4 147
c 39 71 30 45 94
c 26 22 7 8 150
c 98 26 63 81 174
c 53 43 24 27 113
c 69 17 29 94 91
c 73 93 46 22 135
c 29 94 1 56 156
c 74 22 20 87 81
c 37 92 11 94 103
c 11 65 96 80 85
c 48 7 61 72 120
c 9 8 24 62 93
c 97 84 92 30 106
c 43 44 1 10 82
c 55 40 5 42 102
c 58 82 5 11 166
c 14 77 53 16 112
c 88 87 37 62 134
c 51 86 42 32 133
c 78 58 70 10 118
c 92 30 36 84 158
c 1 2 61 27 82
c 47 64 17 10 99
c 64 65 93 95 171
c 6 35 90 24 158
c 3 74 31 62 78
c 10 69 17 61 85
c 6 29 51 13 120
c 31 19 9 99 139
c 14 15 41 27 141
c 56 32 37 88 96
c 56 75 27 20 119
c 71 88 40 21 98
c 15 17 8 13 82
c 14 55 25 90 89
c 43 21 52 75 86
c 6 96 50 33 109
c 20 48 30 31 83
c 12 52 12 17 102
c 5 24 10 28 163
c 29 30 80 2 85
c 7 59 11 78 106
c 80 35 14 69 77
c 58 51 31 19 142
c 44 95 43 22 139
c 51 23 39 17 101
c 60 40 17 24 93
c 9 8 33 83 104
c 0 96 29 64 148
c 92 29 5 14 79
c 46 83 84 65 76
c 8 9 67 63 89
c 90 48 7 63 152
c 31 77 74 22 172
c 31 32 18 19 105
c 19 73 85 31 132
c 3 35 63 93 128
c 44 42 61 12 104
c 3 71 27 9 75
c 23 31 96 41 107
c 85 4 90 91 152
c 26 27 87 80 170
c 2 12 47 35 171
c 75 5 61 72 174
c 46 12 56 32 125
c 83 73 59 85 149
c 2 62 89 19 96
c 92 29 34 18 138
c 13 90 45 48 149
c 32 68 61 7 135
c 28 44 26 22 76
c 6 14 85 31 113
c 90 83 25 17 88
c 96 97 2 80 88
c 51 13 88 63 136
c 41 67 0 99 114
c 29 8 50 33 129
c 6 90 29 95 118
c 89 24 77 78 89
c 8 11 25 87 157
c 57 58 11 12 110
c 84 50 18 54 163
c 31 41 6 90 138
c 88 5 14 52 99
c 44 45 59 60 76
c 62 7 37 6 167
c 22 5 26 44 101
c 15 20 45 13 157
c 48 8 20 29 83
c 16 47 2 25 167
c 61 24 20 29 78
c 39 46 59 60 127
c 46 26 12 31 138
c 34 38 20 74 121
c 56 42 83 7 143
c 5 83 92 93 89
c 97 20 10 1 115
c 92 74 84 3 135
c 10 78 12 38 124
c 36 47 48 60 140
c 50 15 5 24 153
c 10 43 51 8 99
c 31 47 13 25 101
c 43 22 52 40 108
c 86 68 29 99 171
c 77 4 67 43 142
c 30 26 89 90 139
c 30 79 50 1 76
c 9 99 73 72 151
c 1 56 31 97 105
c 27 80 51 81 84
c 91 15 81 82 95
c 36 66 29 8 141
c 12 52 44 41 164
c 56 41 31 51 151
c 12 89 82 66 102
c 3 35 97 98 149
c 53 43 83 28 94
c 63 64 97 92 100
c 80 44 2 89 129
c 43 22 0 52 147
c 69 74 40 21 86
c 17 43 74 44 129
