notes: n=100, m=1980, elb=1, eub=20, density=0.2, conf_density=0.002, clb=100, cub= 200, seed= 7062
p spec 100 1980 3918
s 0
t 99
a 0 1 19
a 0 83 8
a 0 66 11
a 0 11 18
a 0 49 12
a 0 4 3
a 0 20 14
a 0 39 6
a 0 65 16
a 0 25 7
a 0 7 19
a 0 32 9
a 0 81 4
a 0 61 19
a 0 51 1
a 0 37 7
a 0 33 4
a 1 2 9
a 1 15 3
a 1 60 3
a 1 91 19
a 1 96 12
a 1 65 18
a 1 78 15
a 1 53 9
a 1 99 17
a 1 5 12
a 1 28 8
a 1 71 1
a 1 57 18
a 1 42 3
a 1 24 3
a 1 10 8
a 1 20 8
a 1 48 13
a 1 23 2
a 1 97 10
a 1 40 14
a 1 52 17
a 2 3 1
a 2 91 19
a 2 66 7
a 2 65 6
a 2 96 19
a 2 12 6
a 2 9 5
a 2 33 8
a 2 16 9
a 2 19 7
a 2 28 19
a 2 88 19
a 2 4 12
a 2 82 8
a 2 40 14
a 2 30 13
a 2 68 5
a 2 57 2
a 2 31 1
a 2 56 13
a 2 72 4
a 2 54 3
a 2 92 6
a 2 32 11
a 2 79 14
a 2 8 7
a 2 69 13
a 3 4 6
a 3 85 19
a 3 53 8
a 3 88 18
a 3 96 8
a 3 10 18
a 3 22 13
a 3 24 10
a 3 75 11
a 3 20 10
a 3 47 17
a 3 37 9
a 3 81 13
a 3 58 7
a 3 36 13
a 3 87 9
a 3 84 9
a 4 5 2
a 4 94 11
a 4 99 6
a 4 25 3
a 4 28 5
a 4 44 4
a 4 43 5
a 4 33 8
a 4 76 15
a 4 31 15
a 4 12 4
a 4 78 13
a 4 46 18
a 4 19 1
a 4 92 10
a 4 53 18
a 4 56 16
a 4 83 5
a 4 50 10
a 4 74 16
a 4 20 16
a 4 63 14
a 4 38 15
a 4 98 4
a 5 6 17
a 5 89 5
a 5 66 10
a 5 3 16
a 5 68 7
a 5 2 5
a 5 93 9
a 5 13 19
a 5 46 13
a 5 59 13
a 5 23 10
a 5 19 9
a 5 75 1
a 5 30 8
a 5 69 10
a 5 18 14
a 5 64 14
a 5 82 18
a 5 38 15
a 5 72 4
a 5 37 17
a 5 50 1
a 5 99 2
a 5 98 18
a 5 15 17
a 6 7 7
a 6 74 14
a 6 62 15
a 6 19 6
a 6 3 17
a 6 66 6
a 6 39 10
a 6 56 12
a 6 54 6
a 6 31 2
a 6 75 11
a 6 93 15
a 6 67 16
a 6 35 12
a 6 14 5
a 6 29 5
a 6 89 12
a 6 68 17
a 7 8 4
a 7 21 19
a 7 92 13
a 7 80 15
a 7 48 17
a 7 83 11
a 7 84 2
a 7 1 7
a 7 68 17
a 7 38 13
a 7 35 18
a 7 75 5
a 7 3 16
a 7 79 5
a 7 46 13
a 7 88 3
a 7 23 16
a 8 9 17
a 8 83 13
a 8 81 12
a 8 37 6
a 8 26 15
a 8 82 2
a 8 58 15
a 8 89 11
a 8 25 17
a 8 31 14
a 8 54 6
a 8 11 3
a 8 87 9
a 8 6 16
a 8 33 17
a 8 15 16
a 8 64 12
a 8 32 3
a 8 40 10
a 8 85 10
a 8 4 7
a 9 10 19
a 9 61 10
a 9 46 3
a 9 85 1
a 9 97 15
a 9 79 12
a 9 44 5
a 9 64 7
a 9 82 8
a 9 41 10
a 9 23 17
a 9 72 11
a 9 63 13
a 9 89 9
a 9 94 16
a 9 25 14
a 9 84 7
a 9 76 16
a 10 11 7
a 10 21 7
a 10 29 16
a 10 31 10
a 10 92 3
a 10 24 13
a 10 37 12
a 10 28 14
a 10 93 9
a 10 9 19
a 10 65 13
a 10 84 15
a 10 99 12
a 10 40 1
a 10 97 18
a 10 54 17
a 10 7 12
a 10 69 2
a 10 41 14
a 10 1 13
a 10 4 8
a 10 87 9
a 10 53 17
a 10 96 1
a 11 12 11
a 11 4 14
a 11 81 2
a 11 16 11
a 11 84 12
a 11 79 3
a 11 97 19
a 11 31 2
a 11 24 16
a 11 7 19
a 11 56 1
a 11 13 13
a 11 87 7
a 11 61 5
a 11 21 2
a 11 52 5
a 11 98 5
a 11 71 6
a 11 92 6
a 12 13 8
a 12 88 11
a 12 68 5
a 12 17 7
a 12 8 13
a 12 96 3
a 12 38 7
a 12 76 15
a 12 35 19
a 12 90 11
a 12 2 6
a 12 71 19
a 12 49 11
a 12 67 4
a 12 19 2
a 12 59 17
a 12 1 15
a 12 89 5
a 12 41 7
a 12 54 15
a 12 36 8
a 13 14 6
a 13 43 12
a 13 96 3
a 13 24 1
a 13 56 8
a 13 81 6
a 13 39 6
a 13 35 15
a 13 67 8
a 13 76 11
a 13 30 6
a 13 78 3
a 13 59 19
a 13 71 10
a 13 98 15
a 13 40 1
a 13 46 3
a 13 80 10
a 14 15 15
a 14 48 18
a 14 65 8
a 14 50 12
a 14 78 12
a 14 84 15
a 14 61 2
a 14 17 2
a 14 69 15
a 14 98 10
a 14 89 10
a 14 99 16
a 14 27 10
a 14 44 11
a 14 40 13
a 14 53 5
a 14 77 7
a 14 2 9
a 14 72 3
a 14 45 14
a 14 73 17
a 14 37 2
a 15 16 9
a 15 82 19
a 15 46 10
a 15 21 16
a 15 95 14
a 15 96 6
a 15 62 7
a 15 4 1
a 15 12 19
a 15 73 1
a 15 20 13
a 15 55 5
a 15 66 17
a 15 22 12
a 15 78 3
a 15 54 19
a 15 40 5
a 15 86 17
a 15 26 19
a 15 71 15
a 15 52 6
a 16 17 3
a 16 24 6
a 16 45 1
a 16 18 7
a 16 61 19
a 16 35 3
a 16 80 6
a 16 87 15
a 16 79 2
a 16 99 11
a 16 15 10
a 16 51 5
a 16 19 9
a 16 67 17
a 17 18 7
a 17 47 16
a 17 33 13
a 17 12 13
a 17 78 5
a 17 63 10
a 17 4 17
a 17 88 16
a 17 71 11
a 17 51 13
a 17 85 19
a 17 24 14
a 17 16 15
a 17 22 2
a 17 14 7
a 17 44 18
a 17 38 7
a 17 54 19
a 18 19 8
a 18 62 10
a 18 30 1
a 18 92 4
a 18 29 14
a 18 10 1
a 18 36 3
a 18 34 13
a 18 70 8
a 18 95 18
a 18 66 2
a 18 49 6
a 18 91 3
a 18 86 3
a 18 97 10
a 18 9 14
a 18 93 3
a 18 46 11
a 18 38 14
a 18 51 2
a 18 37 15
a 18 88 8
a 18 72 12
a 18 39 1
a 18 87 13
a 18 80 11
a 18 42 7
a 18 40 19
a 19 20 2
a 19 61 8
a 19 1 5
a 19 10 18
a 19 44 15
a 19 65 2
a 19 31 11
a 19 33 14
a 19 48 18
a 19 7 10
a 19 78 6
a 19 21 15
a 19 63 16
a 19 60 16
a 19 86 10
a 19 56 3
a 19 12 13
a 19 28 4
a 19 5 17
a 19 47 5
a 19 88 4
a 19 25 3
a 20 21 16
a 20 6 14
a 20 17 15
a 20 69 19
a 20 28 17
a 20 42 3
a 20 36 19
a 20 77 5
a 20 30 8
a 20 39 14
a 20 49 9
a 20 86 18
a 20 99 3
a 20 85 6
a 20 2 1
a 20 78 19
a 20 56 6
a 20 52 3
a 20 8 5
a 20 97 6
a 21 22 17
a 21 11 14
a 21 48 18
a 21 39 8
a 21 8 2
a 21 16 3
a 21 61 13
a 21 82 9
a 21 3 11
a 21 17 18
a 21 67 4
a 21 32 11
a 21 81 18
a 21 9 16
a 21 70 12
a 21 28 11
a 21 86 4
a 22 23 18
a 22 82 17
a 22 15 13
a 22 53 16
a 22 70 15
a 22 77 8
a 22 49 11
a 22 41 2
a 22 95 9
a 22 50 8
a 22 44 7
a 22 28 18
a 22 93 18
a 22 30 11
a 22 18 13
a 22 40 11
a 22 75 10
a 22 20 10
a 22 86 14
a 22 83 13
a 22 85 16
a 22 9 11
a 22 91 18
a 22 97 10
a 22 21 17
a 23 24 6
a 23 86 10
a 23 74 12
a 23 31 1
a 23 72 16
a 23 14 12
a 23 93 13
a 23 34 15
a 23 28 16
a 23 38 18
a 23 33 1
a 23 15 5
a 23 71 1
a 23 49 11
a 23 32 19
a 23 64 5
a 23 62 18
a 24 25 4
a 24 95 19
a 24 69 12
a 24 99 4
a 24 6 2
a 24 96 5
a 24 23 3
a 24 14 3
a 24 27 13
a 24 3 9
a 24 81 17
a 24 91 5
a 24 16 16
a 24 83 13
a 24 84 1
a 24 42 12
a 24 77 6
a 24 18 1
a 25 26 8
a 25 80 2
a 25 92 19
a 25 67 16
a 25 76 12
a 25 79 13
a 25 85 7
a 25 36 11
a 25 83 18
a 25 77 1
a 25 6 8
a 25 17 13
a 25 87 10
a 25 30 18
a 25 1 11
a 25 89 9
a 25 65 14
a 25 70 16
a 25 86 2
a 25 73 16
a 25 29 11
a 26 27 12
a 26 55 6
a 26 84 15
a 26 60 15
a 26 5 15
a 26 83 7
a 26 44 6
a 26 11 9
a 26 35 2
a 26 30 6
a 26 45 12
a 26 96 11
a 26 88 13
a 26 13 15
a 26 20 17
a 26 14 10
a 26 68 9
a 26 86 8
a 26 87 17
a 26 23 3
a 26 47 3
a 26 52 12
a 26 25 7
a 26 39 16
a 27 28 16
a 27 71 5
a 27 77 10
a 27 45 13
a 27 6 9
a 27 50 12
a 27 53 19
a 27 24 19
a 27 73 19
a 27 72 19
a 27 18 5
a 27 88 17
a 27 82 8
a 27 41 6
a 27 76 5
a 27 68 16
a 27 33 17
a 27 48 18
a 27 43 11
a 27 4 11
a 27 95 18
a 27 38 10
a 28 29 15
a 28 92 18
a 28 94 2
a 28 34 10
a 28 8 3
a 28 73 11
a 28 10 14
a 28 60 7
a 28 7 13
a 28 21 15
a 28 2 5
a 28 86 12
a 28 88 1
a 28 55 15
a 28 61 10
a 28 11 5
a 28 33 3
a 28 18 15
a 28 52 5
a 28 12 14
a 29 30 4
a 29 20 5
a 29 80 3
a 29 44 14
a 29 61 19
a 29 3 18
a 29 47 17
a 29 40 9
a 29 2 19
a 29 67 15
a 29 60 5
a 29 28 17
a 29 63 5
a 29 55 14
a 29 7 1
a 29 83 3
a 29 79 17
a 29 43 1
a 29 85 8
a 29 32 8
a 29 76 8
a 30 31 5
a 30 96 7
a 30 95 12
a 30 75 1
a 30 24 19
a 30 58 11
a 30 57 3
a 30 11 4
a 30 76 12
a 30 21 18
a 30 90 4
a 30 34 2
a 30 70 6
a 30 3 5
a 30 56 17
a 30 52 18
a 31 32 15
a 31 1 14
a 31 91 15
a 31 46 4
a 31 66 1
a 31 13 3
a 31 8 14
a 31 39 19
a 31 50 6
a 31 4 3
a 31 54 8
a 31 75 16
a 31 14 3
a 31 10 14
a 31 56 18
a 31 81 6
a 31 84 16
a 31 95 18
a 31 21 8
a 31 42 18
a 31 37 18
a 31 34 15
a 31 73 8
a 31 47 10
a 31 49 8
a 31 18 3
a 31 90 18
a 32 33 15
a 32 37 9
a 32 94 10
a 32 97 12
a 32 58 14
a 32 4 9
a 32 52 5
a 32 64 3
a 32 68 6
a 32 6 14
a 32 81 7
a 32 83 14
a 32 14 17
a 32 7 19
a 32 85 19
a 32 56 3
a 32 51 18
a 32 57 6
a 32 62 8
a 33 34 8
a 33 14 7
a 33 82 3
a 33 21 13
a 33 8 3
a 33 44 5
a 33 47 13
a 33 80 9
a 33 54 9
a 33 23 1
a 33 64 1
a 33 86 1
a 33 27 5
a 33 6 19
a 33 83 10
a 33 28 14
a 33 50 9
a 33 12 17
a 33 48 14
a 33 89 6
a 33 61 2
a 33 73 13
a 33 70 6
a 33 53 13
a 33 72 3
a 33 22 6
a 33 84 2
a 33 63 2
a 34 35 11
a 34 1 15
a 34 67 14
a 34 99 13
a 34 69 13
a 34 20 16
a 34 78 1
a 34 14 12
a 34 55 13
a 34 85 11
a 34 66 10
a 34 72 14
a 34 13 17
a 34 88 17
a 34 23 10
a 34 17 5
a 34 74 6
a 34 91 2
a 34 32 17
a 34 73 7
a 34 45 1
a 34 50 1
a 35 36 2
a 35 15 3
a 35 13 15
a 35 98 1
a 35 19 19
a 35 57 16
a 35 24 17
a 35 10 16
a 35 96 9
a 35 40 12
a 35 91 13
a 35 89 14
a 35 93 18
a 35 41 12
a 35 26 9
a 35 88 17
a 35 8 8
a 35 11 8
a 35 51 6
a 35 90 17
a 35 78 12
a 35 22 4
a 35 95 6
a 36 37 17
a 36 82 14
a 36 78 16
a 36 11 14
a 36 79 11
a 36 90 15
a 36 29 4
a 36 7 7
a 36 83 6
a 36 60 16
a 36 96 12
a 36 34 18
a 36 6 17
a 36 50 11
a 36 2 14
a 36 9 8
a 36 22 9
a 36 30 1
a 36 4 4
a 36 5 11
a 36 68 15
a 36 92 13
a 36 85 19
a 36 63 13
a 36 53 18
a 36 74 9
a 36 48 2
a 36 42 19
a 37 38 14
a 37 57 8
a 37 83 8
a 37 87 9
a 37 8 4
a 37 11 13
a 37 7 11
a 37 59 1
a 37 9 6
a 37 24 12
a 37 79 14
a 37 88 4
a 37 25 6
a 37 2 15
a 37 77 7
a 37 86 4
a 37 32 16
a 38 39 4
a 38 25 1
a 38 84 11
a 38 5 6
a 38 41 16
a 38 69 9
a 38 52 1
a 38 83 16
a 38 81 2
a 38 58 10
a 38 29 17
a 38 91 8
a 38 60 7
a 38 34 13
a 38 79 9
a 38 12 6
a 38 85 3
a 39 40 7
a 39 21 13
a 39 92 5
a 39 93 7
a 39 94 2
a 39 45 17
a 39 76 18
a 39 70 2
a 39 96 2
a 39 34 5
a 39 43 6
a 39 87 2
a 39 77 15
a 40 41 8
a 40 62 11
a 40 65 12
a 40 1 2
a 40 23 14
a 40 4 9
a 40 91 2
a 40 95 7
a 40 49 15
a 40 32 19
a 40 56 12
a 40 38 10
a 40 64 8
a 40 68 18
a 40 89 18
a 40 21 18
a 40 12 16
a 40 71 13
a 40 88 2
a 40 25 17
a 40 57 2
a 40 97 19
a 40 44 3
a 41 42 1
a 41 18 5
a 41 59 8
a 41 58 13
a 41 82 8
a 41 46 13
a 41 56 10
a 41 86 7
a 41 29 3
a 41 27 7
a 41 64 11
a 41 35 4
a 41 28 14
a 41 20 16
a 41 65 9
a 41 68 11
a 41 53 6
a 41 96 13
a 41 90 3
a 41 19 1
a 42 43 9
a 42 13 4
a 42 40 17
a 42 95 5
a 42 85 16
a 42 32 6
a 42 92 8
a 42 75 12
a 42 99 14
a 42 28 5
a 42 24 2
a 42 5 3
a 42 30 12
a 42 36 17
a 42 1 2
a 42 33 12
a 42 76 10
a 42 7 4
a 42 14 6
a 42 58 16
a 43 44 5
a 43 36 18
a 43 16 1
a 43 18 6
a 43 90 13
a 43 35 15
a 43 96 14
a 43 28 17
a 43 33 9
a 43 51 2
a 43 6 4
a 43 40 16
a 43 11 6
a 43 23 13
a 43 13 17
a 43 75 11
a 43 95 6
a 43 88 2
a 43 93 1
a 43 20 18
a 44 45 3
a 44 50 12
a 44 51 6
a 44 27 9
a 44 99 14
a 44 71 4
a 44 96 19
a 44 39 14
a 44 12 11
a 44 16 8
a 44 62 4
a 44 55 14
a 44 84 19
a 44 11 18
a 44 58 11
a 44 72 10
a 44 19 15
a 45 46 9
a 45 9 7
a 45 15 13
a 45 87 2
a 45 8 6
a 45 27 14
a 45 42 11
a 45 52 12
a 45 48 12
a 45 4 8
a 45 98 15
a 45 54 12
a 45 80 11
a 45 16 10
a 45 73 1
a 45 19 9
a 45 29 13
a 45 43 17
a 45 71 11
a 46 47 15
a 46 70 2
a 46 25 8
a 46 88 19
a 46 78 17
a 46 24 5
a 46 51 7
a 46 17 4
a 46 9 10
a 46 15 3
a 46 71 5
a 46 91 14
a 47 48 13
a 47 85 14
a 47 64 16
a 47 54 8
a 47 55 16
a 47 74 11
a 47 36 4
a 47 87 18
a 47 89 14
a 47 78 11
a 47 19 18
a 47 68 1
a 47 92 13
a 47 84 1
a 47 76 2
a 47 83 14
a 47 49 1
a 47 51 11
a 48 49 4
a 48 83 8
a 48 60 17
a 48 6 9
a 48 65 16
a 48 46 11
a 48 32 2
a 48 52 2
a 48 42 12
a 48 79 4
a 48 59 14
a 48 98 7
a 48 62 13
a 48 24 4
a 48 41 19
a 48 91 10
a 48 25 16
a 48 94 12
a 48 34 19
a 49 50 13
a 49 55 9
a 49 58 10
a 49 16 19
a 49 1 2
a 49 75 19
a 49 79 19
a 49 53 2
a 49 24 11
a 49 85 6
a 49 84 17
a 49 38 3
a 49 30 12
a 49 76 2
a 49 97 12
a 49 11 16
a 50 51 16
a 50 61 16
a 50 65 5
a 50 81 19
a 50 11 12
a 50 66 13
a 50 96 19
a 50 59 15
a 50 95 19
a 50 56 14
a 50 7 1
a 50 97 9
a 50 22 12
a 50 79 11
a 50 69 14
a 50 78 12
a 50 6 18
a 50 44 16
a 50 33 12
a 51 52 19
a 51 22 11
a 51 80 5
a 51 93 18
a 51 10 1
a 51 44 8
a 51 36 2
a 51 77 1
a 51 66 1
a 51 41 12
a 51 19 12
a 51 43 19
a 51 29 5
a 51 2 18
a 51 45 11
a 51 89 6
a 51 8 8
a 52 53 15
a 52 77 1
a 52 75 11
a 52 40 12
a 52 34 3
a 52 65 17
a 52 2 6
a 52 14 16
a 52 79 6
a 52 85 3
a 52 80 2
a 52 38 8
a 52 50 18
a 52 61 13
a 52 19 16
a 52 68 1
a 52 46 16
a 52 21 7
a 52 44 16
a 52 18 13
a 52 41 2
a 52 48 17
a 52 15 6
a 53 54 4
a 53 20 4
a 53 88 5
a 53 49 5
a 53 35 8
a 53 38 13
a 53 61 10
a 53 12 18
a 53 64 8
a 53 28 11
a 53 21 19
a 53 81 2
a 53 8 10
a 53 94 7
a 53 92 13
a 53 60 10
a 53 79 19
a 54 55 6
a 54 11 18
a 54 69 18
a 54 87 1
a 54 66 3
a 54 57 9
a 54 59 1
a 54 89 12
a 54 84 6
a 54 1 3
a 54 7 7
a 54 28 4
a 54 42 15
a 54 83 11
a 54 79 2
a 54 60 1
a 55 56 9
a 55 11 7
a 55 83 6
a 55 25 6
a 55 1 1
a 55 93 19
a 55 60 4
a 55 43 18
a 55 79 19
a 55 39 11
a 55 72 15
a 55 57 2
a 55 89 16
a 55 86 9
a 55 77 11
a 55 22 3
a 55 4 15
a 55 17 16
a 55 61 15
a 55 32 5
a 55 45 6
a 55 16 5
a 55 38 17
a 56 57 2
a 56 9 4
a 56 62 7
a 56 41 17
a 56 78 3
a 56 93 15
a 56 34 19
a 56 21 13
a 56 48 3
a 56 14 4
a 56 67 7
a 56 15 2
a 56 8 8
a 56 36 9
a 56 10 3
a 56 46 7
a 57 58 14
a 57 18 8
a 57 32 18
a 57 56 1
a 57 79 4
a 57 10 19
a 57 65 15
a 57 73 11
a 57 71 6
a 57 51 8
a 57 97 1
a 57 88 17
a 57 74 4
a 57 21 12
a 57 47 6
a 57 67 13
a 57 24 10
a 57 86 16
a 57 14 5
a 58 59 6
a 58 67 13
a 58 7 17
a 58 16 2
a 58 60 19
a 58 50 13
a 58 85 16
a 58 1 4
a 58 20 15
a 58 37 10
a 58 76 11
a 58 3 15
a 58 14 2
a 58 65 13
a 58 72 15
a 58 74 19
a 58 38 12
a 58 98 13
a 59 60 11
a 59 37 7
a 59 24 8
a 59 90 17
a 59 83 11
a 59 93 13
a 59 42 6
a 59 97 11
a 59 25 6
a 59 44 14
a 59 27 14
a 59 34 8
a 59 75 5
a 59 3 4
a 59 62 1
a 59 30 9
a 59 9 5
a 59 36 9
a 59 63 15
a 59 54 1
a 59 55 2
a 59 41 15
a 60 61 19
a 60 76 16
a 60 5 5
a 60 57 11
a 60 81 6
a 60 56 5
a 60 24 16
a 60 27 2
a 60 73 7
a 60 40 10
a 60 1 1
a 60 84 7
a 60 6 18
a 60 70 9
a 61 62 18
a 61 6 6
a 61 21 4
a 61 85 11
a 61 9 5
a 61 45 12
a 61 32 4
a 61 43 5
a 61 84 7
a 61 38 4
a 61 78 10
a 61 30 16
a 61 4 1
a 61 83 13
a 61 22 7
a 61 71 5
a 61 90 12
a 61 70 4
a 61 92 13
a 61 65 5
a 61 3 10
a 61 91 4
a 61 26 7
a 61 52 8
a 61 58 2
a 61 18 17
a 61 67 7
a 62 63 15
a 62 60 16
a 62 67 7
a 62 54 18
a 62 49 12
a 62 41 4
a 62 71 19
a 62 69 16
a 62 25 8
a 62 16 1
a 62 96 1
a 62 56 19
a 62 14 18
a 62 70 1
a 62 76 5
a 62 33 13
a 62 12 12
a 62 10 1
a 62 79 4
a 62 51 3
a 62 66 6
a 62 89 2
a 63 64 4
a 63 12 16
a 63 99 16
a 63 84 12
a 63 68 17
a 63 89 15
a 63 70 11
a 63 59 16
a 63 55 14
a 63 47 19
a 63 74 18
a 63 80 7
a 63 16 16
a 63 46 11
a 63 29 2
a 63 38 13
a 63 3 3
a 63 10 6
a 63 52 9
a 63 60 9
a 63 69 6
a 64 65 17
a 64 30 14
a 64 44 4
a 64 9 8
a 64 24 11
a 64 29 6
a 64 82 16
a 64 21 16
a 64 34 14
a 64 78 10
a 64 41 9
a 64 37 13
a 64 5 12
a 64 98 10
a 64 36 10
a 64 23 18
a 64 20 5
a 64 94 11
a 65 66 1
a 65 10 9
a 65 80 1
a 65 8 11
a 65 88 5
a 65 97 14
a 65 39 15
a 65 38 17
a 65 90 2
a 65 27 13
a 65 71 19
a 65 94 17
a 65 47 4
a 65 98 12
a 65 69 17
a 65 92 10
a 65 63 11
a 65 57 9
a 65 40 14
a 65 78 15
a 66 67 3
a 66 79 1
a 66 87 2
a 66 37 15
a 66 82 13
a 66 73 9
a 66 52 11
a 66 24 6
a 66 18 11
a 66 7 14
a 66 33 6
a 66 90 10
a 66 29 11
a 66 70 4
a 66 88 17
a 66 5 17
a 66 16 2
a 67 68 17
a 67 36 9
a 67 1 1
a 67 31 16
a 67 76 16
a 67 55 6
a 67 70 19
a 67 44 5
a 67 87 4
a 67 30 6
a 67 65 12
a 67 4 16
a 67 82 15
a 67 58 19
a 67 89 5
a 67 34 5
a 67 60 4
a 67 61 16
a 67 75 3
a 67 20 5
a 67 40 13
a 68 69 19
a 68 97 3
a 68 51 10
a 68 76 8
a 68 75 11
a 68 28 16
a 68 33 1
a 68 82 1
a 68 86 12
a 68 44 4
a 68 15 12
a 68 16 18
a 68 90 6
a 68 66 15
a 68 5 19
a 68 58 15
a 68 29 13
a 68 98 17
a 68 99 18
a 68 11 8
a 69 70 1
a 69 31 8
a 69 57 18
a 69 40 9
a 69 8 5
a 69 63 3
a 69 73 5
a 69 28 7
a 69 48 19
a 69 26 16
a 69 92 19
a 69 89 4
a 69 27 5
a 69 84 3
a 69 13 19
a 69 56 14
a 69 23 19
a 69 59 5
a 69 29 15
a 69 87 17
a 69 76 10
a 69 16 11
a 69 7 14
a 69 11 19
a 69 88 19
a 70 71 4
a 70 26 10
a 70 38 7
a 70 31 17
a 70 86 4
a 70 48 4
a 70 59 2
a 70 10 11
a 70 68 15
a 70 65 12
a 70 94 16
a 70 52 17
a 70 90 18
a 70 5 9
a 70 56 15
a 71 72 11
a 71 17 2
a 71 35 19
a 71 81 11
a 71 97 5
a 71 6 16
a 71 5 10
a 71 91 2
a 71 25 1
a 71 75 3
a 71 80 15
a 71 54 13
a 71 21 13
a 71 53 14
a 71 69 19
a 71 92 8
a 71 19 6
a 71 8 1
a 71 95 10
a 71 61 1
a 71 96 11
a 71 49 4
a 72 73 7
a 72 9 7
a 72 7 7
a 72 75 4
a 72 50 7
a 72 83 18
a 72 5 1
a 72 28 16
a 72 3 6
a 72 55 1
a 72 47 18
a 72 52 4
a 72 71 13
a 72 79 7
a 72 33 17
a 72 66 2
a 73 74 15
a 73 27 7
a 73 67 14
a 73 78 12
a 73 16 13
a 73 88 10
a 73 98 13
a 73 49 17
a 73 20 2
a 73 71 9
a 73 31 5
a 73 1 6
a 73 40 19
a 73 58 2
a 73 55 18
a 73 8 4
a 73 17 19
a 73 51 12
a 74 75 2
a 74 81 15
a 74 92 9
a 74 60 2
a 74 56 11
a 74 41 5
a 74 34 1
a 74 12 2
a 74 44 17
a 74 4 5
a 74 99 6
a 74 80 8
a 74 47 3
a 74 19 2
a 74 24 3
a 74 90 16
a 74 78 17
a 74 97 4
a 74 17 5
a 74 73 14
a 74 93 19
a 74 70 13
a 75 76 9
a 75 6 7
a 75 81 7
a 75 5 1
a 75 59 19
a 75 92 18
a 75 38 12
a 75 53 15
a 75 37 19
a 75 72 17
a 75 43 3
a 75 12 9
a 75 31 13
a 75 8 4
a 75 13 6
a 75 68 14
a 75 29 15
a 75 65 15
a 75 4 10
a 75 14 14
a 75 96 10
a 76 77 4
a 76 52 12
a 76 91 15
a 76 98 5
a 76 41 13
a 76 59 8
a 76 33 15
a 76 17 18
a 76 95 13
a 76 45 7
a 76 58 4
a 76 92 7
a 76 25 6
a 76 70 9
a 76 49 13
a 76 9 1
a 76 35 13
a 76 23 2
a 76 74 4
a 76 63 7
a 76 4 10
a 76 18 18
a 76 88 15
a 76 65 10
a 76 81 17
a 76 22 18
a 77 78 4
a 77 31 17
a 77 8 5
a 77 63 8
a 77 28 6
a 77 14 19
a 77 72 6
a 77 99 1
a 77 37 4
a 77 82 2
a 77 42 10
a 77 11 12
a 77 91 14
a 77 87 17
a 77 36 6
a 77 32 1
a 77 6 1
a 77 85 14
a 77 12 16
a 77 22 11
a 77 25 13
a 78 79 10
a 78 64 13
a 78 7 17
a 78 92 17
a 78 75 7
a 78 53 9
a 78 9 4
a 78 58 3
a 78 10 12
a 78 5 9
a 78 3 19
a 78 91 12
a 78 46 16
a 78 90 8
a 78 17 18
a 78 86 18
a 78 35 18
a 79 80 6
a 79 61 15
a 79 49 14
a 79 1 13
a 79 93 13
a 79 23 16
a 79 69 5
a 79 67 2
a 79 18 13
a 79 6 4
a 79 41 1
a 79 92 12
a 79 81 17
a 79 60 8
a 79 4 19
a 79 88 19
a 79 73 9
a 79 98 1
a 80 81 6
a 80 11 3
a 80 14 1
a 80 36 2
a 80 4 4
a 80 42 19
a 80 92 11
a 80 55 18
a 80 17 18
a 80 1 10
a 80 86 14
a 80 71 8
a 80 78 8
a 80 28 15
a 80 50 7
a 80 34 4
a 80 96 15
a 81 82 5
a 81 33 14
a 81 3 7
a 81 21 17
a 81 96 16
a 81 65 9
a 81 26 7
a 81 46 12
a 81 67 18
a 81 37 5
a 81 89 6
a 81 42 9
a 81 63 4
a 81 80 15
a 81 62 17
a 81 43 14
a 81 8 6
a 82 83 11
a 82 14 16
a 82 79 16
a 82 71 1
a 82 92 13
a 82 38 8
a 82 48 10
a 82 37 5
a 82 34 2
a 82 26 14
a 82 78 18
a 82 33 16
a 82 53 16
a 82 1 1
a 82 91 6
a 82 30 14
a 82 24 11
a 82 43 7
a 83 84 17
a 83 75 16
a 83 59 4
a 83 82 7
a 83 87 2
a 83 32 12
a 83 74 6
a 83 5 13
a 83 54 7
a 83 89 7
a 83 28 7
a 83 7 19
a 83 43 1
a 83 69 16
a 83 51 7
a 83 21 16
a 84 85 7
a 84 18 9
a 84 63 4
a 84 99 11
a 84 53 12
a 84 87 5
a 84 22 1
a 84 10 10
a 84 44 5
a 84 40 14
a 84 26 15
a 84 32 15
a 84 97 11
a 84 68 15
a 84 86 9
a 84 62 2
a 84 74 16
a 84 35 9
a 84 50 19
a 84 73 6
a 85 86 17
a 85 49 4
a 85 26 2
a 85 77 14
a 85 95 16
a 85 31 2
a 85 56 7
a 85 35 6
a 85 58 9
a 85 39 2
a 85 30 16
a 85 69 5
a 85 66 13
a 85 81 2
a 85 62 9
a 85 82 10
a 85 10 12
a 85 32 3
a 85 46 15
a 85 71 5
a 85 13 15
a 86 87 6
a 86 66 2
a 86 70 12
a 86 34 18
a 86 25 3
a 86 82 18
a 86 38 12
a 86 54 12
a 86 19 19
a 86 97 3
a 86 98 18
a 86 90 3
a 86 40 12
a 86 84 5
a 86 36 12
a 86 13 8
a 86 24 19
a 86 53 6
a 86 96 4
a 87 88 8
a 87 22 6
a 87 63 16
a 87 81 15
a 87 97 1
a 87 82 6
a 87 57 18
a 87 33 1
a 87 21 6
a 87 23 19
a 87 64 7
a 87 31 4
a 87 24 3
a 87 50 8
a 87 11 7
a 87 67 12
a 87 58 14
a 87 80 16
a 87 46 1
a 87 14 9
a 87 42 7
a 87 19 16
a 87 95 19
a 88 89 16
a 88 75 15
a 88 2 4
a 88 48 6
a 88 80 11
a 88 57 9
a 88 40 7
a 88 83 19
a 88 61 3
a 88 99 16
a 88 39 18
a 88 72 1
a 88 94 10
a 88 16 1
a 88 79 4
a 88 50 2
a 88 14 7
a 88 24 4
a 89 90 7
a 89 76 8
a 89 52 18
a 89 75 8
a 89 1 14
a 89 32 12
a 89 56 14
a 89 34 4
a 89 5 13
a 89 2 8
a 89 15 18
a 89 57 2
a 89 23 9
a 89 59 5
a 89 84 5
a 89 41 19
a 89 48 6
a 89 95 3
a 89 30 5
a 89 86 11
a 89 66 11
a 89 67 8
a 89 51 2
a 90 91 13
a 90 16 1
a 90 70 12
a 90 35 4
a 90 21 17
a 90 26 11
a 90 62 7
a 90 59 8
a 90 34 1
a 90 88 6
a 90 95 5
a 90 50 1
a 90 53 6
a 90 3 2
a 90 71 8
a 90 31 8
a 90 72 15
a 90 78 14
a 90 94 5
a 90 30 5
a 90 24 3
a 90 66 18
a 90 60 2
a 90 27 15
a 90 25 5
a 91 92 13
a 91 96 2
a 91 76 9
a 91 62 16
a 91 82 16
a 91 29 11
a 91 63 14
a 91 52 7
a 91 42 19
a 91 61 15
a 91 87 4
a 91 84 14
a 91 64 6
a 91 85 17
a 91 41 17
a 91 83 8
a 92 93 15
a 92 75 11
a 92 38 16
a 92 97 2
a 92 5 17
a 92 87 11
a 92 46 3
a 92 13 4
a 92 77 16
a 92 96 15
a 92 84 11
a 92 26 8
a 92 52 10
a 92 21 12
a 92 76 7
a 92 14 19
a 92 22 14
a 92 47 7
a 93 94 10
a 93 10 2
a 93 72 19
a 93 48 17
a 93 20 6
a 93 36 19
a 93 18 17
a 93 44 11
a 93 34 6
a 93 4 17
a 93 60 6
a 93 81 18
a 93 86 16
a 93 32 12
a 93 17 1
a 93 13 17
a 93 70 15
a 93 59 18
a 93 46 18
a 93 91 19
a 93 16 6
a 93 23 12
a 93 78 6
a 94 95 15
a 94 55 14
a 94 68 12
a 94 39 19
a 94 64 5
a 94 76 14
a 94 37 6
a 94 56 4
a 94 87 3
a 94 40 8
a 94 73 5
a 94 4 10
a 94 35 9
a 94 46 4
a 94 42 14
a 94 81 8
a 94 20 16
a 94 45 3
a 94 69 19
a 94 60 11
a 94 77 12
a 94 98 18
a 95 96 5
a 95 3 11
a 95 28 4
a 95 46 16
a 95 1 16
a 95 19 4
a 95 86 18
a 95 85 4
a 95 6 4
a 95 69 10
a 95 59 4
a 95 39 19
a 95 84 14
a 95 30 3
a 95 27 13
a 95 21 15
a 95 7 16
a 96 97 12
a 96 4 3
a 96 17 4
a 96 31 17
a 96 5 11
a 96 91 5
a 96 58 19
a 96 71 10
a 96 38 13
a 96 55 11
a 96 83 3
a 96 53 3
a 96 34 7
a 96 30 1
a 96 86 16
a 96 11 11
a 96 56 11
a 96 98 4
a 96 43 17
a 97 98 2
a 97 60 15
a 97 85 17
a 97 87 18
a 97 79 4
a 97 39 9
a 97 20 13
a 97 74 15
a 97 23 8
a 97 76 12
a 97 63 16
a 97 96 15
a 97 7 13
a 97 28 6
a 97 49 4
a 97 24 6
a 97 61 16
a 97 1 4
a 97 40 18
a 98 99 5
a 98 68 18
a 98 40 12
a 98 11 5
a 98 91 6
a 98 58 15
a 98 88 14
a 98 2 11
a 98 73 3
a 98 76 17
a 98 93 2
a 98 89 11
a 98 31 7
a 98 53 18
a 98 86 18
a 98 22 12
a 98 62 8
a 98 7 4
a 98 75 15
a 98 3 17
a 98 30 17
a 98 71 12
a 98 36 17
a 98 52 9
a 98 64 13
a 98 12 6
c 96 53 80 71 155
c 5 18 1 78 150
c 82 30 89 66 179
c 7 92 10 28 131
c 80 96 30 52 187
c 95 84 33 83 175
c 36 4 12 54 177
c 68 28 42 33 148
c 27 6 87 67 105
c 57 79 81 62 159
c 28 92 38 29 104
c 59 97 9 85 105
c 61 3 9 44 144
c 10 1 52 2 161
c 20 42 53 60 184
c 21 39 79 98 119
c 32 68 24 14 125
c 69 57 29 55 171
c 80 81 47 19 153
c 36 29 61 91 177
c 7 35 46 47 109
c 90 26 55 79 128
c 92 22 44 11 190
c 4 46 10 40 116
c 30 11 76 63 126
c 18 46 42 75 155
c 21 22 19 21 198
c 49 24 9 23 109
c 65 47 95 96 154
c 69 48 19 88 127
c 14 99 90 95 170
c 97 87 45 19 153
c 40 21 22 75 123
c 64 5 8 37 140
c 4 31 63 89 136
c 64 94 11 79 173
c 0 83 31 49 189
c 55 1 26 39 130
c 16 17 17 38 181
c 37 87 56 78 116
c 98 22 60 40 102
c 22 70 76 65 134
c 82 53 5 75 169
c 64 24 61 6 163
c 93 17 34 67 183
c 96 30 65 97 133
c 79 88 40 38 138
c 61 65 42 30 143
c 75 72 32 51 176
c 58 85 1 57 147
c 87 11 59 55 103
c 61 90 7 46 112
c 44 58 85 62 129
c 39 92 16 35 195
c 76 98 48 60 143
c 20 2 81 82 176
c 87 97 7 83 116
c 50 65 80 28 128
c 35 91 52 41 187
c 92 22 61 22 156
c 19 86 56 21 127
c 78 53 55 17 191
c 22 40 91 41 154
c 46 9 38 25 184
c 46 47 57 67 155
c 36 4 27 28 138
c 18 30 93 44 185
c 76 17 59 27 129
c 61 84 82 83 182
c 33 14 30 57 185
c 10 92 95 3 161
c 59 24 37 11 189
c 64 36 37 7 138
c 55 16 8 54 114
c 66 82 83 28 167
c 69 27 31 1 189
c 54 87 17 4 171
c 93 13 77 11 134
c 11 7 19 1 172
c 75 92 7 21 120
c 49 1 35 88 162
c 66 29 30 34 113
c 30 57 47 92 191
c 36 96 17 33 160
c 21 22 97 85 158
c 97 61 55 32 156
c 35 10 76 65 183
c 10 29 61 62 165
c 0 81 98 12 128
c 28 88 80 92 178
c 76 88 17 47 169
c 80 36 61 26 199
c 49 75 52 15 147
c 49 11 94 45 129
c 90 30 71 69 169
c 34 67 89 95 164
c 87 88 81 96 178
c 48 32 90 95 118
c 57 65 51 41 151
c 29 28 44 71 109
c 47 54 6 54 198
c 40 62 18 39 185
c 91 82 58 60 143
c 59 75 87 97 198
c 28 2 89 76 139
c 28 12 23 34 163
c 28 18 3 22 125
c 59 3 19 47 125
c 60 40 2 32 120
c 61 91 48 65 178
c 67 65 26 87 140
c 56 15 41 53 132
c 11 24 24 81 113
c 49 58 60 5 123
c 38 58 83 69 128
c 94 42 55 17 154
c 72 66 42 1 142
c 77 32 9 10 199
c 90 34 70 52 146
c 63 68 57 51 156
c 83 5 32 52 144
c 10 40 0 81 103
c 30 24 45 4 109
c 85 82 23 49 138
c 29 32 33 72 143
c 84 86 33 23 183
c 49 30 44 62 181
c 81 89 5 19 131
c 62 89 29 47 101
c 43 96 2 66 179
c 76 23 47 84 142
c 58 98 85 81 199
c 69 88 91 85 196
c 33 80 74 34 150
c 22 15 34 69 168
c 5 89 50 81 155
c 94 64 21 16 106
c 54 55 75 96 171
c 58 7 81 26 119
c 12 17 18 97 149
c 57 10 87 50 182
c 86 24 64 41 132
c 83 69 32 58 134
c 63 10 4 92 128
c 80 14 87 97 111
c 41 68 0 33 183
c 0 65 62 49 178
c 46 17 18 66 112
c 19 20 36 6 112
c 30 24 34 35 188
c 92 47 51 36 144
c 12 8 52 48 133
c 55 83 72 3 144
c 23 14 36 34 114
c 63 29 10 53 140
c 44 71 25 36 168
c 14 45 82 33 101
c 86 24 26 47 137
c 55 17 95 6 179
c 59 62 52 38 176
c 18 70 55 45 106
c 65 57 9 64 143
c 89 95 61 91 194
c 98 7 83 74 159
c 51 52 4 94 172
c 32 62 68 44 134
c 93 23 12 59 174
c 85 26 50 65 127
c 10 21 11 92 123
c 77 22 26 11 199
c 94 55 98 7 167
c 19 56 71 19 167
c 31 66 41 86 177
c 75 14 94 35 141
c 2 56 32 58 174
c 63 47 83 82 176
c 22 40 40 65 117
c 17 47 19 60 186
c 37 77 29 20 137
c 67 60 37 57 114
c 69 89 60 84 190
c 35 10 55 89 172
c 79 41 15 55 123
c 42 75 75 12 192
c 80 11 28 8 169
c 84 87 27 88 124
c 42 24 75 37 102
c 85 95 92 26 193
c 25 80 9 97 188
c 96 71 55 22 100
c 8 32 93 81 177
c 95 39 17 4 157
c 85 49 6 3 174
c 9 23 10 40 191
c 10 40 82 91 100
c 75 5 80 50 110
c 0 37 66 88 121
c 69 56 79 60 113
c 2 69 69 28 132
c 77 42 33 89 193
c 91 76 97 85 154
c 63 38 72 3 147
c 26 5 33 84 127
c 80 4 38 79 126
c 76 22 84 50 165
c 8 4 89 59 144
c 20 6 61 67 130
c 29 85 32 56 148
c 86 38 40 88 136
c 56 57 84 35 107
c 35 95 75 6 100
c 10 97 5 37 199
c 60 40 84 73 130
c 2 65 83 21 164
c 62 33 29 60 128
c 61 70 79 88 164
c 63 3 25 89 165
c 12 1 2 8 174
c 28 60 3 36 102
c 87 24 70 59 112
c 89 75 25 17 130
c 18 42 67 87 108
c 98 36 22 77 134
c 19 25 59 63 163
c 76 41 27 88 117
c 77 99 68 98 152
c 33 63 62 12 126
c 54 89 23 74 102
c 62 56 33 72 136
c 18 10 21 28 130
c 71 25 35 57 107
c 11 87 36 60 100
c 88 24 45 16 118
c 61 65 19 61 161
c 83 21 40 88 147
c 27 73 85 30 131
c 5 50 27 88 139
c 48 83 13 98 158
c 23 49 39 93 101
c 14 78 75 14 109
c 7 38 3 24 178
c 29 28 70 48 170
c 86 53 71 91 169
c 43 95 69 26 118
c 79 41 57 88 167
c 98 11 94 4 122
c 88 2 34 17 129
c 51 29 78 7 134
c 35 19 40 65 181
c 11 98 20 49 191
c 31 4 63 38 109
c 24 42 80 71 115
c 50 96 84 53 144
c 54 1 32 33 147
c 69 16 26 39 155
c 9 94 25 86 132
c 3 4 64 21 158
c 63 59 36 22 129
c 66 73 70 31 185
c 14 44 87 63 145
c 85 31 93 94 111
c 24 3 66 67 121
c 79 18 87 63 142
c 64 37 33 73 163
c 7 21 10 92 146
c 51 52 76 45 146
c 43 90 17 18 135
c 40 23 52 38 197
c 1 15 96 86 127
c 46 17 12 59 110
c 21 8 2 57 194
c 9 44 74 17 115
c 79 41 4 50 127
c 36 78 62 41 150
c 83 21 30 76 163
c 89 23 17 18 192
c 22 86 0 32 131
c 70 31 93 48 187
c 58 67 91 84 199
c 72 33 20 85 131
c 43 36 78 9 155
c 8 32 87 24 147
c 16 99 62 69 155
c 71 53 92 13 117
c 31 1 25 65 151
c 2 72 27 82 180
c 94 73 98 53 100
c 55 79 9 23 182
c 37 8 64 9 116
c 2 9 86 36 171
c 58 76 75 31 146
c 49 76 59 36 102
c 38 41 22 93 122
c 75 4 47 64 112
c 21 48 25 86 102
c 3 87 22 28 171
c 24 42 34 1 100
c 59 83 10 99 171
c 75 8 57 21 178
c 77 63 17 22 199
c 60 6 53 8 177
c 20 17 70 68 131
c 34 17 6 67 128
c 91 62 61 3 111
c 21 22 38 60 107
c 92 21 5 18 128
c 68 58 83 54 123
c 92 84 23 28 185
c 96 97 69 7 120
c 78 35 12 68 171
c 32 58 31 95 123
c 74 24 23 31 146
c 18 66 1 5 199
c 19 48 31 95 110
c 48 49 89 5 160
c 86 25 78 35 113
c 22 85 78 58 171
c 55 61 58 65 104
c 44 11 83 82 121
c 32 64 40 89 130
c 17 78 20 99 140
c 66 37 62 63 165
c 26 30 77 22 194
c 12 76 97 1 179
c 71 54 67 70 124
c 5 3 87 33 116
c 67 89 9 61 122
c 2 72 70 71 101
c 68 28 31 50 105
c 94 64 61 43 109
c 76 45 48 91 176
c 33 47 6 67 193
c 7 21 97 60 175
c 39 92 18 37 100
c 1 24 34 50 146
c 53 81 31 47 124
c 34 73 3 24 179
c 87 19 1 97 165
c 38 52 26 13 176
c 13 59 33 70 185
c 98 73 80 1 166
c 32 37 72 47 193
c 0 49 2 88 137
c 98 75 27 33 155
c 23 34 71 95 149
c 61 70 87 57 191
c 26 44 35 19 106
c 35 13 96 56 145
c 49 11 60 76 121
c 2 33 27 45 133
c 36 30 88 39 166
c 61 4 94 45 156
c 31 66 3 84 168
c 49 53 90 24 160
c 80 78 95 7 157
c 69 87 87 95 153
c 26 14 79 67 199
c 91 84 86 54 172
c 77 36 5 93 162
c 62 70 22 97 170
c 49 55 16 87 187
c 33 80 82 83 154
c 33 22 54 1 177
c 61 26 56 48 128
c 68 99 56 62 103
c 12 36 37 25 103
c 26 25 13 80 145
c 5 72 82 34 167
c 37 2 94 95 168
c 19 47 34 91 141
c 18 46 9 94 131
c 14 45 44 84 168
c 41 59 97 98 110
c 66 52 62 16 164
c 26 45 13 56 100
c 82 30 86 87 133
c 47 78 94 60 162
c 94 40 53 21 132
c 4 46 54 79 158
c 6 62 66 73 193
c 12 90 1 28 123
c 64 21 71 69 128
c 30 70 75 8 139
c 69 56 20 39 157
c 29 43 98 2 195
c 79 4 77 22 107
c 2 56 41 58 155
c 72 28 97 23 120
c 60 73 73 49 160
c 43 40 87 67 105
c 61 71 55 16 173
c 55 32 9 97 137
c 78 91 97 85 181
c 59 41 75 53 170
c 77 14 91 63 168
c 75 14 75 96 197
c 14 69 93 60 133
c 66 16 35 24 114
c 18 40 63 29 134
c 73 31 25 26 124
c 81 96 18 10 127
c 61 90 69 7 135
c 56 62 92 75 145
c 49 1 0 33 113
c 39 93 34 85 113
c 76 70 26 68 148
c 13 81 54 55 164
c 76 23 59 25 142
c 70 71 10 41 148
c 54 28 32 62 104
c 55 79 33 89 192
c 51 66 17 12 146
c 82 48 15 95 148
c 12 71 23 86 162
c 75 53 50 96 184
c 63 70 46 15 101
c 32 37 92 75 152
c 55 89 36 22 159
c 24 69 77 6 180
c 69 23 25 30 138
c 10 28 59 44 176
c 73 88 56 78 170
c 41 56 51 41 132
c 42 7 65 27 116
c 68 90 71 17 115
c 28 18 49 55 155
c 78 75 81 8 117
c 19 12 80 36 143
c 51 52 66 67 104
c 71 49 17 12 138
c 93 20 92 5 107
c 20 28 47 55 152
c 26 20 38 69 115
c 38 12 27 77 134
c 60 84 24 84 136
c 69 7 86 84 185
c 31 18 7 75 173
c 13 80 39 92 177
c 72 50 77 11 136
c 85 46 90 88 181
c 76 35 69 13 183
c 85 39 28 92 186
c 95 7 8 58 127
c 47 51 47 84 109
c 74 78 82 71 168
c 63 70 32 37 149
c 90 50 36 22 149
c 13 39 60 61 104
c 12 19 8 89 168
c 97 85 11 13 199
c 76 74 7 48 188
c 28 92 87 95 106
c 90 3 97 39 157
c 68 15 85 86 161
c 55 11 30 58 179
c 77 37 12 1 180
c 9 44 50 96 196
c 1 57 7 48 161
c 43 20 66 33 193
c 98 11 76 35 136
c 15 73 12 2 191
c 76 98 55 39 187
c 33 63 28 12 171
c 24 69 45 87 131
c 50 95 56 34 114
c 12 2 94 77 112
c 27 43 5 18 103
c 52 14 55 1 116
c 31 42 98 11 190
c 22 77 94 37 191
c 28 33 1 91 167
c 87 46 94 42 140
c 83 87 59 83 179
c 50 66 8 85 193
c 93 13 3 36 178
c 2 3 31 37 124
c 86 19 8 82 122
c 55 16 54 87 102
c 49 55 15 16 145
c 52 53 66 52 158
c 74 93 84 68 165
c 18 40 22 86 151
c 29 63 82 24 158
c 64 94 52 77 141
c 48 42 92 22 113
c 38 79 64 21 168
c 31 56 42 95 156
c 54 84 22 21 172
c 63 47 71 49 158
c 75 29 54 84 160
c 28 11 44 58 195
c 6 19 83 51 139
c 16 19 71 53 110
c 4 76 92 21 147
c 85 39 75 38 122
c 87 63 65 90 192
c 57 10 11 98 146
c 29 7 38 81 165
c 32 37 32 6 125
c 78 86 69 26 165
c 1 5 36 83 179
c 14 65 97 98 168
c 19 56 51 45 126
c 38 91 98 86 181
c 48 41 44 50 139
c 83 82 63 38 191
c 48 60 9 61 186
c 9 23 27 88 193
c 51 36 64 37 160
c 14 48 22 30 107
c 78 92 72 66 106
c 56 15 25 70 109
c 87 95 61 70 156
c 3 81 85 56 146
c 2 96 13 78 193
c 26 14 34 66 176
c 50 22 76 95 131
c 94 95 73 49 131
c 21 11 73 78 141
c 40 71 44 71 199
c 34 45 73 17 109
c 26 44 85 49 162
c 33 61 90 21 117
c 9 61 20 69 103
c 73 98 34 35 118
c 66 88 50 66 166
c 74 24 5 64 145
c 67 60 42 95 143
c 14 17 87 67 191
c 45 52 16 35 195
c 48 49 24 25 166
c 96 55 75 12 147
c 12 35 67 4 127
c 10 28 87 22 109
c 81 65 85 56 144
c 24 81 98 53 163
c 0 49 41 58 141
c 85 81 36 83 177
c 54 83 19 65 125
c 8 32 41 56 181
c 10 31 23 33 108
c 75 92 65 90 152
c 97 61 72 5 131
c 12 41 34 13 156
c 36 30 49 76 131
c 60 5 1 2 177
c 76 95 33 28 196
c 2 3 67 40 168
c 52 38 31 50 121
c 32 4 1 52 189
c 97 39 93 20 192
c 69 70 42 58 111
c 25 73 90 70 145
c 10 11 95 27 194
c 84 85 33 34 106
c 12 90 87 33 132
c 66 33 82 91 118
c 10 93 92 21 109
c 35 98 4 56 121
c 8 31 69 88 137
c 65 80 30 11 183
c 36 85 59 93 112
c 16 15 35 13 138
c 8 11 14 65 138
c 73 49 36 4 100
c 22 40 17 47 116
c 57 58 42 92 106
c 27 50 94 64 176
c 94 64 63 84 196
c 80 1 27 53 176
c 87 58 77 63 142
c 30 11 21 22 133
c 53 79 18 95 194
c 93 16 84 32 166
c 71 75 85 31 191
c 42 75 2 3 154
c 95 21 88 16 145
c 89 90 98 88 193
c 76 81 25 67 183
c 51 66 56 8 130
c 1 23 59 30 137
c 58 7 39 96 142
c 31 90 38 83 199
c 28 8 74 78 187
c 27 33 60 70 125
c 93 16 59 54 188
c 43 20 94 40 141
c 8 6 1 10 197
c 97 23 43 36 168
c 62 10 27 82 186
c 34 88 30 96 124
c 19 48 79 73 119
c 62 63 80 92 147
c 78 75 15 78 181
c 63 52 31 4 102
c 97 1 53 21 138
c 25 30 63 68 117
c 31 1 17 85 126
c 33 34 72 79 120
c 4 44 90 16 157
c 71 54 35 24 170
c 59 93 61 62 119
c 18 97 74 70 138
c 76 95 11 81 109
c 11 52 17 33 198
c 12 36 4 98 165
c 2 79 71 81 160
c 74 60 13 39 125
c 36 2 22 86 122
c 92 26 93 4 139
c 79 49 12 13 163
c 0 61 27 38 148
c 97 96 10 9 117
c 71 97 76 17 194
c 94 95 17 16 189
c 16 99 69 28 104
c 81 8 14 78 152
c 78 86 75 53 188
c 2 4 5 66 101
c 38 58 45 4 153
c 55 72 89 95 168
c 83 69 71 25 121
c 68 11 20 97 156
c 74 60 56 67 186
c 19 56 58 7 198
c 4 44 44 11 127
c 53 64 82 71 194
c 53 28 94 76 155
c 6 39 80 1 194
c 61 67 56 46 113
c 63 68 81 67 184
c 1 91 29 44 121
c 54 87 10 9 197
c 74 75 3 37 199
c 56 36 22 93 147
c 45 98 96 11 137
c 55 39 77 6 188
c 26 55 84 18 150
c 93 20 7 3 194
c 63 38 74 81 167
c 66 87 85 10 175
c 89 86 52 61 104
c 20 17 98 64 189
c 45 29 44 11 190
c 27 95 75 8 137
c 55 16 3 22 175
c 60 5 90 24 184
c 30 52 12 54 127
c 49 53 48 62 118
c 3 36 29 40 111
c 97 1 49 50 106
c 90 31 98 68 148
c 59 9 66 24 185
c 17 18 89 59 158
c 58 7 76 81 139
c 73 1 89 51 107
c 79 81 96 17 128
c 5 69 91 64 130
c 52 34 58 1 155
c 0 25 71 95 166
c 62 10 45 29 115
c 46 78 75 29 126
c 65 71 21 9 191
c 47 68 53 61 173
c 95 1 29 83 100
c 48 24 0 65 102
c 66 67 66 37 187
c 14 65 39 96 160
c 12 59 36 79 187
c 17 51 51 44 194
c 69 70 23 64 151
c 93 70 77 32 102
c 26 83 66 24 143
c 97 39 83 59 190
c 65 40 96 38 177
c 69 29 31 66 155
c 10 92 19 44 102
c 32 7 32 97 182
c 72 55 55 43 169
c 92 93 36 5 128
c 29 7 5 2 169
c 89 66 14 78 129
c 77 12 76 17 160
c 76 77 29 20 144
c 2 56 76 9 107
c 34 66 11 12 183
c 50 51 10 92 175
c 63 52 17 85 160
c 42 40 12 96 173
c 97 49 18 49 148
c 30 21 68 29 196
c 27 88 47 36 141
c 71 53 2 30 125
c 44 16 26 87 103
c 95 6 17 14 137
c 26 11 87 21 119
c 54 66 52 75 157
c 60 1 55 25 116
c 19 10 14 77 106
c 27 28 25 85 145
c 11 79 7 23 163
c 1 10 51 89 177
c 0 37 5 59 122
c 84 63 14 89 175
c 64 94 27 4 131
c 36 34 24 6 121
c 46 9 45 73 126
c 11 71 50 96 163
c 42 43 52 65 166
c 12 36 44 72 118
c 40 49 71 97 117
c 62 63 97 23 113
c 57 18 92 21 110
c 97 98 61 21 180
c 60 24 98 99 115
c 90 25 38 58 181
c 79 61 55 16 121
c 69 29 12 8 182
c 40 57 96 58 159
c 17 16 36 96 167
c 90 26 83 59 158
c 4 63 33 82 184
c 52 75 92 97 183
c 32 64 74 81 125
c 71 97 95 6 144
c 17 88 8 64 102
c 54 55 72 47 138
c 91 82 75 29 109
c 87 58 44 51 115
c 89 75 77 85 154
c 3 58 88 80 185
c 36 78 21 70 139
c 57 51 88 57 172
c 72 66 38 39 163
c 7 3 85 10 129
c 22 83 19 78 111
c 42 30 61 90 161
c 28 18 65 88 191
c 40 1 96 17 149
c 52 50 91 61 156
c 94 73 86 97 189
c 10 37 26 86 122
c 1 48 27 24 148
c 93 4 16 87 108
c 9 72 75 53 145
c 42 13 82 14 166
c 36 96 98 12 184
c 52 46 36 78 116
c 80 1 22 40 142
c 7 80 86 54 141
c 69 56 47 85 119
c 45 27 59 30 193
c 35 10 79 1 110
c 86 40 83 5 120
c 10 28 2 88 107
c 46 9 31 47 160
c 11 16 56 21 174
c 66 16 30 95 188
c 6 19 59 9 143
c 98 31 39 96 150
c 23 71 6 29 117
c 50 11 34 14 158
c 98 36 54 66 105
c 57 56 9 61 111
c 87 97 96 4 177
c 43 96 59 54 176
c 10 9 67 31 118
c 4 78 71 81 120
c 90 35 22 9 183
c 19 56 50 78 188
c 22 41 90 34 130
c 62 76 97 1 187
c 97 7 79 98 103
c 43 95 14 84 168
c 25 17 10 65 171
c 27 82 28 18 165
c 15 66 12 49 131
c 78 58 67 20 157
c 87 50 63 55 144
c 56 9 21 8 116
c 58 37 57 71 151
c 23 33 10 11 138
c 95 6 6 89 162
c 48 6 95 86 194
c 79 23 40 4 169
c 90 88 11 52 128
c 31 90 83 87 165
c 84 99 35 89 167
c 29 83 88 80 134
c 8 87 35 93 104
c 38 85 78 17 126
c 61 30 87 88 137
c 31 1 8 6 174
c 26 13 89 34 169
c 56 15 95 6 159
c 52 19 36 37 113
c 12 35 43 36 150
c 68 28 74 81 160
c 59 41 64 37 175
c 85 95 97 85 112
c 97 7 22 83 172
c 17 12 13 81 156
c 66 67 25 1 116
c 56 8 95 59 183
c 56 41 12 2 117
c 19 33 13 40 179
c 96 31 66 52 183
c 90 21 15 54 156
c 16 99 26 11 165
c 47 54 1 52 158
c 73 1 84 53 163
c 92 97 5 38 137
c 93 13 32 97 150
c 14 40 33 47 157
c 14 98 95 28 168
c 85 46 25 30 182
c 6 7 7 79 143
c 8 58 30 90 100
c 0 49 93 86 184
c 70 94 98 86 110
c 77 32 91 52 127
c 10 54 63 74 160
c 27 41 47 64 163
c 63 64 76 65 178
c 26 45 70 26 157
c 34 1 47 36 153
c 42 75 32 52 133
c 80 28 16 80 115
c 11 97 16 80 134
c 67 58 13 46 158
c 65 57 30 58 122
c 53 8 83 59 118
c 32 97 85 13 149
c 29 2 53 38 190
c 25 92 77 37 197
c 97 20 16 17 108
c 54 57 47 51 165
c 11 84 2 65 135
c 62 41 35 93 159
c 38 29 8 6 119
c 79 41 83 7 197
c 18 37 98 89 150
c 39 87 98 75 134
c 71 17 36 68 116
c 98 53 2 40 152
c 34 74 90 25 116
c 10 11 76 25 152
c 76 41 19 65 126
c 28 34 36 53 157
c 26 27 18 38 121
c 14 89 87 19 142
c 9 94 11 61 186
c 62 63 26 86 170
c 40 25 62 51 171
c 31 13 59 25 110
c 11 12 74 80 194
c 74 24 27 48 106
c 92 77 9 46 174
c 22 9 76 91 145
c 62 33 72 75 140
c 91 61 64 5 184
c 63 46 25 79 158
c 31 73 66 18 148
c 96 38 18 40 149
c 24 16 39 87 182
c 73 1 80 55 178
c 92 77 95 69 151
c 69 8 7 8 110
c 45 54 22 30 139
c 89 76 68 5 190
c 71 69 78 35 126
c 24 3 41 86 175
c 62 49 92 52 123
c 58 14 96 71 159
c 50 11 50 97 143
c 75 68 81 96 109
c 82 83 81 21 109
c 8 89 32 57 128
c 84 44 1 5 190
c 2 96 33 34 111
c 65 57 54 83 196
c 27 24 97 1 103
c 47 89 81 42 172
c 69 16 8 15 171
c 64 78 33 12 121
c 5 98 61 70 124
c 19 44 96 56 115
c 53 64 60 5 151
c 98 53 4 46 146
c 96 11 14 50 187
c 14 48 98 11 119
c 10 84 69 88 167
c 18 92 71 6 152
c 76 88 10 97 140
c 28 88 23 34 149
c 48 91 92 38 104
c 55 16 61 91 154
c 7 8 72 52 193
c 95 39 70 38 160
c 24 69 55 32 172
c 6 19 23 72 164
c 4 44 41 28 115
c 98 30 31 46 112
c 75 76 80 86 171
c 90 59 46 70 110
c 11 81 69 84 139
c 26 55 48 59 163
c 56 62 45 8 109
c 1 99 49 85 102
c 34 13 41 56 151
c 87 22 59 75 108
c 4 5 63 89 186
c 22 95 84 18 190
c 88 75 83 54 196
c 27 76 31 56 145
c 3 85 13 96 159
c 96 91 58 98 197
c 28 88 98 68 164
c 71 95 93 44 138
c 65 40 24 99 169
c 66 73 80 11 192
c 43 23 76 98 127
c 20 30 18 29 163
c 92 47 50 51 124
c 36 5 9 84 195
c 51 66 66 5 100
c 76 95 79 80 104
c 79 49 51 10 166
c 53 79 45 87 179
c 70 65 81 65 159
c 69 13 85 46 131
c 86 53 6 74 117
c 41 27 11 13 194
c 63 59 3 53 164
c 10 92 82 14 128
c 36 30 7 38 165
c 85 49 42 85 104
c 43 33 31 49 132
c 88 40 17 85 176
c 76 81 63 74 130
c 26 35 65 90 193
c 55 17 67 82 174
c 64 9 20 42 117
c 41 46 30 58 124
c 90 91 7 46 182
c 84 53 56 34 147
c 97 7 85 35 112
c 38 5 34 78 134
c 20 2 97 7 121
c 94 35 48 25 179
c 62 12 35 98 134
c 16 19 15 26 126
c 57 56 95 7 140
c 68 16 72 75 108
c 50 59 9 85 148
c 83 28 88 40 146
c 30 96 10 84 120
c 27 6 90 60 136
c 35 78 62 16 197
c 66 67 0 37 175
c 57 18 43 20 125
c 67 75 96 97 109
c 75 59 13 98 199
c 98 58 65 78 177
c 89 15 18 92 141
c 15 78 89 86 130
c 29 85 55 89 130
c 27 95 14 17 145
c 24 84 0 4 130
c 79 49 6 68 164
c 58 14 69 88 142
c 40 97 8 89 115
c 68 75 61 92 193
c 29 60 23 31 150
c 49 76 10 53 115
c 12 67 62 69 118
c 4 74 36 7 103
c 53 60 21 3 180
c 76 95 45 73 154
c 93 48 89 76 157
c 76 59 20 42 140
c 83 51 15 73 166
c 29 7 9 44 164
c 9 82 40 56 112
c 98 40 76 9 141
c 31 90 51 93 189
c 41 65 42 36 114
c 28 73 24 23 140
c 17 78 18 88 102
c 41 19 67 4 137
c 15 62 54 69 124
c 93 34 11 52 125
c 22 50 70 52 100
c 74 80 88 89 104
c 96 5 22 53 169
c 62 71 34 55 112
c 21 22 83 7 128
c 25 17 40 12 157
c 60 61 90 24 178
c 84 74 42 85 135
c 42 92 95 27 131
c 11 21 8 58 133
c 36 30 61 91 123
c 73 78 77 14 159
c 52 34 27 88 163
c 66 70 36 60 129
c 58 65 37 2 124
c 21 82 62 67 148
c 61 3 29 40 133
c 10 4 11 98 106
c 43 88 70 59 108
c 73 55 54 1 148
c 83 7 94 20 105
c 97 28 7 84 101
c 69 70 4 38 172
c 63 46 84 10 189
c 25 73 19 47 197
c 3 81 90 31 179
c 5 59 76 4 138
c 41 59 94 20 148
c 28 86 7 88 105
c 26 88 23 15 123
c 11 81 55 77 140
c 68 90 91 84 132
c 68 69 27 48 161
c 19 5 94 81 154
c 72 3 37 77 169
c 21 86 76 22 184
c 83 89 23 86 115
c 50 33 58 65 138
c 87 97 96 86 113
c 19 10 52 79 145
c 36 79 15 66 109
c 67 4 36 90 181
c 41 18 65 71 188
c 90 27 28 60 160
c 18 10 23 71 102
c 58 38 89 23 199
c 66 29 54 42 121
c 85 49 60 70 189
c 77 31 61 83 163
c 97 63 52 85 115
c 98 75 58 85 164
c 52 21 75 59 126
c 22 49 92 93 160
c 13 35 14 37 132
c 24 23 39 43 126
c 42 28 1 24 199
c 36 9 2 91 177
c 36 92 66 29 189
c 67 60 34 45 186
c 6 35 5 37 106
c 67 87 94 64 152
c 43 35 11 56 140
c 8 26 64 21 191
c 36 85 74 4 194
c 28 18 51 80 155
c 94 77 16 19 122
c 46 70 81 33 151
c 97 60 63 29 196
c 87 23 17 24 197
c 54 57 62 54 171
c 6 29 33 72 159
c 90 31 33 14 174
c 47 48 97 20 189
c 0 65 5 3 152
c 42 58 5 64 104
c 18 10 62 66 197
c 82 33 37 59 101
c 51 45 53 38 109
c 40 25 31 32 152
c 89 90 96 98 116
c 11 4 39 94 132
c 1 28 21 67 128
c 69 76 40 32 135
c 77 25 7 21 126
c 25 30 42 1 128
c 85 46 33 14 195
c 30 96 94 68 120
c 73 49 41 19 162
c 97 1 26 25 101
c 77 32 93 20 106
c 93 60 95 19 100
c 9 76 93 13 144
c 15 86 21 9 152
c 85 30 46 17 174
c 81 96 2 12 111
c 2 88 67 76 175
c 36 79 35 89 121
c 52 80 72 66 173
c 55 86 24 3 129
c 36 34 29 32 140
c 97 76 14 53 195
c 80 28 71 49 177
c 19 25 85 77 131
c 55 32 26 45 148
c 3 53 65 57 170
c 69 59 89 59 169
c 21 8 76 70 180
c 0 37 52 80 107
c 52 21 12 38 173
c 48 83 65 78 109
c 95 86 5 75 168
c 23 72 83 89 149
c 37 87 18 66 182
c 67 55 2 72 157
c 45 54 16 35 193
c 7 38 73 67 175
c 52 2 86 25 193
c 44 58 78 53 186
c 65 94 24 27 195
c 87 42 41 18 110
c 48 41 10 53 145
c 85 82 58 67 128
c 29 20 14 84 116
c 77 8 79 69 174
c 14 89 91 64 119
c 34 73 7 48 172
c 80 36 86 53 184
c 20 99 28 52 189
c 95 59 3 20 188
c 92 47 78 64 178
c 22 28 25 30 154
c 87 81 67 65 159
c 87 64 88 72 143
c 61 26 62 12 193
c 50 44 33 12 189
c 52 21 79 18 148
c 80 86 17 14 194
c 28 88 41 46 164
c 84 62 38 91 168
c 21 28 8 58 185
c 10 93 67 30 161
c 98 68 70 86 145
c 22 40 42 28 124
c 73 98 83 32 181
c 90 31 58 50 176
c 86 84 98 2 148
c 8 82 3 4 108
c 2 92 19 65 147
c 51 19 41 20 161
c 97 61 19 88 185
c 52 44 82 37 193
c 59 36 2 12 151
c 80 86 18 72 192
c 21 67 82 78 162
c 6 35 98 11 100
c 9 89 47 51 126
c 69 70 96 56 181
c 18 10 35 41 176
c 57 47 14 44 123
c 71 54 25 86 196
c 10 84 20 6 115
c 27 6 45 46 103
c 33 53 16 99 159
c 85 13 71 69 194
c 83 51 87 58 189
c 15 78 56 15 150
c 54 7 96 38 151
c 14 89 8 11 166
c 57 67 65 39 130
c 96 43 12 59 118
c 64 29 68 90 188
c 77 85 98 7 161
c 48 24 67 31 104
c 58 38 36 34 116
c 81 37 29 79 161
c 90 16 23 28 101
c 67 68 73 17 163
c 19 21 68 82 100
c 23 28 69 57 119
c 91 63 90 25 160
c 50 56 91 29 189
c 28 21 49 24 188
c 80 78 9 97 105
c 81 21 28 21 129
c 10 65 59 42 163
c 18 34 28 55 148
c 62 69 23 15 159
c 26 13 31 54 149
c 32 83 80 17 145
c 66 52 57 73 178
c 24 95 29 7 183
c 92 38 43 51 151
c 10 1 86 19 146
c 40 57 32 62 135
c 36 2 7 92 121
c 90 53 21 28 173
c 13 96 38 34 161
c 98 64 51 2 130
c 33 22 8 11 140
c 52 46 81 26 192
c 76 45 0 65 140
c 8 9 78 79 170
c 61 52 30 57 134
c 65 80 54 57 103
c 29 79 98 93 100
c 2 66 4 25 170
c 66 29 95 46 174
c 55 45 94 69 139
c 48 34 58 98 125
c 8 85 40 32 118
c 28 12 83 89 101
c 26 5 85 13 173
c 96 86 94 4 143
c 31 50 27 76 119
c 93 91 69 92 119
c 64 20 83 84 137
c 52 34 10 54 100
c 55 93 23 24 180
c 94 73 89 57 196
c 84 40 73 58 138
c 71 54 57 51 122
c 56 78 76 88 139
c 0 39 9 84 109
c 31 81 41 82 107
c 81 8 85 56 167
c 43 44 10 7 101
c 84 44 25 79 123
c 33 8 11 71 163
c 38 83 83 28 101
c 16 15 76 91 170
c 88 79 56 8 153
c 1 52 18 97 150
c 20 49 4 94 182
c 23 74 63 89 193
c 57 74 37 32 190
c 1 5 18 19 158
c 7 75 42 28 180
c 87 46 84 63 146
c 2 69 34 66 135
c 44 55 40 89 173
c 82 71 52 2 186
c 8 58 43 90 102
c 27 33 34 1 115
c 23 31 48 49 181
c 31 14 12 49 124
c 27 53 54 83 121
c 12 54 89 34 166
c 95 69 5 19 128
c 80 36 29 47 179
c 98 89 22 75 123
c 80 92 69 8 169
c 94 20 17 85 149
c 64 94 64 82 195
c 23 72 91 29 110
c 29 80 91 84 169
c 40 38 74 44 159
c 34 23 59 44 178
c 35 26 4 99 106
c 45 98 87 88 106
c 33 53 94 77 192
c 69 92 89 84 150
c 11 81 40 25 127
c 27 76 73 20 174
c 45 73 17 12 157
c 16 87 9 85 166
c 50 78 36 90 190
c 22 15 44 16 101
c 44 62 76 17 130
c 40 64 28 60 195
c 20 86 1 96 134
c 47 19 1 57 124
c 54 84 68 5 127
c 16 99 48 49 170
c 55 16 47 83 182
c 26 88 35 57 169
c 63 52 70 26 171
c 73 1 28 8 154
c 47 51 10 37 141
c 68 15 82 1 185
c 6 66 48 91 175
c 51 43 62 49 176
c 61 38 90 24 131
c 78 58 57 65 146
c 23 93 21 86 138
c 34 45 16 17 165
c 15 21 19 56 194
c 27 71 33 53 169
c 77 8 67 65 138
c 4 63 89 84 173
c 85 46 34 50 179
c 44 45 76 9 118
c 68 99 38 79 142
c 57 32 43 96 136
c 32 81 48 6 110
c 60 61 38 81 135
c 25 36 62 63 148
c 48 42 85 46 168
c 68 15 22 85 108
c 71 5 5 6 190
c 35 95 65 71 122
c 69 40 93 48 188
c 41 42 7 21 171
c 79 18 80 36 106
c 31 56 90 60 106
c 23 33 57 74 141
c 33 54 36 37 198
c 76 18 36 42 155
c 29 3 9 79 129
c 53 88 23 86 142
c 9 25 18 92 171
c 27 28 70 48 182
c 88 14 31 18 104
c 23 64 55 77 115
c 57 58 11 16 162
c 23 71 20 69 193
c 34 45 35 36 181
c 89 52 10 31 159
c 11 81 50 96 133
c 15 55 52 34 178
c 82 91 59 37 183
c 45 19 40 97 172
c 40 68 40 56 107
c 48 91 4 25 174
c 58 76 55 22 163
c 62 66 63 70 120
c 51 8 31 21 154
c 22 91 10 1 170
c 9 76 75 59 172
c 26 88 23 49 122
c 30 75 25 80 184
c 82 14 15 73 173
c 24 3 81 80 107
c 95 30 42 43 168
c 67 61 68 82 182
c 71 75 87 82 158
c 18 9 29 60 160
c 12 2 97 49 119
c 86 34 14 77 186
c 48 83 54 79 125
c 33 86 86 13 158
c 40 49 96 17 133
c 9 84 2 92 161
c 74 34 13 46 108
c 11 98 9 84 187
c 62 66 67 68 197
c 63 74 71 61 176
c 18 30 81 67 186
c 27 71 31 56 166
c 61 22 64 36 101
c 61 67 53 38 140
c 92 26 93 60 197
c 4 53 15 22 107
c 33 21 58 14 121
c 61 18 15 21 160
c 22 97 9 82 169
c 88 2 79 61 172
c 84 87 5 18 153
c 16 61 97 24 151
c 44 11 35 98 179
c 21 81 67 87 101
c 75 96 8 54 110
c 49 38 26 55 136
c 65 8 78 3 146
c 42 99 28 34 153
c 61 45 36 22 189
c 47 84 68 90 152
c 59 75 1 52 148
c 30 31 77 31 100
c 82 37 29 7 199
c 2 72 84 74 115
c 93 34 10 28 143
c 28 88 31 95 188
c 98 2 9 97 146
c 48 52 29 55 111
c 40 41 68 15 101
c 67 31 93 44 123
c 65 8 67 4 137
c 75 96 14 15 169
c 57 65 78 64 161
c 36 42 19 48 120
c 37 77 63 12 189
c 73 78 16 79 157
c 61 83 15 52 172
c 27 72 45 15 163
c 10 1 1 65 187
c 38 85 90 91 128
c 94 98 31 56 190
c 50 96 4 76 136
c 78 53 40 56 165
c 87 22 98 36 178
c 2 12 96 71 130
c 61 71 13 24 161
c 7 84 71 25 189
c 87 81 93 94 196
c 83 84 89 84 159
c 84 86 34 13 130
c 6 14 73 31 191
c 78 91 15 4 155
c 18 87 7 35 126
c 20 8 31 91 180
c 10 41 69 63 101
c 35 8 3 36 134
c 90 31 74 12 181
c 70 52 30 3 197
c 89 84 81 89 162
c 9 72 39 45 137
c 83 87 25 85 181
c 38 5 62 79 196
c 33 34 74 34 128
c 10 69 55 61 145
c 50 69 81 65 178
c 30 70 77 85 191
c 7 79 6 3 131
c 30 76 86 66 189
c 7 83 55 72 199
c 64 78 18 42 191
c 22 95 34 17 195
c 22 40 84 53 162
c 41 59 27 18 189
c 33 80 53 12 180
c 10 93 93 86 164
c 26 55 70 59 184
c 50 33 82 26 126
c 34 32 8 85 139
c 56 34 33 64 155
c 85 58 92 26 145
c 8 58 29 76 122
c 77 12 27 72 194
c 2 33 12 2 109
c 72 5 53 35 134
c 75 68 32 64 171
c 30 24 35 36 129
c 90 25 14 89 145
c 4 56 44 19 199
c 96 5 31 1 166
c 85 95 75 59 161
c 40 91 92 14 116
c 38 83 6 7 131
c 30 58 43 90 190
c 33 21 53 49 163
c 78 17 50 7 159
c 68 58 27 41 198
c 31 84 61 71 186
c 52 14 52 75 120
c 86 66 2 3 119
c 41 35 78 79 118
c 80 71 49 79 191
c 65 90 58 59 110
c 84 99 95 28 173
c 39 77 95 1 137
c 21 48 87 50 191
c 77 25 71 17 163
c 14 15 56 10 162
c 53 60 89 59 184
c 37 77 30 24 152
c 52 21 41 90 113
c 51 41 89 52 181
c 37 11 6 66 122
c 72 79 70 5 100
c 61 21 5 75 104
c 15 73 63 55 146
c 65 88 57 18 171
c 13 24 21 22 101
c 70 26 33 89 184
c 75 31 44 58 142
c 30 56 62 54 131
c 60 1 91 84 120
c 23 15 38 12 167
c 31 37 1 42 114
c 69 40 69 16 173
c 38 39 17 51 121
c 31 13 19 21 162
c 50 51 18 36 138
c 69 63 45 80 101
c 59 30 59 44 143
c 74 97 23 15 130
c 68 16 1 65 173
c 66 37 32 7 166
c 84 10 83 89 126
c 12 8 84 53 143
c 60 24 91 82 190
c 24 6 22 93 171
c 60 27 42 1 107
c 26 88 42 36 120
c 64 21 73 98 127
c 77 31 59 37 122
c 95 59 68 28 158
c 92 75 66 18 143
c 43 93 98 89 110
c 3 75 23 86 181
c 11 81 35 11 164
c 94 77 91 61 125
c 35 36 5 64 125
c 32 6 79 60 164
c 87 11 24 25 135
c 18 30 62 71 102
c 35 13 84 50 161
c 54 7 1 23 124
c 23 38 36 6 124
c 17 16 89 67 152
c 73 67 77 28 151
c 97 1 69 63 186
c 96 17 53 21 116
c 83 28 67 68 113
c 4 28 9 46 102
c 68 51 2 28 148
c 41 19 12 17 177
c 72 3 24 81 194
c 16 79 83 21 150
c 40 38 6 54 143
c 11 31 36 2 198
c 63 47 2 96 128
c 82 14 28 73 114
c 92 77 0 1 111
c 82 48 35 88 171
c 91 52 50 69 195
c 32 81 37 2 185
c 51 41 53 60 144
c 36 30 19 12 139
c 69 76 41 58 158
c 10 37 46 17 147
c 57 51 91 84 186
c 8 11 43 40 160
c 95 21 44 62 134
c 95 30 42 30 180
c 35 36 77 12 136
c 57 10 42 76 130
c 51 80 12 19 105
c 50 69 94 69 138
c 21 3 80 36 123
c 45 27 53 35 138
c 64 20 24 23 164
c 35 78 54 1 136
c 13 14 97 1 130
c 67 40 71 21 141
c 27 28 1 60 170
c 11 92 91 85 115
c 67 60 61 65 182
c 5 19 27 45 146
c 17 18 1 57 103
c 18 70 74 12 198
c 93 72 30 57 190
c 38 12 9 63 156
c 63 80 58 20 125
c 9 97 49 30 111
c 45 15 9 79 105
c 58 50 91 84 125
c 38 91 73 8 154
c 1 42 98 12 108
c 87 64 63 84 181
c 97 28 30 70 147
c 77 6 84 99 128
c 72 3 14 65 163
c 61 85 69 8 196
c 33 64 74 97 169
c 13 24 10 1 131
c 87 63 87 46 162
c 48 34 25 89 134
c 63 60 28 33 161
c 57 67 91 87 147
c 58 98 59 63 161
c 13 14 68 97 130
c 8 6 88 94 157
c 55 83 60 84 123
c 8 37 42 40 108
c 53 8 13 43 136
c 42 1 95 85 160
c 13 43 74 44 134
c 16 17 57 79 119
c 77 99 84 68 122
c 33 72 27 95 179
c 66 7 39 96 119
c 69 13 94 81 156
c 3 36 84 68 186
c 76 18 87 82 115
c 8 32 29 76 165
c 48 6 49 16 158
c 66 29 22 83 132
c 93 94 3 20 116
c 32 4 45 71 176
c 66 29 26 83 183
c 7 8 2 28 171
c 83 59 59 36 114
c 35 26 50 7 137
c 83 32 62 41 143
c 11 12 20 49 104
c 42 7 67 76 181
c 51 43 48 83 197
c 16 51 96 30 102
c 88 75 88 80 169
c 18 91 25 83 157
c 0 39 93 20 185
c 16 35 75 76 151
c 63 68 30 76 113
c 38 81 41 28 151
c 40 71 93 44 128
c 98 53 12 59 169
c 20 28 4 74 194
c 4 12 82 37 143
c 42 76 57 32 117
c 81 8 44 96 160
c 89 84 57 10 117
c 10 69 25 30 147
c 81 46 21 32 112
c 24 16 2 19 192
c 92 96 20 86 196
c 11 52 0 49 119
c 56 46 30 57 143
c 53 88 41 68 176
c 22 53 5 50 195
c 44 19 94 37 177
c 93 34 31 81 142
c 76 22 14 40 134
c 29 85 3 96 124
c 80 34 40 41 145
c 84 18 27 88 168
c 82 38 8 58 148
c 56 48 6 7 165
c 10 92 84 97 114
c 3 20 9 25 172
c 17 88 51 22 109
c 89 76 57 67 179
c 41 20 44 11 118
c 96 56 69 92 120
c 79 69 5 38 174
c 98 68 68 33 158
c 85 71 33 50 146
c 30 11 18 87 178
c 21 28 79 92 165
c 43 44 58 59 193
c 68 51 57 51 150
c 68 15 67 4 149
c 51 66 64 30 115
c 10 1 93 70 118
c 57 88 72 73 174
c 13 14 6 54 178
c 23 24 85 58 134
c 68 5 67 65 118
c 56 41 11 7 195
c 81 46 1 65 129
c 23 28 10 54 199
c 45 27 87 97 128
c 78 35 93 78 172
c 78 91 88 24 130
c 92 84 81 67 133
c 50 61 22 75 164
c 88 39 12 76 124
c 43 18 24 84 133
c 66 52 32 52 105
c 68 16 69 89 160
c 70 59 9 64 197
c 43 90 88 24 141
c 48 60 43 36 128
c 95 39 87 80 136
c 89 52 31 50 102
c 96 53 73 31 151
c 2 69 31 50 158
c 94 95 89 41 175
c 75 76 51 29 117
c 72 55 8 40 180
c 80 81 21 3 161
c 58 72 6 66 102
c 0 65 47 68 175
c 10 4 75 38 106
c 7 21 2 4 116
c 61 85 19 86 173
c 18 10 34 14 189
c 81 63 19 1 152
c 17 85 71 54 174
c 97 85 5 46 129
c 48 41 89 95 107
c 7 1 78 46 119
c 58 3 67 89 186
c 56 9 67 65 160
c 26 39 71 72 130
c 44 96 31 14 120
c 30 58 79 49 177
c 55 1 9 79 131
c 87 64 75 37 129
c 55 89 95 69 120
c 60 27 0 83 136
c 58 14 74 4 157
c 0 81 77 87 172
c 66 52 36 79 152
c 18 10 96 86 130
c 30 52 1 23 190
c 26 11 43 96 170
c 58 38 59 24 121
c 48 46 53 94 180
c 40 1 98 64 145
c 10 1 23 24 123
c 94 68 73 27 143
c 69 92 6 7 194
c 8 25 48 41 157
c 8 64 1 23 112
c 60 81 91 83 130
c 7 92 25 77 190
c 30 3 2 30 115
c 35 15 50 33 195
c 36 29 21 8 151
c 0 81 91 41 183
c 6 14 71 6 136
c 94 95 77 99 152
c 90 66 92 84 194
c 60 84 38 69 170
c 57 73 56 21 147
c 93 18 85 58 112
c 66 24 63 47 121
c 35 11 23 15 199
c 98 58 41 65 110
c 76 59 13 56 130
c 69 13 2 9 169
c 65 90 27 24 142
c 80 11 19 61 163
c 6 68 63 84 126
c 31 50 23 34 180
c 94 95 5 82 139
c 47 48 94 68 136
c 23 86 12 41 198
c 15 40 63 80 101
c 36 2 89 52 196
c 96 58 5 46 196
c 19 60 36 37 167
c 66 70 55 43 151
c 36 82 31 56 143
c 93 60 71 35 125
c 62 71 81 65 190
c 63 29 40 71 147
c 86 13 97 1 142
c 76 59 14 50 196
c 6 67 36 30 180
c 29 80 97 85 156
c 19 20 67 87 181
c 4 56 1 78 153
c 17 44 80 55 189
c 73 49 89 56 139
c 91 61 30 57 111
c 85 10 8 37 144
c 52 18 15 20 160
c 31 81 7 3 198
c 36 42 55 93 157
c 32 52 85 32 132
c 83 28 44 12 122
c 1 60 26 13 116
c 30 11 77 91 122
c 37 83 52 48 181
c 16 18 42 95 172
c 32 94 65 66 112
c 97 79 9 41 169
c 81 26 48 41 175
c 30 95 85 69 187
c 96 38 64 23 153
c 58 98 79 41 100
c 72 9 23 64 101
c 89 51 52 80 173
c 61 83 65 80 122
c 76 70 36 22 161
c 66 37 15 4 167
c 39 94 29 61 138
c 94 98 75 68 168
c 42 5 8 83 180
c 4 76 57 56 127
c 14 27 22 95 176
c 10 9 25 29 160
c 19 56 2 92 166
c 31 90 10 29 102
c 87 80 86 90 168
c 46 47 17 12 144
c 54 79 47 48 120
c 60 40 82 24 134
c 20 2 76 98 139
c 43 33 14 84 180
c 29 76 88 2 113
c 20 78 0 51 107
c 18 95 45 80 118
c 52 80 89 76 130
c 28 2 59 34 158
c 38 58 67 20 147
c 9 44 5 46 134
c 34 67 69 76 133
c 18 80 20 86 146
c 72 66 5 93 142
c 90 94 47 84 174
c 85 58 28 8 148
c 87 63 15 40 118
c 76 25 2 92 171
c 68 28 45 42 173
c 71 69 38 52 123
c 6 31 86 13 177
c 5 89 30 57 108
c 46 15 82 71 192
c 83 59 90 78 115
c 4 25 49 85 154
c 21 8 64 82 120
c 1 99 9 94 175
c 10 9 76 77 105
c 10 37 5 69 143
c 35 89 76 18 147
c 29 2 35 95 172
c 4 28 1 71 157
c 1 5 62 76 133
c 63 74 39 94 119
c 16 99 44 50 182
c 82 33 51 77 133
c 18 36 55 86 155
c 8 82 23 64 137
c 17 24 22 44 132
c 3 47 52 53 122
c 2 65 67 34 179
c 85 26 80 50 157
c 18 66 64 44 100
c 64 5 60 6 168
c 87 23 12 17 140
c 22 20 33 89 198
c 55 86 63 70 131
c 66 16 88 40 185
c 75 8 54 84 120
c 52 19 89 23 160
c 5 23 23 62 124
c 88 39 25 6 191
c 78 53 80 78 178
c 90 25 52 14 171
c 97 96 18 72 129
c 24 25 18 70 146
c 45 4 61 62 186
c 69 31 40 21 125
c 61 70 25 86 157
c 2 56 95 84 107
c 66 18 81 65 199
c 69 40 31 90 172
c 57 14 23 74 191
c 97 79 98 52 167
c 97 74 92 13 183
c 19 56 92 14 100
c 94 56 94 69 116
c 59 90 52 14 112
c 4 33 65 92 176
c 58 3 4 53 192
c 39 96 15 78 158
c 53 49 61 4 177
c 97 1 27 6 150
c 24 18 38 69 138
c 66 87 59 63 144
c 71 92 3 81 189
c 34 14 22 15 120
c 73 27 30 3 136
c 38 91 77 6 164
c 47 68 56 41 116
c 4 12 47 92 154
c 71 81 34 35 174
c 40 56 68 66 155
c 53 92 75 59 101
c 52 75 2 72 159
c 31 95 86 54 183
c 87 67 2 32 107
c 62 70 30 58 123
c 36 53 24 84 101
c 48 59 5 18 196
c 5 19 89 41 128
c 79 80 18 49 141
c 69 27 44 84 147
c 94 42 71 61 136
c 67 68 82 34 114
c 28 2 76 95 145
c 74 92 13 81 151
c 64 20 1 53 154
c 66 90 4 78 150
c 25 36 2 82 134
c 33 80 50 7 131
c 19 65 73 27 125
c 67 60 5 37 169
c 63 29 31 10 162
c 77 37 30 31 162
c 88 83 25 85 118
c 96 97 12 96 140
c 54 83 43 90 106
c 16 18 64 36 159
c 18 36 92 96 125
c 86 70 19 12 115
c 57 47 19 5 199
c 52 38 61 22 184
c 76 49 48 49 160
c 85 13 33 82 142
c 84 26 50 11 106
c 8 25 1 20 147
c 83 32 31 91 144
c 10 28 29 30 191
c 87 57 20 69 124
c 85 86 13 81 103
c 14 89 2 57 172
c 8 82 95 85 117
c 56 9 80 50 141
c 62 67 18 9 126
c 48 62 90 35 144
c 95 6 71 35 117
c 23 34 89 76 186
c 16 87 18 36 184
c 26 39 61 85 188
c 20 2 19 63 167
c 28 88 3 96 129
c 5 46 26 44 148
c 38 52 23 86 133
c 32 85 91 42 175
c 80 14 87 67 137
c 10 9 17 51 110
c 58 76 45 4 127
c 97 98 59 24 169
c 34 67 74 97 118
c 68 51 55 17 124
c 29 67 37 11 170
c 50 6 96 4 182
c 14 61 33 83 173
c 12 2 9 41 123
c 39 77 6 74 138
c 40 23 5 23 108
c 28 18 62 67 107
c 45 48 66 87 193
c 30 96 77 14 112
c 73 27 63 29 124
c 77 63 69 11 100
c 65 98 3 24 194
c 18 91 77 22 195
c 32 4 97 40 161
c 66 16 1 48 164
c 28 61 81 21 118
c 73 98 61 85 124
c 30 70 29 28 195
c 36 85 72 83 136
c 38 85 52 2 141
c 50 22 4 63 171
c 36 48 86 24 133
c 53 54 41 53 115
c 13 81 90 3 113
c 34 69 4 43 168
c 74 12 69 23 170
c 86 70 83 5 165
c 18 42 40 25 129
c 4 83 4 98 172
c 66 88 90 16 141
c 76 45 19 56 161
c 37 25 32 51 152
c 73 74 97 61 124
c 5 98 9 85 135
c 50 59 38 52 176
c 41 19 74 97 100
c 21 9 48 42 135
c 78 17 25 30 173
c 27 76 56 34 131
c 49 97 62 10 108
c 87 23 29 30 183
c 18 93 19 5 179
c 97 63 83 69 179
c 81 62 12 54 102
c 30 24 33 80 196
c 72 79 61 9 194
c 17 22 90 3 177
c 61 90 27 73 193
c 12 54 12 35 154
c 52 50 37 77 179
c 88 57 3 96 143
c 3 24 15 95 109
c 35 88 88 24 118
c 97 40 93 16 191
c 80 14 53 92 123
c 87 95 1 48 119
c 50 56 27 95 163
c 76 63 95 6 197
c 0 20 22 30 139
c 53 38 45 19 158
c 76 74 98 36 153
c 75 8 28 55 192
c 15 12 2 56 192
c 59 83 27 95 164
c 71 72 37 88 181
c 18 62 77 12 141
c 27 6 61 70 148
c 75 6 11 56 138
c 85 81 91 42 176
c 49 38 31 13 121
c 15 26 61 30 194
c 5 66 55 83 194
c 28 8 47 78 173
c 29 55 95 28 136
c 21 11 97 40 194
c 56 21 96 83 185
c 32 64 30 21 156
c 24 77 75 96 114
c 61 78 38 41 169
c 67 1 31 13 192
c 55 77 9 84 177
c 20 56 15 12 105
c 62 41 49 11 167
c 54 57 5 59 166
c 75 59 66 37 195
c 89 34 25 70 188
c 94 45 12 8 127
c 94 73 46 17 188
c 93 91 24 25 195
c 73 55 94 56 104
c 77 31 50 61 173
c 61 71 68 97 108
c 27 88 22 97 121
c 80 71 92 96 113
c 57 24 9 63 183
c 84 32 74 19 187
c 88 83 64 94 111
c 90 34 17 54 156
c 6 31 95 28 169
c 86 19 59 41 133
c 90 50 20 52 123
c 66 16 69 89 145
c 3 85 88 99 143
c 46 9 68 16 177
c 28 7 75 68 195
c 64 44 18 19 177
c 20 30 6 62 116
c 60 70 81 63 108
c 7 48 15 78 160
c 11 16 19 7 164
c 62 67 1 5 193
c 1 65 33 64 124
c 97 76 72 75 150
c 85 66 94 35 131
c 37 24 91 52 196
c 83 75 40 97 100
c 17 44 0 66 129
c 66 82 96 98 187
c 23 34 8 83 160
c 84 87 14 40 102
c 18 93 64 34 190
c 98 40 8 83 119
c 51 19 94 64 134
c 2 32 31 34 193
c 27 71 78 17 146
c 85 39 62 89 192
c 30 58 55 83 127
c 66 7 31 37 152
c 34 69 43 96 142
c 86 96 70 86 197
c 93 94 12 49 172
c 18 9 86 25 104
c 61 6 21 61 162
c 32 6 44 58 154
c 71 49 80 50 111
c 46 9 58 65 142
c 80 55 92 46 170
c 53 92 19 1 176
c 36 82 29 63 125
c 19 47 45 29 199
c 88 48 80 78 163
c 22 41 61 38 179
c 3 10 61 84 162
c 74 41 23 62 150
c 67 40 67 4 196
c 73 20 22 20 134
c 51 36 40 62 190
c 98 36 90 30 110
c 8 33 15 82 129
c 43 16 85 26 169
c 81 37 65 38 151
c 96 86 42 40 172
c 4 46 98 75 111
c 96 30 53 60 114
c 39 45 30 21 128
c 75 92 79 41 184
c 22 15 37 11 195
c 41 86 85 49 198
c 90 53 87 81 120
c 17 18 13 71 158
c 40 38 16 51 101
c 89 90 76 33 158
c 4 19 68 58 136
c 34 35 98 73 174
c 29 43 33 86 196
c 36 9 48 34 110
c 81 63 59 60 124
c 67 31 37 88 184
c 22 18 58 65 173
c 71 25 34 69 161
c 81 33 39 43 163
c 32 33 91 42 188
c 29 76 46 17 104
c 89 30 81 63 126
c 44 71 11 98 195
c 73 27 75 59 188
c 72 79 89 59 175
c 58 74 64 37 155
c 36 29 21 17 186
c 97 63 36 42 163
c 12 67 27 43 174
c 20 78 71 35 189
c 59 55 24 91 132
c 77 72 2 88 164
c 68 98 72 5 133
c 4 5 29 40 180
c 48 83 75 92 127
c 95 69 31 56 150
c 35 40 22 44 165
c 3 75 50 66 187
c 18 95 40 57 129
c 2 66 56 21 126
c 19 5 29 43 133
c 2 40 89 90 126
c 40 44 79 60 129
c 23 93 95 27 171
c 33 53 27 73 183
c 67 89 59 36 130
c 78 46 11 61 104
c 71 97 78 3 106
c 8 31 49 84 151
c 93 86 93 59 111
c 12 96 63 80 196
c 54 42 93 4 115
c 43 51 87 67 192
c 36 96 14 15 135
c 40 41 59 25 178
c 56 15 29 3 102
c 41 68 10 1 118
c 33 61 93 13 125
c 79 98 71 35 172
c 61 30 55 32 172
c 67 44 4 94 180
c 10 7 76 18 170
c 47 36 98 73 125
c 24 16 67 1 196
c 2 91 71 54 185
c 69 56 43 33 162
c 2 66 85 81 190
c 9 25 83 28 191
c 19 48 89 5 160
c 86 84 85 77 195
c 98 30 24 3 131
c 75 81 91 76 109
c 83 51 96 31 192
c 35 93 13 96 177
c 48 32 54 59 174
c 6 62 44 11 148
c 47 76 82 43 185
c 20 2 97 85 122
c 82 43 57 32 109
c 49 11 18 30 142
c 52 18 54 1 133
c 53 79 50 22 182
c 54 55 21 81 180
c 96 86 62 12 134
c 32 94 40 95 102
c 14 50 76 63 178
c 36 11 60 24 138
c 98 62 55 61 140
c 61 22 25 76 149
c 0 39 41 42 120
c 54 42 73 51 150
c 84 10 62 66 193
c 62 89 2 32 123
c 48 34 96 58 131
c 45 27 86 87 166
c 13 76 80 28 116
c 61 67 30 52 153
c 78 86 89 57 103
c 94 81 92 38 103
c 2 56 10 97 166
c 87 14 86 13 123
c 26 55 33 12 172
c 11 56 28 10 164
c 92 75 89 67 197
c 53 54 84 87 164
c 51 8 52 40 166
c 22 77 92 52 154
c 61 43 25 80 194
c 82 53 70 56 180
c 45 19 34 99 179
c 23 38 22 30 107
c 82 30 2 69 137
c 48 91 96 31 136
c 98 73 32 33 169
c 68 44 5 69 194
c 15 78 16 99 198
c 25 36 27 41 124
c 43 96 62 16 148
c 66 87 60 81 101
c 85 39 17 44 130
c 40 57 33 8 154
c 78 58 40 89 169
c 95 39 52 2 103
c 49 24 59 27 111
c 21 22 30 57 166
c 29 28 0 11 114
c 75 65 55 1 144
c 37 57 23 64 166
c 5 18 52 2 178
c 69 40 83 54 100
c 87 21 19 25 175
c 73 58 93 17 131
c 95 1 72 66 130
c 91 63 32 94 179
c 31 32 7 68 107
c 22 86 72 50 145
c 79 67 37 83 195
c 0 37 9 76 159
c 36 2 47 64 117
c 29 20 18 95 115
c 15 82 40 64 195
c 9 44 64 34 170
c 31 18 51 41 114
c 45 27 78 7 112
c 41 19 20 42 188
c 78 10 95 6 157
c 70 31 50 95 108
c 76 33 58 38 122
c 26 87 42 30 162
c 11 4 74 70 196
c 98 86 33 80 151
c 40 25 31 54 168
c 80 92 84 53 144
c 0 51 95 46 147
c 38 85 22 28 125
c 67 87 17 63 142
c 21 82 1 2 104
c 71 35 92 47 165
c 92 5 9 23 133
c 30 21 10 69 152
c 18 87 40 23 133
c 61 71 89 76 185
c 60 76 73 74 185
c 12 88 87 57 148
c 94 37 31 13 192
c 39 92 10 37 151
c 19 48 0 33 185
c 67 31 61 6 111
c 9 23 23 71 154
c 50 61 3 20 120
c 68 75 90 27 160
c 10 40 98 40 121
c 63 68 84 53 114
c 32 6 0 51 181
c 29 28 35 57 105
c 35 36 17 71 167
c 93 46 74 60 160
c 9 44 50 66 159
c 79 93 0 61 108
c 53 20 9 85 164
c 63 29 65 63 190
c 32 64 20 52 192
c 87 88 97 40 185
c 22 97 41 59 153
c 12 17 51 77 178
c 55 57 61 67 154
c 25 80 64 34 123
c 35 36 70 48 153
c 93 86 68 86 160
c 13 71 59 60 178
c 4 56 57 21 133
c 34 17 28 18 106
c 9 82 9 76 140
c 16 99 33 70 134
c 18 97 19 47 111
c 93 72 37 57 115
c 23 32 33 72 131
c 65 47 94 69 102
c 90 30 6 54 175
c 61 4 52 2 169
c 1 10 85 95 186
c 14 61 30 56 185
c 44 16 47 55 102
c 45 19 36 60 111
c 93 59 38 34 169
c 48 83 70 56 112
c 10 69 61 22 166
c 90 72 41 90 188
c 96 91 17 14 166
c 75 68 37 57 138
c 32 68 72 50 128
c 31 54 59 27 192
c 42 85 27 72 167
c 5 99 31 13 185
c 30 90 43 6 191
c 26 68 55 16 168
c 70 56 42 13 103
c 67 61 83 54 185
c 85 58 37 59 153
c 62 67 63 38 177
c 17 47 6 54 104
c 43 36 72 3 199
c 89 48 8 37 161
c 31 37 86 25 153
c 6 3 67 30 180
c 5 82 58 16 141
c 15 21 80 92 176
c 66 7 92 13 175
c 17 33 28 7 168
c 58 37 7 8 140
c 42 1 98 71 180
c 81 43 82 91 129
c 18 37 15 66 127
c 41 82 82 91 111
c 24 27 22 77 108
c 6 67 6 39 168
c 85 95 9 89 138
c 88 40 64 82 187
c 1 96 52 15 160
c 44 11 7 79 178
c 0 39 40 97 155
c 80 71 59 36 141
c 10 29 72 79 110
c 54 89 65 94 156
c 85 77 78 92 144
c 65 39 90 27 162
c 63 46 85 69 145
c 43 18 88 75 142
c 27 28 44 39 160
c 91 62 14 50 158
c 17 51 76 45 115
c 96 31 25 83 148
c 73 20 33 83 176
c 14 15 33 27 139
c 17 85 63 69 166
c 8 4 61 26 174
c 87 31 51 36 184
c 28 92 69 89 116
c 90 24 4 99 120
c 15 46 90 35 138
c 95 7 76 74 107
c 21 28 58 3 155
c 69 63 74 90 144
c 0 4 22 50 170
c 79 67 33 6 164
c 87 42 60 24 134
c 87 31 92 75 159
c 33 83 34 14 109
c 58 59 92 96 136
c 14 17 63 52 169
c 96 34 86 54 166
c 67 58 36 9 122
c 96 11 86 87 161
c 89 5 71 92 181
c 52 65 76 22 100
c 73 71 32 64 120
c 17 33 61 9 127
c 43 93 82 43 185
c 70 38 8 40 140
c 32 64 69 23 181
c 15 26 94 81 199
c 32 83 36 82 106
c 14 99 5 18 157
c 89 52 40 4 128
c 12 90 59 44 163
c 0 61 97 98 152
c 77 28 77 78 182
c 83 5 17 18 132
c 26 13 67 65 116
c 74 93 66 18 176
c 96 86 61 65 162
c 81 3 44 96 137
c 42 33 98 36 138
c 33 63 71 81 106
c 84 26 70 56 190
c 42 43 68 33 164
c 77 11 72 71 127
c 10 1 63 16 188
c 41 19 79 93 109
c 32 52 4 74 127
c 76 91 81 82 112
c 1 91 90 35 118
c 84 26 18 86 112
c 55 1 18 49 191
c 0 20 55 89 100
c 63 29 1 23 153
c 52 19 52 41 187
c 45 87 11 21 137
c 52 50 98 68 119
c 4 28 24 69 181
c 52 44 39 94 175
c 21 17 87 23 132
c 32 68 22 40 186
c 84 85 56 41 127
c 10 41 86 98 158
c 8 89 22 40 194
c 57 56 34 91 190
c 33 6 54 84 120
c 18 37 89 2 190
c 96 38 32 57 173
c 55 38 9 46 147
c 82 14 2 65 147
c 96 83 62 54 122
c 96 11 96 56 173
c 14 17 83 21 113
c 80 17 84 18 110
c 40 4 27 77 186
c 40 21 85 13 150
c 62 51 27 71 111
c 8 40 86 40 154
c 10 41 54 87 144
c 57 97 87 63 121
c 16 67 6 14 195
c 98 36 87 64 158
c 43 13 84 85 155
c 90 94 20 99 195
c 85 58 9 79 167
c 61 84 40 97 164
c 15 73 35 11 192
c 16 15 91 41 159
c 49 58 4 44 120
c 83 28 26 84 146
c 89 15 38 34 169
c 20 21 38 41 176
c 25 86 5 38 175
c 22 21 46 91 153
c 37 86 80 14 162
c 25 30 60 27 197
c 88 79 51 8 114
c 57 32 22 49 154
c 64 23 4 99 159
c 31 47 31 4 119
c 33 70 40 91 167
c 96 53 15 46 157
c 53 60 70 48 112
c 85 32 26 60 140
c 49 24 3 87 197
c 43 18 34 45 166
c 57 21 86 66 117
c 69 70 71 61 167
c 33 73 86 24 178
c 61 62 9 64 164
c 11 71 94 98 114
c 67 55 58 37 137
c 80 36 78 58 194
c 24 84 61 83 153
c 24 69 93 86 198
c 53 60 26 5 135
c 12 38 15 21 153
c 23 38 38 25 173
c 34 20 62 51 126
c 30 57 24 95 179
c 65 92 86 13 155
c 40 71 59 3 138
c 4 74 91 29 176
c 0 39 16 99 128
c 27 28 38 58 176
c 24 18 82 38 180
c 86 13 13 76 109
c 61 6 89 59 120
c 43 18 66 90 128
c 73 98 3 22 181
c 42 40 22 70 174
c 80 11 26 13 163
c 42 40 32 14 146
c 61 67 42 75 179
c 23 38 94 55 191
c 94 35 61 65 117
c 54 55 69 76 127
c 33 72 70 31 155
c 17 22 55 56 106
c 71 81 63 38 158
c 82 26 13 59 108
c 69 84 32 83 139
c 1 52 0 25 134
c 73 20 55 72 199
c 70 10 24 96 160
c 59 42 69 31 169
c 11 13 35 26 135
c 8 33 66 52 197
c 30 11 79 80 133
c 41 42 29 2 193
c 36 7 52 41 158
c 92 75 5 98 108
c 97 63 29 63 142
c 72 3 83 54 156
c 93 4 56 14 175
c 3 88 30 11 155
c 33 27 16 17 153
c 82 1 94 98 172
c 7 23 40 4 191
c 52 80 4 5 180
c 16 24 44 99 105
c 80 78 67 36 129
c 60 57 88 57 107
c 44 27 97 61 132
c 35 36 76 33 141
c 91 41 37 57 140
c 61 62 49 84 159
c 38 60 55 45 189
c 77 78 75 5 120
c 11 56 2 19 152
c 9 23 49 84 151
c 70 59 69 8 144
c 24 91 25 77 131
c 25 29 27 77 193
c 28 94 98 53 141
c 42 36 11 84 191
c 69 40 16 24 119
c 68 16 26 44 173
c 36 92 34 67 141
c 58 37 51 10 144
c 42 85 17 88 140
c 89 2 8 33 184
c 46 91 15 20 118
c 13 24 26 86 113
c 63 46 67 76 130
c 30 76 89 48 142
c 27 28 29 61 163
c 84 99 43 35 124
c 97 96 54 87 158
c 71 96 25 30 132
c 61 62 61 32 101
c 96 31 91 64 125
c 67 1 69 27 129
c 31 84 8 15 184
c 30 95 19 44 191
c 17 85 63 99 165
c 46 9 22 77 175
c 56 21 33 12 165
c 75 6 81 26 153
c 82 1 19 33 190
c 2 30 21 8 199
c 27 50 96 86 108
c 89 84 66 79 184
c 84 18 22 83 196
c 43 36 97 40 102
c 54 66 44 50 142
c 4 25 4 56 181
c 50 44 9 10 198
c 26 20 92 14 177
c 92 97 62 25 125
c 35 8 30 11 152
c 84 53 14 48 102
c 24 42 18 51 166
c 5 30 77 6 141
c 63 69 37 59 179
c 53 28 75 31 168
c 14 45 45 27 199
c 85 95 85 77 167
c 43 75 33 63 148
c 13 39 14 44 170
c 59 60 90 35 154
c 60 27 8 25 195
c 76 88 43 40 177
c 96 86 72 52 137
c 28 11 43 75 101
c 3 37 63 47 130
c 82 37 29 40 152
c 8 6 82 38 121
c 70 48 54 83 162
c 34 66 56 93 123
c 19 65 94 95 119
c 95 39 17 12 184
c 63 64 94 81 153
c 83 51 1 57 140
c 94 39 5 6 161
c 65 97 92 96 195
c 26 39 56 78 158
c 71 61 98 11 163
c 2 79 22 49 190
c 53 92 64 94 110
c 30 75 7 1 156
c 68 97 91 92 192
c 53 64 17 71 164
c 75 65 9 41 108
c 35 90 16 99 106
c 22 86 14 99 197
c 11 4 57 58 142
c 11 56 32 6 128
c 56 8 95 19 145
c 25 26 12 35 170
c 97 63 10 96 179
c 90 25 95 85 141
c 43 40 76 33 173
c 36 96 45 4 172
c 30 70 33 53 165
c 64 34 77 99 120
c 97 1 29 83 166
c 24 96 64 82 122
c 47 84 91 29 119
c 35 51 29 30 164
c 2 69 73 88 162
c 0 11 57 14 146
c 35 98 40 62 151
c 52 38 44 50 121
c 26 84 94 60 176
c 73 8 8 89 151
c 50 22 67 44 164
c 46 17 59 41 174
c 94 39 35 91 185
c 24 25 97 61 131
c 7 80 52 14 113
c 84 18 61 21 147
c 94 73 14 78 142
c 62 60 88 80 157
c 8 89 1 60 133
c 83 75 69 56 196
c 31 32 32 56 104
c 44 50 65 47 117
c 62 54 55 39 107
c 90 16 93 18 122
c 11 13 29 55 123
c 12 67 37 57 180
c 81 89 80 92 178
c 44 27 61 45 148
c 50 96 73 49 184
c 50 97 0 33 150
c 29 67 84 10 176
c 12 67 25 77 154
c 95 85 47 55 179
c 44 12 74 17 102
c 44 96 34 55 135
c 86 97 77 37 147
c 7 83 60 24 121
c 37 79 69 92 167
c 65 8 66 29 128
c 44 19 52 15 133
c 74 24 23 15 144
c 16 79 21 17 166
c 60 73 12 49 125
c 3 22 85 26 176
c 39 96 35 78 195
c 37 25 5 38 130
c 57 58 44 96 142
c 97 39 84 18 129
c 48 62 80 42 183
c 18 9 12 1 139
c 73 71 3 53 118
c 50 79 31 56 106
c 75 43 31 42 170
c 89 86 68 97 138
c 34 14 66 73 156
c 71 5 11 84 199
c 73 1 3 37 143
c 50 59 29 60 100
c 40 32 10 37 105
c 42 5 5 6 147
c 90 59 89 23 190
c 89 1 97 40 112
c 96 86 83 43 177
c 85 35 56 36 192
c 60 57 28 12 126
c 83 21 12 8 198
c 73 20 36 60 132
c 30 57 25 67 154
c 47 68 9 23 167
c 36 60 31 84 159
c 69 89 65 27 104
c 66 37 56 57 168
c 8 87 14 99 169
c 50 59 50 65 158
c 6 66 89 95 109
c 93 72 40 65 135
c 51 89 94 39 123
c 25 80 31 34 121
c 68 86 85 32 166
c 42 95 32 58 125
c 91 64 33 86 121
c 91 92 90 34 150
c 2 3 81 89 171
c 5 18 92 87 188
c 79 61 11 52 194
c 5 75 15 22 195
c 41 19 3 81 170
c 53 21 73 1 176
c 51 29 57 97 148
c 41 53 23 64 136
c 3 20 59 93 101
c 27 76 36 92 169
c 18 46 71 69 191
c 98 93 94 64 193
c 96 55 34 88 154
c 90 30 25 85 150
c 61 65 4 83 196
c 27 95 34 32 113
c 46 15 40 62 151
c 52 34 89 66 111
c 43 36 84 74 171
c 34 91 21 8 107
c 26 20 92 93 145
c 70 38 48 65 171
c 63 99 62 33 182
c 11 61 47 76 131
c 7 84 18 36 112
c 89 52 66 7 194
c 65 10 36 90 181
c 34 17 30 96 192
c 68 90 41 19 125
c 83 89 31 8 167
c 98 30 91 96 111
c 62 10 48 49 156
c 15 86 90 88 102
c 88 40 92 96 116
c 90 88 34 73 149
c 21 67 79 60 133
c 25 36 84 85 177
c 55 61 48 24 132
c 42 43 72 66 190
c 14 40 43 51 105
c 10 53 4 53 165
c 28 60 64 29 156
c 80 17 53 12 139
c 29 20 93 4 190
c 80 17 13 24 127
c 84 87 93 78 156
c 69 70 80 1 148
c 90 25 11 61 168
c 58 38 84 85 116
c 36 92 17 54 127
c 31 91 5 13 180
c 20 36 10 29 166
c 38 12 61 45 196
c 64 23 16 24 118
c 6 7 76 23 158
c 97 76 24 81 114
c 79 61 2 79 114
c 71 25 35 15 195
c 36 42 31 13 112
c 98 76 22 23 150
c 22 49 93 17 173
c 50 6 76 92 130
c 97 24 67 61 182
c 78 91 74 44 176
c 21 9 94 95 127
c 89 57 98 71 143
c 17 44 53 79 129
c 22 97 37 7 149
c 54 83 19 88 110
c 19 63 27 41 116
c 88 79 91 92 147
c 37 24 96 56 128
c 27 71 19 63 184
c 16 18 79 93 188
c 27 76 30 31 149
c 95 59 79 4 142
c 26 23 89 84 151
c 48 52 77 14 170
c 89 75 24 27 117
c 10 41 48 91 161
c 30 11 72 7 156
c 43 36 67 36 119
c 7 48 6 14 121
c 54 42 21 32 167
c 56 93 27 68 173
c 81 3 48 24 188
c 65 88 62 66 166
c 32 62 8 33 175
c 52 15 38 83 153
c 86 54 36 78 188
c 37 25 15 71 131
c 68 97 62 79 103
c 73 20 22 53 125
c 11 16 57 86 161
c 90 59 58 1 152
c 78 58 31 91 134
c 1 52 14 84 137
c 31 42 51 22 111
c 50 95 64 41 113
c 35 11 7 23 179
c 6 67 86 13 147
c 48 98 38 41 113
c 96 34 49 53 149
c 44 62 27 38 156
c 92 87 54 1 141
c 91 42 81 89 191
c 11 81 24 84 148
c 24 42 3 53 133
c 94 81 12 8 175
c 43 13 2 19 118
c 20 28 97 24 148
c 77 22 68 44 188
c 93 13 68 75 177
c 82 43 9 72 114
c 5 15 66 79 164
c 47 92 26 39 140
c 89 1 32 81 155
c 2 12 36 7 186
c 35 19 88 79 111
c 80 28 18 40 192
c 15 54 63 10 134
c 44 50 65 27 134
c 22 91 12 96 116
c 21 67 60 40 114
c 12 96 29 60 107
c 75 12 14 78 154
c 25 26 17 51 109
c 27 38 53 54 194
c 17 22 61 91 197
c 90 60 87 23 125
c 55 11 81 43 194
c 68 44 76 49 132
c 61 43 43 13 153
c 77 6 46 25 155
c 61 18 32 64 167
c 41 46 96 4 108
c 12 38 86 82 135
c 33 14 35 24 157
c 2 9 24 16 181
c 90 88 24 25 137
c 67 4 56 8 186
c 37 11 2 82 122
c 5 37 75 59 163
c 62 25 26 39 171
c 20 17 27 88 192
c 15 95 1 10 147
c 96 4 16 19 189
c 80 78 98 12 112
c 51 36 71 75 163
c 1 48 22 23 119
c 93 70 78 86 107
c 96 11 57 88 105
c 62 12 35 22 127
c 2 32 88 99 112
c 10 7 55 45 176
c 78 86 83 32 195
c 16 51 7 46 168
c 83 5 80 96 156
c 81 63 62 51 182
c 91 52 46 24 154
c 18 97 81 37 197
c 21 86 36 79 113
c 42 1 12 13 141
c 4 98 39 40 135
c 83 51 16 35 145
c 57 56 75 68 145
c 24 18 84 99 192
c 31 66 93 17 120
c 25 86 54 87 190
c 10 21 36 2 105
c 13 46 66 29 132
c 22 91 1 10 129
c 15 66 96 11 105
c 40 12 66 67 170
c 55 60 83 59 107
c 61 78 67 68 172
c 32 7 56 14 144
c 14 15 65 39 105
c 59 63 18 34 103
c 15 78 31 39 179
c 42 40 79 92 158
c 92 38 90 78 112
c 24 83 43 11 162
c 97 7 72 55 155
c 85 82 46 51 166
c 58 74 69 76 179
c 59 55 38 39 167
c 18 72 42 40 123
c 21 17 98 86 197
c 66 79 84 18 150
c 82 83 83 43 181
c 4 25 40 23 163
c 7 80 33 61 108
c 98 86 90 16 134
c 64 98 32 7 129
c 41 53 37 88 152
c 68 75 35 90 169
c 68 97 61 21 199
c 40 41 11 56 145
c 38 39 36 68 166
c 50 69 37 7 112
c 91 63 7 23 191
c 24 18 93 70 194
c 95 1 2 40 119
c 59 75 40 64 166
c 17 33 76 23 135
c 66 88 42 76 103
c 31 34 63 64 135
c 3 37 44 96 144
c 11 79 9 72 115
c 4 44 77 31 163
c 55 77 62 71 128
c 71 95 94 87 144
c 77 37 58 7 123
c 39 34 79 18 149
c 18 72 56 36 182
c 27 53 25 70 123
c 10 4 33 63 108
c 62 60 89 59 159
c 65 71 66 87 145
c 33 89 72 28 175
c 28 18 56 36 110
c 14 78 32 51 172
c 10 29 74 12 181
c 59 83 4 5 161
c 36 79 72 52 199
c 29 83 93 10 184
c 95 85 21 32 187
c 22 49 93 4 120
c 37 32 41 18 110
c 97 74 12 49 100
c 63 99 67 36 158
c 96 4 38 5 134
c 36 74 6 7 192
c 64 36 87 50 188
c 95 30 51 89 132
c 40 44 74 47 178
c 2 30 32 56 176
c 26 86 61 70 167
c 98 52 63 16 192
c 3 75 21 86 149
c 96 11 13 35 191
c 8 82 33 54 142
c 36 50 74 56 178
c 16 80 38 60 110
c 91 63 20 39 124
c 3 58 9 10 111
c 15 12 88 79 169
c 0 51 9 97 103
c 90 35 57 71 184
c 26 30 75 13 100
c 90 66 27 6 155
c 62 54 26 52 159
c 39 21 69 31 116
c 38 34 60 40 143
c 93 72 82 91 121
c 39 70 88 40 154
c 21 70 41 65 125
c 10 31 74 41 139
c 11 97 66 87 139
c 22 91 81 80 103
c 21 81 94 76 164
c 6 35 94 42 136
c 13 35 2 28 103
c 83 32 2 19 188
c 52 19 90 24 194
c 31 8 85 71 190
c 74 75 76 52 148
c 55 39 61 4 173
c 57 18 50 96 179
c 86 70 14 65 186
c 40 89 68 58 165
c 61 65 79 41 164
c 36 37 67 87 129
c 80 42 17 71 178
c 41 27 67 44 106
c 67 61 80 1 124
c 33 82 89 5 193
c 5 99 61 71 171
c 56 8 31 91 129
c 51 44 98 2 108
c 50 7 84 87 105
c 79 81 76 74 199
c 13 81 94 46 124
c 12 67 22 85 191
c 12 88 28 12 140
c 68 98 12 38 104
c 63 84 0 66 175
c 49 30 20 21 193
c 15 16 90 72 169
c 63 47 40 62 184
c 68 5 18 30 136
c 22 9 37 83 115
c 89 95 53 12 197
c 10 31 92 76 146
c 74 78 36 78 113
c 58 16 47 87 169
c 2 69 34 78 138
c 49 76 78 5 133
c 55 72 59 36 161
c 53 81 27 38 154
c 90 21 11 98 127
c 55 79 77 91 188
c 69 73 49 24 116
c 61 71 71 8 117
c 47 54 10 28 183
c 77 87 27 41 186
c 26 68 42 99 119
c 44 58 13 43 155
c 10 40 55 16 181
c 50 79 83 84 104
c 22 41 27 45 117
c 24 18 54 7 134
c 53 88 24 77 179
c 77 87 67 68 157
c 59 34 68 98 143
c 65 63 10 28 180
c 36 42 56 8 151
c 77 25 71 91 195
c 14 53 87 22 177
c 68 16 96 34 147
c 30 24 56 46 110
c 24 83 77 99 136
c 61 85 20 56 174
c 57 71 55 86 194
c 57 86 49 11 120
c 84 50 5 19 146
c 54 1 78 58 100
c 36 4 59 41 144
c 97 1 13 30 179
c 23 71 31 91 195
c 6 35 97 96 146
c 65 92 17 71 170
c 11 81 25 77 123
c 77 63 57 79 107
c 35 91 42 13 162
c 1 48 36 74 145
c 64 37 6 29 199
c 71 97 89 59 113
c 3 58 56 8 113
c 55 89 82 53 183
c 72 75 48 34 165
c 0 1 60 6 147
c 21 11 30 34 125
c 47 87 30 58 116
c 76 58 79 69 123
c 88 80 73 49 110
c 47 49 87 50 105
c 78 86 57 67 103
c 28 61 17 24 169
c 33 14 12 88 139
c 7 92 71 72 186
c 40 32 2 33 138
c 34 14 81 37 116
c 74 75 34 14 174
c 20 86 61 22 184
c 8 40 31 54 122
c 15 96 59 75 104
c 93 72 89 57 154
c 52 21 53 35 101
c 64 41 85 86 137
c 17 18 1 2 142
c 19 28 68 58 108
c 53 12 18 51 170
c 60 6 81 43 182
c 73 40 14 89 186
c 29 32 66 5 155
c 44 99 53 81 110
c 53 81 77 28 198
c 39 70 61 90 150
c 40 88 59 93 194
c 38 34 15 54 134
c 73 58 88 94 192
c 89 57 7 23 193
c 19 61 70 5 192
c 70 10 35 10 153
c 73 20 8 15 156
c 27 45 66 18 164
c 32 85 21 16 188
c 67 60 43 35 193
c 18 92 80 14 103
c 86 24 38 5 154
c 35 26 31 90 137
c 41 35 52 19 132
c 46 91 98 22 168
c 18 42 40 89 122
c 8 31 60 6 171
c 6 93 7 75 149
c 76 9 98 75 127
c 43 16 33 53 121
c 25 79 40 91 152
c 77 63 90 24 106
c 15 62 87 64 102
c 67 40 5 89 166
c 4 98 97 7 181
c 46 71 4 19 124
c 0 11 44 96 167
c 91 96 97 39 139
c 52 75 95 84 158
c 33 82 21 70 173
c 16 15 41 59 164
c 17 71 75 65 117
c 82 48 84 87 127
c 23 64 36 42 111
c 24 18 31 84 102
c 74 81 68 29 198
c 34 67 52 75 112
c 72 79 21 9 195
c 12 96 62 76 145
c 33 8 91 64 143
c 83 54 55 38 134
c 69 7 47 89 130
c 1 24 89 15 117
c 28 11 27 72 111
c 53 61 68 33 103
c 25 77 20 49 185
c 12 67 88 50 135
c 34 73 1 78 110
c 30 75 35 8 123
c 38 84 74 92 182
c 70 38 27 76 110
c 0 20 67 55 147
c 60 81 1 78 156
c 53 94 23 38 110
c 5 13 8 58 141
c 13 35 98 75 177
c 38 60 31 13 157
c 64 94 81 65 123
c 41 46 46 25 119
c 16 79 53 20 162
c 48 6 24 84 126
c 78 58 38 85 167
c 47 78 90 62 101
c 69 73 55 93 144
c 52 41 33 34 110
c 20 8 96 86 126
c 74 4 97 23 119
c 92 26 85 35 165
c 85 58 19 7 132
c 69 28 89 95 158
c 17 38 95 69 144
c 79 88 28 11 111
c 50 6 51 10 199
c 71 6 37 77 150
c 93 23 35 15 170
c 8 64 18 30 103
c 64 65 54 89 184
c 98 36 36 96 153
c 23 74 55 83 169
c 85 58 16 45 134
c 54 83 87 50 142
c 62 63 66 33 150
c 2 79 52 44 174
c 10 11 32 51 135
c 64 23 0 37 107
c 59 60 58 65 191
c 65 39 61 91 121
c 4 98 88 83 103
c 52 80 10 84 136
c 10 28 78 91 162
c 62 54 52 46 111
c 90 3 84 53 192
c 87 57 29 83 168
c 69 28 30 21 157
c 56 34 9 94 134
c 17 85 89 5 165
c 15 22 48 6 126
c 9 84 58 14 156
c 33 86 19 7 140
c 67 31 0 1 193
c 31 1 18 72 141
c 26 86 64 5 167
c 39 45 25 70 104
c 20 8 81 21 103
c 71 25 20 49 125
c 78 92 61 70 108
c 9 97 57 32 112
c 25 86 92 76 133
c 16 24 46 47 132
c 83 43 25 30 149
c 6 56 76 70 168
c 64 65 62 16 170
c 48 24 31 81 196
c 22 53 18 36 192
c 62 56 30 52 152
c 63 38 98 68 158
c 13 80 59 9 154
c 11 7 35 90 199
c 86 34 90 72 132
c 90 91 15 95 182
c 56 9 17 85 187
c 74 24 84 63 164
c 30 95 77 25 117
c 11 84 94 37 162
c 35 98 97 20 145
c 38 79 47 54 122
c 8 54 17 71 197
c 3 4 74 56 111
c 12 89 89 51 195
c 89 67 27 95 107
c 93 86 76 95 163
c 54 79 52 15 171
c 64 29 24 81 155
c 77 22 34 67 197
c 40 12 20 69 134
c 9 41 68 16 195
c 9 46 18 66 177
c 61 70 4 53 140
c 55 56 18 80 187
c 85 13 96 97 198
c 52 50 34 66 158
c 29 67 88 24 126
c 22 95 25 80 134
c 70 31 31 73 194
c 38 91 71 17 188
c 98 75 63 60 173
c 83 82 59 83 187
c 40 57 90 71 142
c 76 18 91 87 159
c 96 34 48 91 174
c 48 52 65 69 142
c 80 28 42 1 173
c 34 13 74 75 185
c 30 96 66 87 111
c 30 3 27 88 128
c 10 69 74 92 161
c 80 36 34 74 150
c 79 80 65 27 135
c 44 58 3 24 198
c 63 84 76 98 103
c 37 2 5 18 123
c 50 95 44 72 138
c 55 17 86 84 165
c 55 17 36 4 186
c 50 6 74 47 168
c 73 67 1 71 183
c 75 76 77 14 129
c 24 42 47 89 144
c 84 35 72 7 127
c 14 37 23 72 192
c 26 45 61 78 147
c 13 14 85 95 175
c 49 1 58 1 187
c 66 52 69 59 115
c 26 68 52 14 115
c 21 11 90 94 126
c 62 16 73 51 181
c 22 53 27 4 126
c 23 33 33 34 141
c 62 89 46 24 159
c 34 91 50 95 147
c 22 82 50 33 198
c 46 47 31 42 189
c 56 41 23 72 118
c 1 23 78 35 125
c 18 30 62 67 123
c 14 17 54 89 157
c 84 87 85 62 196
c 52 48 76 65 192
c 91 84 27 48 156
c 33 64 37 86 186
c 37 2 13 24 127
c 44 16 2 19 127
c 91 82 0 4 119
c 8 85 1 71 107
c 60 40 26 83 152
c 16 87 5 30 181
c 17 4 34 20 122
c 36 42 19 33 110
c 78 17 11 71 150
c 14 77 36 85 146
c 13 59 43 36 194
c 14 15 50 59 130
c 3 84 31 14 105
c 77 82 91 85 104
c 58 76 47 85 164
c 76 98 14 99 114
c 85 10 72 50 136
c 33 8 14 65 122
c 49 55 25 86 106
c 31 91 85 30 185
c 31 42 3 88 146
c 93 34 44 62 159
c 6 74 84 35 101
c 17 88 62 96 189
c 36 83 37 2 134
c 23 62 5 46 104
c 86 53 79 61 108
c 74 60 10 28 186
c 2 28 28 61 114
c 84 44 51 93 119
c 77 8 10 69 139
c 64 21 95 21 184
c 91 63 61 91 105
c 7 8 85 31 199
c 8 33 15 54 115
c 68 66 10 41 117
c 89 48 85 10 172
c 5 23 10 92 149
c 65 57 16 19 127
c 75 81 59 62 163
c 35 13 66 18 177
c 65 98 76 52 194
c 92 87 95 7 110
c 45 19 55 43 134
c 75 53 31 39 150
c 4 33 71 80 119
c 31 34 96 38 100
c 1 97 66 18 111
c 31 13 7 92 184
c 9 25 33 80 192
c 55 89 11 87 155
c 74 93 98 86 113
c 95 39 14 48 140
c 88 39 42 85 120
c 50 7 24 25 144
c 12 38 21 8 138
c 14 27 0 49 189
c 89 52 32 33 162
c 89 51 39 40 149
c 72 52 64 29 165
c 30 70 53 79 100
c 55 86 21 82 117
c 96 53 37 59 170
c 65 94 50 33 102
c 94 40 14 17 151
c 60 5 95 7 192
c 30 11 63 84 195
c 27 71 16 45 194
c 25 67 4 56 178
c 86 84 87 46 155
c 65 92 74 44 181
c 55 1 90 34 179
c 88 72 18 39 143
c 13 14 72 47 194
c 70 26 28 12 149
c 81 33 40 71 149
c 77 28 21 81 100
c 38 34 7 80 142
c 13 43 68 75 128
c 67 75 24 23 103
c 22 77 83 43 188
c 97 85 21 11 138
c 80 28 17 78 143
c 72 73 12 90 190
c 32 33 64 41 158
c 82 91 4 25 185
c 86 70 89 90 168
c 94 98 64 20 166
c 21 3 63 74 113
c 25 80 31 39 111
c 89 56 97 85 115
c 50 97 50 96 171
c 12 76 97 63 132
c 38 39 13 56 198
c 22 86 17 24 127
c 28 33 92 14 141
c 62 49 60 24 191
c 0 51 65 63 163
c 80 14 85 62 165
c 47 48 58 85 199
c 96 11 7 75 147
c 21 39 86 25 133
c 37 24 80 92 102
c 71 69 50 78 176
c 43 11 52 41 125
c 5 3 35 36 141
c 57 47 37 86 120
c 22 83 15 54 125
c 35 90 34 73 125
c 34 1 29 43 155
c 35 40 57 58 128
c 5 2 41 59 150
c 35 96 27 45 101
c 33 53 13 35 179
c 97 87 42 40 120
c 4 33 2 30 130
c 85 81 83 54 134
c 27 48 69 73 193
c 93 23 58 60 198
c 40 1 45 87 165
c 86 97 2 8 144
c 71 54 9 41 132
c 34 1 68 5 113
c 76 22 13 76 142
c 3 36 34 55 144
c 61 92 62 16 142
c 79 88 62 89 190
c 57 47 31 66 127
c 47 78 2 57 180
c 5 93 59 9 188
c 56 10 50 66 161
c 92 96 72 71 192
c 61 71 22 44 158
c 59 83 60 1 145
c 90 50 21 11 141
c 47 87 23 34 105
c 11 81 95 59 158
c 98 99 55 11 162
c 21 81 13 76 149
c 29 83 81 82 141
c 36 90 11 84 145
c 11 97 35 22 167
c 67 68 9 85 109
c 83 59 13 40 156
c 75 38 51 89 166
c 45 71 18 51 181
c 14 72 65 97 162
c 88 79 52 14 158
c 84 87 47 19 100
c 6 31 40 97 192
c 95 1 64 78 134
c 60 84 43 75 195
c 88 48 6 66 194
c 90 21 50 61 165
c 55 79 93 18 176
c 67 87 54 83 103
c 21 61 31 42 100
c 98 7 59 93 159
c 55 61 39 92 133
c 54 59 96 38 108
c 25 87 35 95 188
c 38 84 11 87 195
c 2 28 94 40 137
c 69 56 14 78 104
c 80 1 94 77 188
c 77 91 80 4 190
c 94 46 4 53 181
c 98 22 53 35 127
c 39 76 85 95 154
c 82 38 75 5 188
c 85 66 11 31 138
c 76 17 46 88 108
c 37 88 58 20 170
c 27 50 71 17 178
c 18 66 77 32 193
c 86 70 59 62 170
c 86 98 32 4 140
c 46 24 5 89 199
c 19 44 57 47 156
c 14 73 78 35 143
c 48 65 42 14 162
c 22 20 37 59 165
c 1 96 64 21 109
c 95 28 56 41 113
c 30 3 14 78 184
c 90 35 89 15 199
c 0 33 66 5 117
c 34 69 67 87 160
c 19 7 93 20 133
c 38 60 64 20 190
c 68 69 56 93 150
c 50 7 52 65 104
c 32 51 46 70 109
c 26 20 61 3 198
c 94 87 19 86 129
c 9 94 92 38 153
c 4 76 9 79 191
c 38 91 84 87 194
c 59 27 2 30 125
c 89 48 0 81 165
c 94 68 55 89 164
c 77 36 16 67 101
c 97 61 17 33 145
c 44 51 68 51 125
c 41 64 56 10 111
c 64 82 81 65 176
c 88 89 42 1 100
c 89 23 67 68 188
c 38 5 87 23 198
c 94 77 37 57 179
c 69 56 9 46 118
c 28 29 66 70 113
c 46 9 88 39 182
c 2 19 35 93 158
c 12 68 98 75 180
c 84 74 96 17 178
c 93 23 65 97 167
c 69 92 54 79 128
c 10 99 68 98 176
c 25 76 9 23 115
c 2 65 34 1 184
c 9 79 34 74 130
c 40 44 67 75 120
c 74 93 5 98 163
c 49 30 89 90 177
c 20 28 36 83 164
c 66 70 58 76 178
c 11 98 84 22 129
c 98 7 23 72 126
c 12 67 17 18 124
c 51 22 75 12 163
c 4 56 70 90 121
c 44 51 15 86 158
c 93 20 41 90 112
c 97 28 44 58 189
c 73 71 41 35 170
c 77 99 2 72 186
c 17 51 3 96 139
c 83 21 91 96 198
c 97 61 50 96 170
c 98 36 61 91 197
c 44 96 91 29 182
c 17 12 35 78 127
c 93 72 21 82 108
c 44 19 92 46 174
c 10 96 23 86 196
c 26 39 74 70 100
c 14 53 55 22 152
c 68 75 88 89 169
c 92 26 4 83 136
c 11 56 39 40 171
c 90 62 74 97 169
c 53 94 78 7 189
c 40 12 27 45 152
c 35 78 3 75 174
c 50 44 18 86 176
c 45 48 25 6 113
c 12 71 75 68 150
c 88 61 70 5 198
c 24 81 82 34 197
c 18 49 26 39 153
c 98 40 40 44 129
c 54 84 17 24 170
c 98 62 52 34 145
c 86 54 73 58 171
c 81 80 5 93 102
c 83 32 52 68 147
c 76 77 4 74 135
c 7 80 16 99 160
c 54 60 85 31 124
c 19 21 81 82 145
c 57 18 34 14 105
c 28 92 76 23 195
c 7 8 61 52 188
c 23 72 19 25 178
c 33 8 66 18 178
c 71 6 43 16 112
c 96 11 45 4 175
c 54 79 26 45 110
c 16 24 33 61 144
c 95 19 76 41 182
c 82 71 15 40 146
c 13 40 60 56 160
c 41 19 15 20 164
c 82 71 69 23 127
c 29 85 24 84 153
c 1 15 85 30 148
c 8 85 34 23 129
c 96 34 39 70 151
c 72 28 2 31 159
c 52 40 6 62 162
c 71 25 87 23 151
c 43 96 35 90 124
c 7 83 39 87 144
c 10 65 53 54 155
c 21 28 74 47 189
c 85 56 74 17 137
c 21 16 98 22 145
c 6 67 61 78 195
c 55 79 28 10 134
c 43 36 38 52 187
c 27 53 9 89 125
c 42 33 5 75 171
c 22 15 80 14 135
c 24 81 43 18 132
c 23 64 93 17 153
c 32 52 14 50 135
c 34 67 37 57 173
c 23 15 66 5 197
c 39 70 65 98 104
c 67 31 16 17 121
c 87 23 94 68 172
c 43 51 4 76 125
c 4 25 85 46 165
c 90 94 31 56 191
c 72 55 62 71 112
c 36 5 10 7 108
c 63 68 88 14 180
c 89 86 3 96 147
c 17 33 50 66 187
c 72 50 6 89 198
c 14 77 24 95 149
c 41 42 91 41 125
c 90 70 65 66 181
c 2 16 66 82 197
c 27 71 58 76 123
c 10 28 85 56 170
c 4 12 27 6 124
c 80 11 14 15 125
c 34 88 66 88 117
c 98 75 0 39 138
c 71 5 3 36 177
c 61 4 90 53 170
c 81 37 16 87 140
c 4 83 51 19 124
c 70 86 32 64 113
c 98 30 50 44 152
c 46 15 96 30 141
c 0 20 64 37 131
c 49 85 52 14 135
c 62 70 12 49 158
c 19 86 35 93 111
c 94 56 21 39 126
c 67 82 64 30 133
c 50 95 91 92 108
c 71 61 51 22 148
c 55 4 36 30 167
c 86 53 16 17 122
c 18 66 86 96 140
c 77 8 93 4 189
c 62 71 10 65 142
c 66 70 3 22 124
c 25 65 23 31 151
c 63 69 77 36 119
c 32 56 48 52 180
c 57 65 98 71 148
c 88 83 52 19 178
c 55 89 14 99 142
c 18 42 28 86 196
c 7 80 53 79 143
c 38 81 89 32 138
c 51 36 44 71 128
c 24 14 16 19 187
c 57 14 76 52 139
c 8 81 24 91 164
c 48 49 78 58 137
c 30 76 68 11 133
c 60 76 14 44 125
c 33 72 19 7 138
c 66 87 32 83 170
c 1 24 3 37 160
c 85 69 9 10 185
c 83 82 48 24 148
c 43 51 69 84 114
c 3 96 12 76 139
c 35 19 18 46 171
c 29 3 61 84 163
c 90 31 11 21 176
c 18 91 80 55 182
c 94 37 13 81 138
c 53 54 43 75 174
c 96 53 57 71 132
c 67 75 27 88 174
c 33 8 7 80 174
c 84 63 61 3 196
c 68 86 4 33 179
c 17 12 49 24 187
c 82 92 71 54 171
c 37 7 20 85 161
c 78 58 4 43 114
c 83 59 80 86 146
c 18 51 42 58 149
c 39 21 98 73 109
c 26 5 78 5 135
c 98 58 69 16 129
c 69 89 97 7 175
c 42 24 42 76 197
c 27 6 80 28 189
c 0 39 23 33 185
c 37 11 87 57 172
c 84 62 70 86 153
c 6 56 5 37 100
c 25 83 94 56 153
c 20 36 38 5 152
c 2 33 93 32 160
c 1 28 92 96 149
c 18 95 90 35 179
c 48 60 91 84 177
c 93 34 17 88 183
c 73 74 39 21 128
c 7 48 48 94 151
c 62 54 76 77 197
c 22 20 70 38 104
c 53 88 51 89 131
c 0 1 71 81 105
c 12 2 84 50 152
c 1 23 23 33 100
c 36 29 97 20 112
c 63 12 29 79 137
c 44 58 5 50 109
c 14 77 63 46 109
c 94 76 80 28 132
c 59 24 65 94 196
c 89 52 74 4 147
c 52 61 78 90 146
c 31 4 68 28 186
c 76 49 59 42 149
c 18 80 10 40 163
c 7 1 9 25 145
c 68 51 59 27 180
c 63 74 93 60 164
c 34 69 82 48 124
c 86 96 93 86 181
c 62 16 95 1 117
c 87 46 36 2 115
c 58 60 98 86 172
c 74 24 50 7 108
c 93 23 68 76 148
c 44 27 18 40 153
c 7 80 26 25 120
c 43 88 80 4 169
c 47 89 4 98 101
c 70 71 97 49 173
c 33 82 27 24 159
c 90 30 18 92 158
c 18 36 91 62 191
c 58 76 71 92 198
c 66 18 81 67 105
c 18 19 76 98 120
c 17 16 8 83 109
c 59 63 82 79 176
c 26 30 40 32 123
c 12 2 39 21 153
c 19 33 7 46 106
c 94 77 49 30 153
c 7 21 33 34 122
c 5 64 25 92 133
c 62 51 15 21 161
c 21 28 69 11 123
c 34 69 82 34 131
c 57 67 94 45 129
c 6 35 31 42 154
c 5 30 25 80 109
c 52 79 81 65 185
c 48 83 29 47 167
c 55 72 25 26 181
c 35 95 80 17 145
c 62 60 53 92 130
c 64 94 23 62 110
c 30 96 67 75 145
c 38 60 29 44 127
c 94 40 49 11 142
c 69 87 15 22 111
c 55 45 13 35 126
c 71 61 27 53 161
c 9 89 80 96 168
c 6 75 8 37 190
c 71 5 23 64 128
c 36 6 59 83 129
c 96 98 62 66 170
c 63 38 88 24 117
c 22 77 76 45 186
c 68 90 66 18 108
c 17 24 72 50 108
c 89 56 2 69 181
c 66 90 9 72 142
c 81 82 43 18 192
c 58 14 17 18 159
c 22 91 2 8 116
c 81 43 16 24 127
c 10 40 28 12 184
c 0 81 84 68 169
c 76 52 66 52 143
c 32 37 28 10 131
c 62 51 15 86 172
c 36 50 27 68 129
c 61 30 59 63 179
c 81 3 42 14 125
c 74 56 3 47 184
c 31 13 26 25 144
c 77 8 19 60 127
c 75 8 79 69 146
c 26 60 18 66 112
c 88 83 50 51 161
c 87 58 26 45 195
c 92 84 45 16 184
c 98 2 16 67 193
c 27 18 84 44 171
c 57 10 42 75 152
c 54 28 75 14 161
c 34 99 68 28 133
c 53 60 55 60 104
c 76 65 16 61 144
c 13 96 35 40 167
c 36 50 59 90 143
c 30 11 90 25 125
c 62 33 54 60 175
c 51 77 48 42 163
c 45 19 95 69 186
c 1 97 65 40 142
c 49 58 17 33 125
c 29 47 18 29 185
c 87 80 50 7 102
c 78 17 37 57 192
c 58 1 18 93 143
c 84 85 51 22 130
c 73 55 12 68 183
c 47 55 31 50 134
c 67 20 10 87 117
c 65 98 34 17 157
c 97 98 25 83 106
c 35 41 30 31 175
c 15 12 87 14 105
c 64 21 97 96 142
c 32 68 15 78 123
c 36 37 5 99 193
c 13 43 11 21 117
c 31 1 95 86 159
c 32 56 37 79 149
c 82 71 17 4 144
c 87 46 54 55 145
c 33 22 35 40 179
c 82 43 12 88 137
c 2 4 48 34 124
c 68 29 55 56 144
c 37 11 65 71 119
c 87 11 73 55 103
c 18 40 96 97 138
c 52 50 42 58 149
c 48 98 33 64 139
c 47 68 12 76 156
c 79 73 93 23 136
c 39 34 18 10 101
c 66 67 54 66 132
c 59 83 94 56 121
c 71 72 3 10 145
c 73 78 51 80 163
c 23 32 33 73 188
c 86 34 90 91 171
c 88 50 20 97 143
c 35 51 41 29 103
c 82 26 33 22 154
c 43 11 63 46 102
c 26 5 25 67 164
c 56 93 69 76 198
c 53 81 63 80 154
c 45 42 59 9 159
c 4 28 4 12 190
c 27 4 58 16 174
c 13 67 28 73 182
c 42 13 98 40 154
c 29 79 64 34 147
c 63 70 63 80 135
c 72 71 78 86 168
c 60 61 14 89 123
c 24 16 33 48 180
c 76 77 0 65 141
c 41 59 5 69 135
c 3 84 1 57 104
c 95 69 16 19 199
c 12 17 67 40 137
c 23 14 76 77 150
c 37 38 41 58 136
c 15 40 69 8 194
c 33 8 18 62 161
c 91 96 51 41 106
c 15 86 35 11 179
c 29 76 14 40 125
c 34 66 10 41 184
c 31 1 57 21 141
c 40 38 73 20 198
c 55 25 76 49 173
c 93 72 40 89 108
c 6 74 68 58 118
c 32 57 8 85 151
c 60 70 72 50 162
c 76 52 27 45 118
c 3 4 87 81 183
c 97 40 94 37 150
c 38 41 64 20 181
c 97 23 4 20 128
c 32 64 74 44 190
c 93 72 63 46 190
c 28 11 56 41 166
c 21 28 98 31 148
c 29 43 89 34 193
c 98 22 86 40 172
c 9 97 61 6 183
c 32 83 58 3 154
c 50 44 69 76 151
c 26 87 56 10 195
c 68 75 43 18 152
c 8 89 56 46 106
c 21 3 51 77 197
c 74 19 95 7 159
c 59 27 90 70 140
c 29 20 51 43 166
c 90 88 97 60 180
c 97 74 76 74 128
c 77 42 15 26 181
c 92 96 14 99 124
c 79 73 83 59 191
c 42 40 83 21 188
c 57 47 25 87 176
c 49 38 15 78 124
c 1 71 33 84 160
c 19 47 91 83 157
c 93 44 1 78 112
c 58 67 59 41 149
c 71 21 97 85 129
c 35 57 38 29 125
c 90 35 38 83 100
c 17 47 2 96 194
c 65 71 57 74 129
c 81 3 65 47 188
c 80 96 45 29 171
c 31 13 45 16 131
c 19 28 98 88 121
c 62 66 11 7 162
c 66 5 74 60 181
c 91 85 88 94 174
c 28 7 88 99 129
c 28 88 61 21 182
c 63 80 24 3 161
c 77 12 32 81 119
c 64 98 70 26 152
c 85 10 53 12 197
c 2 3 64 21 107
c 90 72 95 84 142
c 58 65 62 41 199
c 77 22 74 24 126
c 47 74 85 95 199
c 6 62 67 75 199
c 41 28 1 96 103
c 69 84 66 24 178
c 12 67 42 24 135
c 34 73 24 25 105
c 28 88 77 28 116
c 26 68 85 32 146
c 11 71 88 24 142
c 66 5 89 57 163
c 56 67 35 24 160
c 3 20 25 29 174
c 6 74 72 9 172
c 88 89 84 35 179
c 40 38 67 20 103
c 68 58 74 19 132
c 14 40 81 62 186
c 65 40 82 83 143
c 86 25 29 40 189
c 32 97 48 94 101
c 5 98 85 13 110
c 30 21 2 16 156
c 87 22 61 18 120
c 81 46 31 47 105
c 46 15 5 72 165
c 92 47 28 18 152
c 40 21 77 82 156
c 69 28 15 78 169
c 2 96 71 95 105
c 52 65 36 37 153
c 5 3 82 26 142
c 94 4 51 29 159
c 36 2 10 11 199
c 89 84 38 34 159
c 81 63 74 24 104
c 94 46 52 34 104
c 39 21 87 22 138
c 14 17 89 41 189
c 62 63 4 99 121
c 66 88 60 56 136
c 38 69 24 25 164
c 73 40 77 28 167
c 31 73 68 86 124
c 61 70 26 55 143
c 84 50 29 28 149
c 44 58 80 55 132
c 4 12 22 23 194
c 91 42 49 85 196
c 78 75 13 24 162
c 90 53 49 11 162
c 85 13 83 7 173
c 95 19 21 67 186
c 18 97 64 98 138
c 2 96 83 7 180
c 1 96 10 1 101
c 59 3 19 63 146
c 40 88 27 88 110
c 25 6 69 31 129
c 63 3 75 53 113
c 86 53 49 85 106
c 26 88 43 88 120
c 68 11 94 40 154
c 3 87 95 30 194
