notes: n=100, m=990, elb=1, eub=20, density=0.1, conf_density=0.003, clb=75, cub= 175, seed= 4799
p spec 100 990 1468
s 0
t 99
a 0 1 1
a 0 89 4
a 0 70 16
a 0 30 12
a 0 8 12
a 0 96 11
a 1 2 7
a 1 58 1
a 1 5 17
a 1 12 8
a 1 64 4
a 1 10 18
a 1 72 7
a 1 97 2
a 1 82 3
a 1 43 9
a 1 31 15
a 1 9 6
a 1 39 19
a 1 35 4
a 1 80 4
a 1 87 7
a 2 3 16
a 2 20 4
a 2 31 14
a 2 12 12
a 2 26 19
a 2 16 15
a 2 99 16
a 2 57 11
a 2 80 4
a 2 71 10
a 2 51 11
a 3 4 16
a 3 88 4
a 3 34 3
a 3 80 9
a 3 9 15
a 3 6 1
a 3 1 9
a 3 37 9
a 3 71 15
a 3 10 8
a 4 5 4
a 4 49 11
a 4 66 15
a 4 73 7
a 4 6 7
a 5 6 8
a 5 96 7
a 5 27 13
a 5 9 6
a 5 59 13
a 5 24 16
a 5 21 4
a 6 7 12
a 6 17 6
a 6 52 10
a 6 71 3
a 6 1 16
a 6 61 14
a 6 11 18
a 6 3 3
a 6 28 16
a 6 51 3
a 7 8 17
a 7 98 14
a 7 81 19
a 7 94 17
a 7 32 18
a 7 35 18
a 7 61 6
a 8 9 1
a 8 76 4
a 8 17 14
a 8 80 19
a 8 57 6
a 8 86 5
a 8 42 1
a 8 18 12
a 8 97 2
a 9 10 5
a 9 6 10
a 9 12 3
a 9 56 15
a 9 29 10
a 9 42 5
a 10 11 19
a 10 9 15
a 10 29 15
a 10 98 13
a 10 30 15
a 10 46 18
a 10 54 9
a 10 88 19
a 10 93 18
a 10 87 9
a 11 12 13
a 11 26 16
a 11 91 16
a 11 88 10
a 11 13 14
a 11 45 6
a 11 14 15
a 11 35 18
a 11 79 14
a 11 67 4
a 11 76 4
a 12 13 12
a 12 46 18
a 12 48 11
a 12 55 3
a 12 33 12
a 12 27 7
a 12 39 9
a 12 22 5
a 12 19 9
a 12 74 12
a 12 36 2
a 13 14 19
a 13 50 3
a 13 34 14
a 13 8 18
a 13 1 1
a 13 36 13
a 13 31 8
a 13 53 14
a 13 26 7
a 13 93 14
a 14 15 18
a 14 44 2
a 14 96 2
a 14 98 13
a 14 20 1
a 14 88 15
a 14 34 2
a 14 70 2
a 14 7 6
a 14 39 11
a 14 74 12
a 14 58 7
a 15 16 12
a 15 13 11
a 15 27 7
a 15 60 8
a 15 92 8
a 15 77 1
a 15 29 17
a 15 6 16
a 15 76 18
a 15 25 4
a 15 2 17
a 16 17 11
a 16 85 7
a 16 88 14
a 16 63 18
a 16 83 13
a 16 35 17
a 16 13 14
a 16 73 2
a 16 33 1
a 16 87 11
a 16 25 8
a 16 49 2
a 17 18 16
a 17 65 10
a 17 51 17
a 17 86 10
a 17 53 19
a 17 38 14
a 17 72 1
a 17 62 18
a 17 45 2
a 17 90 19
a 17 43 5
a 17 54 19
a 18 19 15
a 18 8 7
a 18 89 2
a 18 2 4
a 18 76 2
a 18 27 6
a 18 35 3
a 18 54 1
a 18 84 7
a 18 12 13
a 18 83 13
a 18 3 2
a 19 20 10
a 19 38 3
a 19 71 14
a 19 27 17
a 19 34 12
a 19 42 17
a 19 40 9
a 19 10 15
a 19 30 19
a 20 21 9
a 20 64 11
a 20 31 13
a 20 99 10
a 20 1 9
a 20 68 14
a 20 75 10
a 20 16 18
a 20 40 2
a 21 22 10
a 21 98 11
a 21 32 2
a 21 92 8
a 21 87 17
a 21 64 19
a 21 73 4
a 21 50 2
a 21 18 17
a 22 23 9
a 22 44 19
a 22 20 3
a 22 37 6
a 22 78 5
a 22 68 2
a 23 24 16
a 23 57 16
a 23 78 15
a 23 63 9
a 23 62 10
a 23 73 14
a 23 58 4
a 23 18 7
a 23 33 19
a 24 25 19
a 24 60 14
a 24 67 5
a 24 89 10
a 24 4 16
a 24 34 1
a 24 48 4
a 24 79 8
a 24 23 2
a 24 94 11
a 25 26 1
a 25 32 15
a 25 1 8
a 25 52 17
a 25 53 3
a 25 59 8
a 25 33 3
a 25 95 17
a 25 24 15
a 25 55 4
a 25 19 13
a 25 58 5
a 26 27 4
a 26 59 11
a 26 6 16
a 26 78 12
a 26 40 16
a 26 55 15
a 26 68 2
a 26 30 4
a 26 29 19
a 26 38 8
a 27 28 5
a 27 23 7
a 27 64 7
a 27 76 18
a 27 26 16
a 27 79 13
a 27 35 16
a 27 55 3
a 28 29 5
a 28 96 13
a 28 53 1
a 28 99 5
a 28 91 11
a 28 21 11
a 28 27 13
a 28 36 14
a 28 39 3
a 29 30 16
a 29 3 1
a 29 41 16
a 29 58 8
a 29 84 17
a 29 49 16
a 29 87 4
a 29 13 7
a 29 26 12
a 29 65 18
a 29 82 18
a 29 46 18
a 29 21 12
a 29 1 15
a 29 68 13
a 30 31 18
a 30 79 3
a 30 95 16
a 30 32 15
a 30 48 19
a 30 26 14
a 30 8 16
a 30 54 1
a 30 67 12
a 31 32 18
a 31 93 4
a 31 2 1
a 31 99 19
a 31 84 8
a 31 15 18
a 31 96 6
a 31 38 18
a 31 29 10
a 31 41 6
a 31 6 9
a 31 47 4
a 31 57 17
a 31 14 1
a 32 33 7
a 32 52 4
a 32 39 7
a 32 65 16
a 32 73 3
a 32 47 16
a 32 85 15
a 32 94 5
a 32 96 12
a 32 13 2
a 33 34 7
a 33 98 8
a 33 92 14
a 33 58 12
a 33 19 12
a 33 99 2
a 33 1 13
a 33 89 19
a 33 66 3
a 33 18 2
a 33 69 14
a 33 20 4
a 34 35 12
a 34 73 13
a 34 39 18
a 34 86 13
a 34 5 8
a 34 8 1
a 34 45 6
a 34 20 11
a 34 6 3
a 34 53 1
a 35 36 11
a 35 95 4
a 35 29 4
a 35 30 7
a 35 25 17
a 35 45 7
a 35 56 16
a 35 12 11
a 35 46 8
a 35 24 8
a 35 42 7
a 35 15 12
a 35 67 10
a 35 81 2
a 35 91 13
a 35 38 12
a 36 37 1
a 36 44 3
a 36 86 9
a 36 46 13
a 36 70 19
a 36 58 16
a 36 78 3
a 36 3 11
a 36 65 2
a 36 9 9
a 36 34 13
a 37 38 19
a 37 26 6
a 37 1 3
a 37 22 9
a 37 99 15
a 37 2 2
a 37 15 16
a 37 7 16
a 37 73 2
a 37 43 10
a 37 3 4
a 37 82 13
a 37 63 5
a 37 39 4
a 37 54 15
a 38 39 13
a 38 88 15
a 38 94 10
a 38 22 10
a 38 6 17
a 38 23 1
a 38 55 2
a 38 84 15
a 38 19 4
a 38 83 19
a 38 21 2
a 39 40 3
a 39 80 18
a 39 81 9
a 39 83 6
a 39 92 19
a 39 79 8
a 39 69 8
a 39 45 13
a 39 71 2
a 39 35 16
a 40 41 7
a 40 86 16
a 40 21 4
a 40 59 5
a 40 75 14
a 40 42 13
a 40 30 17
a 40 12 18
a 40 38 12
a 41 42 7
a 41 79 13
a 41 65 19
a 41 77 17
a 41 62 15
a 41 57 16
a 41 84 5
a 41 29 18
a 41 64 6
a 42 43 11
a 42 10 19
a 42 40 15
a 42 2 14
a 42 39 19
a 42 98 18
a 42 51 14
a 42 84 10
a 43 44 18
a 43 81 13
a 43 12 2
a 43 5 18
a 43 46 12
a 43 11 4
a 43 25 19
a 44 45 19
a 44 23 6
a 44 55 1
a 44 25 2
a 44 57 11
a 44 69 1
a 44 73 16
a 44 83 16
a 45 46 7
a 45 63 13
a 45 1 10
a 45 81 1
a 45 66 6
a 45 12 19
a 45 84 6
a 45 54 16
a 45 83 10
a 46 47 14
a 46 29 18
a 46 79 13
a 46 12 12
a 46 27 1
a 46 1 19
a 46 61 2
a 46 53 8
a 46 20 8
a 46 14 13
a 46 71 3
a 46 78 1
a 46 63 10
a 46 77 14
a 46 81 5
a 47 48 6
a 47 54 7
a 47 20 11
a 47 66 19
a 47 60 14
a 47 14 18
a 47 37 11
a 47 79 7
a 47 68 10
a 47 94 8
a 48 49 4
a 48 37 9
a 48 24 5
a 48 1 18
a 48 84 7
a 48 80 1
a 48 4 12
a 48 41 14
a 48 76 5
a 49 50 4
a 49 63 1
a 49 57 14
a 49 68 10
a 49 10 12
a 49 98 10
a 49 16 8
a 49 14 9
a 49 69 3
a 49 72 17
a 50 51 5
a 50 93 16
a 50 49 18
a 50 96 18
a 50 55 8
a 50 10 17
a 50 24 7
a 50 98 18
a 50 79 10
a 50 73 3
a 50 3 3
a 50 67 1
a 50 83 4
a 50 56 7
a 51 52 7
a 51 88 16
a 51 11 7
a 51 21 11
a 51 61 2
a 51 32 5
a 51 60 11
a 51 44 10
a 51 74 9
a 51 26 19
a 51 97 19
a 52 53 7
a 52 50 11
a 52 81 13
a 52 98 11
a 52 75 12
a 52 83 9
a 53 54 1
a 53 75 5
a 53 33 8
a 53 68 8
a 53 5 15
a 53 2 13
a 53 12 2
a 53 80 9
a 53 72 5
a 53 3 1
a 54 55 13
a 54 22 1
a 54 48 3
a 54 45 11
a 54 84 16
a 54 77 3
a 55 56 13
a 55 31 11
a 55 46 5
a 55 18 12
a 55 32 15
a 55 60 12
a 55 72 19
a 55 30 2
a 56 57 16
a 56 51 1
a 56 83 13
a 56 1 8
a 56 42 13
a 56 41 4
a 56 25 17
a 56 18 18
a 56 46 3
a 56 38 9
a 56 39 3
a 56 27 4
a 56 32 8
a 57 58 12
a 57 86 16
a 57 97 14
a 57 36 7
a 57 60 6
a 57 55 14
a 57 76 17
a 57 69 14
a 57 75 16
a 57 35 7
a 57 61 9
a 57 47 18
a 58 59 9
a 58 26 19
a 58 22 16
a 58 28 1
a 58 73 9
a 58 95 16
a 58 48 8
a 58 84 19
a 58 4 3
a 58 43 2
a 59 60 9
a 59 75 5
a 59 84 15
a 59 43 16
a 60 61 19
a 60 92 18
a 60 52 1
a 60 20 1
a 60 76 10
a 60 96 14
a 60 80 12
a 60 14 9
a 60 36 14
a 60 44 7
a 60 40 16
a 61 62 19
a 61 84 17
a 61 19 16
a 61 7 1
a 61 70 13
a 61 49 18
a 61 26 6
a 61 5 19
a 61 27 3
a 61 68 9
a 61 93 8
a 61 25 1
a 62 63 2
a 62 57 16
a 62 15 9
a 62 77 13
a 62 72 8
a 62 82 14
a 62 16 1
a 62 5 8
a 63 64 7
a 63 76 2
a 63 83 12
a 63 82 15
a 63 42 12
a 63 94 15
a 63 4 11
a 63 80 19
a 63 95 19
a 63 81 16
a 64 65 7
a 64 22 12
a 64 58 1
a 64 77 16
a 64 84 6
a 64 81 15
a 64 5 10
a 64 36 11
a 64 43 16
a 64 42 12
a 64 49 5
a 64 6 10
a 64 14 6
a 65 66 13
a 65 27 13
a 65 87 17
a 65 62 13
a 65 76 12
a 65 81 6
a 65 75 10
a 66 67 12
a 66 53 4
a 66 77 18
a 66 74 19
a 66 33 16
a 66 45 10
a 66 39 15
a 66 25 1
a 67 68 11
a 67 14 5
a 67 50 11
a 67 89 6
a 67 25 3
a 67 45 10
a 67 96 10
a 67 23 8
a 68 69 13
a 68 36 5
a 68 90 4
a 68 74 6
a 68 77 13
a 68 7 2
a 68 86 6
a 68 33 4
a 68 49 5
a 68 99 6
a 69 70 9
a 69 62 18
a 69 16 15
a 69 93 16
a 69 6 19
a 69 23 8
a 69 15 16
a 69 77 4
a 70 71 14
a 70 1 7
a 70 44 8
a 70 88 3
a 70 20 11
a 70 19 13
a 71 72 12
a 71 3 6
a 71 26 7
a 71 87 19
a 71 88 8
a 71 77 2
a 71 25 3
a 72 73 12
a 72 5 6
a 72 52 7
a 72 48 19
a 72 30 4
a 72 47 14
a 72 99 12
a 72 84 17
a 73 74 2
a 73 54 8
a 73 2 12
a 73 82 18
a 73 32 2
a 73 18 13
a 73 46 19
a 73 96 11
a 73 40 4
a 74 75 1
a 74 98 13
a 74 31 8
a 74 73 13
a 74 86 13
a 74 29 19
a 74 85 16
a 74 53 6
a 74 58 18
a 75 76 18
a 75 96 14
a 75 41 7
a 75 91 10
a 75 14 10
a 75 97 11
a 75 18 13
a 75 5 15
a 75 40 17
a 76 77 9
a 76 8 4
a 76 33 9
a 76 55 10
a 76 46 19
a 76 16 18
a 76 66 4
a 76 57 5
a 76 12 15
a 76 40 2
a 76 22 6
a 77 78 14
a 77 52 7
a 77 68 18
a 77 49 14
a 77 47 6
a 77 9 6
a 77 45 2
a 77 36 7
a 77 93 6
a 77 14 5
a 78 79 18
a 78 76 10
a 78 7 1
a 78 50 13
a 78 29 9
a 78 72 16
a 78 48 8
a 78 13 9
a 78 39 13
a 78 57 4
a 78 56 16
a 78 6 2
a 79 80 14
a 79 23 18
a 79 28 2
a 79 96 18
a 79 78 12
a 79 85 3
a 79 58 10
a 79 13 13
a 79 16 8
a 79 90 7
a 79 7 17
a 79 39 11
a 80 81 3
a 80 92 9
a 80 31 6
a 80 42 4
a 80 40 9
a 80 23 13
a 80 90 8
a 80 94 8
a 80 34 11
a 80 10 13
a 80 71 4
a 80 85 2
a 80 78 19
a 81 82 12
a 81 76 18
a 81 85 18
a 81 61 2
a 81 83 2
a 81 70 12
a 81 64 5
a 81 3 19
a 81 37 17
a 81 41 6
a 81 24 8
a 82 83 11
a 82 94 8
a 82 87 2
a 82 81 16
a 82 91 14
a 82 55 15
a 82 6 9
a 82 7 16
a 82 99 18
a 82 11 9
a 82 21 5
a 83 84 14
a 83 89 12
a 83 2 6
a 83 46 8
a 83 72 16
a 83 29 3
a 83 39 5
a 83 86 16
a 83 97 17
a 83 82 1
a 84 85 3
a 84 68 4
a 84 37 8
a 84 24 3
a 84 36 16
a 84 14 14
a 84 75 10
a 84 26 16
a 84 67 1
a 84 33 11
a 84 74 12
a 85 86 12
a 85 31 11
a 85 40 17
a 85 49 4
a 85 61 4
a 85 32 7
a 85 54 16
a 85 34 14
a 85 42 7
a 85 24 7
a 85 88 11
a 85 47 11
a 85 58 17
a 85 97 2
a 85 16 15
a 85 62 12
a 86 87 12
a 86 37 17
a 86 65 14
a 86 7 13
a 86 56 10
a 86 12 7
a 86 99 9
a 86 85 18
a 86 9 8
a 86 51 18
a 86 6 12
a 86 22 13
a 86 26 4
a 87 88 10
a 87 46 5
a 87 15 12
a 87 68 6
a 87 13 11
a 87 49 11
a 87 94 1
a 87 99 3
a 87 33 9
a 87 20 6
a 87 67 8
a 88 89 3
a 88 45 19
a 88 77 14
a 88 8 5
a 88 95 16
a 88 41 12
a 88 18 10
a 88 27 5
a 88 99 7
a 89 90 8
a 89 74 16
a 89 92 3
a 89 76 2
a 89 63 2
a 89 70 4
a 89 91 11
a 89 86 17
a 89 32 2
a 89 99 14
a 89 34 15
a 90 91 16
a 90 60 14
a 90 24 1
a 90 29 14
a 90 4 1
a 90 56 1
a 90 52 15
a 90 62 5
a 90 77 12
a 90 27 8
a 91 92 13
a 91 33 14
a 91 21 8
a 91 50 4
a 91 84 10
a 91 18 4
a 91 67 10
a 91 23 4
a 91 39 13
a 91 75 12
a 92 93 8
a 92 67 11
a 92 22 14
a 92 31 9
a 92 45 2
a 92 72 8
a 92 1 17
a 92 6 9
a 92 62 5
a 93 94 1
a 93 85 1
a 93 96 10
a 93 8 5
a 93 25 10
a 93 38 13
a 93 31 16
a 93 75 16
a 93 81 3
a 93 87 19
a 94 95 10
a 94 30 15
a 94 64 12
a 94 23 9
a 94 77 7
a 94 37 13
a 94 28 12
a 94 7 4
a 94 99 14
a 94 80 9
a 94 68 8
a 95 96 3
a 95 75 4
a 95 47 2
a 95 43 3
a 95 7 2
a 95 38 8
a 95 26 17
a 95 72 11
a 95 59 4
a 95 5 4
a 96 97 15
a 96 95 9
a 96 46 11
a 96 5 15
a 96 37 1
a 96 35 4
a 96 79 15
a 97 98 14
a 97 79 12
a 97 4 3
a 97 7 1
a 97 22 19
a 97 51 17
a 97 18 14
a 97 25 3
a 98 99 8
a 98 34 1
a 98 63 1
a 98 36 5
a 98 43 15
a 98 12 13
a 98 45 1
a 98 28 12
a 98 82 1
a 98 65 6
a 98 33 14
c 46 79 18 89 80
c 30 31 16 85 92
c 81 41 39 83 165
c 0 96 30 48 146
c 92 31 50 83 153
c 15 25 84 74 136
c 7 98 84 68 148
c 1 2 54 84 109
c 22 23 89 76 105
c 41 65 23 57 150
c 65 66 77 9 78
c 88 8 71 72 86
c 75 91 14 74 116
c 98 43 69 23 169
c 12 74 68 90 97
c 12 46 1 80 164
c 79 28 79 58 103
c 32 96 51 11 148
c 29 46 20 1 107
c 86 51 74 98 91
c 61 49 78 79 75
c 98 43 67 25 168
c 34 73 79 90 131
c 37 26 89 34 136
c 93 96 76 22 78
c 83 46 93 81 93
c 26 40 35 36 116
c 16 83 17 18 100
c 50 49 11 45 166
c 55 60 28 36 140
c 60 20 91 18 87
c 72 30 58 28 167
c 10 46 36 65 139
c 28 96 29 46 103
c 67 89 41 84 112
c 37 15 36 86 76
c 10 98 67 68 153
c 1 87 17 45 142
c 64 22 88 18 163
c 11 76 9 42 133
c 15 6 71 25 122
c 42 84 94 77 139
c 26 30 72 30 109
c 12 39 45 83 163
c 29 13 80 71 105
c 19 27 46 1 129
c 79 23 88 8 105
c 50 10 79 23 82
c 46 71 40 86 113
c 30 31 57 35 123
c 25 95 48 80 126
c 16 88 41 84 105
c 38 94 35 56 148
c 38 94 95 38 108
c 35 42 80 92 154
c 1 43 63 95 140
c 60 20 39 80 80
c 51 11 41 29 101
c 76 46 55 46 163
c 36 34 52 50 147
c 74 73 43 12 101
c 26 40 68 49 94
c 89 76 83 72 150
c 57 60 18 76 166
c 58 84 2 99 91
c 73 32 13 26 155
c 29 58 45 1 75
c 87 68 75 14 114
c 14 7 8 76 116
c 6 52 5 24 91
c 97 4 2 20 162
c 77 93 12 22 164
c 82 91 16 63 132
c 20 99 41 79 132
c 3 80 98 63 112
c 29 87 71 87 84
c 60 92 75 5 137
c 23 73 2 71 127
c 90 27 1 12 122
c 35 91 11 91 146
c 67 25 73 32 103
c 66 33 14 74 140
c 33 20 80 34 171
c 70 1 50 96 110
c 20 68 36 46 174
c 63 94 16 13 78
c 48 49 88 41 104
c 63 64 51 61 150
c 33 92 78 7 100
c 16 88 23 78 121
c 64 84 48 80 144
c 8 9 58 48 136
c 86 7 18 12 94
c 11 13 33 92 123
c 92 67 77 52 126
c 73 2 29 84 81
c 96 95 25 24 85
c 25 26 65 62 165
c 56 25 45 66 159
c 26 38 69 62 98
c 53 3 95 59 79
c 88 95 56 41 105
c 79 90 85 31 94
c 64 14 32 39 87
c 10 30 57 86 154
c 56 39 57 60 103
c 65 87 7 35 78
c 45 1 57 75 156
c 12 27 76 12 105
c 4 73 95 26 90
c 39 69 5 21 120
c 21 32 41 62 96
c 31 6 51 97 109
c 2 12 64 14 131
c 76 55 60 44 104
c 6 7 25 55 99
c 74 86 33 1 117
c 6 7 64 81 123
c 29 13 90 77 83
c 4 49 83 86 143
c 63 81 87 15 159
c 85 86 94 68 97
c 3 10 37 54 128
c 64 65 86 26 165
c 65 62 47 60 93
c 18 12 84 68 103
c 29 1 66 53 109
c 54 55 80 23 79
c 35 24 11 45 146
c 71 3 46 77 160
c 46 61 8 9 153
c 62 16 31 84 158
c 53 75 60 36 122
c 57 55 98 34 140
c 23 57 86 56 115
c 85 47 29 13 125
c 69 70 10 88 161
c 72 5 37 82 83
c 33 98 94 64 93
c 18 84 53 2 98
c 31 41 33 92 123
c 88 95 81 82 98
c 77 78 29 87 113
c 94 23 74 58 95
c 74 73 46 61 153
c 62 5 63 83 172
c 18 54 28 99 108
c 83 29 82 91 165
c 1 10 29 49 81
c 70 1 87 88 93
c 79 13 23 78 106
c 31 99 71 88 119
c 90 27 5 9 113
c 63 80 34 6 168
c 89 92 6 17 120
c 14 44 49 68 136
c 85 47 83 72 125
c 78 79 13 26 119
c 83 46 87 67 170
c 56 57 28 99 115
c 69 16 46 79 95
c 26 68 93 85 135
c 36 9 71 25 127
c 31 47 96 79 115
c 14 96 58 4 132
c 9 6 49 63 148
c 67 96 60 76 125
c 2 16 69 70 132
c 83 97 26 27 109
c 17 65 35 38 161
c 15 76 4 6 105
c 37 15 30 67 140
c 18 76 77 52 155
c 8 97 24 25 117
c 26 40 16 33 162
c 15 92 98 45 135
c 14 7 32 73 78
c 76 66 11 91 136
c 74 58 30 54 148
c 3 88 47 14 107
c 11 12 33 98 107
c 28 36 77 93 142
c 98 63 38 94 146
c 43 46 24 79 99
c 49 72 26 68 131
c 6 28 83 72 169
c 86 99 29 82 78
c 57 47 14 15 105
c 11 13 77 14 103
c 58 95 31 57 89
c 76 12 81 37 99
c 71 26 18 12 143
c 64 84 84 33 130
c 6 3 90 62 159
c 96 46 69 6 102
c 9 42 72 47 137
c 16 73 51 21 90
c 38 19 97 98 124
c 55 60 24 25 84
c 16 87 57 97 119
c 36 65 16 88 76
c 44 23 86 65 166
c 7 8 86 51 154
c 76 66 15 77 84
c 47 14 27 23 76
c 70 71 56 57 155
c 26 6 69 70 102
c 36 86 12 36 132
c 7 94 16 49 138
c 0 8 52 50 174
c 50 24 4 49 83
c 87 46 63 64 160
c 41 64 35 36 76
c 95 5 91 21 110
c 13 14 24 67 111
c 56 27 38 94 138
c 86 37 61 19 161
c 63 82 37 26 119
c 85 42 86 37 94
c 69 23 98 63 149
c 83 84 30 31 132
c 38 22 66 53 150
c 57 47 68 69 113
c 4 5 34 53 167
c 46 61 66 33 110
c 10 46 34 86 142
c 8 9 62 77 160
c 28 21 31 47 123
c 68 33 64 36 94
c 66 77 92 67 166
c 37 39 75 97 98
c 49 98 31 93 83
c 56 51 85 54 82
c 91 39 84 33 82
c 96 95 17 62 118
c 48 24 25 26 120
c 96 46 3 1 90
c 8 57 80 94 135
c 14 44 12 13 159
c 10 11 35 29 131
c 38 94 51 74 156
c 60 44 72 30 172
c 19 20 33 99 123
c 80 31 33 1 88
c 95 26 10 87 120
c 94 99 23 62 100
c 76 16 34 20 158
c 21 98 91 92 151
c 72 52 78 72 76
c 25 26 94 30 96
c 80 10 28 27 117
c 15 16 69 93 85
c 96 95 93 81 89
c 95 75 88 89 140
c 41 29 98 65 85
c 6 11 17 72 75
c 0 96 44 83 166
c 3 1 80 31 165
c 59 60 18 35 110
c 75 91 44 45 142
c 53 33 93 85 159
c 63 4 38 22 82
c 18 3 79 58 82
c 82 94 83 39 110
c 74 98 35 81 123
c 17 18 84 14 142
c 70 1 33 1 94
c 14 44 28 96 151
c 25 53 72 73 84
c 22 20 87 88 83
c 15 2 29 68 174
c 84 68 94 77 91
c 56 27 20 75 153
c 34 5 20 40 131
c 81 3 84 68 102
c 41 77 56 18 108
c 58 26 22 68 115
c 66 77 3 34 111
c 10 93 42 43 153
c 38 83 86 99 82
c 91 50 40 86 126
c 94 77 19 40 158
c 37 39 77 47 116
c 79 16 17 65 122
c 94 80 72 47 169
c 93 81 18 19 95
c 46 63 1 80 145
c 16 17 93 8 95
c 4 73 28 96 125
c 10 54 13 14 120
c 95 96 79 90 79
c 16 13 98 34 107
c 40 38 89 86 147
c 68 7 39 81 162
c 76 46 61 27 108
c 17 62 18 35 149
c 53 80 61 19 165
c 87 94 56 27 124
c 94 64 24 79 145
c 2 51 60 96 174
c 3 6 98 43 174
c 2 51 13 53 98
c 53 33 46 20 174
c 12 36 57 47 95
c 58 4 16 49 81
c 45 63 98 43 158
c 78 79 33 69 165
c 62 5 81 85 133
c 66 67 37 1 95
c 82 91 38 19 139
c 14 88 47 60 108
c 62 15 26 30 155
c 66 74 1 31 169
c 65 87 49 98 154
c 95 59 92 31 77
c 16 49 3 34 129
c 22 20 91 21 140
c 20 68 12 22 93
c 5 21 21 50 134
c 29 87 20 99 142
c 55 56 57 97 133
c 46 71 67 68 151
c 41 42 13 34 131
c 97 79 2 71 144
c 37 15 33 69 122
c 75 91 91 75 166
c 6 28 68 49 160
c 41 84 1 9 131
c 42 51 85 88 81
c 13 8 77 14 134
c 88 45 78 29 123
c 79 16 34 45 170
c 46 61 19 27 77
c 81 70 33 34 168
c 12 13 23 33 85
c 43 5 69 23 87
c 8 9 68 74 108
c 1 97 89 91 131
c 81 24 21 22 98
c 79 23 57 69 160
c 78 13 76 16 150
c 37 99 16 63 109
c 75 97 11 76 172
c 32 65 57 35 149
c 94 95 32 65 144
c 48 4 65 27 146
c 12 22 10 88 116
c 46 47 85 34 83
c 32 96 82 6 158
c 63 4 36 86 76
c 41 79 62 5 138
c 88 18 10 46 86
c 64 6 20 99 119
c 46 12 74 85 164
c 19 30 88 95 104
c 78 48 3 88 110
c 77 14 86 12 146
c 35 81 14 88 149
c 36 70 44 55 139
c 76 22 48 80 160
c 46 81 2 71 150
c 1 5 34 5 107
c 22 78 31 41 76
c 33 92 14 98 116
c 13 36 38 39 144
c 56 46 49 68 174
c 98 99 94 99 165
c 56 42 61 70 152
c 40 38 33 20 167
c 46 71 56 1 102
c 95 96 33 34 159
c 50 73 95 47 133
c 29 3 33 69 94
c 60 76 93 25 115
c 71 88 31 32 109
c 81 37 66 77 168
c 16 63 44 69 109
c 5 24 87 67 83
c 26 78 86 6 114
c 25 52 60 40 111
c 54 48 81 3 159
c 91 21 53 33 129
c 13 34 37 39 144
c 14 70 33 98 125
c 90 91 67 96 129
c 76 22 33 99 130
c 29 41 56 57 128
c 94 37 24 4 170
c 1 58 47 60 104
c 76 66 93 96 121
c 95 5 46 14 125
c 79 58 7 98 137
c 57 97 76 66 123
c 12 48 82 11 152
c 75 18 16 13 91
c 18 76 9 10 101
c 53 12 67 89 159
c 39 79 46 81 167
c 5 24 10 9 138
c 15 2 8 97 87
c 35 29 11 12 109
c 73 18 50 24 149
c 29 41 47 60 83
c 28 99 64 22 161
c 14 44 2 26 99
c 16 17 79 13 144
c 13 31 51 26 171
c 46 27 36 70 155
c 95 47 40 75 119
c 30 48 9 56 124
c 64 36 19 20 77
c 10 46 50 73 131
c 51 32 72 84 155
c 77 36 15 25 98
c 88 45 26 27 117
c 57 75 95 7 158
c 67 23 73 32 113
c 84 67 73 96 77
c 74 31 73 82 91
c 2 71 53 54 82
c 26 78 73 18 98
c 33 98 98 12 127
c 95 75 58 95 166
c 71 72 24 89 86
c 50 79 13 31 106
c 39 40 58 43 78
c 19 30 72 84 164
c 15 6 4 6 116
c 39 92 30 54 107
c 58 48 72 5 87
c 15 6 79 13 98
c 50 67 35 42 86
c 94 28 18 89 77
c 1 43 57 97 116
c 95 59 42 2 174
c 25 26 23 58 117
c 61 5 59 43 134
c 15 29 57 60 93
c 17 54 83 2 134
c 94 99 80 42 96
c 10 93 29 84 163
c 97 4 35 91 119
c 21 64 49 14 160
c 96 5 56 32 159
c 50 96 55 30 94
c 2 80 73 40 139
c 26 29 56 1 144
c 32 96 95 59 107
c 39 92 46 79 165
c 31 6 91 50 121
c 33 69 20 31 110
c 44 69 79 23 122
c 85 42 32 96 104
c 95 47 82 55 93
c 57 86 8 18 85
c 47 60 5 21 123
c 68 7 65 87 157
c 74 58 28 96 156
c 54 55 87 33 77
c 94 30 53 33 153
c 68 69 5 21 102
c 56 32 85 61 88
c 8 18 95 26 125
c 28 53 80 92 83
c 81 41 26 55 132
c 95 43 84 67 90
c 93 31 11 35 96
c 1 9 81 64 130
c 56 18 85 54 79
c 20 64 55 31 105
c 7 81 35 36 142
c 96 35 87 94 96
c 5 59 35 24 167
c 42 98 73 46 127
c 61 25 17 72 129
c 85 32 87 13 82
c 60 40 14 58 127
c 83 2 5 9 84
c 77 93 87 99 135
c 37 26 39 83 108
c 64 22 98 33 99
c 85 49 4 66 146
c 86 65 56 25 92
c 60 96 44 25 150
c 9 42 29 82 104
c 94 99 91 67 79
c 49 98 21 18 168
c 70 44 65 76 150
c 80 92 36 44 93
c 28 29 25 33 96
c 9 12 11 76 143
c 74 29 24 94 80
c 69 15 10 9 119
c 70 71 68 99 85
c 94 68 58 4 142
c 14 7 78 29 163
c 24 48 35 24 172
c 74 85 81 61 115
c 77 47 70 88 144
c 77 49 40 59 105
c 2 16 12 46 99
c 24 89 26 30 108
c 66 77 82 21 107
c 72 30 38 23 110
c 81 24 65 87 150
c 20 16 70 71 164
c 58 26 30 31 117
c 95 72 11 26 84
c 11 26 91 21 146
c 2 20 1 72 169
c 24 23 93 25 139
c 25 53 61 27 169
c 17 90 38 23 122
c 51 32 17 62 173
c 64 58 49 57 141
c 63 95 42 51 152
c 43 81 33 98 81
c 85 61 52 81 84
c 58 22 75 18 77
c 74 75 91 50 116
c 82 83 21 18 98
c 74 98 37 7 151
c 68 7 68 36 138
c 34 45 43 5 80
c 62 16 42 39 91
c 15 29 97 4 138
c 58 22 50 24 84
c 86 9 50 79 163
c 37 54 33 66 85
c 42 39 84 26 147
c 5 24 34 53 122
c 51 32 74 73 129
c 17 65 16 33 150
c 36 44 49 50 105
c 35 38 66 67 105
c 82 83 12 22 139
c 16 85 57 61 94
c 35 30 50 98 123
c 12 48 89 99 154
c 69 62 77 49 108
c 35 81 17 54 95
c 50 98 41 62 104
c 68 33 8 86 121
c 60 52 49 69 141
c 77 78 64 43 122
c 2 80 82 21 125
c 56 38 55 72 143
c 7 98 85 58 162
c 47 37 80 71 155
c 41 29 56 39 120
c 42 2 40 75 155
c 15 77 25 19 86
c 66 33 25 1 172
c 75 18 38 88 165
c 61 93 33 19 147
c 78 39 29 68 118
c 46 63 49 57 94
c 77 45 12 46 141
c 37 15 6 1 105
c 48 49 96 46 91
c 81 61 6 28 163
c 97 4 65 87 147
c 19 30 51 11 99
c 26 38 45 1 133
c 53 72 76 77 92
c 3 10 1 72 157
c 67 14 1 82 88
c 58 84 13 93 115
c 4 49 57 58 174
c 42 98 64 43 113
c 97 51 20 31 137
c 38 84 51 11 132
c 11 88 86 6 122
c 96 97 52 50 155
c 85 86 2 26 156
c 22 20 52 98 94
c 48 24 72 5 134
c 56 18 43 44 77
c 54 55 63 95 170
c 96 37 6 51 172
c 13 34 79 39 109
c 96 5 8 42 154
c 65 62 39 79 138
c 33 20 16 17 91
c 89 91 32 73 155
c 43 5 79 16 144
c 89 86 98 12 154
c 62 5 40 38 121
c 78 48 1 43 108
c 98 99 30 54 75
c 33 1 94 28 130
c 78 13 39 80 87
c 36 65 93 87 117
c 39 79 63 83 113
c 91 75 78 72 111
c 77 52 18 8 131
c 89 86 80 90 147
c 0 96 12 46 115
c 84 24 23 18 118
c 87 49 96 37 102
c 72 5 21 73 173
c 18 3 42 43 163
c 72 99 28 39 78
c 69 77 39 80 88
c 15 6 18 19 89
c 10 54 96 5 155
c 61 7 5 24 129
c 9 6 52 75 155
c 40 41 34 6 173
c 84 36 7 8 119
c 3 10 25 55 106
c 31 47 90 60 154
c 26 40 89 92 143
c 73 54 24 23 152
c 98 28 80 90 110
c 73 82 68 90 160
c 35 95 4 5 167
c 77 36 44 25 110
c 77 47 41 64 94
c 33 66 7 81 146
c 29 1 51 97 142
c 73 82 70 1 134
c 56 38 10 98 86
c 64 42 35 95 170
c 27 55 91 23 167
c 62 5 61 7 171
c 16 13 56 46 97
c 81 82 67 25 93
c 14 88 48 49 132
c 1 64 96 5 115
c 19 34 58 73 126
c 21 32 79 28 92
c 51 88 53 68 121
c 58 95 91 75 143
c 35 67 17 38 147
c 57 36 46 20 79
c 16 25 29 49 125
c 88 77 54 77 154
c 76 22 2 57 165
c 56 41 18 19 83
c 50 55 18 89 157
c 87 94 92 22 173
c 27 26 19 34 92
c 81 70 25 33 120
c 67 23 36 44 98
c 80 85 73 46 137
c 19 20 45 12 107
c 18 27 97 25 169
c 1 82 47 60 118
c 85 62 82 83 121
c 5 96 66 39 127
c 90 29 8 42 159
c 95 38 33 89 108
c 70 19 57 76 155
c 72 48 82 91 126
c 11 35 64 65 142
c 11 79 41 57 117
c 82 83 29 68 116
c 32 33 9 29 139
c 9 10 74 86 141
c 84 68 34 35 94
c 13 50 70 1 172
c 72 48 75 41 171
c 20 68 88 95 79
c 15 27 55 31 95
c 23 57 34 35 158
c 68 36 27 28 168
c 81 41 25 95 127
c 34 45 72 48 148
c 91 67 36 9 147
c 56 51 85 58 167
c 60 61 95 72 125
c 24 4 11 12 134
c 5 21 90 60 167
c 61 49 51 52 78
c 46 29 26 27 88
c 32 96 57 76 89
c 61 49 72 5 92
c 57 55 61 68 161
c 16 87 2 71 173
c 55 31 29 46 103
c 4 6 49 68 123
c 68 33 2 80 156
c 94 77 19 30 173
c 82 21 18 2 128
c 65 87 26 40 131
c 2 71 58 22 166
c 29 84 79 16 75
c 79 16 36 9 171
c 31 93 39 45 80
c 28 96 69 70 79
c 85 16 9 12 152
c 5 27 2 26 88
c 35 24 91 50 131
c 98 43 5 27 132
c 70 20 45 54 159
c 79 7 77 93 110
c 71 87 5 21 101
c 81 83 38 55 96
c 60 61 0 89 101
c 89 76 16 73 126
c 31 96 26 40 146
c 78 79 74 73 146
c 50 49 18 84 123
c 47 60 50 83 169
c 10 46 50 96 144
c 75 76 88 89 130
c 89 70 93 85 77
c 41 79 57 75 100
c 97 22 89 63 157
c 42 2 57 55 102
c 40 30 61 5 152
c 47 14 66 25 96
c 57 97 18 3 165
c 69 6 10 87 144
c 62 15 6 61 103
c 15 25 85 42 137
c 79 85 4 66 170
c 38 94 92 72 120
c 75 76 37 7 130
c 35 38 6 71 158
c 75 5 17 86 143
c 83 46 98 34 101
c 82 6 52 83 159
c 85 32 97 4 163
c 61 49 64 81 90
c 29 3 22 68 165
c 33 19 17 90 160
c 34 86 46 71 172
c 80 40 51 11 93
c 90 62 34 39 91
c 73 32 57 35 157
c 1 58 11 14 85
c 50 73 86 26 140
c 63 94 16 83 94
c 19 30 68 49 146
c 66 33 1 58 109
c 79 78 25 26 122
c 0 70 61 25 78
c 57 60 6 11 78
c 3 88 78 6 77
c 12 33 95 75 82
c 84 74 28 36 135
c 70 1 75 91 146
c 10 93 39 80 81
c 53 12 91 33 146
c 82 87 31 38 129
c 26 6 75 40 97
c 24 34 9 12 156
c 26 40 27 23 112
c 76 22 86 37 88
c 83 39 21 87 155
c 84 33 42 98 143
c 75 5 73 82 142
c 22 23 46 29 130
c 1 72 56 57 123
c 9 6 71 77 169
c 26 29 32 13 158
c 13 14 35 42 90
c 7 81 88 95 94
c 1 10 61 19 153
c 47 14 37 7 167
c 90 29 75 91 155
c 4 49 78 76 139
c 91 50 8 42 95
c 38 94 58 73 130
c 77 78 14 74 152
c 41 65 36 58 150
c 58 28 46 79 141
c 71 26 38 23 80
c 94 37 1 87 80
c 68 99 67 50 155
c 46 61 29 46 161
c 16 49 34 5 171
c 19 38 42 84 174
c 79 28 96 5 106
c 76 57 56 41 152
c 92 67 0 8 122
c 82 87 67 14 108
c 56 51 57 86 126
c 13 93 75 14 163
c 77 93 20 64 165
c 54 45 40 30 133
c 85 32 63 64 163
c 4 49 3 88 165
c 93 8 93 94 163
c 5 24 12 74 75
c 97 98 65 62 141
c 18 2 62 72 143
c 58 59 30 54 147
c 18 76 40 86 155
c 33 19 35 30 104
c 83 72 97 98 146
c 33 99 55 30 168
c 55 60 63 76 164
c 36 78 73 18 172
c 87 67 58 73 162
c 61 93 57 35 77
c 73 74 77 14 146
c 10 93 7 8 150
c 57 86 78 29 106
c 59 60 65 66 111
c 48 4 75 41 92
c 36 44 60 52 84
c 78 13 5 27 84
c 95 47 89 32 86
c 34 8 93 85 97
c 94 7 35 36 102
c 52 98 43 25 79
c 24 4 68 36 79
c 43 25 55 60 173
c 88 89 37 2 136
c 71 77 63 83 144
c 56 32 55 18 110
c 18 3 80 42 80
c 84 74 53 75 167
c 11 76 45 83 80
c 60 20 57 69 93
c 58 95 8 76 128
c 29 82 13 26 130
c 77 68 57 60 81
c 13 14 93 38 138
c 91 21 1 2 103
c 50 56 80 42 152
c 76 57 80 81 99
c 5 59 81 76 124
c 39 79 42 40 98
c 3 6 14 58 131
c 78 57 65 81 87
c 11 14 31 47 85
c 76 40 49 68 87
c 51 97 45 63 125
c 71 72 11 45 155
c 41 77 94 30 153
c 32 96 12 27 174
c 2 99 94 64 124
c 76 55 94 28 171
c 65 87 76 46 153
c 56 83 6 11 131
c 35 81 53 54 173
c 34 45 5 24 141
c 49 16 87 46 93
c 95 43 3 1 159
c 1 43 74 85 101
c 39 45 52 83 150
c 79 16 87 99 168
c 62 72 67 25 148
c 76 40 1 12 150
c 73 74 95 47 117
c 14 7 15 6 170
c 85 31 77 93 167
c 28 99 82 21 78
c 51 97 86 6 118
c 63 83 92 62 85
c 78 6 32 85 146
c 6 11 89 32 161
c 65 76 91 75 163
c 81 61 58 84 168
c 98 33 61 49 123
c 37 26 74 98 125
c 46 71 72 47 76
c 89 32 47 79 101
c 79 16 36 78 174
c 86 56 29 13 136
c 28 27 36 37 145
c 37 2 65 81 77
c 68 99 83 29 151
c 30 67 29 58 155
c 70 20 72 73 105
c 45 81 97 51 139
c 46 79 21 22 162
c 40 75 37 38 132
c 45 46 36 86 82
c 49 50 75 76 92
c 3 9 76 57 104
c 50 24 17 54 162
c 98 12 57 55 134
c 19 27 67 68 138
c 41 77 44 25 122
c 5 27 55 32 149
c 40 41 47 14 106
c 39 92 92 22 174
c 82 83 79 96 82
c 2 3 28 27 170
c 74 73 25 33 105
c 67 68 71 88 153
c 79 80 29 46 168
c 39 79 34 86 120
c 94 30 82 83 171
c 78 13 29 3 159
c 60 92 73 2 131
c 20 64 31 93 97
c 93 96 44 55 93
c 87 20 95 47 117
c 88 77 44 25 170
c 15 25 61 70 98
c 58 43 50 55 147
c 63 76 75 76 136
c 36 37 81 70 124
c 98 33 93 85 146
c 38 84 86 65 150
c 82 91 28 29 110
c 6 61 2 51 126
c 14 70 63 76 131
c 8 17 88 27 122
c 85 16 82 6 107
c 53 3 36 46 97
c 42 98 94 64 86
c 24 25 76 16 90
c 32 96 31 57 81
c 54 48 32 96 167
c 55 72 70 1 148
c 51 21 91 84 138
c 69 93 90 60 142
c 62 77 90 56 85
c 41 29 39 40 102
c 0 30 51 52 159
c 63 82 45 81 101
c 60 96 7 81 141
c 80 94 16 13 133
c 77 14 31 41 87
c 87 67 33 34 90
c 29 87 15 13 117
c 63 64 89 86 132
c 48 41 71 87 110
c 39 35 51 74 132
c 18 3 65 27 120
c 96 5 47 66 117
c 51 21 42 2 90
c 8 86 6 1 92
c 31 47 65 87 161
c 53 68 33 89 158
c 7 61 76 55 104
c 76 57 57 86 134
c 45 81 47 68 137
c 36 34 74 31 93
c 98 45 87 13 163
c 90 60 95 75 77
c 77 47 12 74 171
c 84 26 48 37 104
c 78 72 46 71 139
c 47 37 77 49 135
c 11 88 50 3 156
c 61 93 93 85 87
c 43 12 53 68 139
c 5 21 62 16 80
c 46 81 28 99 105
c 18 12 71 3 117
c 25 33 15 25 131
c 66 53 77 36 108
c 30 79 15 25 148
c 11 91 33 92 169
c 90 4 48 80 133
c 32 33 87 33 128
c 86 65 34 39 124
c 73 82 40 41 146
c 2 99 63 82 128
c 79 16 26 59 122
c 18 76 38 88 92
c 46 78 41 57 114
c 88 99 47 54 171
c 57 35 97 25 168
c 17 51 16 88 126
c 41 65 85 24 98
c 12 55 32 73 77
c 57 61 60 20 101
c 80 81 30 48 126
c 71 88 17 62 104
c 77 9 68 74 117
c 34 35 89 86 133
c 31 14 3 4 168
c 69 77 95 7 138
c 63 64 83 97 106
c 8 18 64 42 144
c 55 32 16 17 85
c 29 41 16 13 98
c 87 20 98 65 113
c 25 26 24 23 107
c 20 75 94 37 148
c 91 50 26 27 111
c 25 95 76 77 174
c 55 30 82 94 96
c 52 50 86 6 168
c 1 12 80 90 163
c 20 1 57 61 135
c 85 42 68 7 143
c 18 76 28 91 97
c 70 71 93 38 164
c 28 53 96 35 172
c 81 61 86 99 95
c 6 17 56 57 169
c 15 25 54 55 125
c 45 54 40 41 81
c 8 42 82 94 144
c 17 45 20 16 87
c 50 55 27 79 148
c 47 48 34 5 114
c 79 58 21 73 104
c 98 45 74 31 118
c 68 7 12 36 159
c 2 57 28 27 96
c 30 67 88 27 128
c 97 98 22 37 155
c 40 42 55 60 98
c 35 24 48 49 128
c 77 52 56 57 148
c 19 27 79 7 160
c 94 28 80 10 163
c 34 8 93 25 135
c 93 87 12 74 130
c 90 60 38 22 128
c 40 30 22 44 164
c 87 46 95 75 81
c 64 58 35 38 173
c 47 66 55 32 95
c 36 37 19 71 107
c 80 23 37 73 107
c 75 97 88 99 151
c 63 4 80 23 157
c 51 21 50 98 123
c 61 93 68 69 140
c 53 5 79 13 160
c 51 61 79 7 136
c 24 79 76 16 156
c 50 3 50 67 155
c 97 79 31 57 95
c 64 49 36 3 150
c 34 35 54 77 144
c 25 59 11 26 139
c 12 39 29 21 131
c 51 74 92 31 127
c 44 83 15 13 146
c 53 72 22 44 109
c 10 93 14 15 136
c 3 1 58 4 111
c 95 47 71 25 107
c 8 9 81 85 167
c 72 73 17 43 119
c 10 46 66 33 133
c 78 76 83 82 174
c 90 27 47 54 102
c 12 36 95 59 147
c 6 11 70 71 81
c 76 46 40 30 154
c 42 2 19 10 173
c 27 76 93 87 82
c 31 99 73 40 139
c 3 6 45 12 172
c 15 6 79 7 80
c 43 11 83 72 92
c 10 46 83 82 147
c 6 61 79 90 161
c 94 99 56 42 99
c 28 39 96 5 146
c 69 16 11 76 127
c 16 49 88 8 110
c 70 1 91 75 133
c 53 33 0 1 156
c 29 65 82 99 81
c 53 68 37 2 141
c 35 36 23 58 143
c 56 41 51 52 142
c 35 15 37 54 173
c 27 26 53 12 81
c 1 87 75 76 110
c 49 68 5 21 105
c 12 19 69 15 134
c 52 50 35 30 164
c 58 95 42 10 155
c 48 76 65 81 168
c 66 45 34 39 85
c 95 43 23 62 135
c 80 81 74 85 124
c 95 7 63 64 141
c 79 78 9 6 94
c 37 82 0 70 148
c 43 11 91 39 78
c 35 45 26 38 91
c 30 79 47 68 84
c 77 49 57 55 85
c 80 34 60 61 168
c 24 89 1 80 170
c 78 72 20 16 152
c 30 31 85 88 166
c 34 45 39 83 173
c 69 15 85 88 169
c 8 76 47 20 83
c 48 1 94 95 164
c 73 46 40 41 92
c 3 9 51 11 122
c 85 34 85 49 171
c 90 4 7 98 133
c 81 37 86 87 82
c 6 7 12 22 143
c 76 8 12 46 144
c 36 86 1 43 107
c 35 15 26 68 156
c 79 90 12 13 171
c 47 48 78 7 151
c 48 84 8 57 121
c 12 13 38 19 153
c 67 25 63 4 77
c 69 62 63 83 170
c 61 5 78 57 160
c 27 64 91 21 149
c 84 68 98 28 160
c 67 45 15 76 98
c 82 99 27 55 92
c 89 74 60 20 163
c 48 41 85 40 109
c 41 29 80 90 166
c 6 1 51 61 76
c 98 43 93 38 161
c 3 4 78 7 157
c 69 23 28 29 138
c 15 27 55 72 153
c 18 35 95 96 145
c 49 69 54 45 156
c 58 28 76 40 151
c 89 91 79 96 158
c 89 34 23 62 101
c 48 24 73 46 139
c 80 85 8 57 158
c 23 63 3 9 119
c 71 72 77 14 110
c 7 81 31 99 79
c 95 26 71 88 134
c 15 60 1 72 159
c 38 22 65 87 92
c 45 63 89 92 94
c 7 35 84 26 85
c 64 42 66 33 126
c 30 31 65 66 104
c 89 32 2 26 163
c 85 97 82 91 98
c 29 13 59 60 115
c 79 13 59 75 154
c 16 33 42 98 103
c 4 49 32 13 172
c 66 77 66 45 75
c 39 92 77 36 119
c 79 13 96 97 174
c 56 83 60 20 78
c 62 77 33 98 164
c 25 55 13 34 128
c 75 97 86 7 109
c 62 57 69 93 97
c 21 73 28 21 154
c 64 65 45 84 110
c 3 9 46 79 167
c 96 79 38 88 160
c 4 6 69 77 143
c 95 38 40 42 163
c 51 97 52 50 83
c 39 80 37 38 146
c 37 54 45 63 161
c 13 26 31 93 97
c 46 14 12 36 115
c 20 40 46 79 174
c 45 12 54 55 174
c 88 89 33 19 120
c 2 57 49 10 174
c 62 16 94 23 127
c 16 25 7 35 88
c 50 98 79 23 158
c 3 34 81 24 174
c 50 3 81 70 107
c 8 80 59 75 158
c 28 91 6 52 94
c 43 11 10 87 173
c 27 79 19 10 154
c 60 80 80 90 147
c 62 72 5 21 132
c 66 74 23 78 147
c 74 85 32 73 154
c 24 79 15 29 90
c 53 80 85 40 82
c 61 26 10 87 152
c 19 10 73 54 172
c 70 19 18 76 159
c 83 46 70 20 96
c 51 61 2 71 146
c 60 80 84 37 97
c 55 30 38 94 152
c 86 9 50 10 75
c 56 1 33 18 98
c 72 99 91 84 114
c 67 89 17 38 150
c 1 87 35 38 163
c 86 56 93 75 159
c 3 80 46 81 101
c 19 30 29 65 146
c 40 21 70 71 77
c 68 33 59 75 159
c 27 64 2 26 137
c 41 84 14 7 172
c 63 95 29 49 75
c 73 74 60 76 152
c 6 17 89 74 115
c 3 80 84 24 147
c 15 27 38 84 148
c 75 76 89 99 105
c 41 84 37 26 134
c 43 44 14 39 117
c 2 57 4 49 131
c 50 55 63 83 156
c 58 48 48 1 147
c 93 81 11 26 114
c 68 7 86 99 86
c 41 64 42 10 163
c 88 27 60 80 116
c 11 12 85 34 148
c 6 52 73 96 87
c 82 7 88 77 101
c 98 99 75 14 150
c 31 57 1 31 89
c 52 98 81 3 117
c 70 88 72 99 157
c 53 3 22 23 173
c 89 86 25 26 151
c 97 22 34 35 89
c 50 83 94 64 143
c 61 19 80 34 129
c 23 78 46 81 94
c 93 75 49 98 147
c 89 74 81 85 137
c 32 85 31 15 77
c 25 95 45 83 122
c 92 93 15 13 148
c 31 38 20 21 146
c 2 51 42 84 81
c 62 5 80 71 161
c 8 42 57 58 110
c 66 77 77 68 144
c 53 54 93 38 140
c 43 5 11 45 106
c 64 22 27 23 119
c 96 37 8 97 78
c 91 23 11 76 124
c 48 37 86 51 104
c 49 57 39 92 152
c 12 27 96 35 156
c 18 54 65 81 109
c 13 26 51 88 154
c 16 73 57 58 104
c 50 10 74 31 132
c 36 70 53 75 121
c 55 31 24 79 88
c 55 56 81 70 160
c 67 23 85 34 142
c 60 14 76 40 119
c 68 99 16 25 117
c 74 98 49 63 102
c 13 14 19 30 99
c 93 85 2 31 116
c 29 68 16 73 160
c 55 18 20 21 79
c 31 29 2 71 89
c 84 37 49 50 161
c 91 75 32 47 169
c 38 94 81 64 82
c 65 66 31 84 111
c 70 71 93 96 121
c 1 9 51 26 138
c 12 55 64 42 167
c 1 10 13 8 159
c 96 5 83 89 101
c 58 59 47 79 131
c 43 46 49 50 146
c 31 93 80 94 126
c 95 47 34 35 103
c 32 65 85 54 120
c 0 89 16 85 161
c 92 67 5 59 116
c 18 35 73 54 134
c 56 42 95 43 143
c 18 35 71 77 157
c 91 33 29 82 153
c 30 95 57 36 154
c 47 14 87 99 137
c 23 18 15 76 87
c 49 98 11 45 113
c 74 29 85 49 121
c 56 32 49 68 95
c 95 7 1 12 144
c 18 2 80 10 113
c 47 94 61 19 135
c 75 40 17 54 104
c 83 39 45 12 122
c 8 57 20 40 87
c 63 81 97 25 161
c 20 21 49 16 90
c 78 39 94 37 160
c 26 78 61 84 163
c 92 22 30 31 91
c 16 88 15 16 132
c 31 2 15 77 110
c 24 79 72 99 85
c 64 36 41 79 139
c 46 12 27 23 117
c 58 4 28 27 101
c 27 28 46 14 149
c 94 23 8 57 131
c 52 75 17 72 121
c 36 34 70 71 80
c 2 26 78 48 122
c 48 76 72 52 156
c 59 60 65 81 151
c 1 2 17 90 147
c 31 2 86 65 93
c 56 38 92 6 80
c 16 73 46 27 113
c 89 99 90 27 80
c 30 26 69 15 150
c 85 24 34 45 111
c 37 22 11 14 114
c 86 51 16 17 119
c 18 2 37 1 165
c 32 65 30 48 141
c 96 35 87 49 117
c 70 19 35 67 138
c 81 24 73 32 93
c 73 40 38 83 169
c 10 29 31 57 137
c 26 27 26 30 86
c 28 36 58 43 165
c 53 75 66 25 133
c 97 18 64 42 86
c 61 7 91 75 117
c 16 85 2 80 91
c 1 39 7 32 173
c 25 24 46 61 135
c 51 61 86 37 91
c 84 74 12 22 103
c 1 9 21 98 96
c 74 53 13 53 138
c 36 9 86 12 118
c 2 57 44 23 105
c 18 19 29 3 112
c 11 88 79 58 112
c 9 56 50 93 138
c 41 57 40 38 87
c 75 40 98 82 154
c 23 63 7 94 89
c 9 56 20 75 96
c 74 53 24 23 124
c 13 26 93 75 157
c 35 42 49 98 111
c 67 96 98 99 169
c 39 35 54 45 93
c 65 62 47 94 157
c 76 57 23 24 137
c 93 81 14 39 84
c 31 2 10 88 167
c 18 3 71 72 104
c 42 39 70 19 80
c 26 27 85 24 138
c 31 32 84 26 100
c 61 26 94 7 166
c 43 11 68 36 151
c 94 68 14 15 132
c 25 52 92 93 159
c 71 77 34 86 109
c 66 67 25 55 118
c 92 22 89 92 146
c 37 38 20 99 165
c 68 86 83 84 129
c 74 75 81 37 157
c 26 29 27 79 137
c 91 50 82 94 119
c 24 23 64 42 117
c 50 3 8 80 109
c 28 53 79 28 156
c 37 2 27 26 164
c 37 1 63 64 87
c 15 16 42 10 146
c 61 7 51 11 124
c 13 93 35 38 117
c 41 79 44 25 126
c 78 39 10 29 116
c 57 36 50 49 113
c 46 47 65 62 77
c 39 83 26 78 170
c 36 37 60 20 82
c 83 97 77 52 134
c 16 88 60 92 134
c 61 49 82 11 149
c 29 13 34 20 130
c 52 53 36 9 137
c 86 7 79 13 86
c 92 22 23 78 130
c 94 99 21 73 128
c 92 6 34 39 91
c 10 87 89 74 167
c 30 79 87 13 142
c 90 29 4 5 138
c 16 83 45 83 77
c 37 15 91 92 139
c 14 15 3 37 107
c 71 25 93 25 139
c 37 7 85 54 161
c 10 11 42 40 107
c 30 32 17 65 105
c 44 55 78 72 159
c 1 80 54 77 80
c 79 23 40 41 86
c 34 8 32 33 110
c 76 66 52 50 76
c 33 1 15 76 135
c 57 35 33 18 94
c 62 63 56 18 80
c 48 84 55 46 152
c 44 23 18 27 162
c 37 15 72 52 100
c 29 30 84 36 118
c 51 32 66 33 78
c 79 7 10 11 171
c 85 47 49 63 111
c 0 8 63 94 120
c 24 25 18 2 137
c 45 46 33 98 141
c 74 86 56 41 77
c 80 42 59 75 120
c 53 80 33 92 104
c 51 60 33 99 88
c 64 65 70 20 114
c 78 57 76 16 93
c 22 44 85 62 133
c 89 70 63 94 172
c 13 1 87 88 145
c 79 80 47 48 137
c 26 6 91 39 144
c 8 76 80 10 151
c 57 76 72 30 77
c 21 73 83 2 126
c 49 68 34 20 152
c 11 67 22 37 75
c 39 80 50 55 159
c 57 75 10 29 166
c 65 27 39 71 103
c 27 64 64 14 121
c 1 97 73 96 101
c 71 25 94 28 152
c 53 72 84 26 76
c 88 8 61 49 159
c 73 18 74 98 162
c 71 26 66 39 106
c 7 32 72 73 95
c 19 38 88 77 104
c 79 28 51 60 152
c 92 6 47 37 102
c 40 30 84 33 80
c 30 32 20 1 81
c 62 15 28 36 173
c 32 33 4 5 157
c 42 2 82 99 140
c 70 19 17 43 82
c 15 77 39 92 84
c 59 75 69 6 104
c 15 6 63 42 119
c 29 13 40 75 134
c 91 23 89 90 119
c 52 98 98 65 102
c 30 32 80 34 151
c 60 20 80 34 93
c 56 83 32 85 139
c 50 73 81 37 159
c 1 39 16 87 94
