notes: n=100, m=990, elb=1, eub=20, density=0.1, conf_density=0.001, clb=50, cub= 150, seed= 8663
p spec 100 990 489
s 0
t 99
a 0 1 13
a 0 50 10
a 0 41 5
a 0 59 2
a 0 62 19
a 0 26 16
a 0 54 17
a 0 42 11
a 0 7 3
a 0 43 19
a 0 44 19
a 0 47 19
a 1 2 14
a 1 53 14
a 1 60 1
a 1 94 13
a 1 9 11
a 1 93 8
a 1 79 12
a 1 87 9
a 2 3 11
a 2 52 2
a 2 99 4
a 2 31 14
a 2 56 19
a 2 15 3
a 2 12 9
a 2 87 5
a 3 4 11
a 3 28 4
a 3 27 8
a 3 91 2
a 3 20 13
a 3 29 3
a 3 73 17
a 3 16 1
a 3 40 8
a 3 79 10
a 3 30 13
a 4 5 14
a 4 37 3
a 4 29 6
a 4 33 14
a 4 24 11
a 4 82 9
a 4 9 12
a 4 6 15
a 4 63 4
a 4 30 2
a 4 78 14
a 4 22 7
a 4 69 8
a 5 6 2
a 5 80 16
a 5 88 2
a 5 53 4
a 5 46 15
a 5 40 8
a 5 45 6
a 5 47 5
a 5 37 1
a 5 43 18
a 5 82 12
a 5 8 12
a 5 84 11
a 6 7 7
a 6 76 4
a 6 39 14
a 6 53 6
a 6 21 13
a 6 70 14
a 6 28 16
a 6 32 19
a 6 56 17
a 6 42 7
a 6 34 15
a 6 69 18
a 6 81 6
a 6 60 7
a 6 14 5
a 7 8 7
a 7 90 15
a 7 89 14
a 7 20 5
a 7 71 9
a 7 14 9
a 7 4 13
a 7 68 18
a 8 9 19
a 8 4 2
a 8 74 11
a 8 27 7
a 8 76 2
a 8 89 14
a 9 10 3
a 9 15 12
a 9 86 10
a 9 55 16
a 9 92 3
a 9 56 7
a 9 78 10
a 9 85 2
a 9 8 15
a 9 24 3
a 9 62 17
a 10 11 5
a 10 25 3
a 10 57 1
a 10 92 16
a 10 77 2
a 10 55 8
a 10 40 5
a 11 12 7
a 11 29 2
a 11 94 3
a 11 44 12
a 11 88 8
a 11 74 1
a 11 6 6
a 11 61 11
a 11 86 4
a 12 13 1
a 12 5 10
a 12 61 15
a 12 45 15
a 12 95 13
a 12 80 14
a 12 18 5
a 12 50 4
a 12 81 7
a 12 48 4
a 13 14 5
a 13 53 10
a 13 93 12
a 13 48 7
a 13 15 12
a 13 92 2
a 13 18 7
a 13 27 2
a 13 1 17
a 13 52 7
a 14 15 7
a 14 61 7
a 14 35 7
a 14 74 14
a 14 45 8
a 14 88 8
a 14 36 15
a 14 50 7
a 14 84 18
a 15 16 13
a 15 47 3
a 15 22 7
a 15 72 11
a 15 35 3
a 15 14 6
a 15 30 8
a 15 85 6
a 15 92 15
a 16 17 16
a 16 20 9
a 16 64 17
a 16 53 5
a 16 37 8
a 16 68 15
a 16 7 12
a 16 10 8
a 16 15 15
a 16 66 7
a 16 13 17
a 17 18 7
a 17 98 9
a 17 55 17
a 17 33 15
a 17 92 4
a 17 26 15
a 17 1 19
a 18 19 16
a 18 34 9
a 18 41 18
a 18 58 12
a 18 12 14
a 18 5 14
a 18 28 12
a 18 87 12
a 18 48 17
a 18 91 5
a 18 73 1
a 19 20 15
a 19 37 9
a 19 15 5
a 19 34 14
a 19 92 1
a 19 56 7
a 19 96 2
a 19 17 19
a 19 77 17
a 19 70 5
a 19 3 19
a 19 18 13
a 19 81 17
a 19 23 17
a 20 21 6
a 20 13 12
a 20 60 3
a 20 38 11
a 20 71 10
a 20 30 5
a 20 67 6
a 20 66 15
a 20 8 12
a 20 70 18
a 20 45 1
a 21 22 7
a 21 19 10
a 21 75 7
a 21 50 4
a 21 49 19
a 21 32 2
a 21 85 18
a 21 1 19
a 22 23 11
a 22 81 8
a 22 79 16
a 22 39 12
a 22 43 17
a 22 76 10
a 22 73 7
a 22 4 11
a 22 8 19
a 22 41 1
a 22 1 2
a 22 85 3
a 22 97 6
a 22 15 17
a 22 52 19
a 22 45 1
a 23 24 18
a 23 68 18
a 23 75 18
a 23 56 5
a 23 45 7
a 23 96 18
a 23 38 14
a 23 10 3
a 23 28 8
a 23 33 14
a 23 84 9
a 23 60 9
a 23 91 3
a 23 62 11
a 23 14 4
a 23 55 1
a 23 22 8
a 24 25 5
a 24 84 15
a 24 70 16
a 24 99 13
a 24 20 2
a 24 75 10
a 24 62 15
a 24 59 16
a 24 39 17
a 24 53 3
a 24 50 10
a 24 22 4
a 25 26 18
a 25 30 2
a 25 33 17
a 25 48 15
a 25 1 11
a 25 53 14
a 25 38 1
a 25 67 19
a 25 28 2
a 26 27 9
a 26 78 13
a 26 20 2
a 26 21 8
a 26 39 5
a 26 70 9
a 26 50 10
a 26 53 6
a 26 22 13
a 26 37 19
a 26 82 14
a 27 28 18
a 27 6 8
a 27 37 2
a 27 31 1
a 27 95 7
a 27 59 18
a 27 14 2
a 27 33 12
a 28 29 10
a 28 50 19
a 28 90 10
a 28 65 1
a 28 87 18
a 28 21 19
a 28 7 18
a 28 68 2
a 28 55 14
a 28 91 15
a 29 30 7
a 29 69 1
a 29 42 1
a 29 11 16
a 29 15 8
a 29 1 6
a 29 10 8
a 29 96 11
a 29 28 5
a 29 99 4
a 29 45 7
a 30 31 1
a 30 1 18
a 30 97 12
a 30 62 19
a 30 65 14
a 30 2 5
a 30 16 10
a 30 90 19
a 30 17 3
a 30 94 7
a 30 14 12
a 30 99 4
a 30 89 4
a 31 32 17
a 31 23 8
a 31 75 17
a 31 55 11
a 31 49 9
a 31 72 6
a 31 27 3
a 31 66 17
a 31 91 2
a 31 17 8
a 32 33 19
a 32 56 17
a 32 83 11
a 32 86 1
a 32 70 4
a 32 99 13
a 32 76 3
a 33 34 9
a 33 52 1
a 33 18 11
a 33 12 12
a 33 68 9
a 33 64 7
a 33 73 2
a 33 30 4
a 33 6 15
a 33 90 9
a 33 94 9
a 33 32 7
a 33 97 14
a 34 35 9
a 34 41 17
a 34 15 1
a 34 42 18
a 34 46 17
a 34 26 14
a 34 93 8
a 34 23 13
a 34 56 17
a 34 74 16
a 35 36 17
a 35 59 13
a 35 38 13
a 35 8 15
a 35 6 12
a 35 96 12
a 35 90 8
a 35 48 9
a 36 37 3
a 36 83 3
a 36 44 3
a 36 20 18
a 36 25 14
a 36 31 14
a 36 11 13
a 36 27 5
a 36 88 14
a 36 17 13
a 36 7 1
a 37 38 16
a 37 12 14
a 37 52 3
a 37 7 18
a 37 92 11
a 37 13 15
a 37 49 6
a 38 39 15
a 38 49 12
a 38 25 2
a 38 75 2
a 38 32 19
a 38 26 4
a 38 51 1
a 38 69 3
a 38 18 12
a 38 41 17
a 39 40 12
a 39 57 14
a 39 83 10
a 39 5 13
a 39 51 19
a 39 34 1
a 39 20 3
a 39 96 4
a 39 46 11
a 39 70 12
a 40 41 10
a 40 7 7
a 40 80 9
a 40 87 19
a 40 39 4
a 40 30 3
a 40 65 16
a 40 36 19
a 40 48 13
a 40 24 15
a 40 85 18
a 41 42 13
a 41 9 15
a 41 76 18
a 41 11 9
a 41 35 3
a 41 36 6
a 41 27 18
a 41 79 18
a 41 78 3
a 41 73 4
a 41 96 5
a 41 34 12
a 41 59 14
a 41 69 9
a 42 43 14
a 42 77 11
a 42 80 12
a 42 19 16
a 42 59 19
a 42 40 15
a 42 36 13
a 42 86 16
a 42 74 6
a 42 88 18
a 43 44 12
a 43 84 8
a 43 75 2
a 43 60 8
a 43 58 3
a 43 28 8
a 43 2 13
a 43 41 9
a 43 79 15
a 43 45 6
a 43 87 7
a 43 13 13
a 43 77 13
a 44 45 3
a 44 96 6
a 44 66 17
a 44 65 3
a 44 28 4
a 44 67 14
a 44 19 13
a 44 46 16
a 44 20 15
a 44 77 15
a 44 49 6
a 45 46 14
a 45 99 12
a 45 34 19
a 45 22 11
a 45 43 9
a 45 5 15
a 45 7 16
a 45 57 16
a 45 18 7
a 45 44 8
a 45 27 6
a 45 39 19
a 46 47 1
a 46 31 14
a 46 28 13
a 46 51 17
a 46 36 16
a 46 70 12
a 46 83 7
a 46 57 4
a 46 3 19
a 46 95 5
a 46 68 8
a 47 48 12
a 47 85 12
a 47 5 14
a 47 14 15
a 47 44 19
a 47 7 5
a 47 50 9
a 47 28 9
a 48 49 7
a 48 72 15
a 48 36 19
a 48 32 6
a 48 57 7
a 48 58 12
a 48 21 6
a 48 54 16
a 48 39 6
a 48 51 13
a 48 89 17
a 48 50 3
a 48 10 12
a 48 3 15
a 48 73 18
a 48 76 18
a 49 50 10
a 49 24 1
a 49 88 8
a 49 41 10
a 49 65 15
a 49 32 9
a 49 63 2
a 50 51 13
a 50 87 6
a 50 58 19
a 50 26 11
a 50 65 2
a 50 33 16
a 50 97 3
a 51 52 4
a 51 64 2
a 51 65 2
a 51 18 13
a 51 93 9
a 51 56 15
a 51 8 17
a 51 79 7
a 51 13 16
a 51 77 6
a 51 99 19
a 51 97 13
a 52 53 1
a 52 82 11
a 52 42 5
a 52 89 6
a 52 43 2
a 52 59 1
a 52 13 1
a 52 2 10
a 52 26 8
a 52 87 18
a 52 29 11
a 52 14 6
a 52 37 18
a 52 66 12
a 52 86 17
a 53 54 6
a 53 63 7
a 53 61 12
a 53 37 1
a 53 48 18
a 53 36 10
a 53 56 11
a 53 33 7
a 53 66 3
a 53 13 8
a 53 78 9
a 53 10 5
a 54 55 11
a 54 36 11
a 54 61 13
a 54 73 19
a 54 31 3
a 54 7 3
a 54 22 9
a 54 64 7
a 54 93 1
a 54 83 3
a 54 3 11
a 54 8 16
a 55 56 5
a 55 32 11
a 55 41 2
a 55 65 10
a 55 17 9
a 55 42 1
a 55 23 3
a 55 68 9
a 55 79 16
a 55 63 6
a 55 25 1
a 55 1 17
a 55 47 7
a 56 57 8
a 56 23 7
a 56 84 7
a 56 26 13
a 56 42 13
a 56 61 3
a 56 91 15
a 56 3 12
a 56 19 12
a 56 9 5
a 57 58 14
a 57 33 19
a 57 87 2
a 57 29 4
a 57 81 9
a 57 62 7
a 57 52 19
a 57 6 13
a 57 11 8
a 58 59 12
a 58 18 14
a 58 74 4
a 58 89 2
a 58 73 18
a 58 88 12
a 58 54 16
a 58 35 19
a 58 98 15
a 58 90 15
a 58 69 14
a 59 60 4
a 59 4 1
a 59 12 11
a 59 58 2
a 59 19 13
a 59 39 2
a 59 67 15
a 60 61 5
a 60 9 7
a 60 99 8
a 60 90 10
a 60 76 13
a 60 77 4
a 60 35 9
a 60 18 12
a 60 83 15
a 60 11 13
a 60 85 3
a 60 26 5
a 60 47 12
a 60 69 1
a 61 62 3
a 61 12 15
a 61 50 17
a 61 26 13
a 61 75 19
a 61 58 15
a 61 25 7
a 61 4 16
a 61 18 7
a 61 5 16
a 61 1 16
a 62 63 5
a 62 51 6
a 62 29 14
a 62 11 2
a 62 59 4
a 62 10 11
a 62 91 8
a 62 47 11
a 62 65 14
a 62 42 15
a 63 64 18
a 63 31 10
a 63 36 8
a 63 74 9
a 63 76 7
a 63 3 3
a 64 65 8
a 64 63 15
a 64 48 18
a 64 28 17
a 64 47 4
a 64 67 5
a 64 81 2
a 64 91 15
a 64 80 17
a 65 66 12
a 65 33 3
a 65 48 8
a 65 80 9
a 65 40 3
a 66 67 4
a 66 62 14
a 66 50 2
a 66 14 3
a 66 94 3
a 66 84 14
a 66 54 2
a 66 17 11
a 66 46 11
a 66 99 8
a 66 1 16
a 66 78 11
a 66 59 12
a 67 68 3
a 67 12 9
a 67 50 12
a 67 72 15
a 67 63 15
a 67 35 5
a 67 62 4
a 68 69 13
a 68 16 10
a 68 36 2
a 68 86 14
a 68 38 13
a 68 87 2
a 68 1 18
a 68 92 12
a 68 32 10
a 68 79 10
a 68 27 1
a 68 41 13
a 69 70 3
a 69 5 17
a 69 63 6
a 69 82 8
a 69 93 16
a 69 31 12
a 69 37 12
a 69 80 15
a 69 58 7
a 69 15 1
a 69 54 14
a 69 91 7
a 70 71 5
a 70 55 16
a 70 23 8
a 70 9 13
a 70 42 2
a 70 84 5
a 70 48 18
a 70 45 2
a 70 28 1
a 71 72 2
a 71 7 14
a 71 42 4
a 71 12 2
a 71 16 6
a 71 46 14
a 71 62 9
a 72 73 19
a 72 26 17
a 72 5 8
a 72 2 14
a 72 47 14
a 72 48 16
a 72 93 18
a 72 91 15
a 72 92 7
a 72 89 9
a 73 74 3
a 73 29 18
a 73 97 5
a 73 93 6
a 73 98 8
a 73 83 18
a 73 5 9
a 73 46 13
a 73 36 13
a 73 9 3
a 73 61 5
a 74 75 15
a 74 10 6
a 74 32 8
a 74 84 8
a 74 78 16
a 74 25 2
a 74 1 16
a 74 73 12
a 74 16 14
a 74 54 11
a 75 76 8
a 75 31 12
a 75 54 5
a 75 49 10
a 75 6 4
a 75 16 10
a 75 37 14
a 76 77 1
a 76 97 4
a 76 79 13
a 76 26 12
a 76 71 15
a 76 74 8
a 76 4 19
a 76 51 9
a 77 78 8
a 77 70 19
a 77 45 10
a 77 18 15
a 77 57 15
a 77 33 8
a 77 4 2
a 77 79 13
a 77 55 18
a 77 64 3
a 77 39 10
a 77 81 17
a 78 79 4
a 78 70 9
a 78 87 1
a 78 49 7
a 78 27 19
a 78 74 13
a 78 15 16
a 78 93 1
a 78 46 6
a 79 80 14
a 79 18 11
a 79 61 7
a 79 88 4
a 79 32 11
a 79 72 6
a 79 48 12
a 79 17 13
a 79 21 19
a 79 52 14
a 79 82 10
a 80 81 4
a 80 83 17
a 80 76 9
a 80 49 1
a 80 92 2
a 80 32 9
a 80 13 8
a 80 78 14
a 80 79 15
a 80 86 2
a 81 82 3
a 81 60 16
a 81 12 3
a 81 1 17
a 81 35 18
a 81 51 19
a 81 85 12
a 82 83 3
a 82 39 19
a 82 25 5
a 82 37 13
a 82 10 7
a 82 22 18
a 82 57 4
a 82 40 16
a 82 3 9
a 83 84 19
a 83 71 13
a 83 42 7
a 83 52 1
a 83 70 7
a 83 56 4
a 83 17 6
a 84 85 14
a 84 56 2
a 84 36 18
a 84 38 16
a 84 91 5
a 84 96 8
a 84 69 18
a 84 9 16
a 84 76 6
a 84 23 8
a 85 86 14
a 85 55 14
a 85 87 11
a 85 42 6
a 85 44 17
a 85 53 2
a 85 46 9
a 85 11 9
a 86 87 4
a 86 94 10
a 86 5 17
a 86 9 18
a 86 62 16
a 86 41 14
a 86 34 1
a 86 80 2
a 86 36 2
a 86 55 14
a 87 88 5
a 87 96 7
a 87 36 19
a 87 3 9
a 87 56 15
a 87 39 6
a 88 89 19
a 88 36 9
a 88 21 3
a 88 15 14
a 88 32 16
a 88 64 1
a 88 53 10
a 88 96 1
a 88 51 4
a 89 90 18
a 89 28 17
a 89 51 7
a 89 65 10
a 89 95 12
a 89 4 13
a 89 19 15
a 89 99 7
a 89 35 16
a 89 87 1
a 89 10 2
a 89 43 9
a 90 91 16
a 90 75 16
a 90 58 12
a 90 80 18
a 90 33 13
a 90 30 9
a 90 72 16
a 90 65 17
a 91 92 1
a 91 16 15
a 91 39 10
a 91 95 5
a 91 44 11
a 92 93 5
a 92 3 4
a 92 73 16
a 92 7 7
a 92 16 18
a 92 34 15
a 92 50 4
a 93 94 6
a 93 40 19
a 93 78 13
a 93 36 15
a 93 27 1
a 93 16 10
a 93 82 5
a 93 28 17
a 93 65 5
a 93 83 10
a 93 66 15
a 93 72 16
a 93 6 18
a 94 95 14
a 94 9 8
a 94 97 11
a 94 29 13
a 94 23 11
a 94 89 13
a 94 77 10
a 95 96 13
a 95 9 1
a 95 85 8
a 95 56 10
a 95 19 8
a 95 53 14
a 95 70 8
a 95 29 19
a 96 97 7
a 96 90 1
a 96 3 9
a 96 55 8
a 96 56 13
a 96 92 2
a 97 98 19
a 97 28 14
a 97 54 11
a 97 19 19
a 97 80 10
a 97 38 6
a 97 43 17
a 97 39 2
a 98 99 11
a 98 17 16
a 98 29 2
a 98 6 3
a 98 42 3
a 98 63 3
a 98 54 3
a 98 51 10
a 98 69 6
a 98 76 12
a 98 93 3
a 98 41 7
c 46 70 46 36 100
c 1 79 55 63 138
c 54 83 31 66 113
c 50 33 69 80 84
c 73 74 86 5 123
c 27 28 65 48 137
c 75 49 54 22 147
c 75 54 58 18 68
c 88 15 46 70 132
c 91 16 36 11 52
c 79 32 68 32 118
c 42 36 23 14 110
c 66 46 91 16 60
c 9 56 22 73 131
c 4 30 27 31 135
c 60 90 45 22 126
c 46 31 48 76 94
c 36 11 23 28 135
c 23 14 21 32 104
c 71 72 34 56 111
c 77 78 47 5 99
c 34 26 55 25 76
c 50 26 94 77 134
c 18 41 37 13 146
c 73 93 26 39 97
c 64 48 86 9 110
c 98 6 85 46 61
c 53 78 46 95 136
c 11 74 4 82 61
c 69 80 52 37 142
c 87 3 89 87 119
c 51 93 56 26 89
c 40 39 62 63 102
c 6 69 51 64 148
c 84 69 6 81 57
c 60 77 68 92 131
c 16 53 42 40 124
c 60 77 10 11 64
c 15 72 6 70 149
c 65 33 77 79 129
c 77 81 79 48 127
c 74 25 0 41 103
c 11 6 15 72 64
c 98 93 54 36 87
c 43 41 57 62 61
c 53 10 78 27 61
c 40 65 0 41 65
c 79 32 18 19 103
c 21 85 1 87 56
c 88 15 26 37 83
c 19 70 91 44 73
c 57 81 49 32 85
c 68 92 51 8 110
c 16 53 44 49 138
c 75 49 22 45 67
c 76 79 61 58 110
c 22 52 98 63 120
c 50 33 94 9 92
c 55 41 95 70 74
c 56 84 78 27 93
c 82 37 61 5 104
c 5 40 4 9 100
c 48 89 57 62 94
c 73 93 46 3 67
c 98 99 1 2 67
c 35 90 29 1 66
c 51 77 4 29 135
c 80 13 97 19 86
c 45 22 20 60 131
c 3 27 33 30 76
c 65 80 62 11 98
c 25 53 52 14 68
c 44 20 23 45 96
c 23 62 46 70 63
c 66 50 93 28 98
c 8 89 56 9 89
c 77 39 5 37 149
c 64 65 31 72 122
c 28 65 29 11 56
c 93 83 27 95 84
c 0 59 82 22 130
c 41 73 89 95 51
c 46 36 95 56 122
c 60 9 42 43 79
c 46 68 26 22 130
c 78 70 61 12 127
c 89 43 57 58 60
c 61 26 52 87 51
c 82 40 88 64 129
c 60 69 26 50 54
c 23 24 89 51 141
c 93 66 4 9 73
c 30 2 16 15 91
c 25 28 75 76 90
c 35 48 79 88 114
c 62 11 66 59 132
c 24 59 38 49 98
c 24 53 69 80 108
c 59 39 33 94 126
c 22 97 3 73 82
c 91 44 66 14 94
c 50 97 35 36 66
c 41 79 48 73 148
c 32 83 72 2 139
c 60 69 12 5 116
c 74 10 52 66 57
c 38 69 90 58 106
c 13 27 21 50 67
c 29 30 97 43 144
c 44 45 84 38 73
c 63 3 32 70 57
c 4 33 51 52 95
c 40 7 5 46 140
c 45 46 90 30 64
c 29 28 1 94 57
c 43 13 19 37 63
c 85 53 53 33 87
c 80 86 62 51 72
c 33 97 64 67 124
c 76 79 45 5 103
c 53 66 6 21 96
c 47 48 16 53 142
c 5 46 73 29 121
c 34 23 2 15 136
c 82 10 97 80 133
c 11 29 60 99 95
c 60 77 96 90 58
c 60 9 8 89 146
c 80 32 68 87 132
c 18 41 48 57 82
c 48 10 91 92 50
c 51 64 53 13 143
c 52 89 77 39 90
c 97 80 70 84 80
c 3 28 89 65 137
c 80 76 31 23 133
c 74 84 26 50 89
c 79 82 0 59 103
c 79 18 94 97 102
c 73 29 86 55 140
c 81 1 16 37 107
c 47 50 45 34 93
c 97 39 23 24 141
c 72 89 22 39 62
c 11 29 22 8 99
c 41 69 25 30 70
c 48 36 34 15 111
c 60 90 84 36 127
c 52 86 0 54 127
c 5 88 85 44 127
c 48 36 26 70 138
c 48 76 51 79 125
c 5 88 51 97 99
c 44 49 53 63 95
c 54 22 79 88 146
c 61 50 84 91 70
c 77 64 26 21 108
c 33 18 33 64 129
c 27 59 5 80 131
c 79 52 35 38 138
c 42 43 60 47 82
c 26 20 2 99 80
c 11 29 85 55 94
c 77 79 6 7 100
c 49 24 49 32 143
c 31 27 22 1 72
c 74 32 0 26 122
c 27 31 3 40 90
c 36 27 19 34 117
c 72 92 18 41 144
c 9 78 72 89 129
c 24 59 43 45 96
c 90 75 12 45 60
c 76 26 14 84 138
c 94 77 22 73 88
c 95 70 54 73 136
c 31 17 31 75 120
c 86 87 88 36 141
c 17 98 74 10 132
c 56 9 5 82 124
c 61 4 88 51 141
c 11 94 7 71 53
c 41 78 60 35 57
c 77 4 5 53 88
c 51 65 76 97 113
c 41 9 68 1 53
c 77 45 17 98 145
c 8 9 47 85 118
c 50 97 30 89 78
c 92 16 25 1 65
c 94 89 33 73 124
c 53 61 13 52 61
c 58 88 23 96 129
c 98 54 70 45 123
c 41 96 45 18 57
c 7 4 81 60 53
c 89 90 86 80 56
c 41 35 96 97 141
c 31 75 98 51 98
c 50 33 48 50 113
c 39 70 13 27 128
c 62 65 57 6 138
c 11 86 32 83 73
c 86 87 94 97 147
c 80 32 21 1 118
c 20 70 40 85 69
c 91 39 92 3 68
c 19 92 45 34 100
c 73 74 40 7 77
c 89 99 49 50 134
c 19 56 10 11 130
c 47 50 96 55 83
c 24 22 13 48 99
c 92 73 12 61 79
c 98 41 85 11 118
c 60 9 40 7 55
c 4 5 52 89 101
c 68 32 73 74 126
c 68 92 84 76 88
c 5 82 68 92 140
c 38 25 24 59 67
c 58 88 32 83 93
c 89 51 14 61 75
c 9 92 20 67 143
c 11 12 54 31 133
c 98 41 80 13 76
c 10 40 81 82 68
c 38 75 14 88 97
c 63 64 5 84 95
c 0 47 51 65 96
c 30 65 97 80 139
c 69 93 97 39 139
c 89 28 26 22 59
c 59 39 36 17 81
c 3 16 62 91 111
c 80 83 5 53 53
c 28 68 9 55 57
c 73 61 52 66 95
c 54 36 4 30 54
c 68 92 50 51 136
c 0 59 84 85 66
c 98 42 81 60 99
c 44 67 45 39 108
c 79 17 56 9 87
c 43 45 80 86 70
c 27 59 5 40 52
c 77 33 68 69 82
c 78 46 43 13 104
c 7 90 29 15 98
c 98 54 89 90 58
c 53 37 10 40 100
c 3 27 28 65 105
c 69 70 37 13 66
c 50 26 20 70 108
c 56 3 95 70 68
c 79 80 0 59 81
c 57 52 74 84 113
c 6 7 88 15 145
c 28 29 9 24 68
c 22 97 4 82 104
c 2 99 73 9 106
c 9 8 22 1 95
c 35 8 36 83 57
c 93 65 53 54 134
c 22 1 79 32 120
c 23 14 38 26 101
c 85 46 54 8 114
c 18 58 23 75 69
c 85 44 26 22 94
c 15 30 49 65 114
c 25 26 61 26 115
c 98 42 23 55 135
c 6 81 24 53 86
c 56 57 69 37 50
c 44 66 66 46 130
c 44 46 94 23 116
c 44 49 13 15 69
c 92 7 74 10 138
c 26 21 38 25 93
c 2 99 47 85 125
c 2 12 1 9 130
c 18 48 47 50 136
c 76 79 29 96 111
c 48 73 24 53 138
c 27 28 43 45 88
c 6 53 95 29 121
c 78 46 49 41 91
c 79 21 23 84 123
c 64 65 4 69 118
c 56 3 68 87 123
c 52 59 56 3 135
c 46 70 71 16 109
c 9 55 43 44 83
c 5 88 39 70 135
c 98 6 50 65 59
c 93 27 29 10 93
c 3 4 81 85 120
c 48 89 0 42 132
c 17 1 1 9 58
c 79 80 33 64 56
c 7 14 58 98 132
c 62 29 62 47 74
c 17 33 46 3 144
c 41 11 72 26 137
c 59 58 42 86 86
c 18 48 29 15 132
c 39 96 67 12 114
c 60 90 5 82 54
c 28 91 3 28 92
c 93 72 86 55 94
c 22 45 33 64 75
c 33 6 26 37 110
c 77 39 19 34 51
c 22 45 46 51 88
c 41 36 79 61 74
c 45 57 56 23 112
c 68 69 33 68 74
c 15 22 36 11 134
c 30 97 9 56 139
c 74 32 66 54 133
c 54 83 64 81 141
c 77 39 35 8 54
c 72 92 81 35 78
c 51 18 54 3 124
c 0 54 29 30 105
c 23 38 13 14 94
c 39 40 61 50 59
c 64 47 43 45 72
c 98 17 25 53 57
c 59 58 46 36 131
c 38 51 68 36 93
c 38 69 51 79 64
c 88 64 63 3 126
c 23 62 30 2 73
c 91 44 31 49 74
c 92 73 61 62 114
c 87 39 8 9 140
c 56 3 79 72 81
c 48 32 77 55 115
c 7 90 64 80 58
c 86 80 56 42 73
c 67 35 53 33 120
c 39 51 47 28 112
c 25 33 4 37 107
c 4 5 42 74 60
c 12 18 97 28 144
c 17 92 48 32 89
c 36 27 26 39 99
c 24 50 35 38 96
c 5 37 58 18 124
c 5 8 18 41 52
c 25 48 76 79 62
c 77 18 66 50 134
c 36 44 46 95 76
c 77 79 68 79 113
c 4 22 55 63 110
c 19 17 95 9 50
c 8 89 76 79 129
c 80 81 7 90 89
c 56 9 85 46 115
c 35 8 42 43 104
c 43 75 29 42 149
c 67 35 59 39 113
c 24 25 70 28 83
c 42 80 34 26 68
c 75 49 95 53 114
c 68 86 36 20 60
c 93 40 29 96 91
c 54 31 54 61 56
c 8 27 40 36 71
c 97 80 29 11 61
c 20 13 85 53 76
c 0 54 60 47 74
c 49 88 53 37 108
c 95 29 5 37 51
c 68 36 61 75 50
c 40 36 5 47 94
c 89 28 72 73 94
c 68 36 69 82 68
c 16 10 87 96 83
c 60 47 15 22 98
c 84 96 72 47 88
c 5 45 14 61 89
c 65 80 40 36 141
c 25 30 6 28 123
c 53 66 73 36 53
c 19 23 85 86 81
c 67 50 36 7 108
c 48 50 79 61 118
c 36 20 4 69 99
c 34 74 14 35 143
c 90 58 55 23 122
c 19 81 65 80 75
c 29 30 24 70 68
c 43 44 23 68 149
c 43 41 42 77 105
c 3 30 96 55 132
c 16 15 62 42 116
c 60 18 61 62 57
c 61 25 43 60 56
c 57 29 58 69 89
c 42 77 39 46 139
c 42 19 78 15 71
c 44 28 26 21 128
c 65 80 48 3 129
c 1 53 0 54 64
c 25 67 27 95 61
c 94 89 86 36 78
c 57 62 41 73 91
c 74 16 80 79 78
c 55 56 84 9 52
c 90 33 41 42 84
c 51 97 88 89 89
c 92 16 79 48 52
c 82 40 20 30 87
c 27 14 82 10 125
c 53 13 97 43 125
c 1 2 11 6 54
c 89 65 13 15 81
c 51 52 20 66 94
c 39 46 36 31 145
c 38 69 72 91 138
c 98 76 6 53 62
c 11 12 8 89 56
c 97 39 88 15 143
c 9 92 73 29 72
c 13 27 43 87 116
c 58 69 36 20 72
c 22 85 92 93 126
c 33 12 28 7 131
c 62 63 40 41 91
c 66 67 18 73 127
c 75 76 61 58 58
c 9 85 83 71 99
c 30 17 52 2 135
c 60 9 94 89 140
c 18 91 28 55 89
c 59 60 98 41 105
c 92 73 94 97 123
c 5 8 71 7 124
c 95 56 58 35 64
c 23 24 61 62 62
c 78 74 33 68 99
c 53 78 61 4 103
c 49 50 2 31 126
c 69 5 77 45 64
c 84 96 15 22 65
c 10 92 47 44 143
c 57 87 15 47 96
c 4 5 92 34 129
c 0 1 96 97 95
c 98 42 66 84 73
c 46 83 22 8 136
c 66 1 7 8 75
c 5 37 14 35 57
c 87 56 53 13 52
c 49 50 93 16 71
c 24 75 62 42 149
c 52 14 30 65 136
c 28 21 11 61 61
c 92 93 52 13 71
c 27 6 60 90 75
c 39 5 86 87 71
c 14 50 52 86 62
c 56 42 32 76 105
c 37 49 80 79 135
c 51 99 89 99 80
c 62 91 43 75 95
c 34 41 77 55 83
c 36 88 87 39 119
c 19 37 44 45 106
c 13 18 16 68 125
c 95 70 8 4 137
c 33 18 2 3 106
c 38 51 84 56 130
c 48 58 88 51 88
c 69 80 69 54 140
c 25 28 16 13 127
c 40 87 8 27 101
c 54 61 54 64 103
c 27 28 74 75 81
c 63 31 36 83 120
c 84 9 54 7 144
c 77 78 40 80 139
c 92 16 15 30 62
c 34 15 3 28 98
c 12 13 5 6 55
c 9 24 18 48 91
c 20 70 12 45 103
