notes: n=100, m=1980, elb=1, eub=20, density=0.2, conf_density=0.002, clb=100, cub= 200, seed= 7329
p spec 100 1980 3918
s 0
t 99
a 0 1 9
a 0 46 6
a 0 62 6
a 0 69 8
a 0 67 2
a 0 93 7
a 0 76 10
a 0 91 7
a 0 65 4
a 0 96 6
a 0 14 5
a 0 13 18
a 0 15 12
a 0 84 5
a 0 17 18
a 0 9 7
a 0 94 13
a 0 50 5
a 1 2 16
a 1 43 7
a 1 88 4
a 1 73 2
a 1 18 10
a 1 82 7
a 1 5 17
a 1 56 11
a 1 7 15
a 1 30 4
a 1 33 6
a 1 95 4
a 1 3 7
a 1 15 3
a 1 83 11
a 1 9 19
a 1 17 5
a 2 3 6
a 2 66 12
a 2 62 14
a 2 46 19
a 2 75 17
a 2 93 18
a 2 11 4
a 2 59 9
a 2 87 8
a 2 8 5
a 2 88 2
a 2 38 10
a 2 35 9
a 2 64 9
a 2 25 18
a 2 80 19
a 2 30 17
a 2 43 12
a 2 32 17
a 2 7 11
a 2 31 10
a 2 5 6
a 2 34 13
a 3 4 17
a 3 54 15
a 3 64 4
a 3 34 17
a 3 40 4
a 3 42 18
a 3 23 16
a 3 41 12
a 3 78 14
a 3 67 10
a 3 15 19
a 3 57 10
a 3 86 12
a 3 66 18
a 3 1 16
a 3 8 3
a 3 20 15
a 3 87 11
a 3 43 7
a 3 39 15
a 4 5 13
a 4 80 15
a 4 93 10
a 4 19 18
a 4 26 9
a 4 78 2
a 4 65 5
a 4 69 18
a 4 20 16
a 4 41 16
a 4 83 14
a 4 99 10
a 4 49 9
a 4 75 8
a 4 18 12
a 4 90 10
a 4 62 18
a 4 25 6
a 4 29 13
a 4 33 11
a 4 88 17
a 5 6 15
a 5 95 4
a 5 58 10
a 5 54 19
a 5 31 15
a 5 21 1
a 5 50 7
a 5 79 18
a 5 12 9
a 5 47 1
a 5 19 16
a 5 27 3
a 5 53 19
a 5 96 6
a 5 38 8
a 5 25 16
a 5 35 7
a 6 7 18
a 6 71 8
a 6 83 6
a 6 46 18
a 6 32 19
a 6 42 9
a 6 73 8
a 6 21 9
a 6 52 17
a 6 5 13
a 6 57 19
a 6 82 13
a 6 97 13
a 6 92 14
a 6 3 8
a 6 36 10
a 6 95 11
a 6 58 9
a 6 38 4
a 6 53 17
a 6 23 5
a 7 8 11
a 7 55 16
a 7 78 1
a 7 76 1
a 7 3 3
a 7 19 4
a 7 59 12
a 7 23 2
a 7 74 7
a 7 43 15
a 7 79 19
a 7 93 5
a 7 94 16
a 7 39 12
a 7 68 2
a 8 9 14
a 8 98 12
a 8 88 13
a 8 68 8
a 8 54 4
a 8 75 12
a 8 58 3
a 8 5 2
a 8 50 17
a 8 26 16
a 8 29 10
a 8 67 12
a 8 17 19
a 8 70 18
a 8 63 18
a 8 69 13
a 8 86 3
a 8 3 13
a 8 30 2
a 9 10 15
a 9 60 14
a 9 85 17
a 9 97 14
a 9 84 11
a 9 56 6
a 9 70 9
a 9 69 18
a 9 63 18
a 9 37 14
a 9 27 15
a 9 76 5
a 10 11 16
a 10 64 7
a 10 86 7
a 10 77 8
a 10 87 14
a 10 32 7
a 10 60 1
a 10 36 6
a 10 48 4
a 10 94 11
a 10 88 12
a 10 76 3
a 10 59 7
a 10 40 15
a 10 69 15
a 10 47 5
a 10 20 11
a 10 31 9
a 10 28 9
a 11 12 19
a 11 84 4
a 11 8 6
a 11 68 17
a 11 82 1
a 11 57 6
a 11 19 18
a 11 20 10
a 11 69 14
a 11 34 8
a 11 87 9
a 11 28 10
a 11 83 14
a 11 55 16
a 11 56 16
a 11 77 7
a 11 24 16
a 12 13 8
a 12 34 18
a 12 2 12
a 12 33 17
a 12 79 4
a 12 54 6
a 12 8 11
a 12 40 2
a 12 63 19
a 12 18 19
a 12 52 16
a 12 22 13
a 12 85 17
a 12 61 4
a 12 67 6
a 12 72 17
a 12 89 18
a 12 14 17
a 12 95 10
a 12 86 16
a 13 14 2
a 13 44 13
a 13 85 7
a 13 66 14
a 13 51 14
a 13 29 15
a 13 97 12
a 13 55 9
a 13 90 3
a 13 15 9
a 13 81 19
a 13 93 12
a 13 2 4
a 13 35 16
a 13 18 14
a 13 27 15
a 13 31 13
a 13 89 7
a 13 37 17
a 14 15 7
a 14 57 19
a 14 73 13
a 14 52 3
a 14 78 14
a 14 42 4
a 14 7 18
a 14 69 11
a 14 53 16
a 14 48 9
a 14 39 3
a 14 82 7
a 14 9 3
a 14 68 5
a 14 98 10
a 14 19 19
a 15 16 9
a 15 24 19
a 15 64 12
a 15 67 18
a 15 85 2
a 15 17 14
a 15 14 11
a 15 76 11
a 15 5 8
a 15 65 1
a 15 92 6
a 15 90 16
a 15 47 18
a 15 2 14
a 15 12 3
a 15 4 4
a 16 17 4
a 16 14 11
a 16 81 2
a 16 45 3
a 16 55 7
a 16 93 14
a 16 8 6
a 16 88 9
a 16 95 12
a 16 15 5
a 16 98 6
a 16 21 8
a 16 32 10
a 16 11 8
a 16 6 7
a 16 85 11
a 16 86 15
a 16 94 11
a 16 5 18
a 16 54 7
a 16 27 8
a 16 84 14
a 16 49 1
a 16 58 6
a 16 92 18
a 16 42 2
a 16 59 8
a 16 96 14
a 16 30 17
a 16 89 5
a 17 18 5
a 17 4 3
a 17 6 17
a 17 53 4
a 17 22 4
a 17 27 11
a 17 51 13
a 17 29 2
a 17 21 10
a 17 56 7
a 17 66 3
a 17 79 19
a 17 57 8
a 17 80 17
a 17 13 15
a 18 19 7
a 18 77 6
a 18 96 17
a 18 29 6
a 18 30 9
a 18 3 8
a 18 43 19
a 18 31 10
a 18 64 7
a 18 60 5
a 18 6 10
a 18 17 13
a 18 99 10
a 18 41 7
a 18 82 7
a 18 65 1
a 18 24 4
a 18 59 6
a 18 55 18
a 18 62 4
a 19 20 2
a 19 40 15
a 19 76 18
a 19 81 16
a 19 16 4
a 19 25 5
a 19 54 17
a 19 24 12
a 19 6 16
a 19 17 15
a 19 32 3
a 19 10 6
a 19 67 3
a 19 13 4
a 19 48 18
a 19 7 11
a 20 21 12
a 20 41 19
a 20 44 19
a 20 72 9
a 20 92 5
a 20 52 4
a 20 61 14
a 20 78 15
a 20 83 10
a 20 99 13
a 20 1 19
a 20 63 5
a 20 26 6
a 21 22 15
a 21 32 10
a 21 98 5
a 21 18 14
a 21 27 12
a 21 29 5
a 21 34 16
a 21 47 5
a 21 19 18
a 21 99 5
a 21 92 18
a 21 9 8
a 21 42 10
a 21 50 1
a 21 53 19
a 21 77 10
a 21 61 2
a 21 13 7
a 22 23 18
a 22 52 19
a 22 54 2
a 22 48 5
a 22 43 2
a 22 79 10
a 22 29 7
a 22 73 7
a 22 65 10
a 22 81 4
a 22 57 11
a 22 51 4
a 22 88 17
a 22 15 13
a 22 75 2
a 22 33 6
a 22 80 9
a 22 59 15
a 22 91 2
a 23 24 12
a 23 3 17
a 23 56 19
a 23 81 13
a 23 53 12
a 23 84 4
a 23 36 2
a 23 47 11
a 23 88 19
a 23 92 15
a 23 43 9
a 23 38 8
a 23 41 4
a 23 40 17
a 23 27 3
a 23 79 12
a 23 57 11
a 23 28 18
a 24 25 3
a 24 33 15
a 24 45 14
a 24 97 19
a 24 87 4
a 24 42 10
a 24 48 10
a 24 52 13
a 24 30 7
a 24 53 8
a 24 75 14
a 24 76 8
a 24 44 1
a 24 9 14
a 24 72 19
a 24 14 17
a 24 16 12
a 24 18 14
a 25 26 2
a 25 21 14
a 25 42 17
a 25 48 3
a 25 40 18
a 25 57 5
a 25 95 12
a 25 55 11
a 25 10 17
a 25 87 3
a 25 37 16
a 25 59 19
a 25 67 14
a 25 20 19
a 25 65 15
a 25 24 7
a 25 5 17
a 25 6 4
a 25 88 1
a 25 23 9
a 26 27 18
a 26 75 11
a 26 40 2
a 26 80 9
a 26 49 4
a 26 12 13
a 26 46 4
a 26 63 2
a 26 66 19
a 26 51 8
a 26 61 17
a 26 56 17
a 26 1 13
a 26 43 15
a 26 33 1
a 26 83 6
a 26 54 9
a 26 18 7
a 26 2 17
a 26 13 8
a 26 88 2
a 26 10 2
a 26 84 15
a 26 53 2
a 26 71 9
a 27 28 16
a 27 88 4
a 27 92 15
a 27 44 10
a 27 38 4
a 27 62 18
a 27 63 14
a 27 53 4
a 27 39 4
a 27 4 9
a 27 13 17
a 27 46 18
a 27 73 13
a 27 93 2
a 27 72 2
a 27 22 10
a 27 65 11
a 27 45 17
a 27 21 16
a 27 75 3
a 27 10 3
a 28 29 6
a 28 15 16
a 28 20 4
a 28 94 17
a 28 74 12
a 28 76 19
a 28 17 12
a 28 77 19
a 28 2 7
a 28 86 1
a 28 96 14
a 28 70 12
a 28 44 10
a 28 58 5
a 28 42 1
a 28 69 4
a 28 60 12
a 28 6 3
a 28 3 5
a 28 32 9
a 28 25 10
a 28 99 19
a 28 23 15
a 28 67 7
a 28 49 6
a 29 30 5
a 29 42 17
a 29 31 5
a 29 72 4
a 29 70 19
a 29 25 10
a 29 5 9
a 29 14 11
a 29 94 10
a 29 74 14
a 29 82 19
a 29 44 17
a 29 47 9
a 29 78 18
a 29 99 2
a 29 11 5
a 29 40 12
a 29 46 2
a 29 39 18
a 29 81 10
a 29 27 16
a 29 48 11
a 29 89 4
a 29 86 12
a 30 31 5
a 30 71 6
a 30 84 8
a 30 25 6
a 30 93 2
a 30 3 14
a 30 88 5
a 30 10 16
a 30 85 13
a 30 54 5
a 30 45 16
a 30 34 15
a 30 6 18
a 30 42 15
a 30 62 15
a 30 83 18
a 30 37 4
a 30 55 18
a 31 32 8
a 31 83 2
a 31 16 10
a 31 89 4
a 31 46 3
a 31 96 2
a 31 49 7
a 31 27 15
a 31 59 18
a 31 39 14
a 31 14 7
a 31 64 16
a 31 4 2
a 31 2 18
a 31 66 14
a 31 30 6
a 31 67 17
a 31 65 15
a 31 28 2
a 31 82 14
a 31 1 5
a 31 58 19
a 32 33 11
a 32 15 8
a 32 96 7
a 32 62 12
a 32 97 12
a 32 53 7
a 32 58 2
a 32 2 17
a 32 14 15
a 32 51 15
a 32 48 9
a 32 37 5
a 32 52 1
a 32 92 3
a 32 65 10
a 32 76 4
a 32 41 12
a 32 79 9
a 32 87 5
a 32 4 5
a 32 64 18
a 32 90 14
a 33 34 15
a 33 72 17
a 33 51 18
a 33 97 19
a 33 67 3
a 33 76 1
a 33 47 3
a 33 79 17
a 33 49 13
a 33 20 13
a 33 23 17
a 33 26 12
a 33 99 4
a 33 68 19
a 33 71 14
a 33 62 19
a 33 89 15
a 33 14 2
a 33 41 3
a 33 32 13
a 33 36 10
a 33 38 14
a 33 93 14
a 33 27 18
a 34 35 15
a 34 40 12
a 34 19 7
a 34 53 17
a 34 23 4
a 34 10 5
a 34 32 15
a 34 14 10
a 34 38 10
a 34 61 5
a 34 11 7
a 34 81 16
a 34 99 2
a 34 86 16
a 34 68 12
a 34 42 8
a 34 15 1
a 34 88 17
a 34 91 17
a 35 36 12
a 35 50 19
a 35 80 9
a 35 95 4
a 35 96 1
a 35 30 2
a 35 45 11
a 35 17 18
a 35 74 12
a 35 4 7
a 35 3 19
a 35 44 2
a 35 86 8
a 35 72 6
a 35 76 17
a 35 77 15
a 35 27 2
a 35 13 1
a 36 37 13
a 36 96 12
a 36 38 18
a 36 97 19
a 36 24 1
a 36 72 10
a 36 23 10
a 36 29 13
a 36 26 14
a 36 12 11
a 36 81 5
a 36 77 14
a 36 42 2
a 36 45 11
a 36 35 7
a 36 83 2
a 36 43 13
a 36 55 8
a 37 38 1
a 37 33 19
a 37 28 3
a 37 3 8
a 37 1 11
a 37 89 12
a 37 70 16
a 37 41 5
a 37 62 5
a 37 55 17
a 37 95 5
a 37 72 7
a 37 58 7
a 37 8 10
a 37 53 12
a 37 11 13
a 37 20 17
a 37 32 14
a 38 39 17
a 38 88 5
a 38 14 9
a 38 20 15
a 38 5 5
a 38 9 16
a 38 21 11
a 38 43 5
a 38 19 10
a 38 36 1
a 38 16 3
a 38 60 18
a 38 79 2
a 38 37 9
a 38 15 4
a 38 29 18
a 38 68 19
a 38 18 4
a 38 26 18
a 38 95 2
a 38 62 3
a 39 40 9
a 39 10 5
a 39 98 13
a 39 55 6
a 39 11 4
a 39 71 12
a 39 99 8
a 39 97 2
a 39 41 2
a 39 29 3
a 39 95 14
a 40 41 8
a 40 70 8
a 40 78 11
a 40 69 6
a 40 42 11
a 40 20 14
a 40 73 9
a 40 77 9
a 40 29 15
a 40 25 5
a 40 6 8
a 40 97 17
a 40 79 16
a 40 28 18
a 40 12 3
a 40 74 14
a 40 2 12
a 40 57 5
a 40 10 12
a 40 30 10
a 40 98 7
a 40 96 3
a 40 55 14
a 40 85 2
a 40 52 2
a 41 42 7
a 41 9 16
a 41 67 16
a 41 38 5
a 41 57 8
a 41 21 2
a 41 43 19
a 41 84 15
a 41 89 5
a 41 71 11
a 41 27 10
a 41 98 5
a 41 2 2
a 41 51 2
a 41 75 15
a 41 5 19
a 41 87 15
a 41 23 16
a 42 43 14
a 42 47 4
a 42 8 5
a 42 56 5
a 42 44 3
a 42 84 17
a 42 5 11
a 42 2 13
a 42 61 12
a 42 34 3
a 42 70 19
a 42 3 11
a 42 21 19
a 42 31 19
a 42 78 13
a 42 12 14
a 42 32 16
a 42 93 14
a 42 37 16
a 42 51 18
a 42 39 9
a 42 86 15
a 42 62 18
a 42 77 10
a 42 83 15
a 42 4 8
a 42 76 10
a 43 44 4
a 43 96 14
a 43 71 14
a 43 34 19
a 43 46 19
a 43 82 7
a 43 99 13
a 43 59 2
a 43 45 6
a 43 9 1
a 43 36 13
a 43 42 12
a 43 31 12
a 43 70 9
a 43 21 13
a 43 1 4
a 43 16 1
a 43 28 5
a 43 68 8
a 43 17 12
a 43 93 9
a 43 12 10
a 44 45 12
a 44 14 10
a 44 71 19
a 44 60 8
a 44 5 15
a 44 2 3
a 44 57 14
a 44 49 14
a 44 54 10
a 44 67 18
a 44 41 16
a 44 27 11
a 44 90 18
a 44 58 13
a 45 46 11
a 45 18 9
a 45 19 12
a 45 14 9
a 45 52 16
a 45 56 14
a 45 77 12
a 45 74 13
a 45 42 3
a 45 30 12
a 45 95 1
a 45 35 1
a 45 39 17
a 45 41 16
a 45 16 12
a 45 38 1
a 45 20 4
a 46 47 11
a 46 82 1
a 46 28 15
a 46 8 2
a 46 79 18
a 46 75 6
a 46 31 19
a 46 39 9
a 46 27 8
a 46 15 6
a 46 30 10
a 46 68 16
a 46 32 10
a 46 64 13
a 46 95 11
a 46 81 14
a 46 70 18
a 46 76 4
a 46 13 11
a 46 16 5
a 46 86 3
a 46 9 18
a 46 88 2
a 46 98 16
a 46 57 6
a 47 48 7
a 47 73 14
a 47 90 4
a 47 1 10
a 47 99 4
a 47 41 8
a 47 93 2
a 47 17 15
a 47 94 2
a 47 92 1
a 47 81 8
a 47 29 8
a 47 14 7
a 47 95 13
a 47 74 5
a 47 68 10
a 47 51 15
a 48 49 19
a 48 28 2
a 48 10 13
a 48 67 10
a 48 59 7
a 48 9 9
a 48 15 12
a 48 74 11
a 48 35 9
a 48 96 2
a 48 2 15
a 48 53 14
a 48 86 6
a 48 17 1
a 48 92 13
a 48 1 5
a 48 57 19
a 48 4 4
a 48 32 8
a 48 84 6
a 48 55 5
a 48 22 17
a 49 50 18
a 49 71 1
a 49 24 17
a 49 33 16
a 49 81 19
a 49 84 14
a 49 99 12
a 49 37 3
a 49 64 17
a 49 96 11
a 49 35 14
a 49 62 7
a 49 29 2
a 49 19 1
a 49 95 17
a 49 92 7
a 50 51 16
a 50 79 19
a 50 94 15
a 50 72 6
a 50 26 9
a 50 49 1
a 50 28 9
a 50 12 10
a 50 62 19
a 50 53 8
a 50 44 7
a 50 75 8
a 50 70 16
a 50 4 19
a 51 52 5
a 51 97 17
a 51 87 3
a 51 74 7
a 51 35 19
a 51 63 13
a 51 75 8
a 51 37 8
a 51 2 11
a 51 48 18
a 51 28 12
a 51 82 8
a 51 9 14
a 51 50 10
a 51 16 6
a 51 33 5
a 51 91 16
a 51 61 3
a 52 53 19
a 52 51 7
a 52 82 19
a 52 97 15
a 52 90 16
a 52 30 5
a 52 10 10
a 52 14 16
a 52 29 3
a 52 8 16
a 52 69 9
a 52 64 15
a 52 87 9
a 52 26 4
a 52 76 9
a 52 44 1
a 52 17 7
a 52 91 2
a 52 21 12
a 52 22 12
a 52 38 4
a 52 11 4
a 52 81 10
a 52 24 6
a 52 73 15
a 52 99 12
a 52 55 11
a 53 54 10
a 53 85 6
a 53 11 18
a 53 46 12
a 53 60 18
a 53 36 10
a 53 29 11
a 53 21 4
a 53 27 19
a 53 75 10
a 53 41 10
a 53 61 12
a 53 52 6
a 53 38 17
a 53 71 8
a 53 59 5
a 53 64 9
a 54 55 11
a 54 39 12
a 54 32 8
a 54 61 2
a 54 84 18
a 54 22 4
a 54 66 8
a 54 38 7
a 54 45 2
a 54 26 19
a 54 13 2
a 54 83 14
a 54 50 14
a 54 3 1
a 54 4 10
a 54 7 5
a 54 59 9
a 54 74 14
a 54 19 13
a 54 70 5
a 54 86 16
a 54 96 10
a 54 79 12
a 54 71 8
a 54 31 13
a 54 97 16
a 54 8 13
a 55 56 11
a 55 24 14
a 55 48 13
a 55 34 4
a 55 20 12
a 55 91 11
a 55 45 13
a 55 88 19
a 55 99 13
a 55 33 5
a 55 80 7
a 55 18 8
a 55 39 8
a 55 13 6
a 55 93 15
a 55 63 17
a 55 21 14
a 55 1 13
a 55 60 12
a 55 3 19
a 55 29 13
a 55 47 16
a 55 25 15
a 55 44 2
a 55 77 11
a 55 42 19
a 56 57 8
a 56 5 12
a 56 50 13
a 56 51 13
a 56 54 16
a 56 36 19
a 56 15 5
a 56 21 6
a 56 8 1
a 56 94 5
a 56 52 7
a 56 20 16
a 57 58 10
a 57 1 3
a 57 41 13
a 57 18 18
a 57 97 8
a 57 90 14
a 57 67 7
a 57 54 17
a 57 38 15
a 57 83 13
a 57 84 15
a 57 12 15
a 57 39 19
a 57 74 5
a 57 78 7
a 57 89 7
a 57 32 19
a 57 29 8
a 57 66 6
a 57 61 15
a 57 25 5
a 57 27 8
a 58 59 5
a 58 5 10
a 58 20 9
a 58 47 12
a 58 14 8
a 58 86 16
a 58 97 6
a 58 82 3
a 58 69 4
a 58 57 3
a 58 19 18
a 58 44 4
a 58 60 9
a 58 28 5
a 58 62 17
a 58 65 7
a 58 1 11
a 58 73 12
a 58 17 16
a 58 54 6
a 58 36 7
a 58 30 5
a 58 80 13
a 58 43 15
a 59 60 12
a 59 68 1
a 59 77 17
a 59 73 5
a 59 1 11
a 59 7 2
a 59 25 5
a 59 16 19
a 59 88 1
a 59 84 3
a 59 72 1
a 59 65 6
a 59 28 13
a 59 75 11
a 59 18 5
a 59 23 18
a 59 43 18
a 59 50 17
a 59 89 13
a 59 64 13
a 59 70 18
a 59 12 9
a 59 80 5
a 60 61 5
a 60 69 18
a 60 58 9
a 60 74 19
a 60 87 19
a 60 97 14
a 60 36 8
a 60 79 11
a 60 6 9
a 60 81 9
a 60 75 19
a 60 14 15
a 60 62 18
a 60 89 10
a 60 49 1
a 60 67 18
a 60 99 2
a 60 47 9
a 60 93 2
a 60 43 17
a 61 62 10
a 61 97 13
a 61 31 3
a 61 10 11
a 61 29 17
a 61 37 8
a 61 32 16
a 61 83 13
a 61 99 12
a 61 19 9
a 61 86 18
a 61 12 16
a 61 50 3
a 61 85 4
a 61 34 16
a 61 71 2
a 61 23 4
a 61 1 17
a 61 14 16
a 62 63 17
a 62 56 16
a 62 54 19
a 62 39 14
a 62 2 8
a 62 60 6
a 62 96 2
a 62 89 17
a 62 10 5
a 62 84 10
a 62 35 16
a 62 29 3
a 62 40 6
a 62 64 4
a 62 78 3
a 62 52 16
a 62 99 19
a 62 65 18
a 62 3 19
a 62 94 6
a 62 31 18
a 62 15 5
a 63 64 7
a 63 43 3
a 63 38 9
a 63 80 2
a 63 34 16
a 63 49 13
a 63 69 17
a 63 68 7
a 63 44 13
a 63 47 8
a 63 78 8
a 63 48 6
a 63 11 1
a 63 93 6
a 63 92 12
a 63 90 13
a 63 55 3
a 63 70 5
a 63 72 19
a 63 6 11
a 63 10 3
a 63 17 2
a 63 25 6
a 63 14 8
a 63 76 17
a 63 71 19
a 63 33 5
a 64 65 18
a 64 20 18
a 64 98 9
a 64 84 10
a 64 36 5
a 64 78 7
a 64 55 4
a 64 42 5
a 64 79 7
a 64 43 13
a 64 37 4
a 64 30 2
a 64 19 11
a 64 5 3
a 64 51 8
a 64 48 5
a 64 77 3
a 64 66 13
a 64 4 2
a 65 66 1
a 65 7 7
a 65 36 4
a 65 85 7
a 65 98 18
a 65 78 11
a 65 21 1
a 65 42 13
a 65 8 10
a 65 19 4
a 65 56 8
a 65 44 18
a 66 67 13
a 66 91 14
a 66 6 9
a 66 44 10
a 66 55 13
a 66 75 13
a 66 32 15
a 66 56 12
a 66 78 11
a 66 39 5
a 66 31 6
a 66 46 2
a 66 51 11
a 66 47 8
a 66 43 12
a 66 62 15
a 66 33 16
a 66 38 2
a 66 99 4
a 66 64 2
a 66 21 9
a 67 68 13
a 67 42 9
a 67 69 12
a 67 8 12
a 67 48 19
a 67 52 9
a 67 71 15
a 67 80 14
a 67 98 12
a 67 18 11
a 67 58 4
a 67 99 6
a 67 60 18
a 67 55 8
a 67 20 17
a 67 19 11
a 67 37 9
a 67 23 11
a 67 21 13
a 67 78 1
a 67 3 18
a 67 90 18
a 68 69 3
a 68 81 16
a 68 10 15
a 68 52 6
a 68 57 8
a 68 60 4
a 68 3 5
a 68 40 6
a 68 80 2
a 68 8 18
a 68 59 16
a 68 35 6
a 68 4 17
a 68 32 16
a 68 39 13
a 69 70 18
a 69 54 14
a 69 63 4
a 69 97 4
a 69 66 17
a 69 68 9
a 69 87 18
a 69 76 16
a 69 88 12
a 69 91 10
a 69 37 13
a 69 27 4
a 69 21 12
a 69 47 11
a 69 81 12
a 69 41 11
a 69 67 10
a 69 35 5
a 69 17 19
a 69 34 6
a 70 71 14
a 70 23 9
a 70 49 1
a 70 38 9
a 70 97 14
a 70 2 2
a 70 8 7
a 70 52 16
a 70 31 11
a 70 73 16
a 70 64 9
a 70 82 17
a 70 78 15
a 70 26 17
a 70 44 6
a 70 87 16
a 70 41 17
a 70 85 17
a 70 92 1
a 70 42 17
a 70 3 12
a 70 1 13
a 70 63 19
a 70 84 2
a 71 72 4
a 71 5 4
a 71 90 1
a 71 59 10
a 71 18 16
a 71 82 8
a 71 35 8
a 71 99 14
a 71 53 12
a 71 76 3
a 71 94 8
a 71 89 11
a 71 69 9
a 71 24 10
a 71 6 7
a 71 43 12
a 71 51 17
a 71 50 10
a 71 48 5
a 71 27 19
a 72 73 15
a 72 98 13
a 72 21 13
a 72 84 17
a 72 99 19
a 72 41 13
a 72 39 4
a 72 63 11
a 72 79 8
a 72 91 19
a 72 45 15
a 72 2 19
a 72 97 14
a 72 10 11
a 72 35 13
a 72 64 16
a 72 11 5
a 72 88 2
a 72 19 16
a 72 77 10
a 72 13 18
a 72 81 18
a 73 74 18
a 73 7 8
a 73 24 17
a 73 48 10
a 73 56 13
a 73 63 3
a 73 14 7
a 73 33 19
a 73 26 7
a 73 89 17
a 73 68 17
a 73 64 8
a 73 83 1
a 73 18 18
a 73 27 19
a 73 17 5
a 73 86 11
a 73 42 17
a 73 31 16
a 73 55 3
a 73 62 3
a 74 75 6
a 74 53 19
a 74 77 1
a 74 10 5
a 74 93 1
a 74 47 13
a 74 32 9
a 74 99 5
a 74 92 2
a 74 70 3
a 74 14 10
a 74 27 1
a 74 31 12
a 74 5 1
a 74 66 15
a 74 64 4
a 74 6 9
a 74 52 13
a 74 90 19
a 74 1 14
a 74 78 3
a 75 76 6
a 75 63 14
a 75 85 1
a 75 79 19
a 75 84 15
a 75 98 6
a 75 65 3
a 75 24 12
a 75 31 19
a 75 83 4
a 75 39 4
a 75 23 7
a 75 96 17
a 75 37 14
a 75 92 16
a 75 93 7
a 75 68 12
a 75 61 11
a 76 77 16
a 76 41 1
a 76 45 15
a 76 7 1
a 76 30 5
a 76 70 18
a 76 51 18
a 76 55 14
a 76 24 17
a 76 95 3
a 76 44 17
a 76 25 13
a 76 52 6
a 76 23 18
a 76 10 5
a 76 78 3
a 76 60 16
a 76 85 3
a 76 37 15
a 76 33 9
a 76 11 17
a 76 14 18
a 76 12 18
a 76 72 3
a 76 66 6
a 76 65 9
a 77 78 5
a 77 22 13
a 77 47 14
a 77 68 17
a 77 38 8
a 77 2 10
a 77 87 5
a 77 55 13
a 77 73 7
a 77 83 17
a 77 84 14
a 77 95 12
a 77 34 14
a 77 86 1
a 77 66 13
a 77 67 17
a 77 18 4
a 77 52 9
a 77 44 5
a 78 79 5
a 78 27 7
a 78 94 15
a 78 88 10
a 78 21 5
a 78 60 13
a 78 49 3
a 78 13 3
a 78 30 13
a 78 10 7
a 78 29 8
a 78 23 16
a 78 70 3
a 78 19 3
a 78 68 16
a 78 34 3
a 78 45 18
a 78 1 8
a 78 53 3
a 78 59 5
a 78 81 19
a 78 75 6
a 78 43 18
a 79 80 7
a 79 83 4
a 79 4 12
a 79 67 10
a 79 33 13
a 79 84 5
a 79 17 12
a 79 39 1
a 79 54 19
a 79 12 9
a 79 69 19
a 79 26 6
a 79 86 17
a 79 23 8
a 79 10 1
a 79 38 12
a 79 40 8
a 80 81 18
a 80 96 12
a 80 88 6
a 80 77 5
a 80 37 8
a 80 19 9
a 80 18 8
a 80 47 14
a 80 3 8
a 80 36 18
a 80 63 1
a 80 99 19
a 80 26 7
a 80 2 16
a 80 24 6
a 80 16 18
a 80 7 14
a 80 67 5
a 80 69 11
a 80 90 1
a 80 76 1
a 80 87 2
a 80 31 11
a 81 82 2
a 81 70 17
a 81 49 7
a 81 87 19
a 81 84 17
a 81 75 9
a 81 1 15
a 81 38 12
a 81 47 19
a 81 25 12
a 81 44 13
a 81 89 6
a 81 29 9
a 81 58 14
a 81 80 10
a 81 90 14
a 81 51 1
a 81 68 7
a 81 21 8
a 81 5 19
a 81 97 14
a 81 63 15
a 81 74 3
a 81 48 13
a 82 83 3
a 82 65 8
a 82 61 1
a 82 63 4
a 82 73 12
a 82 19 9
a 82 33 9
a 82 27 7
a 82 74 11
a 82 69 19
a 82 45 3
a 82 49 4
a 82 7 15
a 82 91 12
a 82 22 8
a 82 54 19
a 82 64 9
a 82 10 15
a 82 18 16
a 82 28 16
a 82 39 18
a 82 57 18
a 82 23 4
a 82 51 2
a 82 67 19
a 82 78 14
a 82 29 10
a 82 58 15
a 83 84 12
a 83 76 5
a 83 63 15
a 83 4 10
a 83 88 19
a 83 39 19
a 83 28 1
a 83 80 18
a 83 64 15
a 83 1 10
a 83 42 18
a 83 3 9
a 83 26 14
a 83 17 15
a 83 98 13
a 83 86 16
a 83 50 16
a 83 24 2
a 83 62 3
a 84 85 17
a 84 11 9
a 84 90 9
a 84 41 3
a 84 79 11
a 84 42 10
a 84 86 4
a 84 46 12
a 84 64 19
a 84 82 3
a 84 25 1
a 84 96 14
a 84 29 15
a 84 59 4
a 84 49 14
a 84 56 14
a 84 24 4
a 84 48 7
a 84 74 13
a 84 66 15
a 84 88 14
a 85 86 1
a 85 76 9
a 85 45 17
a 85 94 1
a 85 90 2
a 85 19 18
a 85 81 8
a 85 38 2
a 85 59 19
a 85 12 1
a 85 46 1
a 85 65 15
a 85 55 7
a 85 39 11
a 85 68 2
a 85 63 4
a 85 78 12
a 85 14 2
a 85 77 15
a 85 69 7
a 85 53 12
a 85 64 17
a 85 89 19
a 85 2 7
a 85 70 11
a 85 28 2
a 86 87 2
a 86 17 17
a 86 51 4
a 86 39 1
a 86 99 2
a 86 53 18
a 86 68 19
a 86 46 1
a 86 36 1
a 86 14 18
a 86 48 6
a 86 29 17
a 86 44 7
a 86 69 19
a 86 61 8
a 86 50 3
a 86 88 2
a 86 11 8
a 86 10 1
a 87 88 11
a 87 33 6
a 87 17 1
a 87 24 3
a 87 78 19
a 87 53 2
a 87 80 4
a 87 69 15
a 87 47 15
a 87 61 7
a 87 27 17
a 87 14 3
a 87 92 3
a 87 84 5
a 87 51 4
a 87 63 10
a 87 11 10
a 88 89 5
a 88 21 6
a 88 37 7
a 88 75 11
a 88 44 7
a 88 91 17
a 88 70 18
a 88 32 11
a 88 6 9
a 88 54 15
a 88 38 12
a 88 95 8
a 88 61 15
a 88 71 11
a 88 87 3
a 88 7 6
a 88 16 9
a 88 2 9
a 89 90 17
a 89 68 9
a 89 46 2
a 89 16 14
a 89 25 12
a 89 74 15
a 89 22 4
a 89 34 12
a 89 5 10
a 89 20 11
a 89 45 10
a 89 42 16
a 89 7 2
a 89 91 16
a 89 63 14
a 89 84 10
a 89 83 5
a 89 64 10
a 89 77 6
a 89 49 17
a 90 91 11
a 90 78 9
a 90 70 13
a 90 50 18
a 90 94 13
a 90 35 6
a 90 87 11
a 90 67 9
a 90 13 6
a 90 5 17
a 90 42 3
a 90 9 10
a 90 14 3
a 90 30 9
a 90 19 6
a 90 20 18
a 90 29 6
a 90 37 9
a 90 88 16
a 90 97 1
a 90 32 2
a 90 21 1
a 90 80 5
a 90 73 1
a 90 38 7
a 90 16 11
a 90 1 8
a 91 92 12
a 91 26 4
a 91 46 9
a 91 39 2
a 91 73 15
a 91 9 11
a 91 25 14
a 91 51 19
a 91 86 7
a 91 30 4
a 91 55 13
a 91 40 18
a 91 53 2
a 91 58 12
a 91 29 8
a 91 38 13
a 91 1 8
a 91 62 10
a 91 93 13
a 91 6 1
a 92 93 7
a 92 28 15
a 92 35 13
a 92 62 9
a 92 59 14
a 92 32 10
a 92 67 11
a 92 16 7
a 92 31 4
a 92 60 16
a 92 69 2
a 92 33 10
a 92 83 7
a 92 26 19
a 92 68 3
a 92 54 9
a 93 94 17
a 93 27 19
a 93 52 5
a 93 22 19
a 93 71 3
a 93 51 18
a 93 74 6
a 93 12 7
a 93 87 10
a 93 7 18
a 93 84 11
a 93 91 15
a 93 70 16
a 93 61 4
a 93 80 3
a 93 60 11
a 93 6 8
a 93 34 14
a 93 65 6
a 94 95 7
a 94 86 15
a 94 14 14
a 94 99 17
a 94 41 2
a 94 98 16
a 94 78 16
a 94 32 9
a 94 9 2
a 94 24 15
a 94 45 18
a 95 96 15
a 95 9 7
a 95 41 2
a 95 11 6
a 95 1 16
a 95 92 4
a 95 25 8
a 95 78 17
a 95 10 16
a 95 42 8
a 95 53 6
a 95 75 10
a 95 6 4
a 95 43 12
a 95 87 7
a 95 72 2
a 95 94 1
a 95 15 4
a 95 2 16
a 95 90 7
a 95 26 17
a 96 97 17
a 96 95 10
a 96 85 8
a 96 13 12
a 96 37 18
a 96 40 5
a 96 4 12
a 96 60 7
a 96 77 1
a 96 17 7
a 96 41 5
a 96 74 10
a 96 86 1
a 96 62 6
a 96 80 9
a 96 8 18
a 96 49 8
a 97 98 1
a 97 46 5
a 97 24 14
a 97 31 12
a 97 27 2
a 97 62 14
a 97 51 18
a 97 67 14
a 97 74 16
a 97 61 11
a 97 79 5
a 97 80 1
a 97 90 5
a 97 68 19
a 97 84 15
a 97 60 12
a 97 28 12
a 97 48 1
a 97 47 12
a 97 69 16
a 97 86 8
a 97 92 10
a 97 18 7
a 97 56 1
a 97 95 10
a 97 7 19
a 97 58 11
a 97 45 2
a 97 19 17
a 97 63 1
a 98 99 13
a 98 73 8
a 98 67 15
a 98 26 4
a 98 47 18
a 98 87 16
a 98 90 6
a 98 43 2
a 98 54 6
a 98 77 8
a 98 71 8
a 98 10 19
a 98 15 19
a 98 23 12
a 98 21 5
a 98 91 10
a 98 84 8
a 98 40 12
a 98 76 3
a 98 53 7
c 35 86 94 78 132
c 50 62 73 68 199
c 18 17 10 86 172
c 75 85 58 54 147
c 53 85 76 77 155
c 46 16 21 18 107
c 22 91 57 12 191
c 81 84 26 12 141
c 14 57 66 78 179
c 85 28 48 96 112
c 80 88 53 27 112
c 42 21 46 88 130
c 14 98 63 47 171
c 38 36 93 7 195
c 53 75 61 31 140
c 82 22 56 94 198
c 84 56 51 16 168
c 35 95 77 34 154
c 54 45 33 41 106
c 17 22 42 5 181
c 19 32 22 75 124
c 12 79 90 50 102
c 13 85 80 67 137
c 5 31 26 43 126
c 82 22 4 41 103
c 43 36 76 52 111
c 6 92 85 68 133
c 97 62 62 39 135
c 71 24 76 72 105
c 77 68 43 42 113
c 28 69 71 27 178
c 82 49 83 28 130
c 73 56 28 29 134
c 19 20 10 40 165
c 53 52 23 56 164
c 46 70 86 39 117
c 30 84 31 32 191
c 14 78 44 60 169
c 61 10 33 14 176
c 29 81 3 20 142
c 48 86 1 15 176
c 67 60 42 21 124
c 33 36 10 64 153
c 77 34 16 86 195
c 97 80 52 22 161
c 41 43 77 84 182
c 3 54 40 79 199
c 28 49 86 14 174
c 36 97 24 44 171
c 70 87 11 77 105
c 84 85 47 99 113
c 24 42 85 59 161
c 48 74 77 66 164
c 69 87 23 28 195
c 23 3 9 37 152
c 66 43 49 92 166
c 19 16 15 5 141
c 86 39 70 23 127
c 27 28 40 98 192
c 61 12 14 7 141
c 53 85 87 14 154
c 74 99 6 32 168
c 90 88 62 3 102
c 35 4 74 77 184
c 56 94 70 26 180
c 3 41 76 14 146
c 61 85 78 43 103
c 62 31 7 43 149
c 38 68 46 13 173
c 50 79 10 28 172
c 79 38 89 63 150
c 24 30 51 63 120
c 44 67 48 96 115
c 98 47 29 5 162
c 65 44 31 59 180
c 57 1 74 77 182
c 5 53 79 26 155
c 96 86 52 10 173
c 17 29 80 99 101
c 52 8 57 97 176
c 92 16 60 61 156
c 34 23 30 88 146
c 58 59 73 26 117
c 70 1 49 64 139
c 94 24 77 84 101
c 7 68 27 10 144
c 50 26 55 80 100
c 79 33 55 45 190
c 95 25 28 44 171
c 70 1 41 21 172
c 59 80 58 62 160
c 50 79 26 66 150
c 78 27 7 3 104
c 76 51 17 53 186
c 55 48 73 68 161
c 61 97 51 97 118
c 51 52 76 14 182
c 85 68 73 56 120
c 35 4 97 58 192
c 62 35 98 67 198
c 16 86 52 10 183
c 22 43 51 37 128
c 29 74 76 45 180
c 31 30 70 3 113
c 70 3 25 24 186
c 8 70 1 30 123
c 51 9 67 58 121
c 85 70 74 70 129
c 69 66 63 72 153
c 7 39 52 69 167
c 95 6 10 59 172
c 8 70 72 98 167
c 85 2 10 36 163
c 34 40 7 93 126
c 80 88 16 59 195
c 88 38 27 39 162
c 17 18 84 82 106
c 46 86 69 70 120
c 23 88 97 18 111
c 1 30 59 70 141
c 92 68 12 86 168
c 72 45 63 11 162
c 26 12 66 31 193
c 7 76 12 14 164
c 16 49 6 46 100
c 15 92 26 10 153
c 85 12 40 30 130
c 28 49 59 73 120
c 11 82 64 36 196
c 77 78 25 40 172
c 63 43 97 46 176
c 26 84 69 91 196
c 12 85 59 89 189
c 58 82 32 96 104
c 37 89 20 83 194
c 89 91 72 79 169
c 37 20 92 67 165
c 1 30 90 97 197
c 73 74 35 30 191
c 19 20 84 25 194
c 66 99 70 97 175
c 75 79 95 90 137
c 7 94 45 35 119
c 8 30 90 19 195
c 92 62 53 29 101
c 77 34 11 55 117
c 36 72 83 26 125
c 59 75 30 83 135
c 1 73 16 5 112
c 7 19 10 88 111
c 9 60 46 47 193
c 78 27 37 38 131
c 86 50 95 75 172
c 12 85 61 19 137
c 63 92 83 28 123
c 31 67 42 84 167
c 31 46 33 34 148
c 31 67 96 40 162
c 43 12 34 68 106
c 86 69 84 29 158
c 63 48 2 64 123
c 91 62 35 27 147
c 35 17 27 88 154
c 42 5 70 3 196
c 18 30 28 42 103
c 95 90 66 99 178
c 15 92 83 76 105
c 88 70 1 9 136
c 98 84 95 75 189
c 5 31 14 52 191
c 39 95 62 89 157
c 12 95 35 80 110
c 62 65 31 66 153
c 93 27 94 32 196
c 32 14 72 11 133
c 19 40 29 42 110
c 88 37 70 84 112
c 29 42 1 18 171
c 53 71 90 78 152
c 98 91 35 77 196
c 67 68 32 33 136
c 78 1 25 59 158
c 45 39 81 51 130
c 41 51 93 65 183
c 46 8 84 64 135
c 79 40 62 84 145
c 31 46 9 69 115
c 62 10 7 23 186
c 98 40 14 53 192
c 74 47 20 78 176
c 37 20 46 13 102
c 55 88 77 2 131
c 62 96 97 27 163
c 18 59 57 41 113
c 70 85 9 85 118
c 34 81 92 35 140
c 9 84 37 8 140
c 1 9 67 58 110
c 86 61 50 53 110
c 0 84 48 22 111
c 80 19 49 37 111
c 85 69 24 76 134
c 62 63 53 21 129
c 23 47 52 26 107
c 27 38 85 68 151
c 32 58 46 70 167
c 80 81 10 40 150
c 22 23 73 27 191
c 10 59 59 88 133
c 20 26 33 76 154
c 97 84 44 49 176
c 35 13 52 87 157
c 19 24 57 1 158
c 59 89 32 97 124
c 69 21 87 63 143
c 0 9 63 71 152
c 70 3 32 14 168
c 62 40 24 33 189
c 91 93 67 23 189
c 26 63 64 4 195
c 53 46 73 24 102
c 76 33 32 87 129
c 83 62 23 47 164
c 38 21 72 88 130
c 43 16 58 19 106
c 58 73 33 27 171
c 94 9 66 33 173
c 82 22 58 57 113
c 76 95 80 18 129
c 32 96 67 37 195
c 98 26 8 17 136
c 79 86 33 99 149
c 74 32 0 13 172
c 74 5 71 5 168
c 34 14 63 43 185
c 82 22 16 32 120
c 61 37 84 74 192
c 63 80 38 36 105
c 81 97 52 29 195
c 97 19 17 27 117
c 10 94 89 7 161
c 96 85 19 16 196
c 32 64 10 88 181
c 63 92 13 51 167
c 58 20 76 44 163
c 85 53 56 54 114
c 72 21 63 71 166
c 47 68 27 53 183
c 58 1 29 46 180
c 67 98 97 62 111
c 70 73 27 88 164
c 8 69 13 85 110
c 45 19 29 78 121
c 52 51 38 16 152
c 12 33 69 63 143
c 31 49 52 99 120
c 38 39 64 48 102
c 6 95 89 90 122
c 80 81 29 99 137
c 19 40 7 23 146
c 6 71 13 37 197
c 78 70 46 30 160
c 82 45 64 19 167
c 66 64 7 8 128
c 58 73 41 67 155
c 31 65 51 61 180
c 6 71 89 42 130
c 51 75 62 39 145
c 53 36 16 45 123
c 6 83 90 29 161
c 95 9 64 84 193
c 7 39 34 11 105
c 57 61 98 76 136
c 33 71 46 15 145
c 8 67 43 31 181
c 13 93 29 40 139
c 43 31 83 1 112
c 12 34 78 21 184
c 52 29 79 38 104
c 87 24 58 43 187
c 72 79 80 37 188
c 48 84 79 84 119
c 96 77 48 15 131
c 42 56 71 48 115
c 38 26 93 71 153
c 17 80 89 45 170
c 82 69 29 72 175
c 26 84 88 21 130
c 60 89 80 69 189
c 10 48 32 79 178
c 68 80 60 75 134
c 70 8 66 99 163
c 4 29 45 14 128
c 3 86 57 83 160
c 82 64 81 49 101
c 90 20 57 97 113
c 52 64 31 27 110
c 89 20 28 2 142
c 57 27 12 8 181
c 94 86 90 42 171
c 43 82 38 79 121
c 82 51 47 94 147
c 75 61 72 64 128
c 65 42 42 51 195
c 26 43 68 3 122
c 97 60 17 18 193
c 97 31 54 59 112
c 89 74 55 88 158
c 81 75 89 42 134
c 27 28 61 85 113
c 80 63 93 80 193
c 70 85 58 1 172
c 33 89 63 72 166
c 27 45 35 50 103
c 64 79 3 4 128
c 62 94 42 21 192
c 82 18 29 94 190
c 11 87 69 17 153
c 60 97 62 29 111
c 71 43 2 32 101
c 40 6 75 84 113
c 62 56 63 64 151
c 7 59 67 68 157
c 16 8 69 27 139
c 91 92 77 86 199
c 91 40 24 52 119
c 87 61 44 57 197
c 80 76 93 65 135
c 84 56 82 74 180
c 6 82 75 93 175
c 16 17 33 51 197
c 63 76 97 7 159
c 84 85 34 81 107
c 32 2 67 99 136
c 18 64 94 98 162
c 12 2 41 98 140
c 51 28 76 7 100
c 33 51 66 56 102
c 81 68 8 9 144
c 61 97 42 86 135
c 24 48 41 67 154
c 94 78 93 61 176
c 15 64 76 95 146
c 81 51 12 79 125
c 70 44 97 62 122
c 90 42 35 76 150
c 85 2 46 82 130
c 75 63 4 65 123
c 38 60 56 51 116
c 42 47 82 23 111
c 12 40 69 35 136
c 31 28 21 18 163
c 29 78 14 7 188
c 13 15 6 36 197
c 42 86 29 70 109
c 97 74 47 93 197
c 42 2 10 32 137
c 61 32 16 6 105
c 28 42 45 77 164
c 33 38 82 28 126
c 33 72 72 45 196
c 52 91 58 30 135
c 20 72 28 86 172
c 42 8 62 65 178
c 90 42 40 98 106
c 27 63 87 88 108
c 8 50 37 8 109
c 54 26 97 19 134
c 91 58 91 46 128
c 82 10 51 52 111
c 74 31 16 54 104
c 20 26 41 75 109
c 97 51 32 53 165
c 38 14 97 19 140
c 73 26 82 54 101
c 82 18 18 82 157
c 28 29 16 86 117
c 80 47 91 51 135
c 56 94 40 69 131
c 16 15 40 98 171
c 77 47 68 8 165
c 67 52 2 62 151
c 54 39 52 55 196
c 52 90 64 98 135
c 87 27 58 80 109
c 4 49 42 84 102
c 64 4 45 35 177
c 90 70 7 43 163
c 65 56 12 34 121
c 84 48 15 4 152
c 89 77 94 86 182
c 31 58 71 5 113
c 76 51 82 64 162
c 49 35 14 15 183
c 82 19 63 90 118
c 59 64 82 64 128
c 38 26 2 64 122
c 61 12 34 91 112
c 39 97 18 43 160
c 57 54 84 88 121
c 5 58 84 49 163
c 69 76 38 39 194
c 32 90 52 82 198
c 58 30 0 14 152
c 63 44 48 67 199
c 33 76 80 37 127
c 98 26 86 88 155
c 56 5 1 30 173
c 6 95 10 48 118
c 32 90 98 77 168
c 28 6 15 76 160
c 9 37 93 27 106
c 92 68 89 83 178
c 97 51 84 66 175
c 87 69 74 77 138
c 37 33 85 14 179
c 81 44 76 72 172
c 77 84 64 48 112
c 20 72 31 66 154
c 52 44 67 19 109
c 45 41 14 48 156
c 82 61 28 99 144
c 63 17 12 14 175
c 40 52 8 5 140
c 58 5 72 11 137
c 13 44 10 48 162
c 8 50 52 14 173
c 34 19 74 92 128
c 92 31 81 75 141
c 90 30 90 35 185
c 47 90 0 94 162
c 46 76 13 35 125
c 90 73 20 92 161
c 42 93 82 64 122
c 43 12 33 23 150
c 8 9 57 90 126
c 4 20 75 84 132
c 23 53 44 71 174
c 33 27 53 29 190
c 16 49 23 88 196
c 28 2 71 90 107
c 0 1 63 33 141
c 25 23 22 29 194
c 8 68 76 52 149
c 63 25 51 82 117
c 55 25 74 64 149
c 17 27 41 87 160
c 25 95 0 67 152
c 94 14 26 27 171
c 26 12 62 35 116
c 28 70 51 52 124
c 0 93 50 49 180
c 51 75 59 12 190
c 26 33 23 81 118
c 68 40 66 6 186
c 18 62 4 99 162
c 48 96 49 64 128
c 70 49 41 21 181
c 17 51 91 29 145
c 77 73 97 18 181
c 54 61 10 48 110
c 69 41 33 41 154
c 83 24 75 23 188
c 13 44 16 85 129
c 67 23 37 55 171
c 26 66 75 84 107
c 63 64 93 61 112
c 67 37 74 27 175
c 88 61 97 18 170
c 73 33 15 90 137
c 29 31 2 64 177
c 8 50 77 22 166
c 74 5 78 1 195
c 66 75 4 26 120
c 61 37 81 90 146
c 96 77 11 84 189
c 33 49 85 76 126
c 83 39 36 77 158
c 44 2 96 13 170
c 36 26 69 88 145
c 41 98 47 81 186
c 31 59 22 51 187
c 76 10 11 84 128
c 59 77 33 38 166
c 16 5 37 72 193
c 11 19 77 68 198
c 80 24 41 75 105
c 82 39 38 21 134
c 45 20 26 80 144
c 68 35 7 8 116
c 76 45 74 47 178
c 84 25 59 68 183
c 55 20 28 15 104
c 65 78 90 1 178
c 16 89 90 80 114
c 72 88 51 33 147
c 11 12 40 78 124
c 49 29 90 37 194
c 80 99 59 77 108
c 28 23 75 93 152
c 6 21 90 19 187
c 55 44 63 72 172
c 80 67 98 91 176
c 70 31 4 18 163
c 50 72 83 39 107
c 53 52 28 42 161
c 7 94 2 46 138
c 97 18 82 22 169
c 66 32 43 31 102
c 83 50 87 63 148
c 21 19 9 76 136
c 37 3 75 63 125
c 86 51 83 84 140
c 83 80 44 71 197
c 39 55 73 24 102
c 83 62 68 69 156
c 39 99 61 23 191
c 89 91 89 45 144
c 93 74 4 18 135
c 73 7 38 18 168
c 28 44 53 54 125
c 62 39 40 42 127
c 27 75 41 42 190
c 55 39 7 43 129
c 91 86 38 68 142
c 55 63 0 84 148
c 62 3 15 17 164
c 12 86 67 99 148
c 6 57 87 61 108
c 49 96 25 40 184
c 42 70 32 92 100
c 8 3 58 30 163
c 78 10 58 20 103
c 91 46 14 57 132
c 76 70 33 72 150
c 32 90 29 78 141
c 36 42 85 19 151
c 32 14 90 88 199
c 12 54 67 71 114
c 7 76 27 72 103
c 91 93 37 28 138
c 19 10 70 73 122
c 89 84 55 80 130
c 74 52 9 70 101
c 2 11 79 39 184
c 70 64 72 77 106
c 25 37 52 76 171
c 25 5 7 59 102
c 69 76 54 59 129
c 76 72 6 97 125
c 52 90 17 6 153
c 56 57 36 12 139
c 16 94 55 29 115
c 26 43 53 27 113
c 26 54 42 47 134
c 4 75 21 92 108
c 49 29 15 64 168
c 19 25 91 53 127
c 42 77 84 29 123
c 61 19 53 29 116
c 58 57 63 64 171
c 59 65 21 18 116
c 59 7 14 39 174
c 74 5 36 83 112
c 19 20 33 68 197
c 78 13 55 99 193
c 14 7 40 12 177
c 6 7 61 83 157
c 26 18 76 33 137
c 35 95 31 2 152
c 79 38 4 33 173
c 31 82 95 15 101
c 91 73 71 5 160
c 17 13 65 44 193
c 8 58 26 18 161
c 92 16 57 83 126
c 58 20 24 25 112
c 59 1 15 90 190
c 1 95 14 42 110
c 89 49 88 91 134
c 28 17 52 55 163
c 36 77 37 20 142
c 11 24 97 67 130
c 21 42 16 17 136
c 16 6 51 87 100
c 49 84 30 83 159
c 62 31 55 48 171
c 49 35 42 70 181
c 64 51 76 45 172
c 86 29 48 92 198
c 86 48 10 77 151
c 58 28 38 39 115
c 33 41 25 5 195
c 20 44 73 56 111
c 44 58 19 81 100
c 32 15 65 21 168
c 26 33 20 78 131
c 15 67 66 99 193
c 27 73 17 18 152
c 71 6 31 83 148
c 31 49 75 92 109
c 88 91 8 17 145
c 33 68 78 94 189
c 49 81 2 80 190
c 82 33 25 5 156
c 83 26 79 33 160
c 10 32 70 85 188
c 92 31 53 41 164
c 7 94 2 3 128
c 50 53 47 41 114
c 70 82 81 29 113
c 77 78 81 1 196
c 49 99 82 51 146
c 40 6 1 3 156
c 39 40 73 31 164
c 97 27 66 31 185
c 26 1 22 48 139
c 36 97 85 70 149
c 33 67 39 98 176
c 52 11 90 29 158
c 82 78 1 56 160
c 32 14 24 72 116
c 40 42 24 87 194
c 44 5 45 46 124
c 90 67 49 96 166
c 71 51 16 49 103
c 10 86 6 36 128
c 78 19 63 72 172
c 50 94 32 92 128
c 79 39 38 9 118
c 79 54 2 30 113
c 62 40 81 58 185
c 19 67 17 4 105
c 97 90 98 26 165
c 8 17 70 49 147
c 82 58 47 73 155
c 0 1 58 65 154
c 28 2 18 19 164
c 0 14 55 63 135
c 42 2 90 94 160
c 29 48 86 61 153
c 58 59 80 2 167
c 65 66 32 15 157
c 53 60 7 59 134
c 33 20 19 16 113
c 85 89 37 70 173
c 0 9 97 45 177
c 4 75 78 79 154
c 23 56 65 85 172
c 64 66 93 84 148
c 48 32 43 68 107
c 26 40 48 2 136
c 97 79 52 73 147
c 52 26 76 7 165
c 91 51 8 30 106
c 16 15 33 72 102
c 64 65 51 82 184
c 47 68 34 14 154
c 57 29 80 90 112
c 69 34 38 88 101
c 18 31 26 54 160
c 5 58 54 22 126
c 59 65 29 82 123
c 26 88 0 9 155
c 35 72 11 83 119
c 8 98 30 6 183
c 82 23 9 27 169
c 51 2 88 38 105
c 41 21 91 55 167
c 71 72 0 14 101
c 83 26 52 17 171
c 43 28 21 47 115
c 13 15 2 87 164
c 76 78 51 74 133
c 85 78 26 46 117
c 86 17 42 78 122
c 80 69 32 58 175
c 29 74 36 29 146
c 74 99 44 57 152
c 46 8 82 18 105
c 39 11 62 15 141
c 46 57 97 63 135
c 88 54 60 93 187
c 90 9 77 67 171
c 79 12 4 29 174
c 13 29 76 33 133
c 90 78 65 36 184
c 18 30 22 80 121
c 26 80 84 86 164
c 62 94 27 53 107
c 66 39 28 44 127
c 11 68 74 66 117
c 92 93 97 7 145
c 70 44 18 59 127
c 28 6 81 38 126
c 98 91 26 12 112
c 40 85 83 28 103
c 17 13 42 34 182
c 44 54 81 29 119
c 40 55 95 2 104
c 70 1 92 54 133
c 57 84 22 79 170
c 48 92 44 67 156
c 12 86 60 67 154
c 80 76 40 70 147
c 36 55 58 97 144
c 32 96 96 62 186
c 86 88 57 83 181
c 42 86 66 46 102
c 66 6 87 17 140
c 55 24 77 18 149
c 8 70 29 5 112
c 62 65 26 53 175
c 69 17 31 4 110
c 84 42 1 73 133
c 97 80 81 5 108
c 21 92 48 22 128
c 42 93 37 3 164
c 50 49 5 21 105
c 30 10 54 66 117
c 13 81 90 73 155
c 38 43 89 42 179
c 77 66 89 5 116
c 6 95 27 72 150
c 45 18 72 91 139
c 1 15 82 19 125
c 2 35 81 5 100
c 63 90 83 98 100
c 1 33 68 81 114
c 36 12 49 29 102
c 6 21 53 36 149
c 85 19 59 70 178
c 58 82 59 50 155
c 59 43 97 79 162
c 81 49 80 24 126
c 1 17 97 79 104
c 31 89 94 78 103
c 81 97 86 44 101
c 56 52 42 44 115
c 10 32 3 34 160
c 12 14 6 52 128
c 75 61 67 42 176
c 58 62 10 87 103
c 29 78 19 20 165
c 62 78 5 31 106
c 38 79 31 1 190
c 70 63 71 43 118
c 15 90 26 71 117
c 87 69 96 13 158
c 24 42 5 79 159
c 14 69 73 48 106
c 10 36 79 84 182
c 90 50 80 18 152
c 89 68 74 66 142
c 98 47 57 89 175
c 58 30 12 86 114
c 84 56 80 96 119
c 27 45 11 57 104
c 67 8 96 86 174
c 12 13 80 87 171
c 71 76 26 84 141
c 22 23 55 99 145
c 86 11 76 37 181
c 42 86 59 23 109
c 52 69 95 78 143
c 60 62 57 1 106
c 93 71 2 7 182
c 63 14 15 14 125
c 41 9 8 88 138
c 0 91 7 8 108
c 17 22 28 60 111
c 73 63 50 51 150
c 60 43 18 64 133
c 86 53 85 70 124
c 53 60 89 16 180
c 22 51 98 90 122
c 52 69 79 39 140
c 24 9 9 76 107
c 12 85 1 17 136
c 21 61 19 32 183
c 28 2 43 31 197
c 39 98 21 50 193
c 14 98 40 96 106
c 6 46 31 82 197
c 25 59 78 23 185
c 28 94 24 42 136
c 92 68 25 40 101
c 60 6 91 38 174
c 35 3 95 92 186
c 32 90 67 55 180
c 42 31 97 62 155
c 52 55 82 19 149
c 60 6 83 63 189
c 11 87 76 25 118
c 78 45 24 87 159
c 94 9 57 78 199
c 30 45 64 79 189
c 90 78 49 99 143
c 92 54 98 23 197
c 3 66 43 70 109
c 64 42 17 4 102
c 54 96 78 10 195
c 90 94 85 14 191
c 24 72 60 67 101
c 67 68 23 24 115
c 63 48 16 42 192
c 14 57 0 93 123
c 65 19 25 23 198
c 66 39 42 56 190
c 79 86 14 68 102
c 40 29 29 30 178
c 57 18 95 72 151
c 69 34 59 70 175
c 29 70 80 99 136
c 16 98 97 24 106
c 45 38 38 60 110
c 2 75 43 31 141
c 55 24 77 78 182
c 37 53 82 22 191
c 59 68 23 57 142
c 61 86 52 55 194
c 29 99 95 9 128
c 87 27 29 46 116
c 18 62 61 31 175
c 62 78 7 8 136
c 61 34 58 43 128
c 18 41 86 39 130
c 74 75 38 79 178
c 73 56 92 26 155
c 11 8 48 67 131
c 2 87 97 28 179
c 19 76 58 59 112
c 50 44 93 71 116
c 97 79 62 64 130
c 16 6 89 22 139
c 4 78 58 20 112
c 13 85 3 15 124
c 34 11 80 67 151
c 90 73 58 5 178
c 14 7 82 28 100
c 19 10 52 97 170
c 75 83 9 27 116
c 40 98 19 16 143
c 38 88 53 11 130
c 33 32 29 25 182
c 12 8 74 47 184
c 86 50 69 81 120
c 35 74 7 8 141
c 16 81 57 58 183
c 79 83 3 64 192
c 57 32 16 15 143
c 54 59 12 2 177
c 77 95 26 12 168
c 32 96 81 75 126
c 64 20 86 68 130
c 81 38 20 63 133
c 95 72 1 30 100
c 28 67 18 60 151
c 53 61 22 81 105
c 95 41 41 27 185
c 7 39 11 84 116
c 8 88 20 83 186
c 63 55 74 5 127
c 90 67 58 17 134
c 33 47 36 42 106
c 55 3 37 55 137
c 5 96 54 79 188
c 1 95 69 17 159
c 25 88 15 16 103
c 5 79 73 62 141
c 82 23 76 41 133
c 32 51 2 3 123
c 82 29 35 74 150
c 71 27 28 67 147
c 30 31 46 16 167
c 40 97 86 51 171
c 69 76 90 19 187
c 82 10 58 65 194
c 30 45 80 3 185
c 74 32 20 78 120
c 16 54 36 81 161
c 54 79 27 62 116
c 77 2 31 96 144
c 14 7 18 30 177
c 35 50 52 55 143
c 42 47 96 8 155
c 8 67 92 67 133
c 64 37 95 90 114
c 24 25 90 14 187
c 42 39 61 71 196
c 3 64 89 45 144
c 46 57 16 93 101
c 62 56 59 68 192
c 8 50 7 8 154
c 65 98 37 32 169
c 3 1 55 3 136
c 59 28 10 88 172
c 56 8 35 96 136
c 20 1 21 98 156
c 98 15 31 32 191
c 75 93 97 18 129
c 48 22 37 8 195
c 38 37 72 73 158
c 35 76 93 52 151
c 7 55 85 64 163
c 74 92 2 25 165
c 92 93 40 28 121
c 17 51 63 55 193
c 27 13 71 35 193
c 92 60 54 86 129
c 31 39 57 38 196
c 55 13 53 46 120
c 80 69 78 45 198
c 17 4 50 79 135
c 81 48 13 85 199
c 93 51 38 15 129
c 91 38 6 71 120
c 5 38 82 69 195
c 14 9 24 72 189
c 44 2 71 27 199
c 92 60 32 64 165
c 97 84 74 31 131
c 48 53 60 67 138
c 72 98 47 90 165
c 96 74 18 62 117
c 72 84 43 59 185
c 60 74 58 86 145
c 31 89 65 36 146
c 3 86 47 95 161
c 36 38 77 87 103
c 93 91 3 34 144
c 15 2 76 52 119
c 95 96 17 22 122
c 41 5 63 70 152
c 21 18 66 31 111
c 86 53 29 94 129
c 86 44 90 9 165
c 93 84 70 2 178
c 26 61 53 46 147
c 63 17 98 99 188
c 48 74 87 63 128
c 47 68 67 55 141
c 45 95 55 39 190
c 87 69 35 3 119
c 33 51 40 70 181
c 32 52 95 53 194
c 38 26 96 40 136
c 40 6 50 44 163
c 68 81 3 54 171
c 75 83 4 25 176
c 23 28 28 76 166
c 11 87 69 21 189
c 32 4 61 71 150
c 80 90 54 61 131
c 83 42 66 56 159
c 8 5 76 60 100
c 46 70 60 75 117
c 74 1 42 37 124
c 72 11 20 1 134
c 98 87 36 24 172
c 46 81 77 34 165
c 37 32 76 77 161
c 48 17 77 87 161
c 81 80 85 77 149
c 88 89 90 5 195
c 89 46 57 89 128
c 83 39 25 26 177
c 84 42 63 69 149
c 32 65 11 24 186
c 67 52 28 99 123
c 59 80 63 25 178
c 71 48 59 7 189
c 16 14 16 55 177
c 79 67 43 42 191
c 5 6 55 39 195
c 85 59 50 4 193
c 31 58 89 34 159
c 22 23 68 52 149
c 71 69 25 48 182
c 65 8 84 82 186
c 73 26 15 90 159
c 20 83 58 65 191
c 43 12 76 95 193
c 85 90 81 89 155
c 37 11 12 40 108
c 85 70 64 37 191
c 75 23 2 32 110
c 81 47 98 99 169
c 79 54 72 21 153
c 52 14 96 74 124
c 46 47 35 4 153
c 23 56 43 96 156
c 27 44 91 53 181
c 59 68 1 7 199
c 73 42 96 49 176
c 32 76 53 61 197
c 17 53 14 78 119
c 62 52 65 8 142
c 61 99 28 94 100
c 33 99 5 50 121
c 73 31 14 73 127
c 38 88 71 72 162
c 44 60 97 90 159
c 24 18 48 59 179
c 50 12 83 39 199
c 59 1 31 89 151
c 83 1 96 80 115
c 90 5 69 54 187
c 59 80 30 54 142
c 11 55 30 3 161
c 4 29 93 84 181
c 6 23 43 34 150
c 98 67 72 98 111
c 21 53 87 78 140
c 1 56 43 45 178
c 73 33 15 47 143
c 63 43 73 33 108
c 90 97 65 85 154
c 25 55 51 33 199
c 69 67 93 94 105
c 30 85 71 53 104
c 93 27 11 34 114
c 19 48 23 43 103
c 98 91 62 56 167
c 29 78 1 73 115
c 75 92 76 33 107
c 0 50 21 9 157
c 20 52 38 29 112
c 73 62 60 69 181
c 2 3 35 13 158
c 22 15 67 78 195
c 96 49 19 13 126
c 83 76 90 13 153
c 10 76 70 44 116
c 12 52 34 86 123
c 35 36 72 2 105
c 64 5 52 76 152
c 6 73 76 65 158
c 67 19 12 13 103
c 27 22 9 60 159
c 30 84 15 90 141
c 46 47 72 73 137
c 67 90 90 21 199
c 10 31 29 44 130
c 24 44 34 61 183
c 5 25 5 19 131
c 30 25 85 77 177
c 61 37 83 4 162
c 26 2 14 39 114
c 13 15 3 78 183
c 22 23 38 88 192
c 42 8 44 58 148
c 65 42 89 34 178
c 77 86 14 78 183
c 59 64 53 75 105
c 11 57 38 37 188
c 78 81 48 22 135
c 10 77 51 37 184
c 92 33 66 51 104
c 1 5 66 64 116
c 98 90 33 20 122
c 75 65 83 63 182
c 93 60 16 81 160
c 67 58 3 64 140
c 41 42 33 89 139
c 59 60 91 6 104
c 76 33 14 7 188
c 26 75 4 49 157
c 33 14 73 31 141
c 61 14 10 59 114
c 3 1 16 94 134
c 0 15 26 84 198
c 13 15 26 2 130
c 71 51 5 38 107
c 56 52 67 98 161
c 73 31 2 59 103
c 53 60 13 37 166
c 52 22 32 53 189
c 24 75 72 45 163
c 20 63 62 39 130
c 40 52 97 92 178
c 64 65 42 47 126
c 61 32 96 86 157
c 55 93 37 28 196
c 89 68 12 22 193
c 0 96 89 68 181
c 16 85 25 57 118
c 81 5 43 9 178
c 54 50 84 56 158
c 25 88 54 84 102
c 33 76 28 25 194
c 63 6 20 21 181
c 88 75 50 28 184
c 35 27 20 44 156
c 78 68 57 1 192
c 69 76 54 70 119
c 81 82 28 20 110
c 13 51 73 63 120
c 76 11 37 3 152
c 82 10 5 12 130
c 80 99 40 30 132
c 97 61 4 93 180
c 52 69 12 67 106
c 64 48 28 44 161
c 2 34 42 43 137
c 57 1 25 10 184
c 66 62 98 53 190
c 24 42 4 41 143
c 13 66 4 90 166
c 34 11 3 1 115
c 20 21 8 67 117
c 30 34 45 39 133
c 36 43 79 40 186
c 80 63 34 38 194
c 55 48 73 48 165
c 23 56 87 33 197
c 7 78 82 78 107
c 73 27 42 34 136
c 64 55 87 84 152
c 4 18 52 14 125
c 42 31 10 87 102
c 28 32 53 60 185
c 67 48 88 95 181
c 34 91 63 70 138
c 74 32 36 12 172
c 35 86 72 2 110
c 81 58 33 97 102
c 14 48 39 55 149
c 69 34 84 25 173
c 68 40 29 39 159
c 63 69 63 10 109
c 14 82 83 62 106
c 89 45 15 64 143
c 23 40 71 43 130
c 40 29 50 72 108
c 97 61 72 64 190
c 97 69 29 39 117
c 54 39 97 60 187
c 18 30 79 33 168
c 78 43 70 87 140
c 69 88 40 74 169
c 70 8 64 51 126
c 97 62 83 80 191
c 93 84 34 68 183
c 65 85 71 76 152
c 9 85 80 7 184
c 36 35 21 50 180
c 53 61 54 7 182
c 63 55 94 78 162
c 96 49 31 89 104
c 72 99 69 70 149
c 71 5 61 62 103
c 38 88 45 39 113
c 15 90 61 97 198
c 74 64 39 97 122
c 73 86 28 6 133
c 98 21 36 81 156
c 74 90 80 2 122
c 74 53 52 11 158
c 16 27 89 25 187
c 85 76 64 30 155
c 0 93 89 7 174
c 57 83 38 16 126
c 5 50 63 90 146
c 19 16 73 56 118
c 57 90 10 88 121
c 23 38 90 16 165
c 97 67 65 85 162
c 11 20 98 21 184
c 8 50 76 45 128
c 13 15 31 39 127
c 66 99 4 93 170
c 84 41 68 8 191
c 45 46 17 27 177
c 82 7 31 39 130
c 24 72 92 69 139
c 29 78 63 14 188
c 33 41 66 64 170
c 2 34 57 84 107
c 43 93 17 56 113
c 17 4 8 30 197
c 48 32 42 78 133
c 67 8 15 24 169
c 45 95 48 22 163
c 10 36 65 7 170
c 81 80 20 78 154
c 35 96 10 94 105
c 50 79 67 78 134
c 69 88 30 84 159
c 2 66 35 45 155
c 2 87 42 5 139
c 63 34 24 48 128
c 51 97 97 46 199
c 91 51 33 49 123
c 64 77 58 54 125
c 43 82 81 84 189
c 2 43 88 70 100
c 43 31 7 76 143
c 67 99 82 39 138
c 34 38 69 81 132
c 53 85 43 1 126
c 48 10 46 81 123
c 48 2 91 55 172
c 0 13 63 14 142
c 76 24 2 32 186
c 78 30 80 7 188
c 58 44 90 87 184
c 18 31 3 87 170
c 30 54 31 16 181
c 86 48 47 92 102
c 50 75 33 36 170
c 35 27 73 74 160
c 2 11 46 68 147
c 44 57 46 39 111
c 97 95 26 13 143
c 12 14 36 83 190
c 98 67 35 4 133
c 62 40 35 76 112
c 21 29 35 96 169
c 0 13 17 53 182
c 66 47 70 49 177
c 55 25 66 56 101
c 15 67 3 34 128
c 88 95 42 5 118
c 37 95 62 89 180
c 22 48 28 74 190
c 61 50 44 54 120
c 58 73 80 18 162
c 19 17 28 77 101
c 0 93 41 71 152
c 54 83 15 76 128
c 15 4 67 60 195
c 60 61 47 93 177
c 76 72 50 28 144
c 51 37 90 13 116
c 47 73 70 97 197
c 75 24 63 34 120
c 39 97 27 28 113
c 82 18 8 86 186
c 83 64 85 94 105
c 89 63 5 12 152
c 74 70 1 56 186
c 30 54 11 57 141
c 18 41 62 35 129
c 48 96 46 98 160
c 70 38 44 58 154
c 40 52 55 21 129
c 63 90 29 81 159
c 51 82 49 35 170
c 96 86 60 36 112
c 1 18 21 9 125
c 49 96 0 50 139
c 63 11 95 2 112
c 15 16 20 83 116
c 8 86 34 40 145
c 79 10 40 97 134
c 82 19 97 19 149
c 31 1 59 7 123
c 36 77 64 19 165
c 18 60 72 91 157
c 6 36 17 18 161
c 39 11 25 42 171
c 51 61 72 63 103
c 4 62 11 19 150
c 84 11 87 63 120
c 90 42 97 95 121
c 2 7 25 65 130
c 65 44 62 65 151
c 42 61 52 90 182
c 90 32 58 47 159
c 51 28 47 14 112
c 82 23 86 50 177
c 17 56 15 17 133
c 85 81 0 93 167
c 63 44 3 8 190
c 16 88 93 84 115
c 78 1 26 84 117
c 75 96 18 43 179
c 43 42 28 67 131
c 62 52 39 29 181
c 72 21 16 17 101
c 94 41 54 84 145
c 83 42 86 68 177
c 3 15 51 2 185
c 31 49 61 23 138
c 88 32 33 32 145
c 76 65 30 62 174
c 78 81 2 80 125
c 73 27 79 67 198
c 2 87 66 33 190
c 8 70 90 32 153
c 82 22 74 66 194
c 15 4 94 99 161
c 96 62 20 44 174
c 17 13 54 66 153
c 75 63 74 90 121
c 71 82 13 97 187
c 76 30 57 41 199
c 47 29 8 54 188
c 27 88 4 78 196
c 40 98 16 42 126
c 57 39 54 66 151
c 73 56 36 29 147
c 43 36 3 87 101
c 83 42 60 36 186
c 92 83 42 70 163
c 81 84 15 5 103
c 81 38 53 59 131
c 67 99 13 37 195
c 50 49 25 67 161
c 97 86 70 38 183
c 36 96 62 29 125
c 25 6 36 23 142
c 10 69 75 24 173
c 29 94 63 38 122
c 29 99 95 92 110
c 45 39 97 98 171
c 6 52 14 82 169
c 30 31 95 10 179
c 56 15 90 70 169
c 32 64 7 78 137
c 5 53 65 78 189
c 90 50 1 18 108
c 90 21 24 44 169
c 41 51 21 13 101
c 37 62 40 77 160
c 70 8 26 46 130
c 41 98 31 1 187
c 13 66 25 5 107
c 24 45 39 98 148
c 23 53 30 3 149
c 31 66 82 78 151
c 81 1 32 53 111
c 55 88 12 18 174
c 37 32 61 85 130
c 1 88 8 9 182
c 21 34 6 3 100
c 5 79 95 1 186
c 22 52 56 50 136
c 58 82 6 21 145
c 74 70 7 68 101
c 61 31 26 1 192
c 19 10 54 97 137
c 46 98 41 5 146
c 4 20 62 40 182
c 34 10 0 1 114
c 74 78 10 47 133
c 26 43 16 8 127
c 38 15 14 78 106
c 63 93 73 83 164
c 58 82 82 18 157
c 76 60 98 90 193
c 64 79 84 41 162
c 32 48 80 90 162
c 38 79 69 87 156
c 43 99 11 84 111
c 55 88 75 23 122
c 66 33 12 52 142
c 87 47 41 57 191
c 82 54 78 29 100
c 62 54 46 16 149
c 60 87 90 50 192
c 27 45 29 82 121
c 59 18 80 31 119
c 22 88 90 35 185
c 97 46 33 67 160
c 50 26 21 29 159
c 80 7 81 29 127
c 96 60 50 70 143
c 55 34 68 40 141
c 60 69 98 40 157
c 70 3 29 72 152
c 6 92 38 14 161
c 82 61 3 34 180
c 11 82 88 16 130
c 45 52 0 1 190
c 93 74 91 38 135
c 80 37 11 12 180
c 43 99 37 33 183
c 36 23 6 42 123
c 82 83 31 64 106
c 8 70 58 65 170
c 53 29 72 11 104
c 71 82 92 83 161
c 88 91 52 81 118
c 40 79 24 48 124
c 45 18 67 23 103
c 92 67 83 3 166
c 14 9 15 64 136
c 74 66 97 79 195
c 34 14 67 8 174
c 71 50 8 63 124
c 72 91 40 55 122
c 20 99 79 39 148
c 5 19 1 17 102
c 89 25 82 18 127
c 42 86 97 7 127
c 48 32 95 75 123
c 1 30 3 86 126
c 32 62 62 89 194
c 82 19 27 72 199
c 88 87 90 32 109
c 70 84 96 8 146
c 28 76 3 78 117
c 67 99 71 82 148
c 11 69 37 55 158
c 7 8 58 43 177
c 68 59 27 4 118
c 16 8 55 44 108
c 63 47 21 92 110
c 57 78 68 32 115
c 5 31 43 21 153
c 80 63 24 87 182
c 86 36 27 4 186
c 46 70 76 60 164
c 35 76 28 67 140
c 48 9 77 87 152
c 8 69 57 54 146
c 68 35 65 19 167
c 52 17 57 27 160
c 47 41 63 17 150
c 38 15 32 37 104
c 55 18 42 3 165
c 57 25 11 56 180
c 37 8 45 74 129
c 6 3 72 98 142
c 20 21 3 66 154
c 98 77 63 64 145
c 45 74 17 29 185
c 61 14 64 4 127
c 18 41 83 62 182
c 6 57 47 74 159
c 10 88 65 36 179
c 89 34 95 92 190
c 89 68 27 28 105
c 94 14 96 40 120
c 66 6 29 39 182
c 3 39 33 89 147
c 33 71 71 53 147
c 29 82 52 53 155
c 40 98 70 2 126
c 6 58 85 63 125
c 61 29 66 44 182
c 5 58 37 55 139
c 86 50 32 48 135
c 97 79 66 21 193
c 15 4 89 25 167
c 59 68 70 2 171
c 2 64 97 28 174
c 6 53 12 33 120
c 22 48 46 15 171
c 53 85 4 5 103
c 2 8 71 72 113
c 10 32 14 78 147
c 54 31 42 86 140
c 67 69 33 68 140
c 22 52 82 51 170
c 31 30 95 9 170
c 69 67 47 95 167
c 81 38 72 99 188
c 39 11 49 35 140
c 76 12 82 78 128
c 38 95 33 99 116
c 62 10 9 70 132
c 18 41 50 44 131
c 55 77 86 14 149
c 72 91 47 1 157
c 96 97 42 78 127
c 77 95 22 57 108
c 3 78 46 57 199
c 78 88 73 31 162
c 38 43 64 65 106
c 2 80 18 60 186
c 67 8 31 28 149
c 42 93 88 91 179
c 55 99 28 74 125
c 95 87 59 77 183
c 17 6 38 18 199
c 70 92 86 29 186
c 55 21 25 59 166
c 82 73 96 17 151
c 78 45 54 79 151
c 75 93 96 74 187
c 9 60 39 98 165
c 78 45 32 51 155
c 24 72 28 58 145
c 46 86 23 3 165
c 81 51 71 69 190
c 61 1 18 77 186
c 28 15 96 41 142
c 46 13 46 98 153
c 8 69 2 11 135
c 64 30 71 89 170
c 18 6 89 68 113
c 6 97 3 15 157
c 86 14 31 46 144
c 87 78 66 99 166
c 42 77 55 47 163
c 2 93 38 62 115
c 50 94 40 28 153
c 17 29 39 29 168
c 69 54 59 72 151
c 5 53 76 11 179
c 83 50 72 73 159
c 75 79 71 18 138
c 49 81 21 22 117
c 7 68 23 41 167
c 77 44 94 95 136
c 42 2 26 18 118
c 55 93 42 43 137
c 94 98 14 52 187
c 69 27 26 54 196
c 19 40 25 67 146
c 97 68 8 75 165
c 80 77 66 75 100
c 95 87 30 42 174
c 65 44 0 67 161
c 23 40 60 87 126
c 42 2 85 19 114
c 29 99 9 37 164
c 98 91 57 84 166
c 43 1 11 34 134
c 11 77 81 70 107
c 12 67 52 22 157
c 30 42 81 68 179
c 26 71 28 99 140
c 54 86 76 37 140
c 26 75 48 57 180
c 42 2 79 4 113
c 51 82 4 29 165
c 61 34 66 91 190
c 82 33 91 53 103
c 15 92 42 3 128
c 52 82 97 19 170
c 79 54 32 97 182
c 18 55 42 37 140
c 59 70 81 84 146
c 57 67 77 44 167
c 18 60 24 33 172
c 9 97 3 54 188
c 2 62 82 63 181
c 88 32 71 48 129
c 28 23 14 69 133
c 46 47 96 49 140
c 40 12 12 54 115
c 82 58 78 29 162
c 16 27 1 43 162
c 73 89 81 58 173
c 17 21 69 70 100
c 76 60 18 64 118
c 74 70 21 9 125
c 20 78 59 73 109
c 15 85 50 94 195
c 14 15 47 48 111
c 49 92 88 6 150
c 8 9 87 69 190
c 72 88 91 73 128
c 70 38 36 72 155
c 31 65 75 84 156
c 29 46 2 7 150
c 53 27 76 33 118
c 28 2 27 38 156
c 83 1 79 69 135
c 26 51 55 80 175
c 80 63 93 65 103
c 36 97 92 26 124
c 71 82 78 53 122
c 88 6 97 92 185
c 46 81 10 32 197
c 93 52 1 82 175
c 63 93 55 47 110
c 72 79 16 14 142
c 13 31 35 74 196
c 85 46 43 34 146
c 72 91 66 31 114
c 38 14 61 29 110
c 80 81 76 33 175
c 82 69 43 42 163
c 90 20 60 36 140
c 43 44 91 40 167
c 15 92 95 42 155
c 30 88 1 9 173
c 32 97 18 31 104
c 42 39 39 40 152
c 90 94 92 33 127
c 82 51 96 60 112
c 27 22 41 75 121
c 16 5 9 97 172
c 65 21 15 76 134
c 40 74 52 81 157
c 25 21 83 84 149
c 8 88 92 54 157
c 4 75 79 38 144
c 72 21 58 47 165
c 66 31 24 42 123
c 60 62 55 91 122
c 68 4 78 53 177
c 86 14 53 54 145
c 31 16 0 13 187
c 55 13 71 51 138
c 80 3 94 95 199
c 41 2 44 49 104
c 26 40 81 49 105
c 27 53 74 77 126
c 32 37 74 10 137
c 5 96 88 70 146
c 40 6 64 98 130
c 56 5 82 18 134
c 2 25 80 81 149
c 3 86 98 87 117
c 37 38 21 47 164
c 81 58 66 21 109
c 57 84 70 71 169
c 70 78 83 76 109
c 2 8 34 14 113
c 15 4 14 69 109
c 55 45 42 43 192
c 27 72 4 25 199
c 6 97 45 95 186
c 83 80 33 14 183
c 68 59 79 40 124
c 74 53 42 84 195
c 12 89 47 17 172
c 58 14 54 3 125
c 51 87 78 53 140
c 19 25 14 42 171
c 93 60 9 63 177
c 40 70 33 47 117
c 97 60 70 49 174
c 55 39 29 70 172
c 68 57 88 91 115
c 74 78 3 87 113
c 60 87 77 34 149
c 41 2 24 75 179
c 5 95 88 75 119
c 2 38 59 64 117
c 76 55 58 43 181
c 92 93 42 77 139
c 85 19 5 35 196
c 86 69 40 2 110
c 29 74 70 42 190
c 56 50 12 95 141
c 73 24 11 84 181
c 63 48 14 52 182
c 97 61 81 1 168
c 71 76 84 90 129
c 67 20 57 78 114
c 89 46 60 74 131
c 55 99 54 61 132
c 26 75 28 69 101
c 42 86 65 42 161
c 2 75 98 99 145
c 71 82 96 37 136
c 39 98 83 64 102
c 74 6 4 33 194
c 67 55 13 85 121
c 93 7 37 89 156
c 93 61 80 96 108
c 8 9 2 80 167
c 45 30 56 8 110
c 31 64 46 27 117
c 47 14 2 30 159
c 15 92 77 95 105
c 85 94 31 58 132
c 82 58 10 87 123
c 55 21 66 38 191
c 70 38 52 64 107
c 19 25 6 23 179
c 66 31 3 64 186
c 4 75 35 95 122
c 73 83 51 52 197
c 33 62 4 80 100
c 75 61 16 81 131
c 28 6 46 16 187
c 15 17 19 20 161
c 55 45 40 55 102
c 82 69 2 7 130
c 87 11 69 68 156
c 87 69 24 25 137
c 10 28 37 70 181
c 83 24 35 77 173
c 81 49 29 47 199
c 80 3 38 16 199
c 63 72 32 79 167
c 94 45 62 2 175
c 81 49 11 28 140
c 12 2 63 48 175
c 75 65 78 88 130
c 90 50 2 75 185
c 24 48 20 52 177
c 23 38 22 54 146
c 92 93 85 94 197
c 43 9 77 66 118
c 49 37 58 47 177
c 86 11 62 10 110
c 33 76 78 75 192
c 34 32 72 81 148
c 29 46 43 71 106
c 55 34 53 27 137
c 57 29 62 35 176
c 25 67 66 99 111
c 50 53 61 86 123
c 37 1 28 86 186
c 43 70 70 92 196
c 48 92 97 45 153
c 30 10 1 83 152
c 36 45 78 59 197
c 45 14 60 6 145
c 33 76 1 33 149
c 11 68 56 21 116
c 64 78 20 99 161
c 9 97 97 45 159
c 61 86 46 82 157
c 80 90 59 7 120
c 89 46 56 51 195
c 32 87 48 49 166
c 55 80 80 67 110
c 50 28 79 17 170
c 29 42 8 5 166
c 54 59 29 94 176
c 74 70 3 78 184
c 67 90 28 17 170
c 31 2 19 81 193
c 48 32 82 91 198
c 63 90 41 9 120
c 46 8 70 64 106
c 50 12 20 26 103
c 69 34 39 41 129
c 36 55 12 89 197
c 91 40 82 83 105
c 43 28 97 46 108
c 83 64 85 68 137
c 97 67 22 75 187
c 85 45 95 15 145
c 68 60 13 15 119
c 84 85 24 45 154
c 54 13 29 74 179
c 75 85 41 71 140
c 91 93 82 19 126
c 68 10 87 80 174
c 93 12 5 58 128
c 57 78 57 41 159
c 40 57 34 11 129
c 4 83 55 39 198
c 80 3 21 32 144
c 19 24 42 76 192
c 42 84 15 17 115
c 32 58 9 84 190
c 29 40 48 10 178
c 52 14 29 86 170
c 98 43 96 8 175
c 17 27 54 22 155
c 37 38 5 19 163
c 29 81 46 95 139
c 6 42 59 25 196
c 4 75 68 60 172
c 78 23 75 76 120
c 95 75 72 97 183
c 1 30 67 71 131
c 17 53 59 80 137
c 55 34 22 59 176
c 49 35 33 67 171
c 91 51 2 66 146
c 98 10 11 69 163
c 70 71 96 49 143
c 61 29 70 8 181
c 41 21 42 34 103
c 29 30 35 50 135
c 68 35 52 44 168
c 5 38 96 95 113
c 52 38 8 9 141
c 37 33 28 77 129
c 58 28 4 93 120
c 5 50 21 13 119
c 89 45 54 97 125
c 64 20 14 73 182
c 32 62 52 8 158
c 53 29 22 23 195
c 38 62 3 20 172
c 28 60 91 73 150
c 17 4 16 98 191
c 73 68 83 17 169
c 34 11 10 94 197
c 48 17 82 51 178
c 27 65 4 83 125
c 90 42 4 62 154
c 10 87 90 9 112
c 70 3 93 87 125
c 59 75 30 6 167
c 92 31 86 51 162
c 69 21 35 80 131
c 24 33 61 14 179
c 2 64 81 5 167
c 61 12 64 98 121
c 15 76 46 98 126
c 27 4 57 39 130
c 77 22 96 17 173
c 23 57 74 47 158
c 33 36 59 72 153
c 66 91 3 78 153
c 25 55 29 82 126
c 67 99 73 74 136
c 55 91 26 13 122
c 98 10 93 7 143
c 34 40 72 13 148
c 81 87 70 38 114
c 80 7 54 26 114
c 52 22 72 81 151
c 39 99 83 80 179
c 42 4 67 90 168
c 8 50 73 33 101
c 82 65 34 81 118
c 6 57 81 63 198
c 21 50 98 15 137
c 9 37 96 49 168
c 78 21 36 23 134
c 45 46 84 48 114
c 35 3 54 7 193
c 41 51 31 49 138
c 16 14 54 97 167
c 13 66 82 22 175
c 18 60 34 61 158
c 2 75 60 99 120
c 19 67 89 68 117
c 9 37 91 92 191
c 44 41 95 96 102
c 81 49 87 69 174
c 33 72 48 53 114
c 89 83 88 37 130
c 69 41 85 14 114
c 11 56 86 14 137
c 60 62 32 62 150
c 66 33 19 13 180
c 64 42 51 61 104
c 90 50 17 22 154
c 59 28 56 57 173
c 82 57 42 37 191
c 27 53 25 21 145
c 19 76 35 3 159
c 95 1 52 73 189
c 97 61 90 80 127
c 70 92 97 61 184
c 65 19 22 57 162
c 48 86 7 93 103
c 71 51 35 76 177
c 70 41 34 32 127
c 70 87 45 35 128
c 64 55 77 66 108
c 97 48 58 5 131
c 62 94 57 84 198
c 18 65 93 27 199
c 29 74 50 53 173
c 28 86 33 23 111
c 35 30 51 75 183
c 93 22 3 67 188
c 19 7 53 61 179
c 97 67 49 71 115
c 89 7 52 24 160
c 1 43 26 27 130
c 17 79 73 68 168
c 4 29 42 2 163
c 76 45 43 36 147
c 26 2 43 9 102
c 39 41 9 60 123
c 75 65 25 87 167
c 50 26 50 75 142
c 45 38 92 28 190
c 96 4 49 84 126
c 82 27 59 77 105
c 8 58 96 13 127
c 53 27 86 36 134
c 27 21 47 74 128
c 69 35 95 25 125
c 1 73 1 5 136
c 11 56 78 94 149
c 76 52 84 11 156
c 63 70 86 53 150
c 12 18 18 31 123
c 71 72 47 73 166
c 76 72 33 36 192
c 39 71 54 86 182
c 98 76 50 62 196
c 8 26 68 80 116
c 82 22 85 45 121
c 82 54 7 74 150
c 7 94 6 3 100
c 42 84 8 5 165
c 18 55 88 7 158
c 86 51 21 32 135
c 74 6 44 49 149
c 78 81 90 1 102
c 46 28 98 77 179
c 21 61 26 63 126
c 66 67 15 2 128
c 43 12 11 56 100
c 63 80 54 59 127
c 97 86 2 62 171
c 76 85 83 88 177
c 84 41 37 95 147
c 70 63 53 29 114
c 33 38 90 13 133
c 73 63 89 91 172
c 4 5 91 93 117
c 88 21 47 17 143
c 4 19 18 3 198
c 51 37 76 14 175
c 44 5 82 33 198
c 50 49 66 6 155
c 63 69 83 4 199
c 89 90 56 94 167
c 30 54 45 46 197
c 97 63 32 41 198
c 12 54 74 75 126
c 28 76 11 20 100
c 54 86 49 50 199
c 57 84 98 10 157
c 20 61 43 28 100
c 12 95 42 51 152
c 30 25 55 47 153
c 52 8 71 27 176
c 43 45 58 80 164
c 79 17 68 52 115
c 23 40 58 57 114
c 49 50 72 13 152
c 47 68 88 54 179
c 97 47 80 7 182
c 42 47 6 58 121
c 21 98 40 70 171
c 24 42 50 62 104
c 36 29 7 76 122
c 52 55 13 89 153
c 97 98 23 41 106
c 70 44 62 39 102
c 2 38 70 97 117
c 28 32 69 87 154
c 85 70 58 59 138
c 3 54 32 64 125
c 27 22 11 55 174
c 45 56 78 21 123
c 84 74 44 49 138
c 50 72 76 55 129
c 98 87 52 51 184
c 51 2 48 59 126
c 6 7 27 28 171
c 85 46 27 73 159
c 41 21 94 95 137
c 67 48 26 80 123
c 92 93 74 92 134
c 25 67 59 75 191
c 91 73 44 41 180
c 90 16 73 7 117
c 27 75 60 89 116
c 78 79 11 83 150
c 29 27 41 9 129
c 28 86 44 49 154
c 38 5 34 14 199
c 49 33 1 15 101
c 64 98 53 60 191
c 60 87 12 61 147
c 31 16 24 14 137
c 95 53 2 31 154
c 21 47 23 28 152
c 38 68 87 84 168
c 13 2 30 34 109
c 22 80 78 27 142
c 14 53 6 52 195
c 2 80 0 93 170
c 46 86 4 25 126
c 18 99 16 15 187
c 79 26 86 69 125
c 1 18 25 87 163
c 4 69 40 30 181
c 53 46 45 52 199
c 39 97 13 97 146
c 19 48 4 90 181
c 98 23 47 41 104
c 79 17 8 68 158
c 0 1 17 53 149
c 57 67 92 32 150
c 69 47 4 65 140
c 57 39 0 14 112
c 77 18 59 50 167
c 0 62 92 93 105
c 52 44 36 77 109
c 85 76 88 54 137
c 27 38 42 70 105
c 3 20 28 3 137
c 17 18 96 60 144
c 0 69 21 98 120
c 71 18 18 24 123
c 47 73 89 63 194
c 90 13 76 66 156
c 28 23 29 30 193
c 63 80 77 44 103
c 41 98 84 48 175
c 79 83 13 93 186
c 18 65 75 83 181
c 24 53 96 41 127
c 98 91 34 15 128
c 28 32 78 13 137
c 54 50 41 9 141
c 38 18 90 91 188
c 38 5 85 55 108
c 67 80 37 8 183
c 82 18 73 86 166
c 33 99 5 47 190
c 28 3 27 53 110
c 60 89 35 30 117
c 36 42 64 51 198
c 36 26 16 45 133
c 70 23 90 97 102
c 76 30 81 89 155
c 62 84 25 55 159
c 80 16 46 76 149
c 46 28 7 39 106
c 81 44 62 52 172
c 2 30 14 57 156
c 86 61 76 37 188
c 62 31 80 77 197
c 82 39 31 39 181
c 86 29 33 32 101
c 77 73 49 96 159
c 30 88 95 90 135
c 96 49 90 37 175
c 7 68 89 22 153
c 85 45 29 27 180
c 87 88 40 85 174
c 39 97 54 86 193
c 76 33 80 63 129
c 58 69 3 15 121
c 25 67 95 26 156
c 93 91 16 30 175
c 21 34 39 97 168
c 88 7 42 21 130
c 81 1 24 33 130
c 71 72 57 84 163
c 42 32 28 67 164
c 63 6 19 32 105
c 78 49 30 93 169
c 40 57 49 37 118
c 38 36 1 30 188
c 59 12 12 52 116
c 25 5 38 21 143
c 35 50 16 49 109
c 59 50 28 23 130
c 74 10 69 81 132
c 6 58 42 5 145
c 92 33 8 17 159
c 54 38 57 83 107
c 73 31 97 67 108
c 93 84 6 21 108
c 48 96 13 31 196
c 59 18 13 44 143
c 64 37 24 75 115
c 43 34 57 58 179
c 24 97 23 79 123
c 37 32 82 61 101
c 35 76 97 61 158
c 84 24 77 95 131
c 67 71 83 63 165
c 1 18 95 53 158
c 72 39 47 74 134
c 98 54 69 63 140
c 81 21 57 61 197
c 35 77 64 65 133
c 48 9 93 7 171
c 27 10 23 27 101
c 35 50 97 95 112
c 29 86 76 66 167
c 97 69 15 17 131
c 52 22 81 1 121
c 51 74 51 75 149
c 24 44 85 86 128
c 78 60 52 44 177
c 95 15 98 91 175
c 86 53 35 3 169
c 95 11 81 38 131
c 10 87 32 15 127
c 65 21 95 72 179
c 3 15 17 56 190
c 73 55 35 44 144
c 62 10 81 21 178
c 71 51 70 63 107
c 95 6 29 11 189
c 47 48 67 37 180
c 70 41 5 58 120
c 42 2 34 99 123
c 40 41 32 53 112
c 98 84 92 33 120
c 67 55 26 49 141
c 66 51 48 96 116
c 50 26 18 65 125
c 75 79 32 58 111
c 46 82 77 22 176
c 84 41 42 62 116
c 3 34 90 21 186
c 33 97 29 82 112
c 20 41 55 18 100
c 48 15 33 89 118
c 84 41 12 63 144
c 82 61 37 3 133
c 24 76 30 6 155
c 97 48 1 9 174
c 31 4 82 7 134
c 39 97 71 48 117
c 60 67 80 90 110
c 10 48 61 34 172
c 48 74 86 99 117
c 33 93 19 6 104
c 90 20 89 34 175
c 0 84 23 92 124
c 6 53 77 66 196
c 36 72 32 41 114
c 81 25 84 86 107
c 27 88 16 58 190
c 82 65 83 64 112
c 61 62 74 31 128
c 61 85 92 32 178
c 68 52 3 4 150
c 15 5 55 93 127
c 31 2 17 21 148
c 22 88 13 81 170
c 27 39 10 47 160
c 6 73 31 32 169
c 78 30 29 31 170
c 97 45 18 19 148
c 95 94 72 41 182
c 21 22 65 98 107
c 71 69 25 88 107
c 32 65 17 22 139
c 26 83 89 77 158
c 95 42 57 97 110
c 8 69 12 72 113
c 59 70 97 92 166
c 75 37 35 76 174
c 33 38 91 73 142
c 42 51 85 77 120
c 28 96 70 52 128
c 40 10 73 48 117
c 97 92 16 86 140
c 90 50 14 48 119
c 69 87 3 20 170
c 16 30 90 94 119
c 3 4 36 12 177
c 26 1 94 98 119
c 15 92 17 21 195
c 17 56 4 49 191
c 27 62 59 43 165
c 12 8 33 62 114
c 56 54 66 64 145
c 53 59 36 38 173
c 22 51 14 53 118
c 24 18 21 99 134
c 35 4 68 69 188
c 85 63 35 3 188
c 74 78 33 67 198
c 58 97 63 14 125
c 2 46 18 62 165
c 75 79 87 53 103
c 6 38 98 99 176
c 72 11 63 76 188
c 63 6 32 41 179
c 82 61 46 64 123
c 82 28 64 36 175
c 42 51 17 51 157
c 33 26 89 25 114
c 20 92 5 25 185
c 26 84 82 18 109
c 83 17 14 69 186
c 4 62 22 51 179
c 40 97 87 53 104
c 71 72 40 79 143
c 97 95 82 73 198
c 50 79 46 39 150
c 15 76 94 95 164
c 63 25 16 32 147
c 2 7 22 59 121
c 75 93 1 88 189
c 35 13 90 91 183
c 5 21 67 8 112
c 44 14 52 81 179
c 74 31 33 32 123
c 22 48 57 27 116
c 6 7 41 38 109
c 78 88 50 12 123
c 91 55 46 82 168
c 85 77 35 77 139
c 66 6 97 79 118
c 54 3 74 75 156
c 80 76 48 55 177
c 58 14 62 52 113
c 90 70 26 49 186
c 2 87 3 42 157
c 90 29 53 64 178
c 66 67 68 57 182
c 90 50 45 41 101
c 48 57 37 95 186
c 63 72 48 2 175
c 35 74 68 10 107
c 87 69 93 60 173
c 36 55 62 15 192
c 80 18 98 26 101
c 59 28 70 92 144
c 54 32 97 51 169
c 58 19 97 47 123
c 30 85 54 13 147
c 4 78 36 77 111
c 62 39 79 69 113
c 46 75 12 67 112
c 49 64 90 97 102
c 40 25 5 95 140
c 55 33 76 78 153
c 59 28 28 49 110
c 2 38 12 52 197
c 18 6 76 25 181
c 11 20 66 67 182
c 57 25 26 46 132
c 60 58 54 3 174
c 28 20 16 88 170
c 52 51 87 47 168
c 89 90 23 27 183
c 43 44 21 29 169
c 29 40 88 54 167
c 14 52 49 35 136
c 74 77 41 89 176
c 54 66 53 21 128
c 21 34 79 54 155
c 12 54 64 37 156
c 55 45 70 38 171
c 47 94 34 40 140
c 90 9 69 88 188
c 93 74 84 86 120
c 46 8 93 6 141
c 84 88 24 25 182
c 95 15 67 37 138
c 55 99 28 17 178
c 88 87 9 76 140
c 46 15 9 84 175
c 54 79 46 98 180
c 81 47 59 7 148
c 26 46 81 63 119
c 52 21 45 39 128
c 27 13 72 81 198
c 28 44 49 81 195
c 76 33 47 17 168
c 57 67 33 41 180
c 30 10 58 69 115
c 29 44 31 39 194
c 96 60 89 34 176
c 33 27 68 8 191
c 32 51 0 17 166
c 6 23 74 14 172
c 82 67 48 1 106
c 38 18 77 67 174
c 28 42 31 82 159
c 86 11 89 46 198
c 97 19 27 62 176
c 95 10 1 3 155
c 31 14 76 55 168
c 57 29 67 69 145
c 19 48 47 99 132
c 10 20 30 55 192
c 88 16 9 85 188
c 84 88 67 58 158
c 95 9 13 2 167
c 28 58 2 59 152
c 34 11 97 84 145
c 11 34 70 73 196
c 81 84 32 37 197
c 70 78 81 25 111
c 98 53 4 75 155
c 85 65 73 74 104
c 71 69 39 55 134
c 79 39 11 8 154
c 23 92 32 52 156
c 4 19 87 24 156
c 72 39 53 41 141
c 78 70 7 93 100
c 16 81 27 46 130
c 61 1 45 39 198
c 46 82 83 98 107
c 93 74 22 81 134
c 29 31 77 38 161
c 21 53 80 88 147
c 1 83 7 68 159
c 72 39 74 99 174
c 92 93 91 46 153
c 12 79 73 56 128
c 93 80 42 44 156
c 80 3 55 24 117
c 61 97 83 1 118
c 49 62 66 47 132
c 76 95 91 62 141
c 51 9 78 27 130
c 59 70 73 62 180
c 22 88 28 94 146
c 98 15 23 40 108
c 57 58 75 68 152
c 11 83 18 24 170
c 22 65 97 74 171
c 98 87 88 32 183
c 95 1 10 69 158
c 82 22 88 75 156
c 84 29 16 92 104
c 79 17 7 78 187
c 51 48 0 15 140
c 18 3 39 41 101
c 85 64 80 88 160
c 6 53 50 49 128
c 58 54 52 21 194
c 22 91 62 64 181
c 85 12 2 80 108
c 70 3 44 58 104
c 84 25 92 59 155
c 3 66 4 62 167
c 79 84 75 92 150
c 52 87 76 45 161
c 14 52 81 44 171
c 33 68 44 54 187
c 10 88 4 93 127
c 18 60 68 59 111
c 96 74 10 36 127
c 36 45 95 25 149
c 98 76 76 60 114
c 57 78 56 20 121
c 55 88 55 48 191
c 61 12 48 32 185
c 24 45 95 53 165
c 6 23 81 84 147
c 48 74 83 26 172
c 3 40 26 51 186
c 18 82 92 16 178
c 36 45 68 40 194
c 10 64 70 42 169
c 54 84 20 83 116
c 92 83 6 97 198
c 54 66 4 25 148
c 20 63 84 42 134
c 95 6 15 12 194
c 81 90 12 67 188
c 81 44 25 67 124
c 41 89 6 23 152
c 77 83 59 75 158
c 61 37 86 68 147
c 66 31 33 72 156
c 4 90 65 78 178
c 42 3 91 55 124
c 51 82 56 54 181
c 8 86 80 3 179
c 3 1 54 50 119
c 12 61 6 57 120
c 66 6 15 76 126
c 32 52 53 36 182
c 89 63 45 52 174
c 98 54 78 27 173
c 56 57 61 85 149
c 39 41 11 82 135
c 38 60 46 64 122
c 7 55 39 95 130
c 61 1 87 61 173
c 84 79 0 15 150
c 59 75 24 30 142
c 84 66 61 32 137
c 58 69 42 44 173
c 8 54 90 67 185
c 50 49 76 55 109
c 46 79 97 48 115
c 27 39 93 87 121
c 2 34 63 76 199
c 35 74 81 48 152
c 45 14 48 10 129
c 31 27 18 64 118
c 54 22 86 10 123
c 98 47 22 88 148
c 20 21 5 19 143
c 61 85 80 69 135
c 80 81 81 47 157
c 92 35 97 98 197
c 46 8 38 26 183
c 42 86 77 66 112
c 88 70 73 24 109
c 54 13 74 90 159
c 76 12 72 45 170
c 43 28 63 80 158
c 63 76 84 88 100
c 69 81 52 55 120
c 43 31 67 21 177
c 72 41 24 75 162
c 76 65 85 64 191
c 29 81 35 74 161
c 63 34 46 68 126
c 23 41 64 4 115
c 3 20 58 19 153
c 23 47 1 5 111
c 3 39 0 67 162
c 74 64 79 84 170
c 16 32 20 92 137
c 14 48 70 38 188
c 92 16 37 62 169
c 2 88 75 76 125
c 28 3 49 33 122
c 57 29 8 30 156
c 25 24 41 71 103
c 24 53 98 47 172
c 6 71 95 15 111
c 31 27 34 99 109
c 61 37 86 44 100
c 49 33 15 17 115
c 48 96 15 76 137
c 41 51 49 35 198
c 82 23 91 30 160
c 67 69 3 40 130
c 76 44 28 44 198
c 97 79 62 65 161
c 53 41 82 67 195
c 43 46 27 28 154
c 25 26 86 87 123
c 64 77 4 90 145
c 46 57 54 83 146
c 66 75 10 20 120
c 63 64 46 82 192
c 69 41 95 43 144
c 42 86 10 88 135
c 26 53 51 52 171
c 47 68 98 40 107
c 13 27 89 7 170
c 23 24 17 4 195
c 25 37 59 77 134
c 95 43 90 42 137
c 63 68 64 48 169
c 16 45 94 86 155
c 69 76 4 20 173
c 31 1 92 31 105
c 80 90 39 71 165
c 71 76 43 12 117
c 44 67 0 76 180
c 13 18 58 44 100
c 36 38 4 99 160
c 42 32 29 82 137
c 97 92 82 73 155
c 9 85 53 38 187
c 2 75 91 9 173
c 82 28 62 64 158
c 83 39 75 76 187
c 77 2 63 71 103
c 24 9 50 70 178
c 60 62 72 63 195
c 42 34 82 39 176
c 47 94 76 12 143
c 63 64 38 60 113
c 31 32 58 97 175
c 6 71 85 64 154
c 83 24 16 49 191
c 58 47 58 5 168
c 84 42 62 64 181
c 3 4 91 55 139
c 72 10 75 98 153
c 33 34 66 62 195
c 46 68 0 96 174
c 37 1 97 86 113
c 57 27 0 9 188
c 8 17 54 96 141
c 90 35 29 30 109
c 81 70 35 30 182
c 97 31 85 76 175
c 31 64 83 62 139
c 57 41 42 34 197
c 45 56 46 57 156
c 54 39 71 59 112
c 38 5 53 54 143
c 67 48 92 16 120
c 51 9 6 46 199
c 36 42 14 15 135
c 14 9 26 27 168
c 20 44 73 86 126
c 65 7 83 86 141
c 35 17 96 85 183
c 98 76 49 92 171
c 33 26 67 68 123
c 6 71 18 64 155
c 74 10 53 11 179
c 5 47 3 67 126
c 3 41 78 94 188
c 6 58 81 44 143
c 62 15 25 24 160
c 82 23 18 17 168
c 18 6 29 46 196
c 2 35 79 38 128
c 9 37 9 60 157
c 55 88 24 75 143
c 72 39 64 48 146
c 11 24 11 56 131
c 36 83 11 34 109
c 46 88 64 30 128
c 16 59 81 1 107
c 31 1 89 22 191
c 31 28 76 44 157
c 3 15 40 42 155
c 19 48 61 50 144
c 56 36 86 53 175
c 73 14 21 92 190
c 63 38 44 45 150
c 31 28 20 63 145
c 46 8 39 98 134
c 82 65 16 92 107
c 68 59 74 47 114
c 17 79 15 16 101
c 87 51 91 30 160
c 22 75 62 31 140
c 91 53 17 21 191
c 18 6 24 53 181
c 16 8 76 66 155
c 62 29 78 30 129
c 61 23 81 70 150
c 28 58 81 49 182
c 93 6 80 67 148
c 28 74 93 84 128
c 66 99 46 98 147
c 0 91 51 48 162
c 41 71 55 47 153
c 67 3 17 18 107
c 33 14 26 46 191
c 22 91 36 97 196
c 16 14 88 71 199
c 21 27 98 47 129
c 88 21 12 63 189
c 76 66 40 55 132
c 12 18 7 39 127
c 42 37 1 33 177
c 70 2 46 79 194
c 50 4 97 24 138
c 82 49 33 67 118
c 71 6 19 48 176
c 79 40 98 23 101
c 27 13 73 48 109
c 54 4 55 21 101
c 64 36 23 3 187
c 55 44 90 9 194
c 45 52 93 61 115
c 32 4 1 9 181
c 77 78 61 12 120
c 73 63 12 89 194
c 74 27 41 5 160
c 97 63 19 10 105
c 30 37 90 88 131
c 76 60 97 63 139
c 55 13 55 20 166
c 48 4 40 98 163
c 49 33 59 18 187
c 9 70 37 58 140
c 63 92 66 67 135
c 75 37 62 65 109
c 70 42 47 81 170
c 9 76 42 44 109
c 6 95 2 75 127
c 76 14 93 34 198
c 41 23 80 87 156
c 18 3 68 32 186
c 2 59 28 76 111
c 26 61 42 44 123
c 97 45 36 24 111
c 89 68 38 5 126
c 12 86 29 11 137
c 76 7 79 17 178
c 10 59 47 94 155
c 7 8 53 61 199
c 70 41 47 94 160
c 91 53 11 84 198
c 34 15 24 87 144
c 32 97 80 69 196
c 21 29 44 60 175
c 41 98 14 52 176
c 67 48 82 69 123
c 78 68 49 81 140
c 95 72 52 76 169
c 33 72 22 88 174
c 69 21 45 19 169
c 90 91 79 23 195
c 6 73 96 86 137
c 43 42 68 3 174
c 95 43 32 58 193
c 63 64 0 62 164
c 35 13 55 3 137
c 19 24 67 99 174
c 16 98 71 6 164
c 18 55 95 15 157
c 78 27 73 27 106
c 5 21 37 28 164
c 46 9 6 83 146
c 84 74 16 30 181
c 16 17 30 34 187
c 81 47 31 64 156
c 26 80 3 39 194
c 26 80 73 64 116
c 16 8 15 2 116
c 70 42 52 21 120
c 20 78 5 21 155
c 36 45 43 45 147
c 90 16 41 51 133
c 44 14 29 30 174
c 77 78 25 48 111
c 15 12 62 99 118
c 42 93 40 77 151
c 85 14 32 2 131
c 89 5 4 49 153
c 14 19 52 51 194
c 58 60 97 24 105
c 66 91 63 47 162
c 77 2 67 19 120
c 23 57 41 38 164
c 3 43 84 42 196
c 91 9 80 96 185
c 25 59 57 54 106
c 63 17 30 10 113
c 2 88 72 97 172
c 3 20 82 78 130
c 1 18 83 42 161
c 54 19 97 98 176
c 51 35 97 46 161
c 82 67 60 87 125
c 93 34 52 44 179
c 24 48 76 10 103
c 52 55 70 82 167
c 54 32 86 48 195
c 89 90 49 35 194
c 63 55 13 14 140
c 41 9 60 47 135
c 86 46 84 59 175
c 4 69 80 18 123
c 81 68 90 9 135
c 24 42 83 50 113
c 84 11 40 28 189
c 90 73 3 66 195
c 71 48 78 1 158
c 21 9 38 39 198
c 52 17 78 23 198
c 66 91 90 42 135
c 43 9 59 60 146
c 17 66 44 60 143
c 39 98 83 84 139
c 56 36 8 54 113
c 91 92 49 37 136
c 1 9 27 4 189
c 46 81 1 33 140
c 53 60 95 9 177
c 27 73 95 94 185
c 18 77 29 48 192
c 22 23 46 39 104
c 87 88 33 41 160
c 2 11 87 14 197
c 33 72 22 57 138
c 28 25 97 79 162
c 36 23 19 13 154
c 29 27 78 13 106
c 27 63 0 14 186
c 5 27 67 99 172
c 1 5 75 39 143
c 87 53 30 71 163
c 55 21 64 48 191
c 16 11 42 2 152
c 45 35 43 42 198
c 29 86 21 42 157
c 53 38 20 63 170
c 26 33 7 76 111
c 92 67 65 98 158
c 32 41 98 47 101
c 9 76 42 5 148
c 21 32 80 7 173
c 7 3 98 99 100
c 32 65 45 14 145
c 15 85 59 88 139
c 27 93 43 31 183
c 96 49 15 24 193
c 33 38 16 5 109
c 81 38 10 88 162
c 92 28 6 58 133
c 92 68 29 39 181
c 39 99 41 21 123
c 94 14 8 30 159
c 85 94 24 52 166
c 72 63 34 86 104
c 81 58 28 15 172
c 65 36 67 18 166
c 3 15 43 42 175
c 22 59 95 10 106
c 36 97 26 10 191
c 40 85 39 71 129
c 57 54 25 26 104
c 3 40 97 79 153
c 30 45 98 40 139
c 54 3 16 85 191
c 50 49 4 83 177
c 38 43 31 83 136
c 54 31 49 64 199
c 29 74 37 41 122
c 10 94 90 30 124
c 22 59 32 52 177
c 41 71 52 30 108
c 32 96 49 33 109
c 31 83 82 69 191
c 95 87 96 60 179
c 25 57 63 90 145
c 85 81 91 55 187
c 58 43 77 83 127
c 57 41 57 67 120
c 26 53 13 51 152
c 70 41 97 98 100
c 83 42 30 83 119
c 88 32 93 12 149
c 8 63 21 9 106
c 72 19 63 68 199
c 57 12 48 96 163
c 67 20 12 18 156
c 8 54 3 34 116
c 78 70 76 24 156
c 82 49 52 21 128
c 74 31 71 90 181
c 60 6 29 99 171
c 6 38 88 32 146
c 63 80 95 78 174
c 40 28 18 31 106
c 71 27 93 84 130
c 82 27 46 76 130
c 25 65 80 77 101
c 18 24 73 26 160
c 11 87 82 18 154
c 20 41 8 67 167
c 13 14 1 30 173
c 57 67 13 97 156
c 86 99 83 26 132
c 63 6 65 85 151
c 55 1 66 44 150
c 10 86 6 58 149
c 72 77 5 27 130
c 47 95 43 9 157
c 43 36 38 5 111
c 87 47 26 71 148
c 58 1 63 70 157
c 61 31 51 87 103
c 43 82 16 86 143
c 66 47 55 13 114
c 16 8 64 79 196
c 73 26 42 44 117
c 90 1 2 88 175
c 19 76 89 83 142
c 3 42 70 8 181
c 33 93 91 9 180
c 31 66 0 9 153
c 29 81 38 39 164
c 73 86 2 62 145
c 28 17 41 42 156
c 82 61 17 79 149
c 46 64 21 99 143
c 97 68 13 31 169
c 84 24 52 81 160
c 21 42 46 68 173
c 23 28 46 70 192
c 37 20 42 47 135
c 13 81 88 71 110
c 46 79 43 17 109
c 48 2 6 23 169
c 88 32 74 75 188
c 64 37 31 1 127
c 52 8 14 15 170
c 8 50 54 59 138
c 43 34 18 77 187
c 94 9 68 40 198
c 33 38 91 26 139
c 68 35 65 98 104
c 42 34 98 26 156
c 27 63 51 74 162
c 35 74 62 39 116
c 74 75 29 5 113
c 58 54 10 77 105
c 12 40 54 13 154
c 31 39 67 99 182
c 51 35 31 2 185
c 3 41 26 83 119
c 60 58 98 90 154
c 47 99 56 8 113
c 42 86 71 27 166
c 40 41 80 16 144
c 33 76 26 88 113
c 76 41 1 88 184
c 0 96 39 11 151
c 93 52 43 28 111
c 72 19 51 9 103
c 31 28 64 48 196
c 68 69 71 50 184
c 97 95 69 67 107
c 78 43 17 51 155
c 48 28 82 7 131
c 54 38 34 99 165
c 22 54 53 11 176
c 91 30 55 18 128
c 52 87 87 17 104
c 20 61 20 52 104
c 86 11 29 72 155
c 55 25 73 74 155
c 81 5 49 62 124
c 87 84 6 36 110
c 69 81 15 90 147
c 61 86 73 89 182
c 20 99 38 36 158
c 24 9 73 14 103
c 3 41 41 98 138
c 32 76 32 87 156
c 2 30 78 30 185
c 30 88 25 59 184
c 74 99 30 37 196
c 19 81 15 17 182
c 67 90 85 45 182
c 45 16 2 75 156
c 42 62 61 14 157
c 37 41 97 79 107
c 36 45 57 18 168
c 84 85 88 70 123
c 97 56 30 54 175
c 39 41 73 7 185
c 87 47 83 98 143
c 68 35 43 21 187
c 62 94 54 50 166
c 78 49 45 56 168
c 97 48 55 93 153
c 95 92 58 65 155
c 92 62 28 60 141
c 32 62 64 43 175
c 84 48 41 23 161
c 15 65 31 32 166
c 46 75 41 71 127
c 39 41 56 36 167
c 8 30 89 77 106
c 39 99 66 21 196
c 82 69 77 87 108
c 65 42 0 69 118
c 67 98 73 56 144
c 46 47 45 52 108
c 81 84 77 78 148
c 51 63 70 73 123
c 93 74 54 79 198
c 37 72 81 48 128
c 46 13 1 2 134
c 16 11 86 46 151
c 91 86 30 62 171
c 30 54 70 97 119
c 66 56 48 10 180
c 73 31 69 47 162
c 21 34 54 79 113
c 82 78 58 14 100
c 54 32 72 99 145
c 79 38 23 41 154
c 80 99 5 54 130
c 17 6 39 99 118
c 4 90 81 44 162
c 41 9 24 72 105
c 72 35 46 86 112
c 21 27 72 19 144
c 67 21 9 70 155
c 86 88 18 41 103
c 90 88 34 15 122
c 29 99 6 21 171
c 63 44 75 96 137
c 38 62 54 39 182
c 68 80 55 34 170
c 60 87 48 67 168
c 84 11 18 29 120
c 74 64 60 69 159
c 74 78 40 77 187
c 26 88 12 52 152
c 66 39 21 99 144
c 74 66 65 36 109
c 40 74 62 64 197
c 30 71 43 99 141
c 62 3 46 64 130
c 2 87 86 68 118
c 97 80 21 22 183
c 76 12 29 89 112
c 56 94 55 93 107
c 69 70 89 49 127
c 94 32 97 74 112
c 70 8 26 88 164
c 3 40 79 80 108
c 8 75 88 75 180
c 66 55 13 85 197
c 87 78 71 69 179
c 87 61 0 13 182
c 0 91 33 27 123
c 33 76 58 73 112
c 69 63 47 48 190
c 96 62 9 27 126
c 36 43 86 69 131
c 15 16 89 83 155
c 76 44 76 85 125
c 85 12 43 42 177
c 55 47 66 6 161
c 42 76 53 54 143
c 48 35 36 72 187
c 26 13 20 26 133
c 18 24 90 30 147
c 35 76 70 8 156
c 38 43 0 9 196
c 19 25 10 11 118
c 32 37 79 23 190
c 20 99 61 19 127
c 11 68 45 42 155
c 69 67 52 22 125
c 68 57 24 76 164
c 1 9 76 12 179
c 96 8 51 74 197
c 42 34 96 49 183
c 61 23 24 48 144
c 54 79 2 75 112
c 85 14 29 86 191
c 39 98 90 35 196
c 73 63 38 5 121
c 13 66 56 20 106
c 54 38 61 83 158
c 34 14 23 92 135
c 63 25 63 72 179
c 42 4 91 86 194
c 90 19 33 51 119
c 65 7 63 44 170
c 13 97 51 91 101
c 81 75 30 55 117
c 90 16 46 13 163
c 58 60 22 57 150
c 16 5 32 64 186
c 85 28 33 14 149
c 6 42 26 83 103
c 74 64 70 23 154
c 66 67 70 26 104
c 27 62 38 43 152
c 46 31 27 39 128
c 75 63 27 28 174
c 7 79 76 78 105
c 81 63 38 37 111
c 37 70 34 86 110
c 38 88 93 91 112
c 69 68 23 43 190
c 1 82 19 17 107
c 80 19 78 49 140
c 59 73 91 73 175
c 82 57 28 15 167
c 38 39 92 83 124
c 56 21 78 30 193
c 59 68 78 45 189
c 75 76 28 32 168
c 62 78 92 16 177
c 54 7 25 42 142
c 85 77 31 66 102
c 7 19 90 5 107
c 97 79 75 37 112
c 4 49 80 2 197
c 59 43 83 76 113
c 50 49 98 87 176
c 95 96 80 18 100
c 78 60 43 82 185
c 60 43 43 82 185
c 62 99 29 89 197
c 1 7 46 30 197
c 72 11 35 4 168
c 60 49 7 76 176
c 81 82 28 49 118
c 21 13 64 20 135
c 68 57 66 62 166
c 90 80 5 95 132
c 76 77 82 18 109
c 64 66 32 51 188
c 26 51 91 30 169
c 4 90 21 29 188
c 68 52 72 11 187
c 21 42 56 15 126
c 11 83 56 57 132
c 90 38 32 48 125
c 57 84 68 40 163
c 31 28 92 69 177
c 95 1 12 86 181
c 23 40 85 94 193
c 15 76 3 8 116
c 67 60 22 23 158
c 97 98 73 63 122
c 75 96 52 82 166
c 8 75 52 91 101
c 97 74 82 27 105
c 31 58 73 26 197
c 19 40 73 63 129
c 46 32 33 76 145
c 70 1 67 23 131
c 15 12 45 30 102
c 32 65 93 74 155
c 80 69 46 47 107
c 90 38 93 60 160
c 3 41 32 14 184
c 56 5 42 86 167
c 61 97 88 38 132
c 52 38 57 1 160
c 18 65 63 34 170
c 54 50 63 10 181
c 40 10 85 12 107
c 82 22 49 71 168
c 13 89 69 41 190
c 98 84 84 29 198
c 64 77 52 69 126
c 38 60 92 59 158
c 3 1 91 93 148
c 78 88 40 52 124
c 24 48 77 66 136
c 40 29 45 35 123
c 98 21 54 97 136
c 41 2 18 17 154
c 69 27 89 46 101
c 52 17 82 27 198
c 42 5 38 14 126
c 82 10 41 38 168
c 76 24 43 42 120
c 48 15 58 82 130
c 57 41 78 19 143
c 83 88 80 99 102
c 76 12 42 39 187
c 76 11 85 38 120
c 33 41 76 12 158
c 85 14 83 42 109
c 38 26 14 82 121
c 95 78 72 97 106
c 76 51 67 8 158
c 81 80 55 99 144
c 49 92 52 21 134
c 61 62 11 69 163
c 7 94 76 95 188
c 63 69 62 84 163
c 77 55 8 69 126
c 74 47 73 48 101
c 33 72 10 76 153
c 96 4 48 49 196
c 77 86 70 1 177
c 48 96 48 17 146
c 12 8 7 8 121
c 4 19 83 4 115
c 50 4 58 47 156
c 82 58 47 68 149
c 50 72 61 1 169
c 81 70 71 76 178
c 78 75 81 1 118
c 18 43 25 40 168
c 16 55 23 38 115
c 16 86 35 76 140
c 89 25 93 84 167
c 45 35 30 3 133
c 30 42 36 38 137
c 40 85 87 92 148
c 60 81 29 47 192
c 30 84 61 97 101
c 50 26 76 25 183
c 41 38 2 30 152
c 74 77 79 38 109
c 27 65 59 72 192
c 94 32 8 50 197
c 48 55 1 43 193
c 69 21 46 95 184
c 93 27 69 21 116
c 96 95 54 61 189
c 19 13 9 84 107
c 39 41 16 98 156
c 27 62 73 74 145
c 17 80 66 78 195
c 10 76 45 95 148
c 82 29 26 63 181
c 15 24 68 80 105
c 8 17 12 86 132
c 43 46 24 53 109
c 67 98 6 23 108
c 46 16 97 86 129
c 4 78 20 26 163
c 32 96 58 5 187
c 45 18 63 11 163
c 13 35 24 75 145
c 0 96 48 10 133
c 65 36 39 98 149
c 19 24 78 29 116
c 27 45 78 88 126
c 43 9 1 95 167
c 89 7 80 87 150
c 64 42 1 7 113
c 74 14 44 27 159
c 16 93 92 28 159
c 3 39 86 51 131
c 43 45 73 18 199
c 85 28 11 57 167
c 27 46 27 13 117
c 21 61 0 93 197
c 91 39 11 56 130
c 63 55 4 99 192
c 47 92 55 93 158
c 26 10 63 80 149
c 54 38 27 45 184
c 54 86 63 90 173
c 76 77 45 16 116
c 47 74 92 35 185
c 27 63 90 50 181
c 74 78 7 43 174
c 95 42 78 68 158
c 53 75 77 47 152
c 72 81 45 56 128
c 40 29 51 63 164
c 58 57 30 54 163
c 62 65 24 16 102
c 32 79 70 84 189
c 43 68 44 58 106
c 12 22 10 40 105
c 96 8 46 70 157
c 29 94 37 20 150
c 5 53 18 43 100
c 41 5 37 72 132
c 65 98 47 1 156
c 50 49 71 69 189
c 22 48 13 66 168
c 91 38 63 93 190
c 92 32 58 54 186
c 69 97 27 92 113
c 31 83 87 92 116
c 67 78 26 27 127
c 73 64 17 6 156
c 75 92 62 89 179
c 87 27 42 93 132
c 28 77 66 64 144
c 64 43 15 76 163
c 60 74 11 24 102
c 22 59 70 73 173
c 72 81 94 32 198
c 63 90 64 84 176
c 5 47 86 29 152
c 69 35 65 56 136
c 59 72 85 64 159
c 40 20 30 85 138
c 88 70 78 81 168
c 22 73 57 78 158
c 6 71 84 11 161
c 39 71 19 17 107
c 71 6 81 90 194
c 77 44 77 18 134
c 55 77 47 1 100
c 67 90 19 16 123
c 26 53 43 70 184
c 70 49 79 12 124
c 52 81 52 38 173
c 55 63 73 62 102
c 72 98 66 62 185
c 57 25 83 62 195
c 10 69 28 70 133
c 55 25 80 16 122
c 4 18 71 99 154
c 18 41 38 60 155
c 51 97 11 19 181
c 6 71 60 62 106
c 6 23 84 82 193
c 25 55 67 80 134
c 29 82 44 14 137
c 88 2 70 38 115
c 31 65 13 14 196
c 3 15 80 31 111
c 65 78 8 58 177
c 13 85 84 86 106
c 31 66 32 62 152
c 0 46 12 34 100
c 15 14 13 89 198
c 90 78 48 84 171
c 40 74 30 93 114
c 3 8 34 40 142
c 71 99 72 91 162
c 33 79 88 91 129
c 12 79 96 62 121
c 17 29 9 84 121
c 31 65 78 49 164
c 78 13 98 53 143
c 16 42 45 35 133
c 67 80 87 63 166
c 80 7 61 12 116
c 40 79 43 16 118
c 97 80 23 79 117
c 87 11 33 79 195
c 91 40 69 54 184
c 18 96 35 17 133
c 20 78 31 30 112
c 3 1 40 98 121
c 90 29 58 69 137
c 84 90 23 43 117
c 16 21 26 56 190
c 32 53 27 39 147
c 52 38 59 50 174
c 89 25 1 33 180
c 64 51 88 16 118
c 50 49 59 23 123
c 97 69 19 16 119
c 73 31 16 32 199
c 10 11 85 86 184
c 30 3 59 73 128
c 55 93 74 66 195
c 21 29 25 10 107
c 68 8 63 14 150
c 82 58 95 42 141
c 25 88 27 73 165
c 62 60 27 28 114
c 8 9 31 14 170
c 0 1 84 41 180
c 89 34 24 16 167
c 36 26 86 87 184
c 8 3 72 81 176
c 52 21 18 6 185
c 17 22 61 34 136
c 98 77 52 24 102
c 58 86 50 49 109
c 1 17 82 45 101
c 78 21 80 90 167
c 13 15 71 89 119
c 68 35 4 49 127
c 81 44 26 56 150
c 25 57 85 19 151
c 82 33 55 1 135
c 84 24 52 82 185
c 97 31 62 78 104
c 37 32 12 34 115
c 1 73 79 54 194
c 35 86 74 77 128
c 80 26 20 63 179
c 61 23 22 48 177
c 25 26 76 85 151
c 4 29 45 39 186
c 80 99 57 74 174
c 63 68 8 17 121
c 46 82 98 77 144
c 93 94 76 85 152
c 12 33 25 40 105
c 38 14 7 76 156
c 82 10 0 15 111
c 57 84 26 83 193
c 75 93 95 72 134
c 93 84 85 78 141
c 55 88 22 79 152
c 63 93 87 17 189
c 80 69 90 5 112
c 89 20 22 43 102
c 22 15 13 81 148
c 54 13 68 59 147
c 80 96 71 94 145
c 65 21 46 32 134
c 72 11 15 12 116
c 83 28 90 13 151
c 51 35 46 15 137
c 47 90 12 54 129
c 26 61 60 93 135
c 2 88 63 34 116
c 16 84 75 68 118
c 54 86 23 40 106
c 49 29 84 79 189
c 76 33 93 61 199
c 13 89 84 11 114
c 54 22 85 46 137
c 23 38 78 21 119
c 63 47 86 29 173
c 77 86 82 39 185
c 38 60 98 47 173
c 56 20 15 5 164
c 47 90 52 73 124
c 30 93 16 27 173
c 19 48 24 75 115
c 9 63 29 14 110
c 86 87 82 58 121
c 33 93 8 5 172
c 8 30 20 99 151
c 40 85 52 44 131
c 98 77 93 84 115
c 43 93 43 31 196
c 38 9 13 93 192
c 3 54 43 45 127
c 30 83 53 36 189
c 74 27 16 6 146
c 60 67 92 67 152
c 12 86 97 46 125
c 59 84 33 32 101
c 35 45 75 31 175
c 5 21 76 52 146
c 65 21 72 11 170
c 33 26 9 97 125
c 6 23 68 4 137
c 25 59 59 77 133
c 90 9 58 60 137
c 17 80 85 94 156
c 84 11 98 71 175
c 20 41 97 62 167
c 2 31 28 25 152
c 95 41 8 86 167
c 92 28 52 76 156
c 31 96 0 84 114
c 97 51 64 51 123
c 22 52 90 80 185
c 10 20 32 33 129
c 44 60 98 71 181
c 16 27 31 66 157
c 29 99 76 24 118
c 27 63 45 56 196
c 3 4 54 8 151
c 35 27 66 64 194
c 68 60 76 10 151
c 46 88 62 39 137
c 10 69 1 30 138
c 97 68 76 66 175
c 35 76 55 1 131
c 70 26 33 14 193
c 13 89 17 53 172
c 41 43 46 82 114
c 97 51 29 11 152
c 26 51 13 2 156
c 50 94 53 64 184
c 82 73 54 74 137
c 58 57 60 36 105
c 78 1 80 63 177
c 71 5 88 71 171
c 33 71 42 2 135
c 22 80 85 86 109
c 69 88 27 46 189
c 62 40 81 97 150
c 98 47 77 78 121
c 95 42 60 36 109
c 36 72 97 56 170
c 81 5 23 56 120
c 69 87 44 2 142
c 74 93 3 87 122
c 89 64 29 44 162
c 31 58 51 48 197
c 56 54 78 94 178
c 76 12 50 70 156
c 23 28 80 63 195
c 74 10 33 68 199
c 69 47 17 57 120
c 23 41 60 93 134
c 55 39 82 69 150
c 23 28 1 18 109
c 38 62 67 71 133
c 77 2 49 71 152
c 16 5 40 57 141
c 55 13 76 24 179
c 59 43 51 91 164
c 85 46 65 19 140
c 57 1 25 40 185
c 89 42 97 90 139
c 84 41 24 72 151
c 48 9 69 35 160
c 40 69 68 69 114
c 41 9 27 72 176
c 49 37 91 29 195
c 68 35 45 16 104
c 85 12 59 65 114
c 42 43 26 75 150
c 66 47 58 60 117
c 8 3 35 17 195
c 44 90 16 98 113
c 32 51 8 63 163
c 5 35 15 2 122
c 26 51 95 43 177
c 91 46 68 52 127
c 84 74 57 29 118
c 93 34 38 20 105
c 0 1 62 96 112
c 70 78 72 21 165
c 94 32 16 30 164
c 27 63 98 21 106
c 5 53 24 75 122
c 40 78 81 1 199
c 26 27 42 31 182
c 65 66 2 87 167
c 31 46 66 46 154
c 43 28 66 43 195
c 3 66 16 17 141
c 86 50 84 49 148
c 71 82 4 75 177
c 32 15 66 56 161
c 43 28 31 89 181
c 90 78 97 7 104
c 46 13 65 98 144
c 19 7 73 86 108
c 72 91 79 39 178
c 10 31 76 77 132
c 6 5 76 11 163
c 46 75 28 23 136
c 64 42 96 86 193
c 90 21 42 4 145
c 49 92 52 97 109
c 86 61 69 54 172
c 10 87 41 84 183
c 53 46 76 12 175
c 44 67 45 18 171
c 85 39 29 11 164
c 7 76 95 15 196
c 55 29 65 44 179
c 20 78 67 20 161
c 45 41 20 63 172
c 54 96 29 72 113
c 96 97 25 37 115
c 34 40 80 87 134
c 58 43 47 95 148
c 94 24 90 38 128
c 22 81 90 20 182
c 57 25 9 56 184
c 26 66 49 24 132
c 19 25 56 20 137
c 61 10 53 41 190
c 64 84 71 43 105
c 23 40 41 5 167
c 4 20 81 1 131
c 66 38 31 59 176
c 10 77 63 6 130
c 6 42 43 71 124
c 18 43 88 89 159
c 23 24 16 95 127
c 29 42 15 2 100
c 38 39 35 30 151
c 43 42 56 5 188
c 73 62 6 52 183
c 89 42 0 91 164
c 48 84 74 14 157
c 16 6 58 86 163
c 14 39 0 96 190
c 70 38 68 60 165
c 94 9 67 8 162
c 69 70 54 4 142
c 95 92 24 44 162
c 88 32 86 68 192
c 30 42 17 66 132
c 88 2 58 57 133
c 5 31 97 84 181
c 85 19 62 40 131
c 73 62 28 67 158
c 15 90 97 79 135
c 36 81 15 64 109
c 22 79 12 13 196
c 74 47 70 63 108
c 2 66 91 58 163
c 26 83 57 54 163
c 65 42 14 39 167
c 69 37 32 51 190
c 58 28 64 43 113
c 89 20 21 18 142
c 77 95 4 19 170
c 0 65 90 14 109
c 54 79 44 71 132
c 70 85 31 89 157
c 42 8 61 99 190
c 61 50 5 21 167
c 56 94 89 34 183
c 13 89 22 91 129
c 84 96 90 14 136
c 72 2 82 67 188
c 44 5 34 15 189
c 18 55 60 6 153
c 81 44 19 81 195
c 7 3 97 31 183
c 24 44 57 83 115
c 14 15 88 44 124
c 85 14 90 14 125
c 50 44 62 63 177
c 97 67 8 17 175
c 92 33 65 85 171
c 85 12 72 81 136
c 33 20 52 44 191
c 32 79 18 62 154
c 70 63 37 28 164
c 66 46 33 47 111
c 38 39 64 19 122
c 60 81 40 96 179
c 46 27 66 99 149
c 0 50 29 81 173
c 28 6 60 69 191
c 32 51 10 76 169
c 37 58 66 56 193
c 28 74 72 88 120
c 55 47 0 46 178
c 5 38 97 74 102
c 47 81 23 53 188
c 35 96 6 46 188
c 77 38 5 21 124
c 92 60 5 12 160
c 78 88 21 22 153
c 80 47 89 7 187
c 5 25 52 22 163
c 24 87 84 41 189
c 37 32 67 55 155
c 66 47 0 94 136
c 70 38 8 63 154
c 30 31 3 1 110
c 77 95 95 25 109
c 80 76 82 23 133
c 33 32 28 25 125
c 45 95 85 38 195
c 23 3 33 27 153
c 4 33 60 49 128
c 13 35 23 28 121
c 93 60 47 68 124
c 85 46 29 39 157
c 85 90 82 23 119
c 70 38 61 97 106
c 66 64 38 39 131
c 7 43 39 98 156
c 15 2 86 50 140
c 22 33 28 49 185
c 54 83 52 81 146
c 66 78 96 4 182
c 95 90 67 98 144
c 21 77 12 67 126
c 22 79 96 40 165
c 33 26 96 60 103
c 17 80 43 82 140
c 97 28 82 65 172
c 70 3 67 23 197
c 91 29 77 18 105
c 89 63 72 91 104
c 84 64 37 55 151
c 25 6 2 80 141
c 86 51 8 75 147
c 21 42 97 47 183
c 27 10 91 30 151
c 57 18 86 11 196
c 36 12 34 86 159
c 14 42 80 77 172
c 4 99 23 53 193
c 76 66 70 1 142
c 39 97 81 51 128
c 90 35 58 97 141
c 29 48 54 7 188
c 42 37 78 68 151
c 21 29 2 7 162
c 5 79 98 54 144
c 18 59 10 94 153
c 7 23 79 33 145
c 52 55 53 64 115
c 67 98 59 65 196
c 27 10 22 65 146
c 4 93 63 34 146
c 59 50 56 51 143
c 44 14 82 19 128
c 40 78 59 65 100
c 8 54 40 78 129
c 56 50 85 81 108
c 55 48 15 5 175
c 12 67 90 29 172
c 67 19 86 50 139
c 18 82 36 81 139
c 74 92 59 75 192
c 73 74 25 23 192
c 87 47 39 41 164
c 94 14 40 20 132
c 20 72 27 65 106
c 0 14 30 62 177
c 34 42 11 55 101
c 18 82 83 88 124
c 36 12 82 67 153
c 32 65 58 28 189
c 20 52 59 77 149
c 38 62 93 34 196
c 62 52 64 78 196
c 61 14 73 55 110
c 95 26 30 10 170
c 10 40 55 1 185
c 31 64 84 96 194
c 53 46 86 51 139
c 46 79 13 66 176
c 54 13 64 77 151
c 66 31 68 32 148
c 27 88 83 28 126
c 67 8 70 38 111
c 8 30 33 76 174
c 2 64 70 97 152
c 62 35 26 51 103
c 82 64 87 69 137
c 92 62 87 33 164
c 58 36 86 69 131
c 16 86 68 10 160
c 52 91 51 9 190
c 64 37 13 2 135
c 33 36 78 79 136
c 88 38 55 1 125
c 17 22 98 87 185
c 10 86 92 28 143
c 88 70 51 33 151
c 73 7 55 45 142
c 36 45 82 73 158
c 73 83 42 39 173
c 76 30 65 8 106
c 52 29 33 99 172
c 18 17 85 28 171
c 90 21 37 70 160
c 39 55 90 37 187
c 18 31 82 29 123
c 38 62 85 68 183
c 27 73 46 70 173
c 31 64 82 69 153
c 77 95 67 58 144
c 74 1 94 78 144
c 33 51 15 24 116
c 28 49 83 98 142
c 45 41 85 94 168
c 0 76 24 18 140
c 3 66 75 85 137
c 28 44 36 37 134
c 45 18 90 9 128
c 26 12 17 6 159
c 55 56 4 88 131
c 11 8 11 34 126
c 85 86 62 56 135
c 98 10 40 6 124
c 42 61 51 61 138
c 46 13 68 81 190
c 23 92 76 14 108
c 85 68 5 79 102
c 16 85 80 31 195
c 65 36 81 90 175
c 11 77 30 62 175
c 51 74 50 49 116
c 34 38 3 78 124
c 29 78 89 63 135
c 87 47 76 44 114
c 45 39 92 62 187
c 82 45 13 81 124
c 31 14 98 76 125
c 63 33 78 19 146
c 94 14 2 62 167
c 82 54 12 67 166
c 7 59 86 39 133
c 33 76 9 56 179
c 10 60 80 36 104
c 39 29 21 34 123
c 47 68 76 77 166
c 98 76 62 15 186
c 82 67 11 19 118
c 98 26 70 49 123
c 79 84 30 71 136
c 84 41 31 58 192
c 77 52 79 23 149
c 48 4 27 73 123
c 22 91 38 15 143
c 84 46 34 42 167
c 84 41 66 21 120
c 67 3 2 3 116
c 86 46 79 33 173
c 26 71 16 11 128
c 51 97 70 42 182
c 58 19 3 23 145
c 17 4 52 30 172
c 91 25 30 83 111
c 29 39 54 22 181
c 63 6 80 2 115
c 34 99 83 1 189
c 6 52 37 95 163
c 42 83 0 96 173
c 75 24 80 18 164
c 87 51 13 66 168
c 67 18 81 84 130
c 2 31 59 88 108
c 33 99 11 19 124
c 72 84 30 62 146
c 67 90 40 42 101
c 30 37 67 58 196
c 69 70 82 73 108
c 22 65 11 57 159
c 52 17 63 80 103
c 34 11 57 27 161
c 25 95 78 81 121
c 97 31 10 64 180
c 68 59 42 86 125
c 71 90 72 77 120
c 0 13 79 10 195
c 25 87 42 37 127
c 57 90 12 8 144
c 12 54 93 60 199
c 48 49 58 19 142
c 93 6 26 75 160
c 71 69 25 59 126
c 2 32 90 1 151
c 80 18 53 11 120
c 26 1 48 22 137
c 64 66 16 95 198
c 7 19 5 47 198
c 85 68 15 24 129
c 82 58 20 44 122
c 68 35 19 76 188
c 45 19 58 59 132
c 85 19 47 51 114
c 61 83 77 44 130
c 88 95 55 3 175
c 90 19 27 39 183
c 76 85 61 86 125
c 4 33 51 97 121
c 81 70 68 39 181
c 84 29 0 1 198
c 42 39 33 27 133
c 63 72 60 62 198
c 42 43 52 17 133
c 88 75 7 55 181
c 42 43 33 79 101
c 38 68 1 43 114
c 87 51 83 50 130
c 94 86 90 78 149
c 90 29 74 53 164
c 95 92 19 54 172
c 47 1 43 36 181
c 32 48 47 29 105
c 2 32 2 80 165
c 8 30 65 36 137
c 17 6 15 16 141
c 36 29 75 39 145
c 38 29 74 64 114
c 16 42 84 86 145
c 79 67 90 5 179
c 29 25 84 11 121
c 56 5 49 37 182
c 84 85 98 84 121
c 43 9 59 50 133
c 95 2 3 64 153
c 8 26 46 28 168
c 57 29 75 31 155
c 80 47 47 1 175
c 33 32 87 69 179
c 23 56 69 47 190
c 60 99 85 2 172
c 13 18 57 89 118
c 77 83 66 33 169
c 97 79 12 34 183
c 90 73 54 55 131
c 58 30 11 24 145
c 62 10 20 26 146
c 82 63 54 83 116
c 83 39 6 7 184
c 32 97 97 86 176
c 56 36 88 95 120
c 26 56 12 8 180
c 74 32 77 73 118
c 28 25 66 99 199
c 4 33 47 14 166
c 36 26 59 50 171
c 16 17 62 40 162
c 17 27 86 46 187
c 53 85 43 36 127
c 33 97 26 71 142
c 82 69 43 28 182
c 46 75 26 84 164
c 0 50 3 15 171
c 55 47 10 36 127
c 57 27 67 42 157
c 85 45 38 15 198
c 20 21 70 82 170
c 75 96 13 81 107
c 27 75 80 7 142
c 44 49 59 7 176
c 72 63 80 76 109
c 52 10 8 68 190
c 2 88 31 83 159
c 9 76 8 98 123
c 42 34 47 73 159
c 90 67 20 52 175
c 19 20 81 38 137
c 33 72 13 14 192
c 55 25 39 11 183
c 32 53 47 17 191
c 9 37 96 74 192
c 27 65 73 56 108
c 55 56 16 89 138
c 16 14 36 97 119
c 14 19 37 28 106
c 75 83 97 79 136
c 13 90 57 54 189
c 18 31 75 92 181
c 4 26 43 17 184
c 49 64 60 87 110
c 39 99 57 84 165
c 42 37 54 79 167
c 32 41 65 42 181
c 20 52 57 74 155
c 43 99 17 21 178
c 91 25 88 16 118
c 78 59 28 23 139
c 63 43 98 90 193
c 51 97 31 30 196
c 6 52 84 49 102
c 95 6 27 45 146
c 6 57 79 12 197
c 93 6 27 92 173
c 3 41 86 87 169
c 89 63 0 69 148
c 55 48 35 72 169
c 81 75 69 76 137
c 41 51 18 64 185
c 22 75 30 88 165
c 5 6 42 43 117
c 58 86 57 74 110
c 66 56 22 81 186
c 86 50 79 23 114
c 61 10 42 76 184
c 72 41 71 51 157
c 77 67 97 98 124
c 15 85 52 44 134
c 67 60 62 89 139
c 45 35 20 99 129
c 22 88 81 87 194
c 42 78 3 41 136
c 90 35 54 22 119
c 82 22 52 30 143
c 70 64 33 99 136
c 77 68 16 27 183
c 68 4 70 1 192
c 13 89 74 99 143
c 96 41 40 55 135
c 22 75 63 14 186
c 20 72 26 71 167
c 19 48 44 14 197
c 49 37 5 95 118
c 98 87 56 57 177
c 73 7 26 1 145
c 88 44 40 30 175
c 52 51 88 54 192
c 55 33 73 83 150
c 28 20 64 84 147
c 68 8 85 70 166
c 16 8 57 29 136
c 23 28 60 36 162
c 41 84 42 44 179
c 71 24 5 79 146
c 71 72 95 53 180
c 35 30 23 53 164
c 81 87 18 31 194
c 89 84 90 37 104
c 45 35 35 50 117
c 86 68 94 9 165
c 51 61 56 51 121
c 77 22 24 97 156
c 29 74 77 68 123
c 54 31 36 97 175
c 52 97 85 46 106
c 80 31 86 17 195
c 61 34 94 95 174
c 81 75 21 9 191
c 42 70 31 39 137
c 12 40 3 42 132
c 80 2 16 6 110
c 57 38 84 48 115
c 75 98 49 92 190
c 97 61 12 67 124
c 38 39 17 66 145
c 13 15 36 96 112
c 16 84 30 6 128
c 38 36 67 78 142
c 94 99 16 58 111
c 0 91 23 43 142
c 4 41 51 2 156
c 86 99 84 56 131
c 46 68 63 90 194
c 57 25 93 74 134
c 95 43 2 93 108
c 71 35 53 21 101
c 42 43 97 69 179
c 85 53 53 59 189
c 22 57 59 64 108
c 18 6 28 69 189
c 95 11 3 39 193
c 91 26 31 28 195
c 13 14 30 10 159
c 62 35 70 2 104
c 32 76 74 10 129
c 36 81 98 10 172
c 2 25 68 57 167
c 92 54 80 77 107
c 46 95 61 83 151
c 25 6 96 80 163
c 27 21 20 83 147
c 22 33 48 59 150
c 84 46 28 32 155
c 75 83 15 76 195
c 9 70 33 49 196
c 44 49 30 3 171
c 2 43 96 13 101
c 42 77 66 44 153
c 55 88 24 45 133
c 39 41 91 86 170
c 2 30 1 17 141
c 80 88 41 67 113
c 30 45 55 99 170
c 45 74 70 2 112
c 26 84 66 75 124
c 86 39 62 39 188
c 43 59 25 67 153
c 84 46 48 96 147
c 73 62 22 33 183
c 51 33 86 69 162
c 41 98 21 19 135
c 7 3 27 62 134
c 93 84 75 98 156
c 40 41 70 44 109
c 18 64 65 98 184
c 23 28 42 37 103
c 14 7 12 18 192
c 2 43 61 32 121
c 17 4 67 90 148
c 38 60 29 81 126
c 30 88 18 59 127
c 46 8 42 47 157
c 97 62 5 19 176
c 11 28 45 19 179
c 23 47 27 44 107
c 48 1 72 39 152
c 18 30 59 75 141
c 93 22 89 16 136
c 63 14 81 47 118
c 87 53 16 54 158
c 12 14 73 86 127
c 78 70 41 51 146
c 26 12 96 86 180
c 91 25 57 83 121
c 38 37 84 56 173
c 38 79 60 58 168
c 58 30 88 38 129
